<TICKER>,<PER>,<DATE>,<TIME>,<OPEN>,<HIGH>,<LOW>,<CLOSE>,<VOL>,<OPENINT>
AGRI.US,D,20210708,000000,237.5,245,182.5,230.5,73896.14,0
AGRI.US,D,20210709,000000,359.325,422.5,245,280,397357.16,0
AGRI.US,D,20210712,000000,250,257.415,223.5,231,55620.74,0
AGRI.US,D,20210713,000000,220,230,190,197.5,65723.8,0
AGRI.US,D,20210714,000000,210,230,186.5,193,46285.56,0
AGRI.US,D,20210715,000000,190.5,191.5,166,186.5,34034.96,0
AGRI.US,D,20210716,000000,186.5,186.5,162.5,165.5,10453.8,0
AGRI.US,D,20210719,000000,156.5,158.495,146,151.5,14829,0
AGRI.US,D,20210720,000000,152.5,162,146.005,149,15408.74,0
AGRI.US,D,20210721,000000,149,159,147.5,153,12390.16,0
AGRI.US,D,20210722,000000,153,175.5,151.5,163,27472.96,0
AGRI.US,D,20210723,000000,163,191,163,169.5,35538.94,0
AGRI.US,D,20210726,000000,165,172.49,147.5,150.5,13525.48,0
AGRI.US,D,20210727,000000,152.5,155.62,142.5,145.5,4698.24,0
AGRI.US,D,20210728,000000,145,156,143.5,153.5,9244.54,0
AGRI.US,D,20210729,000000,156,169.95,153,157.5,12234.34,0
AGRI.US,D,20210730,000000,155.5,172.5,154,166.5,106530.38,0
AGRI.US,D,20210802,000000,199,205,171,179.5,205393.64,0
AGRI.US,D,20210803,000000,171,182,157.5,173.5,51658.4,0
AGRI.US,D,20210804,000000,162,170,148.5,152.495,14245.7,0
AGRI.US,D,20210805,000000,150.5,160.995,150.5,155.5,13876.36,0
AGRI.US,D,20210806,000000,155.5,156.395,148.505,151.005,7159.14,0
AGRI.US,D,20210809,000000,150.5,158,150,152.5,7113.7,0
AGRI.US,D,20210810,000000,151,159.5,145,147,18317.48,0
AGRI.US,D,20210811,000000,146.5,152.5,144,148.5,5414.42,0
AGRI.US,D,20210812,000000,149,152.5,144.63,145.5,3687.38,0
AGRI.US,D,20210813,000000,145.5,149.5,142.5,144.5,6069.7,0
AGRI.US,D,20210816,000000,142.5,143.875,131.5,132,5795.96,0
AGRI.US,D,20210817,000000,129.215,130,121.25,123.5,4995.56,0
AGRI.US,D,20210818,000000,122.5,131.5,120.5,126.5,8480.06,0
AGRI.US,D,20210819,000000,130.5,130.5,115.75,117.5,12840.08,0
AGRI.US,D,20210820,000000,116.5,119.5,114.5,115,4641.64,0
AGRI.US,D,20210823,000000,115,115.5,109.5,111.5,5984.9,0
AGRI.US,D,20210824,000000,112.5,116.5,109,111.5,4414.92,0
AGRI.US,D,20210825,000000,114,120,111.5,119.5,5462.46,0
AGRI.US,D,20210826,000000,115.5,119.5,115.5,116.5,2581.68,0
AGRI.US,D,20210827,000000,116.5,119.495,114.5,118.5,5067.26,0
AGRI.US,D,20210830,000000,119.5,123.825,115,115,4035,0
AGRI.US,D,20210831,000000,115,118.5,114.15,118,3921.64,0
AGRI.US,D,20210901,000000,119,119,113.25,117,2049.46,0
AGRI.US,D,20210902,000000,117,118,115,116.5,2050.94,0
AGRI.US,D,20210903,000000,115.5,121.5,114.5,120,4194.32,0
AGRI.US,D,20210907,000000,119.5,122.5,116.5,119,2565.42,0
AGRI.US,D,20210908,000000,118.5,119,114,114.5,2015.18,0
AGRI.US,D,20210909,000000,118.5,120,116,119,3652.58,0
AGRI.US,D,20210910,000000,119,128.5,117.5,127.005,15414.22,0
AGRI.US,D,20210913,000000,129.5,134.5,124.5,125.5,6885.08,0
AGRI.US,D,20210914,000000,123.5,124.5,115.5,115.5,8810.82,0
AGRI.US,D,20210915,000000,114.5,148.495,112.5,128.5,113397.98,0
AGRI.US,D,20210916,000000,123,126.5,116,120.5,8406.56,0
AGRI.US,D,20210917,000000,119,121,117.5,118.75,2834.34,0
AGRI.US,D,20210920,000000,116,116.7,112.5,113,2438.8,0
AGRI.US,D,20210921,000000,113,119.5,112.715,115,2102.1,0
AGRI.US,D,20210922,000000,114,117.5,112.5,115.5,2276.84,0
AGRI.US,D,20210923,000000,115.5,120,115,119.5,2226.5,0
AGRI.US,D,20210924,000000,119.5,126.5,116,122.675,7302.24,0
AGRI.US,D,20210927,000000,124,125,116.89,118.5,2753.86,0
AGRI.US,D,20210928,000000,117.5,119,114,116.81,3998.34,0
AGRI.US,D,20210929,000000,115.435,118.475,113.5,115,3018.22,0
AGRI.US,D,20210930,000000,116.5,117,110,111.5,6929.32,0
AGRI.US,D,20211001,000000,111.29,113.5,110,110.75,901.5,0
AGRI.US,D,20211004,000000,111,112,95.5,100.5,3582.42,0
AGRI.US,D,20211005,000000,102.5,105.5,98.505,102,1883.14,0
AGRI.US,D,20211006,000000,101,101,89.52,90,3202.72,0
AGRI.US,D,20211007,000000,92,97,90.985,94,2656.7,0
AGRI.US,D,20211008,000000,94.5,97,91.5,91.5,898.72,0
AGRI.US,D,20211011,000000,97,97,93,94.5,2237,0
AGRI.US,D,20211012,000000,95,97.75,90.5,93,1344.32,0
AGRI.US,D,20211013,000000,94,96,87.53,91,2750.74,0
AGRI.US,D,20211014,000000,92,104,91,99.5,14862.12,0
AGRI.US,D,20211015,000000,101.5,105,96,96,2231.66,0
AGRI.US,D,20211018,000000,97,101.5,95,101.5,2325.38,0
AGRI.US,D,20211019,000000,104,112,101.5,110.5,7473.56,0
AGRI.US,D,20211020,000000,111,115,99.5,105,7860.64,0
AGRI.US,D,20211021,000000,103.5,116.255,103.5,114,5805.76,0
AGRI.US,D,20211022,000000,112.5,113.5,102,102,3932,0
AGRI.US,D,20211025,000000,102,112,102,111.5,3440.96,0
AGRI.US,D,20211026,000000,110.5,110.5,104.1,108,2803.9,0
AGRI.US,D,20211027,000000,108,357.5,108,158.5,5385355.38,0
AGRI.US,D,20211028,000000,140.76,168,132.33,152,182504.54,0
AGRI.US,D,20211029,000000,152,183,146,152.5,108704,0
AGRI.US,D,20211101,000000,153,153,132,135,34082.3,0
AGRI.US,D,20211102,000000,132.5,133.5,118,126.5,19367.32,0
AGRI.US,D,20211103,000000,125.5,126,118.5,118.5,9834.44,0
AGRI.US,D,20211104,000000,121,123.495,115,115,8043.12,0
AGRI.US,D,20211105,000000,115,124.995,114.5,120.5,11936.98,0
AGRI.US,D,20211108,000000,122.5,123,114,114,6686.16,0
AGRI.US,D,20211109,000000,115,117.5,108.555,109.5,9254.44,0
AGRI.US,D,20211110,000000,110,122.5,109.5,111,10675.16,0
AGRI.US,D,20211111,000000,112.5,113.5,106,111.5,5058.6,0
AGRI.US,D,20211112,000000,112.5,119,107.5,116,13478.92,0
AGRI.US,D,20211115,000000,123,137.5,116.5,117.5,29726.54,0
AGRI.US,D,20211116,000000,116.5,117.5,110,114,5615.9,0
AGRI.US,D,20211117,000000,113,115,111.085,113,2758.06,0
AGRI.US,D,20211118,000000,112,113.5,105.5,107,4295.66,0
AGRI.US,D,20211119,000000,105,109.495,102.5,105,4824.6,0
AGRI.US,D,20211122,000000,106.5,109.045,100.5,103.5,3745.44,0
AGRI.US,D,20211123,000000,103.5,106.255,100.5,102.5,3586.02,0
AGRI.US,D,20211124,000000,103.5,111.5,102.5,109,6599.28,0
AGRI.US,D,20211126,000000,107.5,127.5,105.5,119.5,8883.32,0
AGRI.US,D,20211129,000000,116.045,122,104,107.5,6679.08,0
AGRI.US,D,20211130,000000,105,110,103,107.5,4463.36,0
AGRI.US,D,20211201,000000,106,111.395,104,106,5292.16,0
AGRI.US,D,20211202,000000,107,111.5,96.5,101,24472.08,0
AGRI.US,D,20211203,000000,99.5,101.86,96.5,98.21,5253.46,0
AGRI.US,D,20211206,000000,95.5,101.5,93,101.5,4748.86,0
AGRI.US,D,20211207,000000,102.5,106.2,99.505,103,3034.8,0
AGRI.US,D,20211208,000000,104.5,108.5,101.5,106.5,2984.26,0
AGRI.US,D,20211209,000000,109,110.5,106,107.5,2178.3,0
AGRI.US,D,20211210,000000,109.5,111,104,108,2009.62,0
AGRI.US,D,20211213,000000,111,111,102.5,105,2555.68,0
AGRI.US,D,20211214,000000,102.5,108,101,105.5,2638.54,0
AGRI.US,D,20211215,000000,105,109.995,98,108,2662.4,0
AGRI.US,D,20211216,000000,107.5,112.5,105,107,1870.6,0
AGRI.US,D,20211217,000000,108,109.5,102.505,108.5,2097.7,0
AGRI.US,D,20211220,000000,105,108.5,103.88,105,1876.14,0
AGRI.US,D,20211221,000000,107.5,108.5,105,105.5,2040.08,0
AGRI.US,D,20211222,000000,106.5,108,104.5,107,1382.66,0
AGRI.US,D,20211223,000000,106,116.13,105.5,114.5,3200.32,0
AGRI.US,D,20211227,000000,113.5,114.5,111.5,112.5,977.24,0
AGRI.US,D,20211228,000000,112.5,112.5,107.5,108,888.24,0
AGRI.US,D,20211229,000000,109,109.5,96,98,3729.22,0
AGRI.US,D,20211230,000000,96,104.5,96,102.5,1843.96,0
AGRI.US,D,20211231,000000,102.5,105.5,102.085,104,868.78,0
AGRI.US,D,20220103,000000,104,107,102.78,107,867.38,0
AGRI.US,D,20220104,000000,106,106,102.5,105.5,904.78,0
AGRI.US,D,20220105,000000,103,104.25,98.5,99.5,1573.58,0
AGRI.US,D,20220106,000000,99.5,100.545,96,97.5,1343.84,0
AGRI.US,D,20220107,000000,99,99,93.5,95,1884.84,0
AGRI.US,D,20220110,000000,93,94.5,91.12,94,839.56,0
AGRI.US,D,20220111,000000,92.5,99,92.005,98.5,1520.36,0
AGRI.US,D,20220112,000000,99,99.5,95.5,95.5,676.4,0
AGRI.US,D,20220113,000000,94,95,90.5,93.5,1714.28,0
AGRI.US,D,20220114,000000,91.5,93.5,85.5,89.5,2573.38,0
AGRI.US,D,20220118,000000,89,89,81,82,1552.22,0
AGRI.US,D,20220119,000000,82,82.5,80,81.5,1660.54,0
AGRI.US,D,20220120,000000,80.5,82.5,80,80.83,1189.88,0
AGRI.US,D,20220121,000000,81,81,65,67,4609.84,0
AGRI.US,D,20220124,000000,67,67.495,57.75,62,4711.6,0
AGRI.US,D,20220125,000000,58,61.225,57,58,3137.56,0
AGRI.US,D,20220126,000000,58.5,62.55,58,61.5,3001.92,0
AGRI.US,D,20220127,000000,62.5,62.5,56,58.25,3497.86,0
AGRI.US,D,20220128,000000,57,61,57,60.57,1448.24,0
AGRI.US,D,20220131,000000,61,70,61,69,5824.98,0
AGRI.US,D,20220201,000000,71,73.265,64.54,72.5,4595.22,0
AGRI.US,D,20220202,000000,74.5,87.5,73,84,23672.94,0
AGRI.US,D,20220203,000000,82.5,82.5,74,76,5632.72,0
AGRI.US,D,20220204,000000,74,78,73.07,75.5,2644.54,0
AGRI.US,D,20220207,000000,74.5,76.495,64,71,3587.1,0
AGRI.US,D,20220208,000000,71,72,66.505,72,1901.02,0
AGRI.US,D,20220209,000000,68.5,77,68.5,74.5,3539.72,0
AGRI.US,D,20220210,000000,75,80.5,75,79,4348.16,0
AGRI.US,D,20220211,000000,77.5,79.995,76.5,78,1397.76,0
AGRI.US,D,20220214,000000,78,80,76.5,78.5,1696.18,0
AGRI.US,D,20220215,000000,94.5,102,83.5,87.5,468321.62,0
AGRI.US,D,20220216,000000,80,84,76.5,82.5,23747.32,0
AGRI.US,D,20220217,000000,81.5,87.5,79,87,9241.5,0
AGRI.US,D,20220218,000000,87,95.5,84,91.5,11147.46,0
AGRI.US,D,20220222,000000,91.5,92.625,81.5,87,7815.06,0
AGRI.US,D,20220223,000000,86,87.5,75.5,77.5,2866.68,0
AGRI.US,D,20220224,000000,70.5,72.5,60,72,6209.46,0
AGRI.US,D,20220225,000000,72.5,79.995,71.505,77.5,3285.86,0
AGRI.US,D,20220228,000000,76.5,81,70,74,2464.32,0
AGRI.US,D,20220301,000000,77.5,80.495,75,77,1989.28,0
AGRI.US,D,20220302,000000,76.5,83.5,76,83,1219.22,0
AGRI.US,D,20220303,000000,87,87,80,85,10060.1,0
AGRI.US,D,20220304,000000,88,99,87.5,89.5,14289.4,0
AGRI.US,D,20220307,000000,93,104.5,90.5,101,27860.76,0
AGRI.US,D,20220308,000000,99.5,100,82,86.5,12062.68,0
AGRI.US,D,20220309,000000,86.5,86.5,79,84.5,4841.9,0
AGRI.US,D,20220310,000000,106.5,257,101,171,5046703.98,0
AGRI.US,D,20220311,000000,151,171.75,139.005,157.5,349098.12,0
AGRI.US,D,20220314,000000,192,244,176.5,198,2273056.82,0
AGRI.US,D,20220315,000000,200.5,216,178.5,188,589071.56,0
AGRI.US,D,20220316,000000,166.5,170.995,150.5,168.5,145166.78,0
AGRI.US,D,20220317,000000,157,174.5,153,170.5,85577.08,0
AGRI.US,D,20220318,000000,173,189,163,180.5,71885.22,0
AGRI.US,D,20220321,000000,176,205,164.5,180.5,150380.9,0
AGRI.US,D,20220322,000000,175.5,180,161,161,52785.2,0
AGRI.US,D,20220323,000000,162.5,191,162.5,182,78185.02,0
AGRI.US,D,20220324,000000,178.5,258,176,245.5,504152.84,0
AGRI.US,D,20220325,000000,278.5,305,217.5,219.5,778606.14,0
AGRI.US,D,20220328,000000,208.75,214.5,189.5,193,84949.42,0
AGRI.US,D,20220329,000000,185,192,176,180,43210.6,0
AGRI.US,D,20220330,000000,177.5,204.5,163,167.5,75534.6,0
AGRI.US,D,20220331,000000,171,172.5,153,154,50086.54,0
AGRI.US,D,20220401,000000,155.5,166.625,153.885,157.5,22667.04,0
AGRI.US,D,20220404,000000,160,180,157.5,166.5,51013.74,0
AGRI.US,D,20220405,000000,163,171.5,160,163,23364.88,0
AGRI.US,D,20220406,000000,163.5,176.495,154,174.5,30811.78,0
AGRI.US,D,20220407,000000,176.5,191.5,166,177,49364.1,0
AGRI.US,D,20220408,000000,171.5,175.5,163.5,173,15928.92,0
AGRI.US,D,20220411,000000,172.5,172.7,159.5,159.5,13488.26,0
AGRI.US,D,20220412,000000,159.5,165,108.5,113,59842.54,0
AGRI.US,D,20220413,000000,113.5,129.405,113.5,119.5,28190.94,0
AGRI.US,D,20220414,000000,117,118.495,106,110.5,16700.18,0
AGRI.US,D,20220418,000000,110,145,109,130.5,191987.24,0
AGRI.US,D,20220419,000000,123.5,124.5,116.5,121,18424.96,0
AGRI.US,D,20220420,000000,133.5,133.5,114.75,115,68854.66,0
AGRI.US,D,20220421,000000,113,117.5,108.5,117.5,18668.54,0
AGRI.US,D,20220422,000000,116.5,117.5,109.5,111.5,9944.48,0
AGRI.US,D,20220425,000000,107.5,118.5,107.5,116.5,13177.36,0
AGRI.US,D,20220426,000000,114,119.5,111.5,113,7571.28,0
AGRI.US,D,20220427,000000,112.5,113.205,106.5,107,7805.28,0
AGRI.US,D,20220428,000000,107,107,95,95.5,17987.6,0
AGRI.US,D,20220429,000000,95,102.5,95,97,7003.4,0
AGRI.US,D,20220502,000000,95.5,98.5,88,91,10770.08,0
AGRI.US,D,20220503,000000,92.5,100.5,88.5,99.5,16177.36,0
AGRI.US,D,20220504,000000,101.48,101.48,88.5,92,19665.8,0
AGRI.US,D,20220505,000000,91,91,87.5,88,7500.96,0
AGRI.US,D,20220506,000000,88,88.5,82.5,83,4830.26,0
AGRI.US,D,20220509,000000,79.5,79.5,73.5,73.5,8962.66,0
AGRI.US,D,20220510,000000,74,80.495,71.505,75.5,5629.12,0
AGRI.US,D,20220511,000000,77,80.82,71.19,72.5,15928.38,0
AGRI.US,D,20220512,000000,66,78.995,66,76,43889.62,0
AGRI.US,D,20220513,000000,75,84,74,83.5,12719.86,0
AGRI.US,D,20220516,000000,99.5,140,96,138.5,1922586,0
AGRI.US,D,20220517,000000,118.5,137,112.5,134,487534.5,0
AGRI.US,D,20220518,000000,149.5,156.5,129,146,1140835.48,0
AGRI.US,D,20220519,000000,132.5,148.5,127,131,161635.02,0
AGRI.US,D,20220520,000000,131.5,150.5,128,147,161137.16,0
AGRI.US,D,20220523,000000,155.5,169,148,153,312545.82,0
AGRI.US,D,20220524,000000,152.5,152.5,132.5,140.5,98296.86,0
AGRI.US,D,20220525,000000,134.5,153,134.5,150.5,72417,0
AGRI.US,D,20220526,000000,150,157.5,138.5,142.5,68547.3,0
AGRI.US,D,20220527,000000,142,144.5,136.5,140,29837.48,0
AGRI.US,D,20220531,000000,140.5,140.5,123.5,126.5,39820.5,0
AGRI.US,D,20220601,000000,123.5,125.5,117.5,121,21318.76,0
AGRI.US,D,20220602,000000,125.5,129,120.25,127.5,17573.66,0
AGRI.US,D,20220603,000000,128,128.5,117.75,120.5,16651.38,0
AGRI.US,D,20220606,000000,125.5,128.5,117.5,118.5,23165.86,0
AGRI.US,D,20220607,000000,117,117.5,105.5,111,18008.92,0
AGRI.US,D,20220608,000000,110,121.5,109.5,115.5,31760.6,0
AGRI.US,D,20220609,000000,113.5,116.5,104,106,15902.46,0
AGRI.US,D,20220610,000000,103.5,105.5,97.5,99,12340.74,0
AGRI.US,D,20220613,000000,93,133,92.5,116,167904.1,0
AGRI.US,D,20220614,000000,113.5,116.15,100.5,106,25325.84,0
AGRI.US,D,20220615,000000,105,113.4,102.71,106.5,28298.12,0
AGRI.US,D,20220616,000000,106.5,123.5,101.59,119,58346.28,0
AGRI.US,D,20220617,000000,115,129.5,113,118.5,50419.1,0
AGRI.US,D,20220621,000000,121,128.5,120.5,124,23947.18,0
AGRI.US,D,20220622,000000,122.5,127,117.505,124.5,14200.1,0
AGRI.US,D,20220623,000000,122.5,139.75,122.5,137.5,25297.28,0
AGRI.US,D,20220624,000000,135,139,124.75,125,18103.12,0
AGRI.US,D,20220627,000000,126.5,131,122.5,125,8832.34,0
AGRI.US,D,20220628,000000,125,125,111,116.5,11254.94,0
AGRI.US,D,20220629,000000,115.5,116.21,109,111,4207.2,0
AGRI.US,D,20220630,000000,111.5,121,105.505,115.5,25463.68,0
AGRI.US,D,20220701,000000,114,115.5,109,114,6681.42,0
AGRI.US,D,20220705,000000,111,113.4,108,111,4871.32,0
AGRI.US,D,20220706,000000,110,110.5,101,102.5,5461.68,0
AGRI.US,D,20220707,000000,100.5,106.02,100.5,105,5133.76,0
AGRI.US,D,20220708,000000,103,112.5,103,112,6296.58,0
AGRI.US,D,20220711,000000,113,113,104.25,106.5,4443.06,0
AGRI.US,D,20220712,000000,106.5,108.07,101.1,101.5,5191.48,0
AGRI.US,D,20220713,000000,100.5,103.5,100,103,3048.4,0
AGRI.US,D,20220714,000000,100,101.5,98,101.5,3792.6,0
AGRI.US,D,20220715,000000,102.5,102.5,99.025,101.5,2365.42,0
AGRI.US,D,20220718,000000,104.5,104.565,99.75,100,3115.76,0
AGRI.US,D,20220719,000000,100,101.5,97.26,98,3295.96,0
AGRI.US,D,20220720,000000,99.5,102,98,99.5,3268.1,0
AGRI.US,D,20220721,000000,100.5,109.665,99.5,107.5,6749.96,0
AGRI.US,D,20220722,000000,107.5,107.5,97,98,4963.24,0
AGRI.US,D,20220725,000000,100.5,102.25,98,100.5,2877.36,0
AGRI.US,D,20220726,000000,100,100,90,92,8009.66,0
AGRI.US,D,20220727,000000,92,96.995,90.5,91.5,3555.06,0
AGRI.US,D,20220728,000000,94,94,90,91.5,2368.26,0
AGRI.US,D,20220729,000000,90.5,96,90.5,91.5,2811.6,0
AGRI.US,D,20220801,000000,93.5,94.495,92,92.5,2526.32,0
AGRI.US,D,20220802,000000,92,94,91,92,2444.12,0
AGRI.US,D,20220803,000000,92.5,93,90,90.5,3525.98,0
AGRI.US,D,20220804,000000,90,91.5,87.5,88,2545.76,0
AGRI.US,D,20220805,000000,87.5,91,87.5,89.5,2577.58,0
AGRI.US,D,20220808,000000,89,91.5,88,89,2309.3,0
AGRI.US,D,20220809,000000,88.5,89.995,82.5,83.5,3364.14,0
AGRI.US,D,20220810,000000,85,88.995,84,85.5,2822.72,0
AGRI.US,D,20220811,000000,85,89.5,84.5,85.5,3095.36,0
AGRI.US,D,20220812,000000,85.5,88.5,84.5,88,1858.24,0
AGRI.US,D,20220815,000000,90,90.5,86.5,90,2701.48,0
AGRI.US,D,20220816,000000,88,90.495,87.53,89.5,1462.1,0
AGRI.US,D,20220817,000000,88.5,90,87.5,88.995,1824,0
AGRI.US,D,20220818,000000,86.5,100,86.5,87,17355.32,0
AGRI.US,D,20220819,000000,87,87,79.505,80.5,4599.12,0
AGRI.US,D,20220822,000000,80.5,87,77.5,85,4103.92,0
AGRI.US,D,20220823,000000,85,96.995,84,93,19702.52,0
AGRI.US,D,20220824,000000,97,105,93,97,14511.26,0
AGRI.US,D,20220825,000000,94,102,92,96,9774.74,0
AGRI.US,D,20220826,000000,97,98.495,91.5,92.5,3344.8,0
AGRI.US,D,20220829,000000,91,99.495,90.005,93,12848.46,0
AGRI.US,D,20220830,000000,93.5,94,85,87,4897.4,0
AGRI.US,D,20220831,000000,93,97.5,89,94,12108.6,0
AGRI.US,D,20220901,000000,93,96.615,89,91,9381.06,0
AGRI.US,D,20220902,000000,90.5,104.5,90.5,97.5,10382.42,0
AGRI.US,D,20220906,000000,101,102.5,92.5,95,4229.84,0
AGRI.US,D,20220907,000000,95,99.745,92.39,96.5,7891.1,0
AGRI.US,D,20220908,000000,97,97,88,89.5,5043.4,0
AGRI.US,D,20220909,000000,91.5,94,88,91,5364.06,0
AGRI.US,D,20220912,000000,90.5,93,90.5,91.5,1598.48,0
AGRI.US,D,20220913,000000,90,91,84.01,88.5,3042.06,0
AGRI.US,D,20220914,000000,87.5,87.875,81,81.5,4157.1,0
AGRI.US,D,20220915,000000,81.5,88.5,81.5,84,4405.28,0
AGRI.US,D,20220916,000000,82,84,80,82,2262.92,0
AGRI.US,D,20220919,000000,82.75,84.5,80,81.75,1532.56,0
AGRI.US,D,20220920,000000,82,87.5,80.5,84,8564.84,0
AGRI.US,D,20220921,000000,89.5,102.965,87.5,88.5,375509.74,0
AGRI.US,D,20220922,000000,82,82,68,74,35287.34,0
AGRI.US,D,20220923,000000,73,73.575,68.5,73,8768.06,0
AGRI.US,D,20220926,000000,72,73,68.5,70,4249.96,0
AGRI.US,D,20220927,000000,71.5,71.5,69,70.5,2262.84,0
AGRI.US,D,20220928,000000,71,74.5,69.5,74,4827.34,0
AGRI.US,D,20220929,000000,71,74,69.985,73,2335.48,0
AGRI.US,D,20220930,000000,73,77,70,75,3569.48,0
AGRI.US,D,20221003,000000,76.5,76.5,73,75.5,2175.26,0
AGRI.US,D,20221004,000000,74,79.5,74,78.5,3290.46,0
AGRI.US,D,20221005,000000,77.5,79,76.5,78.5,819.16,0
AGRI.US,D,20221006,000000,79,79.5,74.34,77.305,3435.3,0
AGRI.US,D,20221007,000000,76,77.5,73,73.5,2148.7,0
AGRI.US,D,20221010,000000,74.5,77.5,71.615,75,4281.4,0
AGRI.US,D,20221011,000000,75.5,75.5,70.505,72,2147.74,0
AGRI.US,D,20221012,000000,70.5,71,64,65.25,7562.62,0
AGRI.US,D,20221013,000000,64.5,67.5,64.5,67,4561.22,0
AGRI.US,D,20221014,000000,66,67.5,64.5,65,3154.66,0
AGRI.US,D,20221017,000000,65,67.5,64.5,66,1572.12,0
AGRI.US,D,20221018,000000,66,67.01,64.5,66,1986.02,0
AGRI.US,D,20221019,000000,66,66.5,63.5,64.05,1693.3,0
AGRI.US,D,20221020,000000,64.5,64.5,59.5,61,3129.8,0
AGRI.US,D,20221021,000000,61.5,61.5,57,60,1495.4,0
AGRI.US,D,20221024,000000,60,60.245,56.5,58,2165.44,0
AGRI.US,D,20221025,000000,56.5,60.5,55.5,58,3616.98,0
AGRI.US,D,20221026,000000,57.5,62,57,58.5,5201.86,0
AGRI.US,D,20221027,000000,58.5,59.5,56.5,57.5,5017.74,0
AGRI.US,D,20221028,000000,57,59,56,59,2784.22,0
AGRI.US,D,20221031,000000,63,69,60,61.5,19684.3,0
AGRI.US,D,20221101,000000,60.5,63.5,59.5,61,3950.32,0
AGRI.US,D,20221102,000000,59.5,59.5,55.5,56.5,4006.72,0
AGRI.US,D,20221103,000000,57.5,58,55.5,58,2092.88,0
AGRI.US,D,20221104,000000,57,60,56,57.5,2040.32,0
AGRI.US,D,20221107,000000,58.5,59,56,58,1861.52,0
AGRI.US,D,20221108,000000,58,58.5,55.5,56.5,2836.68,0
AGRI.US,D,20221109,000000,57,57,55,56,962.84,0
AGRI.US,D,20221110,000000,56,58,49,49.505,6533.76,0
AGRI.US,D,20221111,000000,51.5,51.5,46.5,49,4170.48,0
AGRI.US,D,20221114,000000,50,51,48,48.82,3235.76,0
AGRI.US,D,20221115,000000,51,55.5,48.82,53,9176.88,0
AGRI.US,D,20221116,000000,54,54,52,53,2355.56,0
AGRI.US,D,20221117,000000,51.5,58.5,50.005,55,2818.54,0
AGRI.US,D,20221118,000000,53,59,52.575,57,3902.98,0
AGRI.US,D,20221121,000000,57.5,62.5,56.5,62.5,3085.06,0
AGRI.US,D,20221122,000000,62.5,63.5,59.5,59.5,2358.88,0
AGRI.US,D,20221123,000000,59.5,62,55,55.5,3311.08,0
AGRI.US,D,20221125,000000,57.5,58.755,56.33,58.5,392.64,0
AGRI.US,D,20221128,000000,60,69,57.5,65.5,6056.24,0
AGRI.US,D,20221129,000000,67,67,62.5,65.5,3640.26,0
AGRI.US,D,20221130,000000,64,67,63.59,66.5,2268.02,0
AGRI.US,D,20221201,000000,69.5,69.5,65,67,974.9,0
AGRI.US,D,20221202,000000,66.5,72,66.5,69,2210.02,0
AGRI.US,D,20221205,000000,67,68.5,62,64.5,2148.42,0
AGRI.US,D,20221206,000000,64.5,66.495,57.5,62,1775.66,0
AGRI.US,D,20221207,000000,60,60,53.5,55.5,1593.54,0
AGRI.US,D,20221208,000000,57.5,57.5,52.5,53.5,1749.86,0
AGRI.US,D,20221209,000000,54,55.93,52,53,1296.32,0
AGRI.US,D,20221212,000000,51.5,54,51.5,51.5,946.38,0
AGRI.US,D,20221213,000000,55,55.615,52.5,55,1934.04,0
AGRI.US,D,20221214,000000,57,57.365,54.505,55.5,915.92,0
AGRI.US,D,20221215,000000,55,57,52.5,54,1962.86,0
AGRI.US,D,20221216,000000,51,56.955,51,56.5,791.3,0
AGRI.US,D,20221219,000000,57,58.5,53.5,56.25,1540.02,0
AGRI.US,D,20221220,000000,54.5,55,53,53.5,1109.26,0
AGRI.US,D,20221221,000000,55,58.495,51.92,55,836.04,0
AGRI.US,D,20221222,000000,57.5,58.495,54,54.285,1800.18,0
AGRI.US,D,20221223,000000,53,53.5,50.5,51.5,1095.92,0
AGRI.US,D,20221227,000000,51.185,51.5,50,51.5,2213.76,0
AGRI.US,D,20221228,000000,52,55.5,51,54,1681.8,0
AGRI.US,D,20221229,000000,57.5,57.5,53.005,55.5,1375.94,0
AGRI.US,D,20221230,000000,55,58,54,56.5,1831.68,0
AGRI.US,D,20230103,000000,56,56.045,52.505,54.5,1076.52,0
AGRI.US,D,20230104,000000,54,59,53.5,57.55,1947.56,0
AGRI.US,D,20230105,000000,56.5,58,55,55,2537.7,0
AGRI.US,D,20230106,000000,57.5,57.5,54.5,56,536.26,0
AGRI.US,D,20230109,000000,58.5,60.5,55.5,60.5,2380.7,0
AGRI.US,D,20230110,000000,60.5,62.5,58.005,62.5,1638.5,0
AGRI.US,D,20230111,000000,61,67,60,65.78,1639.3,0
AGRI.US,D,20230112,000000,67.5,67.5,58.5,59,6094.52,0
AGRI.US,D,20230113,000000,60,67.995,59.415,60.5,10137.18,0
AGRI.US,D,20230117,000000,63.5,84,63.5,80,51712.9,0
AGRI.US,D,20230118,000000,80,80,58.5,61,21802.24,0
AGRI.US,D,20230119,000000,60.5,62.495,59,62,2781.68,0
AGRI.US,D,20230120,000000,62.5,64.995,60.25,63.825,3507.9,0
AGRI.US,D,20230123,000000,63,74,63,72,38038.74,0
AGRI.US,D,20230124,000000,76,78.5,63,66.5,39898.94,0
AGRI.US,D,20230125,000000,64.5,65,60,62.5,11570.1,0
AGRI.US,D,20230126,000000,64,64.5,60.5,62.5,4334.18,0
AGRI.US,D,20230127,000000,61.5,65,61.5,64.25,5442.96,0
AGRI.US,D,20230130,000000,63,64.5,61.5,62,3244.04,0
AGRI.US,D,20230131,000000,62.5,62.5,60,62,3604,0
AGRI.US,D,20230201,000000,63,63.75,60.635,63.5,4708.76,0
AGRI.US,D,20230202,000000,63,65,61.5,62.5,4164.64,0
AGRI.US,D,20230203,000000,61.5,64.5,61.5,64,3463.98,0
AGRI.US,D,20230206,000000,62,64,61.5,61.5,4181,0
AGRI.US,D,20230207,000000,62,63,59.055,61.5,2640.18,0
AGRI.US,D,20230208,000000,61,62.81,61,61,1629.6,0
AGRI.US,D,20230209,000000,60,62,52.5,54.5,7665.58,0
AGRI.US,D,20230210,000000,55,59.5,55,56,4457.78,0
AGRI.US,D,20230213,000000,57.5,58.7,56.5,57.5,784.38,0
AGRI.US,D,20230214,000000,57.5,59.5,57,59.5,1293.96,0
AGRI.US,D,20230215,000000,58.5,59.185,56,58,1262.12,0
AGRI.US,D,20230216,000000,59,59,55,56.5,1469.86,0
AGRI.US,D,20230217,000000,56.5,57.5,54.5,56,2306.46,0
AGRI.US,D,20230221,000000,56,56,54.5,55.5,1100.48,0
AGRI.US,D,20230222,000000,53.5,56,53.5,54.5,1513.26,0
AGRI.US,D,20230223,000000,54.5,56.41,53.5,54.5,1054.16,0
AGRI.US,D,20230224,000000,53.5,55.995,53,54.545,1836.1,0
AGRI.US,D,20230227,000000,55,56,54,55,1637.84,0
AGRI.US,D,20230228,000000,55,55.5,54.005,55,1068.04,0
AGRI.US,D,20230301,000000,55,55.82,54,54,894.62,0
AGRI.US,D,20230302,000000,54,60.495,49.5,52.5,26259.48,0
AGRI.US,D,20230303,000000,51.5,53.68,50.5,50.98,2779.9,0
AGRI.US,D,20230306,000000,50.5,51.5,50.5,51.5,2436.98,0
AGRI.US,D,20230307,000000,52.5,52.5,51.005,52,734.12,0
AGRI.US,D,20230308,000000,51.5,52,50,50.5,1082.76,0
AGRI.US,D,20230309,000000,50.5,50.75,49.5,49.5,2913.44,0
AGRI.US,D,20230310,000000,49.1,49.495,46.5,47.995,2192.12,0
AGRI.US,D,20230313,000000,46.5,47.995,41.81,43.415,5436.92,0
AGRI.US,D,20230314,000000,44.7,45,41.5,42.25,1373.66,0
AGRI.US,D,20230315,000000,42.5,42.5,37.55,39.475,1925.64,0
AGRI.US,D,20230316,000000,37.99,40.75,37.855,40.005,2023.08,0
AGRI.US,D,20230317,000000,39.625,39.625,35.5,37,2361.18,0
AGRI.US,D,20230320,000000,37.5,38.355,35.5,35.75,1635.62,0
AGRI.US,D,20230321,000000,36.5,36.995,32.5,35,2375.96,0
AGRI.US,D,20230322,000000,35,35.5,34.005,34.505,678.96,0
AGRI.US,D,20230323,000000,35,37.5,34.9913,36,1399.16,0
AGRI.US,D,20230324,000000,37.5,37.9949,35,35,521.68,0
AGRI.US,D,20230327,000000,37.5,37.5,33.505,34,1708.62,0
AGRI.US,D,20230328,000000,34,34.995,31.5,31.505,1772.64,0
AGRI.US,D,20230329,000000,32.5,33.745,32.005,33.485,1357.88,0
AGRI.US,D,20230330,000000,35,35,32.51,33.85,1859.08,0
AGRI.US,D,20230331,000000,35,35,33.855,34.695,886.62,0
AGRI.US,D,20230403,000000,34.765,37.495,34.25,34.795,1146.2,0
AGRI.US,D,20230404,000000,34,34.17,32.505,32.51,565.22,0
AGRI.US,D,20230405,000000,32.5,33.495,30.05,31.25,2878.18,0
AGRI.US,D,20230406,000000,31.5,33.5,30.165,33,2184.56,0
AGRI.US,D,20230410,000000,32.5,35.375,32,35,1317.38,0
AGRI.US,D,20230411,000000,35.5,38.25,35.11,38.25,1342.88,0
AGRI.US,D,20230412,000000,39,39,34.285,35.75,1939.96,0
AGRI.US,D,20230413,000000,35.5,35.755,30.5,32.5,2827.8,0
AGRI.US,D,20230414,000000,33.5,35,31.5,32.5,2580.74,0
AGRI.US,D,20230417,000000,32,32.64,30.3,31.73,1719.72,0
AGRI.US,D,20230418,000000,32,34.485,30.6,31.495,1836.78,0
AGRI.US,D,20230419,000000,30,31.5,28.13,29.99,5110.18,0
AGRI.US,D,20230420,000000,30,30,29.597,30,1124,0
AGRI.US,D,20230421,000000,29.01,30,29.005,29.495,561.92,0
AGRI.US,D,20230424,000000,29.5,29.5,27.5,29.245,2450.84,0
AGRI.US,D,20230425,000000,28.37,30,28.37,29.215,678.82,0
AGRI.US,D,20230426,000000,29,32.765,28,32.64,1348.16,0
AGRI.US,D,20230427,000000,32.64,33,31.025,31.04,1541.5,0
AGRI.US,D,20230428,000000,31.315,31.315,30,30.26,1093.32,0
AGRI.US,D,20230501,000000,30.275,30.945,30.275,30.58,464.96,0
AGRI.US,D,20230502,000000,30.59,30.7,28.87,30.375,926.38,0
AGRI.US,D,20230503,000000,30,30.605,29,29,797.5,0
AGRI.US,D,20230504,000000,30,30.0188,27.5,27.75,1252.6,0
AGRI.US,D,20230505,000000,28.005,30.995,28.005,29.26,2093.82,0
AGRI.US,D,20230508,000000,30.5,31,29,29,645.56,0
AGRI.US,D,20230509,000000,28,29.925,28,28.5,1171.68,0
AGRI.US,D,20230510,000000,29.5,30.51,27.5,28.06,1863.76,0
AGRI.US,D,20230511,000000,30,30,25.825,25.855,3466.82,0
AGRI.US,D,20230512,000000,26.5,28.49,25.005,25.025,1339.02,0
AGRI.US,D,20230515,000000,24.5,24.5,22.75,24,2246.48,0
AGRI.US,D,20230516,000000,25,25.25,24.255,24.625,610.96,0
AGRI.US,D,20230517,000000,24.16,24.625,22.6,22.7,607.36,0
AGRI.US,D,20230518,000000,24.995,24.995,23,23.995,868.26,0
AGRI.US,D,20230519,000000,24.5,24.5,22.7,23.99,906.24,0
AGRI.US,D,20230522,000000,24,24.495,22.5,23.49,1440.02,0
AGRI.US,D,20230523,000000,23,24.35,20,21.5,3826.82,0
AGRI.US,D,20230524,000000,22,22,19.88,20.5,1531.58,0
AGRI.US,D,20230525,000000,21.5,21.5,18.535,18.555,3004.3,0
AGRI.US,D,20230526,000000,20,20,18.72,19.195,1350.74,0
AGRI.US,D,20230530,000000,19,20.99,19,20,473.44,0
AGRI.US,D,20230531,000000,20,20,19,19.5,304.06,0
AGRI.US,D,20230601,000000,22.475,22.5,18.505,19.25,3798.02,0
AGRI.US,D,20230602,000000,19.55,19.55,15.33,17,6600.26,0
AGRI.US,D,20230605,000000,17,17.06,7,9.51,25521.16,0
AGRI.US,D,20230606,000000,10,20.5,9.565,15.66,387664.56,0
AGRI.US,D,20230607,000000,15.505,18.995,10.75,13.455,146472.78,0
AGRI.US,D,20230608,000000,12.16,12.7,11.005,12.285,21863.08,0
AGRI.US,D,20230609,000000,12.5,12.5,11.53,12,8624.38,0
AGRI.US,D,20230612,000000,12.905,12.905,11,11.745,9755.6,0
AGRI.US,D,20230613,000000,11.75,12.7,11.145,12,17541.92,0
AGRI.US,D,20230614,000000,11.735,12.395,11.26,12.015,6769.02,0
AGRI.US,D,20230615,000000,11.99,12,11.5,11.775,4836.52,0
AGRI.US,D,20230616,000000,11.98,15,11.6,12.915,30143.4,0
AGRI.US,D,20230620,000000,13.5,13.5,12,12.5,5531.26,0
AGRI.US,D,20230621,000000,12.5,12.5,11.5,11.99,5567.88,0
AGRI.US,D,20230622,000000,11.985,12,11,11.45,8001.1,0
AGRI.US,D,20230623,000000,11.5,11.74,11.005,11.71,2249.4,0
AGRI.US,D,20230626,000000,11.695,12.5,10.85,11.475,2792.24,0
AGRI.US,D,20230627,000000,11.125,11.25,10.5,10.9,5406.12,0
AGRI.US,D,20230628,000000,10.6,11.1,10.1,10.5,1812.02,0
AGRI.US,D,20230629,000000,10.5,15.5,10.35,12.5,134872.94,0
AGRI.US,D,20230630,000000,12,12,11,11.335,12448.96,0
AGRI.US,D,20230703,000000,11,11.495,10.5,11,6768.62,0
AGRI.US,D,20230705,000000,11.5,11.5,9.875,10.3,13115.28,0
AGRI.US,D,20230706,000000,10.355,10.465,9.13,9.745,9138.62,0
AGRI.US,D,20230707,000000,9.8,9.8,9.05,9.3,16608.62,0
AGRI.US,D,20230710,000000,9.6,9.6,8.76995,9,10311.7,0
AGRI.US,D,20230711,000000,9.3,9.75,9,9.005,16161.3,0
AGRI.US,D,20230712,000000,9.425,9.45,8.9,9.17,10091.54,0
AGRI.US,D,20230713,000000,9.155,9.155,8.945,9.05,5952.1,0
AGRI.US,D,20230714,000000,9.3,9.3,8.5,8.795,4476.72,0
AGRI.US,D,20230717,000000,9.47,11.375,8.8,9.375,121731.9,0
AGRI.US,D,20230718,000000,9,9.23,7,7.825,50360.08,0
AGRI.US,D,20230719,000000,7.825,8.11,7.1,7.35,70289.32,0
AGRI.US,D,20230720,000000,7,7.45,6,6.5,49347.96,0
AGRI.US,D,20230721,000000,6.6,7.05,5.525,6.4,35907.36,0
AGRI.US,D,20230724,000000,6.175,6.75,5.755,6.65,33612.52,0
AGRI.US,D,20230725,000000,7.085,7.085,5.875,6.25,35373.86,0
AGRI.US,D,20230726,000000,6.25,6.25,5.8,5.8,16381.82,0
AGRI.US,D,20230727,000000,5.975,6.5,5.94,6.25,14382.32,0
AGRI.US,D,20230728,000000,6.5,6.72,6.15,6.175,21692.04,0
AGRI.US,D,20230731,000000,6.6,7.2,6.175,6.505,164871.62,0
AGRI.US,D,20230801,000000,8.605,9.3,6.25,6.5,744050.38,0
AGRI.US,D,20230802,000000,6.055,6.12,5.55,5.705,126599.08,0
AGRI.US,D,20230803,000000,5.5,6.845,5.5,6.07,162347.18,0
AGRI.US,D,20230804,000000,5.85,6.97,5.85,6.51,212675.62,0
AGRI.US,D,20230807,000000,9.96,11.145,7.505,7.735,1658097.54,0
AGRI.US,D,20230808,000000,6.9,7.4,6.655,7.25,161859.6,0
AGRI.US,D,20230809,000000,6.63,7.055,6.26,6.75,84175.86,0
AGRI.US,D,20230810,000000,6.5,6.61,6.005,6.25,54965.14,0
AGRI.US,D,20230811,000000,6.2,7.38,6.2,6.66,128807.78,0
AGRI.US,D,20230814,000000,6.495,6.7,6.2,6.475,41015.66,0
AGRI.US,D,20230815,000000,6.2,6.295,5.785,5.885,66077.02,0
AGRI.US,D,20230816,000000,6,6.245,5.8,6.08,54914.74,0
AGRI.US,D,20230817,000000,6.055,6.36,5.905,6.15,68965.62,0
AGRI.US,D,20230818,000000,6.25,6.25,5.81,5.925,57964.7,0
AGRI.US,D,20230821,000000,5.875,5.97,5.6,5.85,23976.3,0
AGRI.US,D,20230822,000000,5.75,5.85,5.35,5.65,41417.78,0
AGRI.US,D,20230823,000000,5.69,5.69,5.05,5.5,32797.28,0
AGRI.US,D,20230824,000000,5.49,5.915,5.4,5.75,36626.4,0
AGRI.US,D,20230825,000000,5.575,5.75,5.225,5.45,18672.72,0
AGRI.US,D,20230828,000000,5.35,5.7,5.225,5.29,15852.1,0
AGRI.US,D,20230829,000000,5.12,5.375,5.1,5.25,16001.28,0
AGRI.US,D,20230830,000000,5.15,5.5,5.075,5.225,26573.4,0
AGRI.US,D,20230831,000000,5.2,5.45,5.16,5.425,20131.94,0
AGRI.US,D,20230901,000000,5.12,5.975,4.755,5.01,73322.68,0
AGRI.US,D,20230905,000000,5.15,5.15,4.37,4.65,42422.88,0
AGRI.US,D,20230906,000000,4.55,4.71,4.375,4.525,30375.62,0
AGRI.US,D,20230907,000000,4.45,4.6,4.12,4.27,73653.64,0
AGRI.US,D,20230908,000000,4.275,4.7,4.275,4.51,55660.64,0
AGRI.US,D,20230911,000000,4.25,4.485,4.015,4.3,41806.4,0
AGRI.US,D,20230912,000000,4.8,4.8,4.4,4.5,88903.5,0
AGRI.US,D,20230913,000000,4.725,4.8,4.25,4.64,94962.26,0
AGRI.US,D,20230914,000000,4.64,5.2,4.345,5.12,754186.34,0
AGRI.US,D,20230915,000000,7.995,9,6.07,7.25,3045687.86,0
AGRI.US,D,20230918,000000,6.29,6.34,5.01,5.325,535003.04,0
AGRI.US,D,20230919,000000,5.215,5.66,4.65,5.33,233597.9,0
AGRI.US,D,20230920,000000,5.255,8.25,5.255,6.49,1209698.74,0
AGRI.US,D,20230921,000000,6.72,9.085,6.5,7.675,1117529.08,0
AGRI.US,D,20230922,000000,7.75,7.865,6.455,6.58,260118.1,0
AGRI.US,D,20230925,000000,5.5,6.4,5.315,5.945,197062.94,0
AGRI.US,D,20230926,000000,5.68,6.05,5.28,5.305,123903.82,0
AGRI.US,D,20230927,000000,6.975,6.975,5.55,5.84,266026.28,0
AGRI.US,D,20230928,000000,5.535,5.725,5.25,5.475,118388.1,0
AGRI.US,D,20230929,000000,5.355,6,5.25,5.6,151465.46,0
AGRI.US,D,20231002,000000,5.53,5.58,5.125,5.35,81733.68,0
AGRI.US,D,20231003,000000,5.215,5.8,5.15,5.55,112054.08,0
AGRI.US,D,20231004,000000,6.02,6.02,5.25,5.5,87795.96,0
AGRI.US,D,20231005,000000,5.335,8,5.125,6.97,1088940.92,0
AGRI.US,D,20231006,000000,5.7,5.92,5.295,5.67,338956.72,0
AGRI.US,D,20231009,000000,5.25,5.895,5.25,5.455,200320.06,0
AGRI.US,D,20231010,000000,5.31,5.735,3.75,3.9,574564.5,0
AGRI.US,D,20231011,000000,3.51,3.55,2.8501,3.05,435076,0
AGRI.US,D,20231012,000000,2.95,3.28,2.8466,3.05,153700,0
AGRI.US,D,20231013,000000,3.43,3.43,2.8703,2.97,303612,0
AGRI.US,D,20231016,000000,2.93,2.9402,2.46,2.62,219828,0
AGRI.US,D,20231017,000000,3.14,3.68,2.7701,2.98,2504597,0
AGRI.US,D,20231018,000000,2.94,3.0357,2.52,2.64,249059,0
AGRI.US,D,20231019,000000,2.61,2.7304,2.22,2.4,139503,0
AGRI.US,D,20231020,000000,2.35,2.449,2.29,2.4,77749,0
AGRI.US,D,20231023,000000,2.34,2.3576,2.06,2.1,87678,0
AGRI.US,D,20231024,000000,2.03,2.0854,1.93,1.96,83535,0
AGRI.US,D,20231025,000000,1.96,2,1.84,1.84,41540,0
AGRI.US,D,20231026,000000,1.83,1.93,1.711,1.8,62806,0
AGRI.US,D,20231027,000000,1.84,2,1.79,1.97,56860,0
AGRI.US,D,20231030,000000,1.95,2.01,1.89,1.93,28772,0
AGRI.US,D,20231031,000000,1.97,1.97,1.9,1.94,19814,0
AGRI.US,D,20231101,000000,1.85,1.94,1.675,1.74,100380,0
AGRI.US,D,20231102,000000,1.72,1.7401,1.54,1.61,224235,0
AGRI.US,D,20231103,000000,1.73,1.73,1.531,1.57,252035,0
AGRI.US,D,20231106,000000,1.55,1.57,1.44,1.48,308695,0
AGRI.US,D,20231107,000000,1.5,1.8,1.4,1.59,1017966,0
AGRI.US,D,20231108,000000,1.69,1.7082,1.45,1.51,307204,0
AGRI.US,D,20231109,000000,1.5,1.5,1.14,1.18,544948,0
AGRI.US,D,20231110,000000,1.15,1.2,1,1.06,217960,0
AGRI.US,D,20231113,000000,1.1,1.207,1.07,1.14,73685,0
AGRI.US,D,20231114,000000,1.16,1.24,1.1141,1.18,182037,0
AGRI.US,D,20231115,000000,1.21,1.29,1.15,1.22,152840,0
AGRI.US,D,20231116,000000,1.19,1.25,1.15,1.15,51334,0
AGRI.US,D,20231117,000000,1.16,1.18,1.06,1.07,57878,0
AGRI.US,D,20231120,000000,1.32,1.32,1.01,1.06,195424,0
AGRI.US,D,20231121,000000,1.08,1.1269,0.93,0.9502,90820,0
AGRI.US,D,20231122,000000,0.9847,1.05,0.9502,0.96,102411,0
AGRI.US,D,20231124,000000,0.9705,0.9899,0.955,0.9701,24528,0
AGRI.US,D,20231127,000000,0.994,0.994,0.8678,0.9038,77473,0
AGRI.US,D,20231128,000000,0.9075,0.9075,0.811,0.8342,97306,0
AGRI.US,D,20231129,000000,0.842,0.95,0.842,0.9,94529,0
AGRI.US,D,20231130,000000,1.77,2.67,0.825,0.8371,48566271,0
AGRI.US,D,20231201,000000,0.84,0.909,0.7222,0.77,2116131,0
AGRI.US,D,20231204,000000,0.7771,0.7937,0.63,0.66,1140015,0
AGRI.US,D,20231205,000000,0.6842,0.73,0.6216,0.66,733247,0
AGRI.US,D,20231206,000000,0.6825,0.77,0.6404,0.662,1235842,0
AGRI.US,D,20231207,000000,0.63,0.718,0.6011,0.651,1487054,0
AGRI.US,D,20231208,000000,0.66,0.667,0.551,0.59,479245,0
AGRI.US,D,20231211,000000,0.58,0.647699,0.56,0.6145,507794,0
AGRI.US,D,20231212,000000,0.64,0.64,0.4744,0.5601,502247,0
AGRI.US,D,20231213,000000,0.5669,0.58,0.5133,0.551,233031,0
AGRI.US,D,20231214,000000,0.5654,0.619799,0.54,0.609899,309830,0
AGRI.US,D,20231215,000000,0.5916,0.62,0.586,0.59,143851,0
AGRI.US,D,20231218,000000,0.62,0.62,0.56,0.585,231000,0
AGRI.US,D,20231219,000000,0.585,0.59,0.55,0.5798,226237,0
AGRI.US,D,20231220,000000,0.4177,0.450101,0.37,0.4197,1089236,0
AGRI.US,D,20231221,000000,0.4821,0.5101,0.4411,0.4499,1939597,0
AGRI.US,D,20231222,000000,0.45,0.48,0.4346,0.469,479792,0
AGRI.US,D,20231226,000000,0.4691,0.4892,0.45,0.4698,450559,0
AGRI.US,D,20231227,000000,0.46,0.48,0.45,0.48,287962,0
AGRI.US,D,20231228,000000,0.5,0.5,0.4655,0.4711,336264,0
AGRI.US,D,20231229,000000,0.48,0.49,0.4502,0.4699,284114,0
AGRI.US,D,20240102,000000,0.4685,0.47,0.4206,0.467,416670,0
AGRI.US,D,20240103,000000,0.483,0.483,0.4302,0.447,271971,0
AGRI.US,D,20240104,000000,0.45,0.459,0.4058,0.4155,216603,0
AGRI.US,D,20240105,000000,0.417,0.43,0.404,0.419,281816,0
AGRI.US,D,20240108,000000,0.419,0.4199,0.401,0.4123,183954,0
AGRI.US,D,20240109,000000,0.4152,0.417,0.38,0.3989,167485,0
AGRI.US,D,20240110,000000,0.4138,0.4138,0.39,0.4,195028,0
AGRI.US,D,20240111,000000,0.41,0.41,0.3739,0.3739,231036,0
AGRI.US,D,20240112,000000,0.39,0.39,0.3701,0.3815,132071,0
AGRI.US,D,20240116,000000,0.382,0.3859,0.365,0.368,200095,0
AGRI.US,D,20240117,000000,0.36,0.39,0.36,0.37,172710,0
AGRI.US,D,20240118,000000,0.375,0.375139,0.3184,0.3437,322387,0
AGRI.US,D,20240119,000000,0.3201,0.3438,0.3049,0.3139,191350,0
AGRI.US,D,20240122,000000,0.3045,0.33,0.3006,0.31,120566,0
AGRI.US,D,20240123,000000,0.315,0.333,0.31,0.319,274565,0
AGRI.US,D,20240124,000000,0.325,0.335,0.3121,0.325,253541,0
AGRI.US,D,20240125,000000,0.325,0.3349,0.3061,0.32,164212,0
AGRI.US,D,20240126,000000,0.3032,0.325,0.3015,0.3249,120524,0
AGRI.US,D,20240129,000000,0.315,0.34,0.307499,0.335,239612,0
AGRI.US,D,20240130,000000,0.3346,0.342,0.3074,0.319,194268,0
AGRI.US,D,20240131,000000,0.337,0.337,0.3051,0.3095,221996,0
AGRI.US,D,20240201,000000,0.31,0.4187,0.308,0.3941,3382799,0
AGRI.US,D,20240202,000000,0.317,0.318,0.285,0.29,1160744,0
AGRI.US,D,20240205,000000,0.2884,0.2884,0.2224,0.2399,911464,0
AGRI.US,D,20240206,000000,0.237,0.244299,0.2188,0.228,909312,0
AGRI.US,D,20240207,000000,0.221,0.2299,0.2106,0.2272,496304,0
AGRI.US,D,20240208,000000,0.2205,0.2594,0.214,0.239,1872394,0
AGRI.US,D,20240209,000000,0.2446,0.2504,0.221,0.239,406294,0
AGRI.US,D,20240212,000000,0.249,0.2747,0.2264,0.2501,2560592,0
AGRI.US,D,20240213,000000,0.245,0.2455,0.2159,0.220701,686278,0
AGRI.US,D,20240214,000000,0.229,0.24,0.2113,0.2198,490429,0
AGRI.US,D,20240215,000000,0.21,0.2188,0.2,0.210601,465697,0
AGRI.US,D,20240216,000000,0.2195,0.2195,0.206,0.214,4895742,0
AGRI.US,D,20240220,000000,0.57,0.706,0.255,0.2691,119661814,0
AGRI.US,D,20240221,000000,0.25,0.2649,0.2301,0.2329,5394025,0
AGRI.US,D,20240222,000000,0.2368,0.2368,0.2101,0.218,2943491,0
AGRI.US,D,20240223,000000,0.21,0.2164,0.1911,0.1983,2890112,0
AGRI.US,D,20240226,000000,0.191,0.215,0.1869,0.2046,1723336,0
AGRI.US,D,20240227,000000,0.22,0.224,0.1825,0.2,14754036,0
AGRI.US,D,20240228,000000,0.198,0.198,0.185,0.1939,1484664,0
AGRI.US,D,20240229,000000,0.1925,0.196,0.1833,0.19,1231620,0
AGRI.US,D,20240301,000000,0.1906,0.1906,0.1801,0.1828,1188336,0
AGRI.US,D,20240304,000000,0.1798,0.1799,0.1555,0.1719,2523590,0
AGRI.US,D,20240305,000000,0.1667,0.1772,0.1661,0.1722,760173,0
AGRI.US,D,20240306,000000,0.1777,0.1777,0.1658,0.17,823062,0
AGRI.US,D,20240307,000000,0.1764,0.1764,0.164,0.1718,690928,0
AGRI.US,D,20240308,000000,0.1674,0.1709,0.154,0.16,1672056,0
AGRI.US,D,20240311,000000,0.168,0.168,0.1577,0.16,538135,0
AGRI.US,D,20240312,000000,0.1581,0.16,0.1506,0.154,674107,0
AGRI.US,D,20240313,000000,0.1535,0.1765,0.1517,0.1681,1827550,0
AGRI.US,D,20240314,000000,0.1726,0.1726,0.145,0.148,1763630,0
AGRI.US,D,20240315,000000,0.1502,0.166,0.1455,0.1535,1353433,0
AGRI.US,D,20240318,000000,0.157,0.1738,0.1504,0.1706,4324043,0
AGRI.US,D,20240319,000000,0.1689,0.2239,0.1567,0.1711,14306776,0
AGRI.US,D,20240320,000000,0.1736,0.178,0.1522,0.166,4609648,0
AGRI.US,D,20240321,000000,0.1675,0.171,0.1581,0.1605,1786530,0
AGRI.US,D,20240322,000000,0.1698,0.1835,0.1618,0.1714,6550921,0
AGRI.US,D,20240325,000000,0.172,0.172,0.16,0.1695,1834684,0
AGRI.US,D,20240326,000000,0.171,0.1839,0.1672,0.1775,3005913,0
AGRI.US,D,20240327,000000,0.1796,0.198,0.1742,0.1847,3839533,0
AGRI.US,D,20240328,000000,0.189,0.1899,0.18,0.184,1919276,0
AGRI.US,D,20240401,000000,0.185,0.185,0.1651,0.1769,1353647,0
AGRI.US,D,20240402,000000,0.1716,0.1733,0.16,0.1666,1301353,0
AGRI.US,D,20240403,000000,0.166,0.178,0.162,0.1701,2164506,0
AGRI.US,D,20240404,000000,0.17,0.1773,0.1675,0.1675,1672609,0
AGRI.US,D,20240405,000000,0.174,0.1785,0.162,0.1778,2067895,0
AGRI.US,D,20240408,000000,0.1728,0.1856,0.1688,0.172,1970133,0
AGRI.US,D,20240409,000000,0.174,0.185,0.164,0.1736,1776523,0
AGRI.US,D,20240410,000000,0.1709,0.172,0.16,0.163,1784091,0
AGRI.US,D,20240411,000000,0.1655,0.1689,0.1629,0.166,614293,0
AGRI.US,D,20240412,000000,0.164,0.1645,0.156,0.1578,1202828,0
AGRI.US,D,20240415,000000,0.1599,0.165,0.1551,0.1599,1288651,0
AGRI.US,D,20240416,000000,0.157,0.1625,0.14,0.1468,1519295,0
AGRI.US,D,20240417,000000,0.1468,0.1549,0.143,0.152,938039,0
AGRI.US,D,20240418,000000,0.157,0.157,0.145,0.1501,1493333,0
AGRI.US,D,20240419,000000,0.1496,0.17,0.1441,0.1652,4896767,0
AGRI.US,D,20240422,000000,0.1512,0.1569,0.145,0.1524,1603928,0
AGRI.US,D,20240423,000000,0.145,0.1527,0.1414,0.1522,798587,0
AGRI.US,D,20240424,000000,0.15,0.1506,0.1442,0.146,669387,0
AGRI.US,D,20240425,000000,0.149,0.164,0.144,0.1536,1268697,0
AGRI.US,D,20240426,000000,0.1525,0.1585,0.146,0.149,512913,0
AGRI.US,D,20240429,000000,0.148,0.1539,0.1451,0.1539,374868,0
AGRI.US,D,20240430,000000,0.151,0.167,0.1458,0.1599,3065038,0
AGRI.US,D,20240501,000000,0.155,0.159,0.1415,0.1439,1090194,0
AGRI.US,D,20240502,000000,0.1439,0.1479,0.143,0.146184,786568,0
AGRI.US,D,20240503,000000,0.1494,0.152,0.1433,0.1481,732702,0
AGRI.US,D,20240506,000000,0.16,0.16,0.1435,0.1444,2380624,0
AGRI.US,D,20240507,000000,0.0999,0.108,0.0975,0.1039,4108784,0
AGRI.US,D,20240508,000000,0.1118,0.1118,0.0955,0.0985,1482065,0
AGRI.US,D,20240509,000000,0.1041,0.1041,0.095,0.0999,1178084,0
AGRI.US,D,20240510,000000,0.1049,0.1049,0.097,0.0985,1047525,0
AGRI.US,D,20240513,000000,0.0981,0.0998,0.0965,0.097,701386,0
AGRI.US,D,20240514,000000,0.096,0.099,0.084,0.0929,2650810,0
AGRI.US,D,20240515,000000,0.0945,0.129,0.0897,0.106,6740953,0
AGRI.US,D,20240516,000000,0.095,0.1329,0.094,0.115,36289210,0
AGRI.US,D,20240517,000000,0.155,0.155,0.09,0.1033,42184838,0
AGRI.US,D,20240520,000000,0.114,0.1344,0.1057,0.129744,74887281,0
AGRI.US,D,20240521,000000,0.1826,0.1908,0.135,0.152,219665617,0
AGRI.US,D,20240522,000000,0.1518,0.154,0.12,0.13,55653992,0
AGRI.US,D,20240523,000000,0.1393,0.1739,0.1248,0.1435,50883237,0
AGRI.US,D,20240524,000000,0.1392,0.1398,0.1201,0.1225,16498507,0
AGRI.US,D,20240528,000000,0.12,0.14,0.1127,0.134,35267424,0
AGRI.US,D,20240529,000000,0.1283,0.1498,0.1168,0.1315,34438798,0
AGRI.US,D,20240530,000000,0.1249,0.1282,0.11675,0.1178,12723119,0
AGRI.US,D,20240531,000000,0.119,0.121,0.108,0.1124,10020836,0
AGRI.US,D,20240603,000000,0.11,0.1224,0.108,0.1119,12291468,0
AGRI.US,D,20240604,000000,0.1123,0.116,0.1003,0.1064,8066779,0
AGRI.US,D,20240605,000000,0.1036,0.1068,0.0976,0.1051,5718793,0
AGRI.US,D,20240606,000000,0.102,0.1043,0.0962,0.0964,4916934,0
AGRI.US,D,20240607,000000,0.096,0.1039,0.091,0.0928,8382430,0
AGRI.US,D,20240610,000000,0.12,0.1244,0.0921,0.099,163039602,0
AGRI.US,D,20240611,000000,0.093,0.0955,0.0888,0.0949,22852055,0
AGRI.US,D,20240612,000000,0.0925,0.097,0.0912,0.093,10830482,0
AGRI.US,D,20240613,000000,0.0899,0.0899,0.085,0.0857,9358062,0
AGRI.US,D,20240614,000000,0.0861,0.0864,0.0805,0.0819,7999344,0
AGRI.US,D,20240617,000000,0.1,0.1179,0.0821,0.0893,166689428,0
AGRI.US,D,20240618,000000,0.089,0.0899,0.0805,0.0894,24993784,0
AGRI.US,D,20240620,000000,0.0905,0.0925,0.081,0.0828,14242625,0
AGRI.US,D,20240621,000000,0.0846,0.0853,0.08,0.0823,9269698,0
AGRI.US,D,20240624,000000,0.0856,0.0856,0.0803,0.0849,9385700,0
AGRI.US,D,20240625,000000,0.085,0.0879,0.0805,0.084,8602038,0
AGRI.US,D,20240626,000000,0.0836,0.0838,0.079,0.0819,9286445,0
AGRI.US,D,20240627,000000,0.0818,0.088,0.0804,0.0843,16557763,0
AGRI.US,D,20240628,000000,0.084,0.1,0.0832,0.0884,27937632,0
AGRI.US,D,20240701,000000,0.08,0.08,0.0725,0.0745,12530319,0
AGRI.US,D,20240702,000000,0.0755,0.0806,0.0706,0.0751,9238629,0
AGRI.US,D,20240703,000000,0.079,0.079,0.0721,0.0747,5103148,0
AGRI.US,D,20240705,000000,0.0755,0.0755,0.07,0.0717,6602877,0
AGRI.US,D,20240708,000000,0.0715,0.074499,0.0706,0.0715,5646693,0
AGRI.US,D,20240709,000000,0.073,0.081,0.0719,0.0763,13855917,0
AGRI.US,D,20240710,000000,0.0732,0.0795,0.0713,0.0765,12804841,0
AGRI.US,D,20240711,000000,0.0733,0.083801,0.072,0.0821,68091182,0
AGRI.US,D,20240712,000000,0.1071,0.1138,0.0903,0.1,192879370,0
AGRI.US,D,20240715,000000,0.09,0.0907,0.0835,0.0867,28402639,0
AGRI.US,D,20240716,000000,0.0845,0.088,0.0815,0.0862,23014483,0
AGRI.US,D,20240717,000000,0.08,0.0823,0.0772,0.0787,12510391,0
AGRI.US,D,20240718,000000,0.0777,0.0779,0.0726,0.0732,11979037,0
AGRI.US,D,20240719,000000,0.076,0.076,0.072,0.0731,6400680,0
AGRI.US,D,20240722,000000,0.0731,0.0824,0.0705,0.0761,15942485,0
AGRI.US,D,20240723,000000,0.079,0.079,0.072,0.073,6519411,0
AGRI.US,D,20240724,000000,0.073,0.0852,0.0711,0.0795,27644004,0
AGRI.US,D,20240725,000000,0.0768,0.0768,0.0722,0.0726,7364348,0
AGRI.US,D,20240726,000000,0.0749,0.0764,0.073,0.0745,5484479,0
AGRI.US,D,20240729,000000,0.073,0.0737,0.0721,0.0724,5182810,0
AGRI.US,D,20240730,000000,0.0721,0.074,0.0701,0.0711,6712522,0
AGRI.US,D,20240731,000000,0.07,0.0711,0.065,0.0696,11748856,0
AGRI.US,D,20240801,000000,0.07,0.07,0.0668,0.067,7348440,0
AGRI.US,D,20240802,000000,0.068,0.0682,0.058,0.0626,10438260,0
AGRI.US,D,20240805,000000,0.06,0.06,0.0553,0.0575,11040926,0
AGRI.US,D,20240806,000000,0.0686,0.0768,0.0612,0.0688,51299344,0
AGRI.US,D,20240807,000000,0.0655,0.065899,0.0557,0.058899,16688660,0
AGRI.US,D,20240808,000000,0.0609,0.0751,0.06,0.0676,24970814,0
AGRI.US,D,20240809,000000,0.07,0.078,0.0661,0.076,23504613,0
AGRI.US,D,20240812,000000,0.0739,0.0739,0.0675,0.0687,7522450,0
AGRI.US,D,20240813,000000,0.07,0.07,0.0579,0.0658,14230253,0
AGRI.US,D,20240814,000000,0.0666,0.067,0.0556,0.0583,8157890,0
AGRI.US,D,20240815,000000,0.0618,0.062,0.0589,0.0608,5564276,0
AGRI.US,D,20240816,000000,0.061,0.061,0.057,0.0585,5155309,0
AGRI.US,D,20240819,000000,0.0566,0.0667,0.0566,0.0633,9431455,0
AGRI.US,D,20240820,000000,0.0675,0.07,0.0621,0.0631,16202474,0
AGRI.US,D,20240821,000000,0.0615,0.0661,0.0586,0.065,12938565,0
AGRI.US,D,20240822,000000,0.0655,0.0693,0.062,0.0658,7441364,0
AGRI.US,D,20240823,000000,0.063,0.0685,0.063,0.0647,10987984,0
AGRI.US,D,20240826,000000,0.063,0.0697,0.063,0.0678,6123335,0
AGRI.US,D,20240827,000000,0.065,0.067,0.0613,0.0621,5583433,0
AGRI.US,D,20240828,000000,0.082,0.0835,0.066,0.0711,216302168,0
AGRI.US,D,20240829,000000,0.0648,0.0711,0.0618,0.0682,19436364,0
AGRI.US,D,20240830,000000,0.068,0.068,0.06,0.0602,9705352,0
AGRI.US,D,20240903,000000,0.0606,0.0631,0.059,0.0611,7329450,0
AGRI.US,D,20240904,000000,0.0605,0.0616,0.0577,0.0587,7723397,0
AGRI.US,D,20240905,000000,0.06,0.0607,0.0566,0.0596,5885123,0
AGRI.US,D,20240906,000000,0.06,0.0611,0.0582,0.0583,3814296,0
AGRI.US,D,20240909,000000,0.0584,0.0589,0.0542,0.0559,7118806,0
AGRI.US,D,20240910,000000,0.0566,0.06,0.0553,0.058899,6104947,0
AGRI.US,D,20240911,000000,0.0571,0.059,0.0563,0.0582,3040396,0
AGRI.US,D,20240912,000000,0.057,0.0582,0.0561,0.0564,2836774,0
AGRI.US,D,20240913,000000,0.0583,0.0587,0.0553,0.0568,2900925,0
AGRI.US,D,20240916,000000,0.0577,0.058,0.055,0.0563,3034332,0
AGRI.US,D,20240917,000000,0.056,0.056,0.05,0.055,8850377,0
AGRI.US,D,20240918,000000,0.0552,0.0552,0.0518,0.052,3351412,0
AGRI.US,D,20240919,000000,0.053,0.053499,0.0501,0.0511,5891118,0
AGRI.US,D,20240920,000000,0.0521,0.068,0.0515,0.0547,55932055,0
AGRI.US,D,20240923,000000,0.0544,0.0557,0.052,0.0538,8252832,0
AGRI.US,D,20240924,000000,0.0521,0.0539,0.0511,0.0521,4510574,0
AGRI.US,D,20240925,000000,0.0523,0.0528,0.051398,0.052,2383009,0
AGRI.US,D,20240926,000000,0.0516,0.0527,0.0511,0.0519,3605330,0
AGRI.US,D,20240927,000000,0.0513,0.053,0.0513,0.0522,3767456,0
AGRI.US,D,20240930,000000,0.0511,0.052,0.0493,0.0506,5046272,0
AGRI.US,D,20241001,000000,0.0504,0.0504,0.0486,0.0498,3120441,0
AGRI.US,D,20241002,000000,0.048,0.0495,0.046,0.0479,3768096,0
AGRI.US,D,20241003,000000,0.0484,0.0508,0.0471,0.0493,5189413,0
AGRI.US,D,20241004,000000,0.0478,0.0502,0.0469,0.05,9569712,0
AGRI.US,D,20241007,000000,0.0493,0.0499,0.0475,0.048,2889026,0
AGRI.US,D,20241008,000000,0.0481,0.114,0.0481,0.06,343829373,0
AGRI.US,D,20241009,000000,0.0545,0.0725,0.0534,0.0684,120458942,0
AGRI.US,D,20241010,000000,0.07,0.0747,0.0608,0.0633,40410967,0
AGRI.US,D,20241011,000000,0.063,0.064,0.055,0.0582,41725986,0
AGRI.US,D,20241014,000000,0.06,0.0668,0.0575,0.0618,19579096,0
AGRI.US,D,20241015,000000,0.0624,0.0624,0.0535,0.054,35080922,0
AGRI.US,D,20241016,000000,0.055,0.055,0.0505,0.053,15084296,0
AGRI.US,D,20241017,000000,0.053,0.0561,0.0499,0.0529,18298789,0
AGRI.US,D,20241018,000000,0.054,0.058,0.052,0.0562,34455997,0
AGRI.US,D,20241021,000000,0.059,0.062,0.055,0.056,27277579,0
AGRI.US,D,20241022,000000,0.0535,0.0566,0.0522,0.0553,11939264,0
AGRI.US,D,20241023,000000,0.0557,0.0647,0.0557,0.0603,52939032,0
AGRI.US,D,20241024,000000,0.0599,0.0627,0.0565,0.0585,44951535,0
AGRI.US,D,20241025,000000,0.0551,0.0607,0.0551,0.0587,33715599,0
AGRI.US,D,20241028,000000,0.0551,0.0611,0.0551,0.0605,15394036,0
AGRI.US,D,20241029,000000,0.058,0.0624,0.0577,0.0583,19254169,0
