<TICKER>,<PER>,<DATE>,<TIME>,<OPEN>,<HIGH>,<LOW>,<CLOSE>,<VOL>,<OPENINT>
AKAN.US,D,20220315,000000,12000,12400,3272,4200,3390.8275,0
AKAN.US,D,20220316,000000,5193.6,7960,3920,4404,18489.4975,0
AKAN.US,D,20220317,000000,4168,4168,3216,3242,1550.1125,0
AKAN.US,D,20220318,000000,3348,3480,2920,2960,2665.49,0
AKAN.US,D,20220321,000000,2916,4592,2652,3364,5205.5075,0
AKAN.US,D,20220322,000000,3328,3640,3160,3216,779.0275,0
AKAN.US,D,20220323,000000,3240,3260,3152,3216,613.58,0
AKAN.US,D,20220324,000000,3160,3800,3160,3560,2995.3,0
AKAN.US,D,20220325,000000,3596,3768,3388,3588,1274.565,0
AKAN.US,D,20220328,000000,3136,3416,3088,3292,931.56,0
AKAN.US,D,20220329,000000,3252,3520,3252,3296,685.4925,0
AKAN.US,D,20220330,000000,3336,3760,3188,3312,1444.02,0
AKAN.US,D,20220331,000000,3288,3452,3100,3176,663.605,0
AKAN.US,D,20220401,000000,3208,3640,3096,3456,1445.6125,0
AKAN.US,D,20220404,000000,3404,3712,3372,3488,291.265,0
AKAN.US,D,20220405,000000,3436,3505.28,3344,3492,79.8625,0
AKAN.US,D,20220406,000000,3440,3496,3276,3388,147.0175,0
AKAN.US,D,20220407,000000,3420,4000,3328,3952,841.67,0
AKAN.US,D,20220408,000000,3752,4736,3320,3504,2193.5375,0
AKAN.US,D,20220411,000000,3612,3956,3612,3780,643.1175,0
AKAN.US,D,20220412,000000,3872,4100,3611.56,3676,374.02,0
AKAN.US,D,20220413,000000,3636,3704,3396,3648,1309.845,0
AKAN.US,D,20220414,000000,3600,4000,3600,3948,1277.12,0
AKAN.US,D,20220418,000000,3844,4368,3724,4300,781.69,0
AKAN.US,D,20220419,000000,4300,4396,4000,4120,422.415,0
AKAN.US,D,20220420,000000,4108,4596.56,4040,4572,948.925,0
AKAN.US,D,20220421,000000,4652,4920,4588,4724,238.6225,0
AKAN.US,D,20220422,000000,4792,4912,4400,4620,153.09,0
AKAN.US,D,20220425,000000,4640,4808,4256,4292,109.8225,0
AKAN.US,D,20220426,000000,4276,4276,3892,3904,292.9575,0
AKAN.US,D,20220427,000000,3848,3852,3360,3404,312.3325,0
AKAN.US,D,20220428,000000,3460,3560,3460,3504,23.3,0
AKAN.US,D,20220429,000000,3412,3452,3324,3396,49.315,0
AKAN.US,D,20220502,000000,3523.96,3660,3348,3436,106.87,0
AKAN.US,D,20220503,000000,3624,3624,3380,3600,19.76,0
AKAN.US,D,20220504,000000,3580,3608,3440,3440,60.4875,0
AKAN.US,D,20220505,000000,3560,3596,3440,3464,25.3025,0
AKAN.US,D,20220506,000000,3488,4328,3320,3600,3702.2325,0
AKAN.US,D,20220509,000000,3400,3412,880,916,19334.0275,0
AKAN.US,D,20220510,000000,788,808,472,556,11800.8925,0
AKAN.US,D,20220511,000000,516,547.44,436,492,4323.765,0
AKAN.US,D,20220512,000000,476,550.16,424,454,2614.47,0
AKAN.US,D,20220513,000000,464,504,452,504,2710.155,0
AKAN.US,D,20220516,000000,488,572,472,492,2395.74,0
AKAN.US,D,20220517,000000,500,500,420,428,1915.2975,0
AKAN.US,D,20220518,000000,416,448.04,412,424,1204.085,0
AKAN.US,D,20220519,000000,416,456,416,440,1581.6275,0
AKAN.US,D,20220520,000000,424,440,396.04,416,1080.3925,0
AKAN.US,D,20220523,000000,416,440,408,420,497.9425,0
AKAN.US,D,20220524,000000,412,420,364,367.48,1052.2925,0
AKAN.US,D,20220525,000000,368.88,379.16,352,364.88,580.4525,0
AKAN.US,D,20220526,000000,352,388,352,371.96,345.4575,0
AKAN.US,D,20220527,000000,368,396,364.44,372.04,465.53,0
AKAN.US,D,20220531,000000,392,400,372,390.2,616.5,0
AKAN.US,D,20220601,000000,396.4,415.96,356.04,380,463.215,0
AKAN.US,D,20220602,000000,396.44,396.44,368,370.4,170.035,0
AKAN.US,D,20220603,000000,372,376.04,336.56,337.2,643.18,0
AKAN.US,D,20220606,000000,339.6,347.96,306.76,331.92,718.775,0
AKAN.US,D,20220607,000000,328.4,336,320.4,328,178.545,0
AKAN.US,D,20220608,000000,320.04,340,320,332.6,271.375,0
AKAN.US,D,20220609,000000,335.2,339.96,320.04,333.16,187.785,0
AKAN.US,D,20220610,000000,320.102,343.92,318.04,328.16,192.1475,0
AKAN.US,D,20220613,000000,324,324,292.16,307.92,394.505,0
AKAN.US,D,20220614,000000,298.68,416,288,333.56,3169.4525,0
AKAN.US,D,20220615,000000,331.2,416,324.8,368.26,3075.8,0
AKAN.US,D,20220616,000000,362.4,556,362.4,492,19463.9775,0
AKAN.US,D,20220617,000000,512,612,420,436,12943.37,0
AKAN.US,D,20220621,000000,392.04,432,380,412,1729.37,0
AKAN.US,D,20220622,000000,384,400,348,368,1237.825,0
AKAN.US,D,20220623,000000,358.8,359.92,344.72,344.72,557.935,0
AKAN.US,D,20220624,000000,354.76,370,348.4,360,678.3825,0
AKAN.US,D,20220627,000000,360.04,380,356,360,439.7575,0
AKAN.US,D,20220628,000000,367.2,367.96,344,344.44,428.2875,0
AKAN.US,D,20220629,000000,346.32,354.8,312,330,286.1575,0
AKAN.US,D,20220630,000000,320,351.2,320,324,191.53,0
AKAN.US,D,20220701,000000,343.96,343.96,304,311.56,329.235,0
AKAN.US,D,20220705,000000,344.08,344.08,312,312.88,212.695,0
AKAN.US,D,20220706,000000,312,328,300,302.12,216.5425,0
AKAN.US,D,20220707,000000,308.96,308.96,300.12,301.72,166.945,0
AKAN.US,D,20220708,000000,301.76,316,301.76,306,88.115,0
AKAN.US,D,20220711,000000,308,315.96,289.2,313.8,210.47,0
AKAN.US,D,20220712,000000,412,468,334,360,94753.895,0
AKAN.US,D,20220713,000000,344.36,375.92,332,375.88,4748.8875,0
AKAN.US,D,20220714,000000,350.08,432,350.08,395.04,5932.8675,0
AKAN.US,D,20220715,000000,396,440,368.04,424,3135.855,0
AKAN.US,D,20220718,000000,398,456,388.12,440,2744.9375,0
AKAN.US,D,20220719,000000,412,448,400,404,1119.135,0
AKAN.US,D,20220720,000000,400,448,392.2,420,1686.3175,0
AKAN.US,D,20220721,000000,416,432,408,416,808.075,0
AKAN.US,D,20220722,000000,416,428,368,384.28,754.4225,0
AKAN.US,D,20220725,000000,384.28,408,366,388.4,288.88,0
AKAN.US,D,20220726,000000,392,408,376,395.96,318.9125,0
AKAN.US,D,20220727,000000,388.08,396,376,388.04,419.9925,0
AKAN.US,D,20220728,000000,393.12,412,389.8,404,497.05,0
AKAN.US,D,20220729,000000,399.72,412,382,388.04,284.4475,0
AKAN.US,D,20220801,000000,380,392,344.44,352,229.565,0
AKAN.US,D,20220802,000000,396,399.96,372.004,397.56,726.4625,0
AKAN.US,D,20220803,000000,396,400,362.96,380,497.735,0
AKAN.US,D,20220804,000000,388,396,366.88,378.727,480.7875,0
AKAN.US,D,20220805,000000,378.72,392,368.4,380.4,85.0525,0
AKAN.US,D,20220808,000000,386.44,411.84,372,400,433.02,0
AKAN.US,D,20220809,000000,384,620,384,500,48546.9375,0
AKAN.US,D,20220810,000000,408,496,408,472,3968.1475,0
AKAN.US,D,20220811,000000,448,495.6,412,412,2278.975,0
AKAN.US,D,20220812,000000,428,440,408,412,630.8425,0
AKAN.US,D,20220815,000000,392,460,380.2,408,1226.63,0
AKAN.US,D,20220816,000000,408,416,368,376.4,968.6525,0
AKAN.US,D,20220817,000000,374,400,341.48,355.2,1391.915,0
AKAN.US,D,20220818,000000,352,456,331.44,331.44,6354.28,0
AKAN.US,D,20220819,000000,340,343.96,296.12,300.28,2615.6525,0
AKAN.US,D,20220822,000000,296,327.32,290,292.6,1912.155,0
AKAN.US,D,20220823,000000,297.2,300,284,286.4,750.975,0
AKAN.US,D,20220824,000000,291.6,306.12,288,295.24,551.2325,0
AKAN.US,D,20220825,000000,298.04,307.6,288.08,304,1209.955,0
AKAN.US,D,20220826,000000,303.6,316,298,302.08,356.855,0
AKAN.US,D,20220829,000000,304.4,326.68,304,320.72,444.3975,0
AKAN.US,D,20220830,000000,332,348,292.8,301.4,1570.3725,0
AKAN.US,D,20220831,000000,304,323.56,304,304.84,995.8525,0
AKAN.US,D,20220901,000000,347.6,347.6,260.16,280.52,5694.9275,0
AKAN.US,D,20220902,000000,276,316,272,279,928.7625,0
AKAN.US,D,20220906,000000,281.52,289.6,276,283.92,578.225,0
AKAN.US,D,20220907,000000,285.6,287.96,277.04,278,239.7525,0
AKAN.US,D,20220908,000000,280,299.56,278.252,283.2,308.4075,0
AKAN.US,D,20220909,000000,295.96,308,288.88,308,405.7525,0
AKAN.US,D,20220912,000000,303.2,308,291.36,297.2,174.585,0
AKAN.US,D,20220913,000000,288,294,260,266,1250.8725,0
AKAN.US,D,20220914,000000,264,279.76,260.4,274.92,366.6825,0
AKAN.US,D,20220915,000000,275.32,275.32,260.4,268,335.46,0
AKAN.US,D,20220916,000000,268,273.84,240.88,246,502.4625,0
AKAN.US,D,20220919,000000,248,265.12,213.8,216.24,777.7475,0
AKAN.US,D,20220920,000000,214.8,240,212,236.12,706.175,0
AKAN.US,D,20220921,000000,240,248,224.8,242,317.65,0
AKAN.US,D,20220922,000000,235.9,237.8,200.2,224.04,610.03,0
AKAN.US,D,20220923,000000,224.2,224.2,208,208.4,433.0925,0
AKAN.US,D,20220926,000000,210.24,228,200.6,204.48,348.465,0
AKAN.US,D,20220927,000000,215.92,238.6,204.4,205.2,254.165,0
AKAN.US,D,20220928,000000,204,216,201.2,210,271.165,0
AKAN.US,D,20220929,000000,210.32,212,188.12,189.16,290.6225,0
AKAN.US,D,20220930,000000,188,194.8,184,184.12,190.9475,0
AKAN.US,D,20221003,000000,192,194.16,160.64,166.36,333.495,0
AKAN.US,D,20221004,000000,170,176.8,140.16,152,1378.37,0
AKAN.US,D,20221005,000000,152,168.04,148.2,162.08,1096.63,0
AKAN.US,D,20221006,000000,160,178.96,148,164,10131.4725,0
AKAN.US,D,20221007,000000,193.84,196,120,123.24,20811.1025,0
AKAN.US,D,20221010,000000,118.44,118.88,104,110.18,2959.365,0
AKAN.US,D,20221011,000000,102,113.28,96.44,108,2929.175,0
AKAN.US,D,20221012,000000,112,112,94,99.6,2690.875,0
AKAN.US,D,20221013,000000,89.16,111.6,84,104.4,3104.275,0
AKAN.US,D,20221014,000000,104,111.6,96.68,100,538.9325,0
AKAN.US,D,20221017,000000,96.36,116.4,96.36,105.48,4903.155,0
AKAN.US,D,20221018,000000,110.4,111.16,96.56,101,1200.2925,0
AKAN.US,D,20221019,000000,100,103.2,96,97.6,513.27,0
AKAN.US,D,20221020,000000,98.52,111.96,96,106,1645.7825,0
AKAN.US,D,20221021,000000,107.52,107.52,94.8,101.24,731.345,0
AKAN.US,D,20221024,000000,104,104,94,97.04,912.345,0
AKAN.US,D,20221025,000000,92.4,102.48,90,102.4,494.6075,0
AKAN.US,D,20221026,000000,99.32,107.2,93.68,96.04,896.36,0
AKAN.US,D,20221027,000000,102,102.8,94.04,97.6,314.9825,0
AKAN.US,D,20221028,000000,98.8,106,96.04,102.8,734.79,0
AKAN.US,D,20221031,000000,108,113.44,100.4,109.52,1867.9975,0
AKAN.US,D,20221101,000000,110,115.92,104,111.32,534.7375,0
AKAN.US,D,20221102,000000,108,111.36,95.9596,99.08,434.9625,0
AKAN.US,D,20221103,000000,100,103.96,92,100.04,281.125,0
AKAN.US,D,20221104,000000,104,108,100.08,103.6,479.0275,0
AKAN.US,D,20221107,000000,104,107.72,100.04,106.42,244.545,0
AKAN.US,D,20221108,000000,118.8,118.8,104,104.04,1586.4525,0
AKAN.US,D,20221109,000000,104,112,89.2,91.48,1182.8475,0
AKAN.US,D,20221110,000000,95.96,99.96,91.72,94,608.1025,0
AKAN.US,D,20221111,000000,96,104.2,94,96.04,724.35,0
AKAN.US,D,20221114,000000,100,112,98.88,100.88,315.065,0
AKAN.US,D,20221115,000000,103.96,112,100.8,105.6,1437.45,0
AKAN.US,D,20221116,000000,108.96,131.16,92.4,95.2,14139.425,0
AKAN.US,D,20221117,000000,94.8,95.4,84.4,89.32,1470.6975,0
AKAN.US,D,20221118,000000,92.4,97.12,89.0404,90.04,753.5475,0
AKAN.US,D,20221121,000000,92.72,93.48,88.04,92,527.59,0
AKAN.US,D,20221122,000000,90,99.88,88,91.36,1397.58,0
AKAN.US,D,20221123,000000,95.92,98.6,88.6,91.2,870.3325,0
AKAN.US,D,20221125,000000,96,97.88,91.2,92.0404,283.11,0
AKAN.US,D,20221128,000000,92,93.56,87.2,88.72,382.5875,0
AKAN.US,D,20221129,000000,89.2,92.8,80,85.12,5554,0
AKAN.US,D,20221130,000000,92,96,81.32,88.04,2945.94,0
AKAN.US,D,20221201,000000,91,91,80.92,87.4,1597.1775,0
AKAN.US,D,20221202,000000,88,92.2,76,92.2,2763.1625,0
AKAN.US,D,20221205,000000,91.36,96,82.2,84.08,453.6475,0
AKAN.US,D,20221206,000000,83.76,85.4832,75.12,76.12,699.7575,0
AKAN.US,D,20221207,000000,77.44,88,76.04,78,215.1275,0
AKAN.US,D,20221208,000000,76,80,73,74,504.8275,0
AKAN.US,D,20221209,000000,87.6,87.6,72,75.76,1034.04,0
AKAN.US,D,20221212,000000,75.72,83.96,71.6,79.6,1273.6325,0
AKAN.US,D,20221213,000000,86.8,86.8,76,76,357.1325,0
AKAN.US,D,20221214,000000,77.4,79.32,73.56,74.04,694.69,0
AKAN.US,D,20221215,000000,74.68,76.08,66,69.2,500.435,0
AKAN.US,D,20221216,000000,69.9196,69.92,62.76,68.9404,356.2225,0
AKAN.US,D,20221219,000000,62,67.4,58.4,59.36,572.71,0
AKAN.US,D,20221220,000000,58.92,61.68,54.36,56.08,371.765,0
AKAN.US,D,20221221,000000,57,60,54.24,57.6,264.93,0
AKAN.US,D,20221222,000000,59.64,67.76,49.64,63.2,1769.485,0
AKAN.US,D,20221223,000000,64,64,54.4,56.84,338.225,0
AKAN.US,D,20221227,000000,60,60,56.04,57.24,356.56,0
AKAN.US,D,20221228,000000,54.44,75.8,54.44,60.56,1572.2375,0
AKAN.US,D,20221229,000000,63.96,65.2,54.4,58.28,931.44,0
AKAN.US,D,20221230,000000,60,60.616,56,59.6,322.835,0
AKAN.US,D,20230103,000000,59.6,63.6,59.6,61.64,275.455,0
AKAN.US,D,20230104,000000,62.8,67.2,62,67.04,934.9575,0
AKAN.US,D,20230105,000000,65.04,68.32,64,64.4,384.26,0
AKAN.US,D,20230106,000000,61.84,79.9444,61.84,69,1350.7125,0
AKAN.US,D,20230109,000000,80,80,69,76,631.155,0
AKAN.US,D,20230110,000000,76,76,68.44,73.8,463.4875,0
AKAN.US,D,20230111,000000,74,76.36,68.4,75.96,685.715,0
AKAN.US,D,20230112,000000,75.96,83.96,72,83.88,1343.79,0
AKAN.US,D,20230113,000000,84,84,76.6,78.24,729.125,0
AKAN.US,D,20230117,000000,79.6,79.6,71.2,75.88,996.9375,0
AKAN.US,D,20230118,000000,78,78,68.4,68.44,756.0825,0
AKAN.US,D,20230119,000000,71.6,71.6,65.2,65.2,713.3375,0
AKAN.US,D,20230120,000000,82.44,116,81,85.52,60907.8375,0
AKAN.US,D,20230123,000000,80,81.96,68,73.44,6853.5775,0
AKAN.US,D,20230124,000000,76,76,72,73.68,1019.0475,0
AKAN.US,D,20230125,000000,76,78.44,72,76,2118.3925,0
AKAN.US,D,20230126,000000,74.64,254,74.64,112,325729.285,0
AKAN.US,D,20230127,000000,137.28,220,117.2,137.6,251840.7375,0
AKAN.US,D,20230130,000000,123.72,132,104.92,111.92,29873.3525,0
AKAN.US,D,20230131,000000,112.64,166.8,104.44,126,71317.9525,0
AKAN.US,D,20230201,000000,115.2,159.12,112.44,136,41171.205,0
AKAN.US,D,20230202,000000,142.64,144,121.2,123.76,13528.335,0
AKAN.US,D,20230203,000000,124.8,129.92,108.04,109,12676.905,0
AKAN.US,D,20230206,000000,112,112,96.04,96.64,9413.04,0
AKAN.US,D,20230207,000000,99.96,111.2,96.64,103.12,8406.14,0
AKAN.US,D,20230208,000000,104,104,78.4,85.76,12763.2375,0
AKAN.US,D,20230209,000000,84,88,69,72.96,10820.04,0
AKAN.US,D,20230210,000000,84.04,100,76.4308,82.92,33879.39,0
AKAN.US,D,20230213,000000,75.2,88,72.4,83.96,7021.5725,0
AKAN.US,D,20230214,000000,83.6,98.72,81.04,98,14084.7175,0
AKAN.US,D,20230215,000000,89.64,112.8,87.2,110.6,20356.6325,0
AKAN.US,D,20230216,000000,102.08,117.4,100.8,107.2,9507.4775,0
AKAN.US,D,20230217,000000,104.4,118.4,92.44,118.2,11006.5625,0
AKAN.US,D,20230221,000000,112.4,112.4,84.4,96.88,20444.865,0
AKAN.US,D,20230222,000000,92,97.76,87.2,89,5863.7675,0
AKAN.US,D,20230223,000000,90,91.76,76.92,84,8267.7175,0
AKAN.US,D,20230224,000000,78,86.68,76,80.1524,4634.1675,0
AKAN.US,D,20230227,000000,80.92,88,76.6,80,5300.19,0
AKAN.US,D,20230228,000000,82.2,83.88,76,76.4,3030.2475,0
AKAN.US,D,20230301,000000,79.48,80,68,72,4721.895,0
AKAN.US,D,20230302,000000,72,80.3996,71.7996,75.16,4109.2525,0
AKAN.US,D,20230303,000000,75,77.04,70.0404,72.76,3193.66,0
AKAN.US,D,20230306,000000,76,82,74.04,78.6196,3905.1275,0
AKAN.US,D,20230307,000000,78,79.08,74.84,77.2,2110.115,0
AKAN.US,D,20230308,000000,74.88,81.56,54,56.88,16648.395,0
AKAN.US,D,20230309,000000,57.2,58.688,50.8,53.2,6824.325,0
AKAN.US,D,20230310,000000,51.2,51.2,44,48.8,4741.625,0
AKAN.US,D,20230313,000000,45.6,49.196,43.2,47.2,2884.475,0
AKAN.US,D,20230314,000000,47.6,54.4,47.6,50.404,4796.675,0
AKAN.US,D,20230315,000000,48.4,49.6,40.8,46.8,4290.225,0
AKAN.US,D,20230316,000000,48,52.8,44.8,49.2,9012.5,0
AKAN.US,D,20230317,000000,50,55.6,48.4,52.8,22516.475,0
AKAN.US,D,20230320,000000,53.2,57.6,49,52.8,8903.475,0
AKAN.US,D,20230321,000000,51.2,53.2,44,44,7442.975,0
AKAN.US,D,20230322,000000,43.2,45.6,41.6,44.4,1932.6,0
AKAN.US,D,20230323,000000,44,44.8,41.6,42.324,1574.85,0
AKAN.US,D,20230324,000000,42.4,48.4,42,45.2,4978.325,0
AKAN.US,D,20230327,000000,46.4,46.4,43.208,45.2,1353.95,0
AKAN.US,D,20230328,000000,44,44,34.8,41.2,2944.725,0
AKAN.US,D,20230329,000000,41.2,42,38.8,40,1761.55,0
AKAN.US,D,20230330,000000,41.6,42,37.6,38.788,1991.025,0
AKAN.US,D,20230331,000000,39.604,40.8,38,38.812,1216.8,0
AKAN.US,D,20230403,000000,38.812,39.916,37.248,39.2,1161.9,0
AKAN.US,D,20230404,000000,37.8,39.6,37.8,39,1051.5,0
AKAN.US,D,20230405,000000,38.32,38.324,32.4,35.104,2059.05,0
AKAN.US,D,20230406,000000,34.452,36.796,33.288,34.4,1382.3,0
AKAN.US,D,20230410,000000,35.2,54,35.044,51.2,15656.55,0
AKAN.US,D,20230411,000000,43.2,49.2,32.8,36.004,11642.5,0
AKAN.US,D,20230412,000000,36,36.4,34.044,34.6,1711.75,0
AKAN.US,D,20230413,000000,35.2,44,34.424,38.9551,3239.75,0
AKAN.US,D,20230414,000000,40.4,60,37,43.6,34834.55,0
AKAN.US,D,20230417,000000,44,48,40.8,45.2,7179.8,0
AKAN.US,D,20230418,000000,44,52.8,42.8,48.4,11155.35,0
AKAN.US,D,20230419,000000,49.6,49.6,43.604,45.6,2855.5,0
AKAN.US,D,20230420,000000,46.8,48.8,44.4,45.2,2751.375,0
AKAN.US,D,20230421,000000,46,48,42,44.4,1445.85,0
AKAN.US,D,20230424,000000,46.052,46.052,42.8,44,1210.975,0
AKAN.US,D,20230425,000000,42.804,44,40.8,40.8,1862.9,0
AKAN.US,D,20230426,000000,39.6,42.2,38.312,41.2,1938.975,0
AKAN.US,D,20230427,000000,43.2,43.6,40.4,40.8,574,0
AKAN.US,D,20230428,000000,40.004,45.128,38,40.8,1337.025,0
AKAN.US,D,20230501,000000,41.6,42,36.928,39.608,840.525,0
AKAN.US,D,20230502,000000,39.64,48,38.4,44.4,36165.475,0
AKAN.US,D,20230503,000000,94.4,108,48.8,55.6,880778.05,0
AKAN.US,D,20230504,000000,50,53.6,43.6,45.6,40487.75,0
AKAN.US,D,20230505,000000,44.4,45.6,39.2,41.2,25728.625,0
AKAN.US,D,20230508,000000,40.8,45.996,39.204,42,15586.425,0
AKAN.US,D,20230509,000000,42.4,42.796,38.8,40.4,8653.9,0
AKAN.US,D,20230510,000000,38.836,40,34.8,35.996,11285.125,0
AKAN.US,D,20230511,000000,36.08,41.6,31.208,36.4,18850.275,0
AKAN.US,D,20230512,000000,35.14,37.368,34.4,36.4,5215.55,0
AKAN.US,D,20230515,000000,36,48.8,34,44.4,52940.65,0
AKAN.US,D,20230516,000000,44,47.6,38.02,40.8,17705.025,0
AKAN.US,D,20230517,000000,40,44.8,37.6,42.8,10757.325,0
AKAN.US,D,20230518,000000,41.6,41.6,38.716,39.4,7054,0
AKAN.US,D,20230519,000000,39.988,40.8,38.8,39.432,4482.925,0
AKAN.US,D,20230522,000000,39.148,39.904,37.004,38.4,3397.3,0
AKAN.US,D,20230523,000000,38.356,38.76,36.22,36.504,2123.4,0
AKAN.US,D,20230524,000000,35.68,36,33.8,34.912,6766.675,0
AKAN.US,D,20230525,000000,34.8,34.8,31.64,32.818,7256.475,0
AKAN.US,D,20230526,000000,32,32,28.048,28.536,11441.4,0
AKAN.US,D,20230530,000000,29.92,30,28.052,28.27,2911.1,0
AKAN.US,D,20230531,000000,29.2,29.44,28.2,29.2,3553.825,0
AKAN.US,D,20230601,000000,29.6,30.4,29.6,29.6,2433.725,0
AKAN.US,D,20230602,000000,28.8,30.316,28.408,28.8,1371.575,0
AKAN.US,D,20230605,000000,28.888,30.8,28.888,29.196,1655.125,0
AKAN.US,D,20230606,000000,28.8,30.2,28.404,29.44,2372.675,0
AKAN.US,D,20230607,000000,29.702,30.4,28.4,29.02,2547.6,0
AKAN.US,D,20230608,000000,27.836,29.192,27.6,28.8,3369.425,0
AKAN.US,D,20230609,000000,29.204,29.204,28,28,1615.65,0
AKAN.US,D,20230612,000000,28.22,28.8,27.204,27.956,6867.1,0
AKAN.US,D,20230613,000000,28.528,30.4,27.604,30,5309.6,0
AKAN.US,D,20230614,000000,30.0036,34.4,29.6,32.4,4400.25,0
AKAN.US,D,20230615,000000,32,35.2,32,34.004,4261,0
AKAN.US,D,20230616,000000,33.604,34.8,32.4,32.8,1259.8,0
AKAN.US,D,20230620,000000,33,37.636,31.212,32.8,5850.15,0
AKAN.US,D,20230621,000000,32.8,33.6,30.796,30.828,1650.025,0
AKAN.US,D,20230622,000000,31.94,31.94,30.408,31.28,602.475,0
AKAN.US,D,20230623,000000,30.08,30.8,28.008,30.176,1971.825,0
AKAN.US,D,20230626,000000,30.452,30.8,30.2,30.2,344.45,0
AKAN.US,D,20230627,000000,30.5,30.768,29.2,29.2,692.7,0
AKAN.US,D,20230628,000000,28.8,29.792,28.404,29.22,961.55,0
AKAN.US,D,20230629,000000,29.996,29.996,29.164,29.6,802.025,0
AKAN.US,D,20230630,000000,29.36,32.332,28.8,29.6,2603.9,0
AKAN.US,D,20230703,000000,29.8815,30.396,29.2,29.244,575.125,0
AKAN.US,D,20230705,000000,28.656,30.468,28.4,29.2,2954.55,0
AKAN.US,D,20230706,000000,28.324,29.52,27.6,28.4,2410.125,0
AKAN.US,D,20230707,000000,28,28.8,27.6,27.64,2311.375,0
AKAN.US,D,20230710,000000,28,28.22,23.692,24,4467.25,0
AKAN.US,D,20230711,000000,24.8,26.116,24.72,25.196,1528.675,0
AKAN.US,D,20230712,000000,25.92,25.92,25.204,25.324,1979.2,0
AKAN.US,D,20230713,000000,25.36,27.9,24.4,26.984,3170.275,0
AKAN.US,D,20230714,000000,26.156,27.6,25.204,26.04,1063.55,0
AKAN.US,D,20230717,000000,27.16,27.2,25.6,27.2,642.975,0
AKAN.US,D,20230718,000000,27.2,29.8,26.012,27.6,2464.975,0
AKAN.US,D,20230719,000000,28.228,28.4,26.892,27.6,463.25,0
AKAN.US,D,20230720,000000,28,28,26.808,27.388,442.85,0
AKAN.US,D,20230721,000000,27.96,27.96,26.004,26.824,2159.1,0
AKAN.US,D,20230724,000000,26.02,27.596,25,26.04,2030.125,0
AKAN.US,D,20230725,000000,26.272,26.3,24.4,24.716,1420.625,0
AKAN.US,D,20230726,000000,24.04,25.84,23.64,24.48,1809.25,0
AKAN.US,D,20230727,000000,23.684,25.4,23.684,25.196,1151.875,0
AKAN.US,D,20230728,000000,24.948,25.596,23.804,24.4,1074.025,0
AKAN.US,D,20230731,000000,24.76,25.2,24,24.8,1018.625,0
AKAN.US,D,20230801,000000,24.4,24.756,24.08,24.36,958.65,0
AKAN.US,D,20230802,000000,24.08,24.1,21.708,22.472,5804.575,0
AKAN.US,D,20230803,000000,22.4,23.992,22.4,23.04,868.475,0
AKAN.US,D,20230804,000000,23.2,24.64,22.888,22.888,347.575,0
AKAN.US,D,20230807,000000,22.4,24.4,21.6,24.4,835.7,0
AKAN.US,D,20230808,000000,24.8,26.4,22.84,24.216,9216.275,0
AKAN.US,D,20230809,000000,28.596,28.596,21.804,22.4,152228.075,0
AKAN.US,D,20230810,000000,21.52,23,20.804,22.8,10259.475,0
AKAN.US,D,20230811,000000,22,22.912,20.8,22.912,4246.05,0
AKAN.US,D,20230814,000000,22.112,22.4,21.24,21.6,1063.425,0
AKAN.US,D,20230815,000000,21.6,22,20.8,21.776,2332.025,0
AKAN.US,D,20230816,000000,21.2,21.204,20.4,20.4,2873.675,0
AKAN.US,D,20230817,000000,20.8,21.284,20.02,21.08,1975.55,0
AKAN.US,D,20230818,000000,20.8,20.8,18.884,19.24,1821.875,0
AKAN.US,D,20230821,000000,19.16,20.796,18.4,18.428,969.8,0
AKAN.US,D,20230822,000000,18.4,19.56,18,19.52,610.15,0
AKAN.US,D,20230823,000000,19.16,19.8672,19.16,19.2,688.8,0
AKAN.US,D,20230824,000000,18.008,18.792,17.6,18.2,1350.875,0
AKAN.US,D,20230825,000000,17.82,19.8,17.82,18.04,786,0
AKAN.US,D,20230828,000000,17.84,19.372,17.84,17.856,462.425,0
AKAN.US,D,20230829,000000,18.76,19,17.74,18.74,1082.675,0
AKAN.US,D,20230830,000000,18.04,28.38,18.04,22.192,77384.525,0
AKAN.US,D,20230831,000000,20.76,25.2,19.872,22.812,21786.625,0
AKAN.US,D,20230901,000000,23.4,23.92,20.868,20.94,4135.25,0
AKAN.US,D,20230905,000000,20.52,25.16,20.52,22.224,31867.4,0
AKAN.US,D,20230906,000000,24.5,28.4,23,26,46505.05,0
AKAN.US,D,20230907,000000,24,25.448,23.28,24.58,5281.15,0
AKAN.US,D,20230908,000000,23.868,27.836,22.7216,26.4,13948.3,0
AKAN.US,D,20230911,000000,25.608,42,25.604,36.648,135060.125,0
AKAN.US,D,20230912,000000,32.9,38.756,31.2,34.196,24728.075,0
AKAN.US,D,20230913,000000,32.4,33.596,29.224,30.512,7731.225,0
AKAN.US,D,20230914,000000,31.956,37.2,31.196,32.816,14562.6,0
AKAN.US,D,20230915,000000,34.428,37.844,32.864,35.124,26903.675,0
AKAN.US,D,20230918,000000,31.536,32.596,28.9,29.96,7593.175,0
AKAN.US,D,20230919,000000,29.16,32,24,24.54,6850.95,0
AKAN.US,D,20230920,000000,27.228,27.6,23.224,24.04,4628.275,0
AKAN.US,D,20230921,000000,24.04,25.2,22.4,23.16,4421.9,0
AKAN.US,D,20230922,000000,22.004,24,22.004,23.72,2396.625,0
AKAN.US,D,20230925,000000,23.524,26.34,23.2,25.72,7007.7,0
AKAN.US,D,20230926,000000,24.304,26.8,23.2,23.64,4283.3,0
AKAN.US,D,20230927,000000,24.4,27.2,22.6,23.08,18368.3,0
AKAN.US,D,20230928,000000,22.524,24,22.52,22.84,2755.475,0
AKAN.US,D,20230929,000000,22.6,23.2,20.44,21.204,4208.975,0
AKAN.US,D,20231002,000000,20.568,21.852,20,20.552,2649.55,0
AKAN.US,D,20231003,000000,22.156,23.796,20.84,21.48,3080,0
AKAN.US,D,20231004,000000,21.48,22.048,20.04,20.8,926.075,0
AKAN.US,D,20231005,000000,21.84,21.84,18.024,19.992,4382.225,0
AKAN.US,D,20231006,000000,20,21.2,18.4,20,2406.9,0
AKAN.US,D,20231009,000000,20,20.8247,19.2,20,1500.25,0
AKAN.US,D,20231010,000000,20.4878,20.8,19.4,19.4,2457.3,0
AKAN.US,D,20231011,000000,20.368,20.48,18.84,19.588,1674.95,0
AKAN.US,D,20231012,000000,20,27.6,19.324,20.204,34644.2,0
AKAN.US,D,20231013,000000,21,23.2,19.28,22.384,6589,0
AKAN.US,D,20231016,000000,21.712,22,20,21.072,1249.25,0
AKAN.US,D,20231017,000000,21.6,21.988,20.4,20.84,2226.8,0
AKAN.US,D,20231018,000000,21.016,22.348,20.088,20.528,1630.525,0
AKAN.US,D,20231019,000000,20.64,20.8,19,19.1,3388.975,0
AKAN.US,D,20231020,000000,18.62,20.472,18.408,20.392,1605.575,0
AKAN.US,D,20231023,000000,20,20.776,18.408,18.936,1965.775,0
AKAN.US,D,20231024,000000,18.52,20.392,18.52,18.528,2338.3,0
AKAN.US,D,20231025,000000,18.92,19.8784,17.8,18.14,2411.375,0
AKAN.US,D,20231026,000000,18.14,18.888,17.736,18.888,489.825,0
AKAN.US,D,20231027,000000,19.0254,19.0254,17.3,18.684,1297.1,0
AKAN.US,D,20231030,000000,18.796,18.796,17.628,18.56,273.125,0
AKAN.US,D,20231031,000000,18,19.56,16.04,16.984,3966,0
AKAN.US,D,20231101,000000,16.952,18,16.4,17.08,355.5,0
AKAN.US,D,20231102,000000,17.356,17.996,16.772,17.6,2889.95,0
AKAN.US,D,20231103,000000,17.2,18.688,16.712,18,1612.025,0
AKAN.US,D,20231106,000000,18.14,19.044,17.2,17.6,674.125,0
AKAN.US,D,20231107,000000,18,18.22,17.176,17.176,587.2,0
AKAN.US,D,20231108,000000,17,17.204,16.672,16.804,487.275,0
AKAN.US,D,20231109,000000,16.4,17.8,16.108,16.8,1556.15,0
AKAN.US,D,20231110,000000,17.16,17.972,16.048,16.724,1290.725,0
AKAN.US,D,20231113,000000,16.872,17.68,16.8,17.68,2069.95,0
AKAN.US,D,20231114,000000,16.776,18.8,16.4,17.604,1376.525,0
AKAN.US,D,20231115,000000,17.2,18.4,16.44,17.944,2899.15,0
AKAN.US,D,20231116,000000,17.996,17.996,16.84,17.012,777.9,0
AKAN.US,D,20231117,000000,17.82,17.852,16.9,17.044,1373.35,0
AKAN.US,D,20231120,000000,17.248,17.68,17.2,17.248,1416.8,0
AKAN.US,D,20231121,000000,17.2,17.248,16,17.196,1199.425,0
AKAN.US,D,20231122,000000,16.808,17.812,16.8,17.812,482.425,0
AKAN.US,D,20231124,000000,18.344,18.344,16.8,18,97.6,0
AKAN.US,D,20231127,000000,19,19,16.8,17.7754,209.025,0
AKAN.US,D,20231128,000000,17.2,17.52,16.8,17.148,427.525,0
AKAN.US,D,20231129,000000,17.76,18.396,17.12,17.604,406.175,0
AKAN.US,D,20231130,000000,18.356,19.996,17.6,19.6,6208.75,0
AKAN.US,D,20231201,000000,20.4,20.6,17.2,18.78,4406.7,0
AKAN.US,D,20231204,000000,18.8,21.6,18.6,20.044,7914.375,0
AKAN.US,D,20231205,000000,19.536,21.536,19.536,20.396,667.9,0
AKAN.US,D,20231206,000000,19.476,20.8,19.4,19.484,1100.9,0
AKAN.US,D,20231207,000000,19.564,20,19.4,19.4,642.85,0
AKAN.US,D,20231208,000000,19.4,19.6,18.8,18.8,562.55,0
AKAN.US,D,20231211,000000,20.216,20.216,18.8,18.804,585.85,0
AKAN.US,D,20231212,000000,18.892,19.704,17.316,18,1325.625,0
AKAN.US,D,20231213,000000,18.756,18.756,17.64,18.4,461.3,0
AKAN.US,D,20231214,000000,18.404,19.18,18.2,18.4,1020.675,0
AKAN.US,D,20231215,000000,18.4,19.2,17.252,18.968,1032.2,0
AKAN.US,D,20231218,000000,18,18.896,16.044,18.004,3253.55,0
AKAN.US,D,20231219,000000,18.004,18.008,17.6,17.64,820.75,0
AKAN.US,D,20231220,000000,17.64,17.68,16,16,2180.25,0
AKAN.US,D,20231221,000000,16.4,18,16.4,16.64,767.9,0
AKAN.US,D,20231222,000000,17.196,17.196,15.92,17.188,4346.925,0
AKAN.US,D,20231226,000000,16.792,17.2,16.368,16.8,658.375,0
AKAN.US,D,20231227,000000,16.2183,17.3996,16.08,17.3996,1759.15,0
AKAN.US,D,20231228,000000,16.8,18.4,16.8,18.3,3911.75,0
AKAN.US,D,20231229,000000,19.2,19.2,17.196,17.618,1486.85,0
AKAN.US,D,20240102,000000,17.244,18.2,17.2,17.2,711.025,0
AKAN.US,D,20240103,000000,17.2,19.9,17,19.6,6293.55,0
AKAN.US,D,20240104,000000,19.6,19.6,18.8,19.596,1239.9,0
AKAN.US,D,20240105,000000,19.396,19.396,18.4,18.404,1677.575,0
AKAN.US,D,20240108,000000,18.8,19.2,14.02,17.136,2723.75,0
AKAN.US,D,20240109,000000,17.2,20,16.672,16.932,1051.5,0
AKAN.US,D,20240110,000000,17.792,19.596,16.932,17.6,159.625,0
AKAN.US,D,20240111,000000,17.6,18.4,17,18,1302.35,0
AKAN.US,D,20240112,000000,17.72,19.084,17.72,18.8,681.1,0
AKAN.US,D,20240116,000000,18.4,19.8,18.4,19,4389.9,0
AKAN.US,D,20240117,000000,19.2,19.6,18,19.6,1075.65,0
AKAN.US,D,20240118,000000,19.292,19.6,16,16.04,2388.65,0
AKAN.US,D,20240119,000000,16.4,17.376,16.08,16.52,1607,0
AKAN.US,D,20240122,000000,16.34,16.38,14.636,15.4,1862.825,0
AKAN.US,D,20240123,000000,16.168,16.168,14.8,15,164.725,0
AKAN.US,D,20240124,000000,16,16.4,15.376,16.396,2817.725,0
AKAN.US,D,20240125,000000,16.36,16.36,15.348,15.596,558.65,0
AKAN.US,D,20240126,000000,16.4,16.4,15.48,16.396,411.75,0
AKAN.US,D,20240129,000000,16.4,16.4,14.652,15.88,661.925,0
AKAN.US,D,20240130,000000,15.4,15.6,15.2,15.6,522.475,0
AKAN.US,D,20240131,000000,15.8,15.992,14.6,15.6,776.05,0
AKAN.US,D,20240201,000000,15.16,17.4,14.796,15.76,16046.425,0
AKAN.US,D,20240202,000000,14.792,28.4,14.16,15.74,320060.175,0
AKAN.US,D,20240205,000000,14.528,14.8,11.208,12.888,23533.825,0
AKAN.US,D,20240206,000000,13.28,14.672,12.608,13.96,17545.35,0
AKAN.US,D,20240207,000000,13.5,13.6,12.4,12.4,3376.275,0
AKAN.US,D,20240208,000000,15.6,16.8,14.204,14.4,26852.425,0
AKAN.US,D,20240209,000000,14.4,14.6,12.404,12.856,8443.4,0
AKAN.US,D,20240212,000000,13.2,15.2,12.52,15.2,12400.675,0
AKAN.US,D,20240213,000000,16.8,19.376,10.404,11.36,70634.525,0
AKAN.US,D,20240214,000000,11.12,12.22,11.12,11.2,5845,0
AKAN.US,D,20240215,000000,11.68,12.08,11.2,11.644,6938.875,0
AKAN.US,D,20240216,000000,11.604,12.298,11.372,12.136,7015.325,0
AKAN.US,D,20240220,000000,11.972,12.348,11.6,11.736,5165.275,0
AKAN.US,D,20240221,000000,11.688,12.4,11.608,12.088,3448.75,0
AKAN.US,D,20240222,000000,11.84,12.72,11.84,11.94,3022.625,0
AKAN.US,D,20240223,000000,11.804,12.6,11.7,11.704,1792.8,0
AKAN.US,D,20240226,000000,11.724,12.4,11.2,11.612,4458.125,0
AKAN.US,D,20240227,000000,11.8,12,11.088,11.22,1793.125,0
AKAN.US,D,20240228,000000,10.8,11.996,10.42,10.66,4097.125,0
AKAN.US,D,20240229,000000,11.192,11.552,10.04,10.272,53125.25,0
AKAN.US,D,20240301,000000,12,12.2,8.224,8.8,208703.825,0
AKAN.US,D,20240304,000000,8.788,8.788,8.224,8.43796,15254.225,0
AKAN.US,D,20240305,000000,8.464,10,7.764,7.8,29912.9,0
AKAN.US,D,20240306,000000,8.08,8.08,7,7.24,24927.125,0
AKAN.US,D,20240307,000000,7.12,7.352,6.868,7.076,4619.3,0
AKAN.US,D,20240308,000000,7.16,7.452,6.8,7.18,9223.975,0
AKAN.US,D,20240311,000000,6.8,7.6,6.8,7.348,5090.575,0
AKAN.US,D,20240312,000000,7.08,7.27292,6.404,6.488,8203.4,0
AKAN.US,D,20240313,000000,6.4,6.6,6.04,6.564,6444,0
AKAN.US,D,20240314,000000,6.612,6.66,6,6.276,5844.05,0
AKAN.US,D,20240315,000000,6.212,7.2,6.044,6.8,18923.125,0
AKAN.US,D,20240318,000000,6.4,7.916,6.12404,6.948,41401.25,0
AKAN.US,D,20240319,000000,6.8,7.4,6.6,7.138,14230.1,0
AKAN.US,D,20240320,000000,7.4,9.2,7.04,8.156,55834.225,0
AKAN.US,D,20240321,000000,8.36,8.684,7.8,8.36,12792.125,0
AKAN.US,D,20240322,000000,9,10,8.2,9.74,67961.325,0
AKAN.US,D,20240325,000000,6.6,6.648,5.68,6.6,72411.375,0
AKAN.US,D,20240326,000000,6,7.936,6,6.584,51252.55,0
AKAN.US,D,20240327,000000,6,6.8,6,6.596,31365.075,0
AKAN.US,D,20240328,000000,10,10.8,4.16,4.664,2008394.35,0
AKAN.US,D,20240401,000000,5.2,6,4.48,5.904,260066.225,0
AKAN.US,D,20240402,000000,5.576,5.576,4.604,5.104,121268.075,0
AKAN.US,D,20240403,000000,5.128,5.4,4.464,5.06,123805.725,0
AKAN.US,D,20240404,000000,4.488,5.2,4.488,4.812,85268.825,0
AKAN.US,D,20240405,000000,4.92,5,4.6,4.9,48302,0
AKAN.US,D,20240408,000000,4.892,5.2,4.78,4.804,47521.825,0
AKAN.US,D,20240409,000000,4.64,5.164,4.56,4.828,74235.925,0
AKAN.US,D,20240410,000000,4.828,5.096,4.62,4.784,52651.25,0
AKAN.US,D,20240411,000000,4.792,7.2,4.792,6.04,1231806.25,0
AKAN.US,D,20240412,000000,7.1,7.52,6,6.176,457643.875,0
AKAN.US,D,20240415,000000,6.36,6.8,4.44,4.52,376663.15,0
AKAN.US,D,20240416,000000,4.4,4.51596,3.844,4.08,177402.5,0
AKAN.US,D,20240417,000000,4,4.36,3.924,4.18,109561.475,0
AKAN.US,D,20240418,000000,3.92,4.08,3.644,3.764,94055.9,0
AKAN.US,D,20240419,000000,3.72,4.4,3.718,3.72,111791.45,0
AKAN.US,D,20240422,000000,4.18,4.364,3.612,3.652,182718.975,0
AKAN.US,D,20240423,000000,3.68,3.86,3.552,3.676,71240.4,0
AKAN.US,D,20240424,000000,3.616,3.672,3.528,3.588,45204.175,0
AKAN.US,D,20240425,000000,3.6,3.676,3.42,3.66,40033.575,0
AKAN.US,D,20240426,000000,3.6,4.2,3.56,4.12,93232.225,0
AKAN.US,D,20240429,000000,4.884,4.92,3.576,3.6,1132820.2,0
AKAN.US,D,20240430,000000,3.528,4.52,3.412,3.72,764201.85,0
AKAN.US,D,20240501,000000,5.588,5.9,4.308,4.664,4535212.1,0
AKAN.US,D,20240502,000000,4.176,4.6,3.76,3.876,486405.525,0
AKAN.US,D,20240503,000000,3.732,3.88,3.58,3.62,314241.35,0
AKAN.US,D,20240506,000000,3.756,3.756,3.52,3.64,216604,0
AKAN.US,D,20240507,000000,3.44,3.76,3.44,3.62,147657.55,0
AKAN.US,D,20240508,000000,3.6,3.68,3.56,3.564,97366.325,0
AKAN.US,D,20240509,000000,3.636,3.948,3.56,3.66,121460.7,0
AKAN.US,D,20240510,000000,3.6,4.08004,3.44,3.928,343583.4,0
AKAN.US,D,20240513,000000,3.748,3.908,3.624,3.704,175798.05,0
AKAN.US,D,20240514,000000,3.64,3.88,3.4,3.52,220245.875,0
AKAN.US,D,20240515,000000,3.528,4.228,3.528,4.16,397466.7,0
AKAN.US,D,20240516,000000,4.068,6.88,3.884,5.3,2307956.65,0
AKAN.US,D,20240517,000000,12.672,23.76,6.24,6.904,14168563.45,0
AKAN.US,D,20240520,000000,5.92,5.92,4.404,5.348,1945836.525,0
AKAN.US,D,20240521,000000,4.248,4.356,3.616,3.72,1115612.075,0
AKAN.US,D,20240522,000000,3.72,3.984,3.404,3.664,1110452.95,0
AKAN.US,D,20240523,000000,2.9,3.0963,2.33,2.39,1131805,0
AKAN.US,D,20240524,000000,5.17,5.66,3.03,4.11,39116103,0
AKAN.US,D,20240528,000000,3.55,3.67,3.21,3.52,1118472,0
AKAN.US,D,20240529,000000,3.39,3.39,2.93,2.99,559858,0
AKAN.US,D,20240530,000000,2.86,3.09,2.79,2.87,366716,0
AKAN.US,D,20240531,000000,2.84,2.955,2.53,2.6,256945,0
AKAN.US,D,20240603,000000,2.65,2.74,2.5,2.65,230939,0
AKAN.US,D,20240604,000000,2.6,2.73,2.51,2.51,216937,0
AKAN.US,D,20240605,000000,2.53,2.555,2.2398,2.44,245526,0
AKAN.US,D,20240606,000000,2.41,2.52,2.4,2.46,95664,0
AKAN.US,D,20240607,000000,2.43,2.47,2.2,2.22,186583,0
AKAN.US,D,20240610,000000,2.25,2.85,2.12,2.71,1807509,0
AKAN.US,D,20240611,000000,2.95,3.08,2.3101,2.62,2784098,0
AKAN.US,D,20240612,000000,2.48,2.8,2.3705,2.45,451776,0
AKAN.US,D,20240613,000000,2.41,2.5894,2.3405,2.52,176941,0
AKAN.US,D,20240614,000000,2.44,2.7,2.37,2.4,248821,0
AKAN.US,D,20240617,000000,2.38,2.4499,2.17,2.27,92514,0
AKAN.US,D,20240618,000000,2.34,2.34,2.16,2.23,151206,0
AKAN.US,D,20240620,000000,2.21,2.63,2.21,2.28,925852,0
AKAN.US,D,20240621,000000,2.5,2.88,2.2817,2.34,1400014,0
AKAN.US,D,20240624,000000,2.36,2.4,2.3,2.35,137296,0
AKAN.US,D,20240625,000000,2.32,2.45,2.32,2.39,167510,0
AKAN.US,D,20240626,000000,2.35,2.48,2.33,2.35,304827,0
AKAN.US,D,20240627,000000,2.4,2.4,2.35,2.4,51824,0
AKAN.US,D,20240628,000000,2.36,2.3974,2.26,2.31,108167,0
AKAN.US,D,20240701,000000,2.31,2.31,2.21,2.26,66296,0
AKAN.US,D,20240702,000000,2.24,2.29,2.23,2.23,32597,0
AKAN.US,D,20240703,000000,2.21,2.3,2.2,2.23,110592,0
AKAN.US,D,20240705,000000,2.19,2.26,2.17,2.19,52841,0
AKAN.US,D,20240708,000000,2.19,2.29,2.18,2.27,60439,0
AKAN.US,D,20240709,000000,2.2,2.35,2.2,2.25,80665,0
AKAN.US,D,20240710,000000,2.24,2.3,2.2,2.22,39701,0
AKAN.US,D,20240711,000000,2.27,2.28,2.16,2.18,88348,0
AKAN.US,D,20240712,000000,2.16,2.54,2.16,2.25,1896975,0
AKAN.US,D,20240715,000000,2.23,2.35,2.17,2.27,358656,0
AKAN.US,D,20240716,000000,2.28,2.29,2.2,2.24,123888,0
AKAN.US,D,20240717,000000,2.21,2.4099,2.21,2.31,229591,0
AKAN.US,D,20240718,000000,2.25,2.32,2.13,2.14,202811,0
AKAN.US,D,20240719,000000,2.13,2.17,1.955,2,146953,0
AKAN.US,D,20240722,000000,2.04,2.08,1.97,2.02,162879,0
AKAN.US,D,20240723,000000,2.05,2.0561,1.94,2.03,105756,0
AKAN.US,D,20240724,000000,1.99,2,1.55,1.61,320154,0
AKAN.US,D,20240725,000000,1.6,1.74,1.5,1.64,179234,0
AKAN.US,D,20240726,000000,1.64,1.71,1.62,1.63,60485,0
AKAN.US,D,20240729,000000,1.6,1.68,1.54,1.57,97998,0
AKAN.US,D,20240730,000000,1.55,1.58,1.37,1.46,148923,0
AKAN.US,D,20240731,000000,1.46,1.5499,1.4275,1.5,48034,0
AKAN.US,D,20240801,000000,1.48,1.53,1.42,1.45,56209,0
AKAN.US,D,20240802,000000,1.77,2.05,1.51,1.6,25259083,0
AKAN.US,D,20240805,000000,1.46,1.48,1.28,1.44,670633,0
AKAN.US,D,20240806,000000,1.43,1.4801,1.33,1.37,272392,0
AKAN.US,D,20240807,000000,1.33,1.42,1.25,1.32,182733,0
AKAN.US,D,20240808,000000,1.32,1.41,1.2,1.24,357895,0
AKAN.US,D,20240809,000000,1.24,1.388,1.21,1.31,159435,0
AKAN.US,D,20240812,000000,1.3,1.4226,1.27,1.36,84106,0
AKAN.US,D,20240813,000000,1.39,1.5981,1.2515,1.46,214332,0
AKAN.US,D,20240814,000000,1.41,1.54,1.41,1.49,66151,0
AKAN.US,D,20240815,000000,1.41,1.51,1.41,1.45,76996,0
AKAN.US,D,20240816,000000,1.4,1.4569,1.35,1.37,73491,0
AKAN.US,D,20240819,000000,1.36,1.45,1.36,1.43,85981,0
AKAN.US,D,20240820,000000,1.45,1.45,1.39,1.4,36530,0
AKAN.US,D,20240821,000000,1.4038,1.44,1.37,1.43,55252,0
AKAN.US,D,20240822,000000,1.38,1.41,1.31,1.31,59395,0
AKAN.US,D,20240823,000000,1.34,1.4099,1.34,1.35,53110,0
AKAN.US,D,20240826,000000,1.34,1.385,1.28,1.3,42727,0
AKAN.US,D,20240827,000000,1.33,1.33,1.26,1.29,27706,0
AKAN.US,D,20240828,000000,1.27,1.29,1.15,1.16,106465,0
AKAN.US,D,20240829,000000,1.18,1.19,1.15,1.17,20845,0
AKAN.US,D,20240830,000000,1.17,1.2477,1.17,1.22,43521,0
AKAN.US,D,20240903,000000,1.23,1.25,1.15,1.16,53498,0
AKAN.US,D,20240904,000000,1.17,1.17,1.13,1.17,27683,0
AKAN.US,D,20240905,000000,1.15,1.2,1.15,1.1599,23199,0
AKAN.US,D,20240906,000000,1.13,1.15,1.035,1.1006,44946,0
AKAN.US,D,20240909,000000,1.09,1.19,1.08,1.1,85360,0
AKAN.US,D,20240910,000000,1.11,1.1399,1.08,1.13,18761,0
AKAN.US,D,20240911,000000,1.12,1.15,1.09,1.1452,18020,0
AKAN.US,D,20240912,000000,1.13,1.18,1.13,1.16,41214,0
AKAN.US,D,20240913,000000,1.14,1.22,1.13,1.19,93760,0
AKAN.US,D,20240916,000000,1.21,1.4,1.16,1.24,479979,0
AKAN.US,D,20240917,000000,1.27,1.27,1.16,1.16,35871,0
AKAN.US,D,20240918,000000,1.17,1.22,1.14,1.18,53080,0
AKAN.US,D,20240919,000000,1.17,1.21,1.15,1.151,59385,0
AKAN.US,D,20240920,000000,1.14,1.2,1.11,1.17,38034,0
AKAN.US,D,20240923,000000,1.17,1.17,1.0908,1.12,41901,0
AKAN.US,D,20240924,000000,1.1,1.14,1.05,1.11,37445,0
AKAN.US,D,20240925,000000,1.11,1.17,1.0801,1.14,21643,0
AKAN.US,D,20240926,000000,1.16,1.16,1.1,1.11,23823,0
AKAN.US,D,20240927,000000,1.12,1.19,1.12,1.17,19446,0
AKAN.US,D,20240930,000000,1.18,1.18,1.1,1.15,34803,0
AKAN.US,D,20241001,000000,1.1564,1.16,1.09,1.1,43926,0
AKAN.US,D,20241002,000000,1.09,1.12,1.02,1.06,43378,0
AKAN.US,D,20241003,000000,1.06,1.12,1.05,1.08,25477,0
AKAN.US,D,20241004,000000,1.1005,1.12,1.06,1.07,23435,0
AKAN.US,D,20241007,000000,1.095,1.095,1.05,1.07,21521,0
AKAN.US,D,20241008,000000,1.05,1.17,1.05,1.11,102002,0
AKAN.US,D,20241009,000000,1.1,1.1103,1.0601,1.09,30904,0
AKAN.US,D,20241010,000000,1.07,1.2,1.0296,1.08,328272,0
AKAN.US,D,20241011,000000,1.25,1.25,0.9634,1.04,3259537,0
AKAN.US,D,20241014,000000,1.01,1.06,0.9765,1.02,282081,0
AKAN.US,D,20241015,000000,1.01,1.01,0.9106,0.9608,182441,0
AKAN.US,D,20241016,000000,0.9601,0.9708,0.920001,0.947,90333,0
AKAN.US,D,20241017,000000,0.979,1,0.9511,0.97,5593663,0
AKAN.US,D,20241018,000000,1.36,1.39,0.98,1.1,26339613,0
AKAN.US,D,20241021,000000,0.9815,1.07,0.95,1.07,1357746,0
AKAN.US,D,20241022,000000,1.03,1.09,1,1,792715,0
AKAN.US,D,20241023,000000,1.02,1.02,0.9607,0.97,310009,0
AKAN.US,D,20241024,000000,0.9718,0.98,0.8822,0.9007,401279,0
AKAN.US,D,20241025,000000,0.9,0.9,0.8247,0.8418,240484,0
AKAN.US,D,20241028,000000,0.8542,0.8799,0.8197,0.8491,217926,0
AKAN.US,D,20241029,000000,0.821,0.858,0.8201,0.834,151650,0
