<TICKER>,<PER>,<DATE>,<TIME>,<OPEN>,<HIGH>,<LOW>,<CLOSE>,<VOL>,<OPENINT>
ALLR.US,D,20211222,000000,308000,418600,307160,353500,6.67657152872,0
ALLR.US,D,20211223,000000,353360,376516,331136,335274,1.9306786003887,0
ALLR.US,D,20211227,000000,336000,350000,297570,307160,2.4063571789525,0
ALLR.US,D,20211228,000000,315000,315012,266000,271040,2.7234643265662,0
ALLR.US,D,20211229,000000,271040,275458,252280,254800,2.0876071741713,0
ALLR.US,D,20211230,000000,256200,296438,240142,293440,2.32257146341,0
ALLR.US,D,20211231,000000,308000,308000,280700,290486,0.4142857205,0
ALLR.US,D,20220103,000000,308000,360012,294000,296746,1.8412500276188,0
ALLR.US,D,20220104,000000,301000,312446,288400,299180,1.1036785879838,0
ALLR.US,D,20220105,000000,306320,308000,288960,290640,0.94453572845375,0
ALLR.US,D,20220106,000000,290920,296800,280000,294000,0.45496429253875,0
ALLR.US,D,20220107,000000,280280,306320,280280,301000,1.44800002172,0
ALLR.US,D,20220110,000000,299320,299600,271712,288400,1.7168928828962,0
ALLR.US,D,20220111,000000,288400,288400,257600,277200,1.6641071678188,0
ALLR.US,D,20220112,000000,276920,276920,258160,261660,1.6432500246488,0
ALLR.US,D,20220113,000000,261800,261800,228480,245000,2.0303571733125,0
ALLR.US,D,20220114,000000,245000,253120,238000,251720,0.9292142996525,0
ALLR.US,D,20220118,000000,248920,248920,199640,229320,4.7104643563712,0
ALLR.US,D,20220119,000000,227640,235620,224000,228200,1.11085715952,0
ALLR.US,D,20220120,000000,225960,235200,215040,230440,1.22028573259,0
ALLR.US,D,20220121,000000,228200,228200,211322,223160,1.1771428748,0
ALLR.US,D,20220124,000000,221200,221480,189218,200760,2.0182143159875,0
ALLR.US,D,20220125,000000,202440,210000,196280,202720,1.119857159655,0
ALLR.US,D,20220126,000000,201880,215932,201880,207200,0.8535000128025,0
ALLR.US,D,20220127,000000,210280,211372,196000,203840,0.9007857277975,0
ALLR.US,D,20220128,000000,200200,218400,200200,218400,1.0629643016588,0
ALLR.US,D,20220131,000000,225680,236600,219756,228760,1.2382143042875,0
ALLR.US,D,20220201,000000,236600,249060,229880,246960,1.2597500188963,0
ALLR.US,D,20220202,000000,270760,270760,252388,260400,0.93703572834125,0
ALLR.US,D,20220203,000000,254800,258120,240124,245910,0.484428578695,0
ALLR.US,D,20220204,000000,251440,253120,235816,249200,0.6355000095325,0
ALLR.US,D,20220207,000000,246400,248640,232352,235760,0.7210714393875,0
ALLR.US,D,20220208,000000,235200,252000,218400,227920,2.5590714669575,0
ALLR.US,D,20220209,000000,227920,242516,224560,226800,1.7941785983413,0
ALLR.US,D,20220210,000000,224560,227920,217560,217560,1.5759643093538,0
ALLR.US,D,20220211,000000,217560,224790,215600,221200,0.781571440295,0
ALLR.US,D,20220214,000000,221200,221200,179275,184800,4.2429643493587,0
ALLR.US,D,20220215,000000,187600,206640,185080,196000,2.5335357522888,0
ALLR.US,D,20220216,000000,190680,196000,184800,188440,1.0864643020112,0
ALLR.US,D,20220217,000000,188440,193200,174549,176400,1.4913571652275,0
ALLR.US,D,20220218,000000,175280,184520,170800,184520,1.3830357350313,0
ALLR.US,D,20220222,000000,168000,168000,101642,127820,11.485857315145,0
ALLR.US,D,20220223,000000,128800,133560,106960,115360,3.669285769325,0
ALLR.US,D,20220224,000000,106400,106400,98000,101920,4.6247857836575,0
ALLR.US,D,20220225,000000,103600,119840,102228,119000,4.06171434664,0
ALLR.US,D,20220228,000000,117600,126000,111160,118440,2.743285755435,0
ALLR.US,D,20220301,000000,117040,121800,107520,107800,1.9807500297113,0
ALLR.US,D,20220302,000000,108920,112420,102480,106400,1.9329643147087,0
ALLR.US,D,20220303,000000,106400,109620,96600,99680,2.479000037185,0
ALLR.US,D,20220304,000000,99680,99680,81969.6,83440,3.3547857646075,0
ALLR.US,D,20220307,000000,84000,89600,75320,75600,5.184892934916,0
ALLR.US,D,20220308,000000,73640,80080,63700,67762.8,10.820357305163,0
ALLR.US,D,20220309,000000,70000,76006,70000,75600,5.478035796456,0
ALLR.US,D,20220310,000000,75040,75793.2,66080,67480,3.9175000587625,0
ALLR.US,D,20220311,000000,67480,70280,64400,65240,3.9941786313413,0
ALLR.US,D,20220314,000000,64400,69160,63543.2,63840,4.5448929253163,0
ALLR.US,D,20220315,000000,64400,70140,61600,64960,3.1875357620988,0
ALLR.US,D,20220316,000000,64120,65100,61600,61600,3.2836071921112,0
ALLR.US,D,20220317,000000,61600,62440,56840,57960,3.925285773165,0
ALLR.US,D,20220318,000000,56840,65240,53760,54040,8.568178699951,0
ALLR.US,D,20220321,000000,56000,72800,56000,63560,15.249857371605,0
ALLR.US,D,20220322,000000,68040,74200,66080,66640,9.2573572817175,0
ALLR.US,D,20220323,000000,69440,78120,68040,69440,6.2470715222775,0
ALLR.US,D,20220324,000000,72240,77000,63560,63560,2.9958929020813,0
ALLR.US,D,20220325,000000,64680,64960,59080,59640,3.5026429096825,0
ALLR.US,D,20220328,000000,58800,61600,56000,56000,4.6077500691162,0
ALLR.US,D,20220329,000000,56000,60480,56000,56560,4.8588215014538,0
ALLR.US,D,20220330,000000,56560,59360,56000,58520,6.569107241394,0
ALLR.US,D,20220331,000000,59920,59920,56000,57120,5.212142935325,0
ALLR.US,D,20220401,000000,60200,60200,57041.6,57960,1.029571444015,0
ALLR.US,D,20220404,000000,59360,62720,56840,61600,9.16057156598,0
ALLR.US,D,20220405,000000,60480,61880,58800,59080,1.6927857396775,0
ALLR.US,D,20220406,000000,59640,60200,55440,56000,3.9178214873388,0
ALLR.US,D,20220407,000000,56000,56840,53480,54320,4.1866786342288,0
ALLR.US,D,20220408,000000,54320,55160,50960,53200,3.2922500493837,0
ALLR.US,D,20220411,000000,53200,57400,50820,50960,3.0907500463613,0
ALLR.US,D,20220412,000000,50960,53760,49000,52360,2.562714324155,0
ALLR.US,D,20220413,000000,53200,55720,53200,55160,2.6255357536688,0
ALLR.US,D,20220414,000000,54040,56000,54040,55440,0.9626428715825,0
ALLR.US,D,20220418,000000,54880,56000,52360,52640,0.60403572334625,0
ALLR.US,D,20220419,000000,54040,56000,52642.8,54320,1.5600357376862,0
ALLR.US,D,20220420,000000,54600,56000,52920,55720,1.5013571653775,0
ALLR.US,D,20220421,000000,55720,57120,55440,56000,1.8867500283013,0
ALLR.US,D,20220422,000000,56000,58520,55580,56560,1.7725357408738,0
ALLR.US,D,20220425,000000,54600,54600,50960,51520,2.8821786146613,0
ALLR.US,D,20220426,000000,51800,54040,43400,44752.4,3.3676071933713,0
ALLR.US,D,20220427,000000,44800,48720,42280,43960,2.2081071759787,0
ALLR.US,D,20220428,000000,45360,45920,42280,43960,3.1583571902325,0
ALLR.US,D,20220429,000000,43960,44800,42840,43400,1.1937500179063,0
ALLR.US,D,20220502,000000,42280,43120,40600,42000,3.3188929069263,0
ALLR.US,D,20220503,000000,42000,45640,40880,44520,1.9040357428462,0
ALLR.US,D,20220504,000000,43680,45920,40600,42000,1.8934643141163,0
ALLR.US,D,20220505,000000,42000,42288.4,39760,41440,1.4589285933125,0
ALLR.US,D,20220506,000000,39760,40320,39200,39760,0.98489287191625,0
ALLR.US,D,20220509,000000,39200,39480,36120,36400,2.1165000317475,0
ALLR.US,D,20220510,000000,35560,37800,35560,36120,0.93553572831875,0
ALLR.US,D,20220511,000000,35000,35840,34440,35000,0.99246430060125,0
ALLR.US,D,20220512,000000,35280,35616,31080,31080,1.6042143097775,0
ALLR.US,D,20220513,000000,31080,34440,30800,34440,1.526428594325,0
ALLR.US,D,20220516,000000,35000,36120,35000,35000,1.5967500239512,0
ALLR.US,D,20220517,000000,37800,40600,37800,39760,1.5664643092113,0
ALLR.US,D,20220518,000000,39200,42560,39200,40600,1.3001785909313,0
ALLR.US,D,20220519,000000,43120,46200,43120,45920,1.67771431088,0
ALLR.US,D,20220520,000000,46200,67200,46200,57400,25.43485752438,0
ALLR.US,D,20220523,000000,61600,71400,60200,66640,9.9223215774065,0
ALLR.US,D,20220524,000000,70560,78400,65800,65800,8.121285836105,0
ALLR.US,D,20220525,000000,66080,68320,57400,57960,4.3563572082025,0
ALLR.US,D,20220526,000000,60760,60760,56840,57680,1.8317500274763,0
ALLR.US,D,20220527,000000,60200,92400,60200,80360,108.81589448938,0
ALLR.US,D,20220531,000000,73360,94640,72990.4,79240,17.771857409435,0
ALLR.US,D,20220601,000000,78400,78400,64400,70000,8.6819287016575,0
ALLR.US,D,20220602,000000,70000,85400,67200,82320,10.534214443727,0
ALLR.US,D,20220603,000000,82600,88200,77000,83720,4.1148214902937,0
ALLR.US,D,20220606,000000,84280,86520,74200,76440,2.4411786080463,0
ALLR.US,D,20220607,000000,77000,84000,75600,80360,2.5630357527313,0
ALLR.US,D,20220608,000000,81200,82040,70280,76160,3.3811071935738,0
ALLR.US,D,20220609,000000,73640,73640,61880,62440,6.9585358186635,0
ALLR.US,D,20220610,000000,61600,61600,54880,56560,3.9235357731388,0
ALLR.US,D,20220613,000000,56000,56000,47040,47880,4.287571492885,0
ALLR.US,D,20220614,000000,47040,51800,45360,50680,2.2955357487187,0
ALLR.US,D,20220615,000000,53480,55720,47600,48440,3.0263571882525,0
ALLR.US,D,20220616,000000,47600,48202,43120,44800,2.3493214638113,0
ALLR.US,D,20220617,000000,44800,49280,44520,48160,2.583857181615,0
ALLR.US,D,20220621,000000,49840,50400,48720,49840,1.38085716357,0
ALLR.US,D,20220622,000000,49280,52080,49280,50960,3.7268929130463,0
ALLR.US,D,20220623,000000,50400,52360,49280,49280,1.493857165265,0
ALLR.US,D,20220624,000000,49560,51797.2,49280,50120,2.1188928889263,0
ALLR.US,D,20220627,000000,50960,50960,49280,49560,1.4958214510087,0
ALLR.US,D,20220628,000000,49560,53760,49280,51520,2.6929286118225,0
ALLR.US,D,20220629,000000,50680,51520,44800,45640,1.8965000284475,0
ALLR.US,D,20220630,000000,45080,45080,34160,36960,6.3664643812115,0
ALLR.US,D,20220701,000000,36680,36960,35000,36400,2.1454643178962,0
ALLR.US,D,20220705,000000,35280,35280,32480,34160,2.2967500344513,0
ALLR.US,D,20220706,000000,34160,37240,34160,35280,1.8252143130925,0
ALLR.US,D,20220707,000000,36400,37520,34160,35840,2.2344643192312,0
ALLR.US,D,20220708,000000,36680,41160,35000,37800,2.9845357590538,0
ALLR.US,D,20220711,000000,36400,38136,35840,36960,1.4968214510238,0
ALLR.US,D,20220712,000000,36400,37240,34160,34720,2.3946071787762,0
ALLR.US,D,20220713,000000,34160,37240,34160,35840,0.564714294185,0
ALLR.US,D,20220714,000000,35840,37520,35840,36680,0.3813571485775,0
ALLR.US,D,20220715,000000,36680,36680,32480,33040,5.638821513154,0
ALLR.US,D,20220718,000000,34160,34440,31080,31080,2.19685717581,0
ALLR.US,D,20220719,000000,32480,32480,31080,31360,1.4163214498162,0
ALLR.US,D,20220720,000000,31360,32200,30800,31080,1.0746785875488,0
ALLR.US,D,20220721,000000,31920,32200,29680,31080,1.6738214536787,0
ALLR.US,D,20220722,000000,31640,32200,30800,31080,1.557571451935,0
ALLR.US,D,20220725,000000,30520,31640,30240,30520,2.21342860463,0
ALLR.US,D,20220726,000000,32200,33320,30800,32480,3.1026071893963,0
ALLR.US,D,20220727,000000,33880,44520,33880,35560,36.699071979057,0
ALLR.US,D,20220728,000000,36960,37800,31080,33880,7.3752143963425,0
ALLR.US,D,20220729,000000,36120,36120,33600,33600,2.3722143212975,0
ALLR.US,D,20220801,000000,31360,34720,31360,34160,5.3488929373765,0
ALLR.US,D,20220802,000000,36400,36400,32760,32900,4.1421786335613,0
ALLR.US,D,20220803,000000,35000,35000,31920,32200,2.9766786160788,0
ALLR.US,D,20220804,000000,33040,34440,32200,33600,1.9961071727987,0
ALLR.US,D,20220805,000000,34440,34440,32480,33600,2.0755000311325,0
ALLR.US,D,20220808,000000,33040,33600,32200,32480,2.6676428971575,0
ALLR.US,D,20220809,000000,33040,33040,31080,31080,2.0272143161225,0
ALLR.US,D,20220810,000000,32200,32200,31080,31080,2.2595000338925,0
ALLR.US,D,20220811,000000,31360,33320,30800,32200,1.018142872415,0
ALLR.US,D,20220812,000000,32480,33504.8,31360,32200,1.3106428768025,0
ALLR.US,D,20220815,000000,31920,31920,30800,31080,2.5512143239825,0
ALLR.US,D,20220816,000000,30800,31640,29960,31360,0.95732144293125,0
ALLR.US,D,20220817,000000,31640,34720,30800,34720,9.5514644289865,0
ALLR.US,D,20220818,000000,35840,65520,35840,42560,303.11311168955,0
ALLR.US,D,20220819,000000,39200,43682.8,35560,38080,15.749500236243,0
ALLR.US,D,20220822,000000,36960,48717.2,36400,42560,51.637750774565,0
ALLR.US,D,20220823,000000,33320,35560,31080,32480,28.491286141655,0
ALLR.US,D,20220824,000000,30800,37800,30520,34160,25.196143235085,0
ALLR.US,D,20220825,000000,39200,39200,36680,37800,9.5955001439325,0
ALLR.US,D,20220826,000000,42000,42000,35560,38360,7.3759643963535,0
ALLR.US,D,20220829,000000,35840,39197.2,33600,37240,8.6399287010275,0
ALLR.US,D,20220830,000000,36680,37240,34160,34440,5.763285800735,0
ALLR.US,D,20220831,000000,33880,38026.8,29400,32760,10.458464442592,0
ALLR.US,D,20220901,000000,33040,33040,30240,31614.8,4.1969286343825,0
ALLR.US,D,20220902,000000,31360,31360,29960,29960,2.9359643297537,0
ALLR.US,D,20220906,000000,30520,31080,28280,29120,4.1165357760337,0
ALLR.US,D,20220907,000000,29680,30690.8,29120,30240,1.9173214573313,0
ALLR.US,D,20220908,000000,30240,38080,29960,36400,6.9237858181425,0
ALLR.US,D,20220909,000000,37240,37240,32760,32760,3.56428576775,0
ALLR.US,D,20220912,000000,33600,33600,30520,32482.8,2.28142860565,0
ALLR.US,D,20220913,000000,31360,42000,31360,35280,46.998322133547,0
ALLR.US,D,20220914,000000,37240,37240,32480,32760,5.775000086625,0
ALLR.US,D,20220915,000000,32480,35840,32480,35280,2.8931786148263,0
ALLR.US,D,20220916,000000,35560,38080,34440,35000,3.8891786297663,0
ALLR.US,D,20220919,000000,34440,35000,33040,33880,1.7919643125938,0
ALLR.US,D,20220920,000000,33040,33320,32200,33040,1.2626428760825,0
ALLR.US,D,20220921,000000,32480,33040,31080,31080,1.0987857307675,0
ALLR.US,D,20220922,000000,30800,36400,30800,32200,3.0878929034613,0
ALLR.US,D,20220923,000000,33040,33936,30800,31920,3.9247857731575,0
ALLR.US,D,20220926,000000,29960,31640,29960,30520,1.799571455565,0
ALLR.US,D,20220927,000000,30853.2,34300,30800,32620,3.4263929085388,0
ALLR.US,D,20220928,000000,32200,34720,31920,34160,1.60771430983,0
ALLR.US,D,20220929,000000,33320,33877.2,31920,32200,1.4476428788575,0
ALLR.US,D,20220930,000000,31080,32200,30800,30800,1.2719643047938,0
ALLR.US,D,20221003,000000,29680,32480,29120,30800,0.9917857291625,0
ALLR.US,D,20221004,000000,30800,33040,30800,31640,1.7763928837888,0
ALLR.US,D,20221005,000000,33600,34160,30520,31080,1.2270357326912,0
ALLR.US,D,20221006,000000,31080,32200,30520,30800,0.96760715737125,0
ALLR.US,D,20221007,000000,30240,30520,28840,29120,1.6422143103475,0
ALLR.US,D,20221010,000000,29400,29960,23800,25200,5.081000076215,0
ALLR.US,D,20221011,000000,25480,27087.2,25480,25480,1.161571445995,0
ALLR.US,D,20221012,000000,25480,26320,24360,24668,2.8066786135288,0
ALLR.US,D,20221013,000000,24488.8,24488.8,20524,21061.6,5.272107221939,0
ALLR.US,D,20221014,000000,22400,24360,21728,23100,2.133000031995,0
ALLR.US,D,20221017,000000,23240,24080,21193.2,21308,2.35342860673,0
ALLR.US,D,20221018,000000,21834.4,24360,21834.4,22397.2,2.27342860553,0
ALLR.US,D,20221019,000000,22400,22968.4,20440,21798,1.8133571700575,0
ALLR.US,D,20221020,000000,21036.4,22680,21000,21840,2.116142888885,0
ALLR.US,D,20221021,000000,20426,22114.4,19600,20720,3.1295000469425,0
ALLR.US,D,20221024,000000,20720,22120,19040,19040,2.8057857563725,0
ALLR.US,D,20221025,000000,19600,20300,18760,19292,4.1337500620062,0
ALLR.US,D,20221026,000000,19292,19320,18200,18200,3.319000049785,0
ALLR.US,D,20221027,000000,18200,18480,16520,16522.8,3.845857200545,0
ALLR.US,D,20221028,000000,16730,16730,14271.6,16240,4.5047857818575,0
ALLR.US,D,20221031,000000,17234,17234,14842.8,15682.8,3.1210357611013,0
ALLR.US,D,20221101,000000,16074.8,16074.8,14924,15120,2.5610714669875,0
ALLR.US,D,20221102,000000,15120,21000,15120,17640,13.834250207514,0
ALLR.US,D,20221103,000000,18138.4,21000,16870,19308.8,4.4658214955588,0
ALLR.US,D,20221104,000000,20440,20440,15120,16240,6.7399286725275,0
ALLR.US,D,20221107,000000,15960,16800,15397.2,15397.2,1.9953214585012,0
ALLR.US,D,20221108,000000,15397.2,15397.2,13741.8,13804,4.7757857859225,0
ALLR.US,D,20221109,000000,13664,14560,12320,12880,2.24457146224,0
ALLR.US,D,20221110,000000,14016.8,16016,12880,15470,2.3876071786713,0
ALLR.US,D,20221111,000000,15680,15960,14280,15680,1.5659285949175,0
ALLR.US,D,20221114,000000,16130.8,16130.8,15400,15400,1.3688214491038,0
ALLR.US,D,20221115,000000,15400,16520,14008.4,14008.4,1.4153571640875,0
ALLR.US,D,20221116,000000,12880,13280.4,11760,12602.8,3.8707500580613,0
ALLR.US,D,20221117,000000,12322.8,12580.4,11536,12138,1.5197857370825,0
ALLR.US,D,20221118,000000,12320,13703.2,11480,11760,1.3116428768175,0
ALLR.US,D,20221121,000000,11480,11676,10108,10920,2.0115000301725,0
ALLR.US,D,20221122,000000,10920,11916.8,10220,11200,0.98828572911,0
ALLR.US,D,20221123,000000,11200,11984,11200,11984,0.69317858182625,0
ALLR.US,D,20221125,000000,13440,13440,11480,12320,1.87314288524,0
ALLR.US,D,20221128,000000,12286.4,12318.3,12042.8,12152,1.193571446475,0
ALLR.US,D,20221129,000000,12320,13025.6,11200,12376,1.0176428724075,0
ALLR.US,D,20221130,000000,12320,12880,11620,12572,0.58446429448125,0
ALLR.US,D,20221201,000000,11480,13137.6,11480,12880,6.551607241131,0
ALLR.US,D,20221202,000000,14840,14840,13188,14000,2.877000043155,0
ALLR.US,D,20221205,000000,13440,15120,13440,13720,1.5535357375888,0
ALLR.US,D,20221206,000000,12600,14000,12600,13440,1.0646785873988,0
ALLR.US,D,20221207,000000,14000,14560,12600,12600,1.4153214498013,0
ALLR.US,D,20221208,000000,12600,12742.8,11200,11200,2.433000036495,0
ALLR.US,D,20221209,000000,11200,11874.8,10253.6,10500,2.8048928992163,0
ALLR.US,D,20221212,000000,11200,12216.4,10360,10920,7.506321541166,0
ALLR.US,D,20221213,000000,10777.2,11495.4,8400,8400,7.119107249644,0
ALLR.US,D,20221214,000000,8512,8960,7756,8254.4,6.2388929507265,0
ALLR.US,D,20221215,000000,8918,8918,7000,7420,9.0732501360985,0
ALLR.US,D,20221216,000000,7700,37800,7700,9856,876.8533345814,0
ALLR.US,D,20221219,000000,8937.6,12600,8400,9797.2,120.97878752897,0
ALLR.US,D,20221220,000000,9797.2,9797.2,7280,7677.6,46.273250694099,0
ALLR.US,D,20221221,000000,7560,8369.2,7000,7145.6,29.889821876919,0
ALLR.US,D,20221222,000000,7406,7560,6440,6720,24.372786079877,0
ALLR.US,D,20221223,000000,7000,7002.8,6199.2,6216,16.860464538621,0
ALLR.US,D,20221227,000000,6459.6,7280,6160,6700.4,19.377536004949,0
ALLR.US,D,20221228,000000,6498.8,6860,6160,6160,19.270071717622,0
ALLR.US,D,20221229,000000,6552,9766.4,5910.8,7747.6,96.78496573749,0
ALLR.US,D,20221230,000000,12320,13160,7464.8,8226.4,226.29550339444,0
ALLR.US,D,20230103,000000,8120,8120,6748,7252,48.51600072774,0
ALLR.US,D,20230104,000000,7280,7280,6468,6818,63.101108089375,0
ALLR.US,D,20230105,000000,6949.6,7546,6246.8,6664,48.984429306195,0
ALLR.US,D,20230106,000000,6664,7218.4,6308.4,6552,32.188714768545,0
ALLR.US,D,20230109,000000,6554.8,6935.6,6190.8,6342,28.18942899427,0
ALLR.US,D,20230110,000000,6440,6860,6171.2,6496,36.469321975611,0
ALLR.US,D,20230111,000000,6860,7350,6440.02,7042,64.52096525353,0
ALLR.US,D,20230112,000000,7560,7560,6720,6720,43.768357799382,0
ALLR.US,D,20230113,000000,7028,7274.4,6722.8,6832,32.871893350222,0
ALLR.US,D,20230117,000000,7000,7137.2,6328,6552,40.463000606945,0
ALLR.US,D,20230118,000000,6692,6703.2,6188,6249.6,41.338714905795,0
ALLR.US,D,20230119,000000,6300,7112,5600,6118,47.305607852442,0
ALLR.US,D,20230120,000000,6356,7560,6160,7106.4,114.03071599617,0
ALLR.US,D,20230123,000000,12460,13157.2,7840,8232,1564.7784877574,0
ALLR.US,D,20230124,000000,7280,7700,6496,6717.2,257.12893242836,0
ALLR.US,D,20230125,000000,6921.6,6921.6,6330.8,6630.4,128.09057334992,0
ALLR.US,D,20230126,000000,6969.2,6969.2,6328,6510,108.10125162152,0
ALLR.US,D,20230127,000000,6440,7392,6302.8,6804,146.10125219152,0
ALLR.US,D,20230130,000000,7137.2,7476,6526.8,6969.2,109.20125163802,0
ALLR.US,D,20230131,000000,7000,7134.4,6720,7000,41.339214905802,0
ALLR.US,D,20230201,000000,6882.4,7078.4,6636,6944,33.503607645411,0
ALLR.US,D,20230202,000000,6812.4,7560,6638.8,7308,107.33632303862,0
ALLR.US,D,20230203,000000,7308,7308,6638.8,6638.8,51.704036489845,0
ALLR.US,D,20230206,000000,6580,6594,6202,6370,76.13857257065,0
ALLR.US,D,20230207,000000,6384,6384,5880,5908,90.53639421519,0
ALLR.US,D,20230208,000000,6076,6076,5098.8,5432,101.75832295495,0
ALLR.US,D,20230209,000000,5429.2,5432,5180,5412.4,38.96142915585,0
ALLR.US,D,20230210,000000,5348,5387.2,5096,5258.4,36.710250550654,0
ALLR.US,D,20230213,000000,5040,5278,4860.8,4950.4,32.370607628417,0
ALLR.US,D,20230214,000000,4900,5292,4900,5020.4,31.350500470258,0
ALLR.US,D,20230215,000000,5320,5384.4,5054,5264,46.924393561009,0
ALLR.US,D,20230216,000000,5376,5600,5264,5423.6,47.239643565738,0
ALLR.US,D,20230217,000000,5258.4,5376,5040,5129.6,19.897071727028,0
ALLR.US,D,20230221,000000,5292,5420.8,5180,5376,26.20657182167,0
ALLR.US,D,20230222,000000,5597.2,5600,5258.4,5544,19.453214577513,0
ALLR.US,D,20230223,000000,5544,5544,5154.8,5325.6,10.637214445272,0
ALLR.US,D,20230224,000000,5213.6,5877.2,5040,5524.4,53.22764365556,0
ALLR.US,D,20230227,000000,5359.2,5359.2,5096,5096,16.515464533447,0
ALLR.US,D,20230228,000000,5180,5426.4,5068,5180,19.882714583955,0
ALLR.US,D,20230301,000000,5292,5320,4967.2,5040,15.355071658898,0
ALLR.US,D,20230302,000000,5068,5824,5045.6,5308.8,22.14542890361,0
ALLR.US,D,20230303,000000,5149.2,5616.8,5149.2,5544,14.156893069496,0
ALLR.US,D,20230306,000000,5544,5628,5320,5516,13.297964485183,0
ALLR.US,D,20230307,000000,5404,5404,5101.6,5177.2,18.587285993095,0
ALLR.US,D,20230308,000000,5152,5236,5076.4,5082,9.99085729272,0
ALLR.US,D,20230309,000000,5040,5068,4620,4676,16.193821671479,0
ALLR.US,D,20230310,000000,4550,5154.8,4550,4564,14.512607360547,0
ALLR.US,D,20230313,000000,4491.2,4706.8,3724,3894.8,36.517679119194,0
ALLR.US,D,20230314,000000,3889.2,3914.4,3640,3682,28.143786136443,0
ALLR.US,D,20230315,000000,3698.8,3889.2,3640,3640,19.042464571351,0
ALLR.US,D,20230316,000000,3640,3640,3141.6,3245.2,57.52417943429,0
ALLR.US,D,20230317,000000,3164,3360,2940,2940,42.399786350283,0
ALLR.US,D,20230320,000000,4424,6412,3642.8,4029.2,2979.80615184,0
ALLR.US,D,20230321,000000,3511.2,3578.4,2996,3094,391.55868444482,0
ALLR.US,D,20230322,000000,3192,3248,2945.6,3113.6,167.53875251307,0
ALLR.US,D,20230323,000000,3178,3612,2601.2,3164,369.12018410824,0
ALLR.US,D,20230324,000000,2520,2716,1965.6,2153.2,713.4932249881,0
ALLR.US,D,20230327,000000,2248,2272,1880,2056,948.7,0
ALLR.US,D,20230328,000000,1880,2400,1544,1688,1271.45875,0
ALLR.US,D,20230329,000000,1536,1657.76,1408,1440,356.87875,0
ALLR.US,D,20230330,000000,1408,1643.28,1360,1408,294.39,0
ALLR.US,D,20230331,000000,1408,1432,1320,1344,159.1675,0
ALLR.US,D,20230403,000000,1344,1936,1304,1400,1731.82625,0
ALLR.US,D,20230404,000000,1384,1520,1320,1416,822.20375,0
ALLR.US,D,20230405,000000,1368,1396.08,1057.6,1088,488.025,0
ALLR.US,D,20230406,000000,1048,1064,912,992,297.60375,0
ALLR.US,D,20230410,000000,984,1032,945.6,1028,95.78875,0
ALLR.US,D,20230411,000000,1032,1120,936,984,549.36,0
ALLR.US,D,20230412,000000,1000,1000,912,936,222.5475,0
ALLR.US,D,20230413,000000,912,928,846.16,872,290.16875,0
ALLR.US,D,20230414,000000,904,3088,832,1152,24705.90875,0
ALLR.US,D,20230417,000000,1048,1088,880,944,4363.1175,0
ALLR.US,D,20230418,000000,1192,2520,840,928,94831.55375,0
ALLR.US,D,20230419,000000,624.8,628,488,523.92,21253.36625,0
ALLR.US,D,20230420,000000,516.96,535.2,464,481.76,7263.2225,0
ALLR.US,D,20230421,000000,448.48,455.84,387.52,408,5605.945,0
ALLR.US,D,20230424,000000,413.6,413.6,336,360.08,3934.02,0
ALLR.US,D,20230425,000000,341.44,442.48,338.24,382.96,8258.9375,0
ALLR.US,D,20230426,000000,383.2,385.52,328.16,352.8,2508.095,0
ALLR.US,D,20230427,000000,385.76,415.92,352.8,382.8,4916.00125,0
ALLR.US,D,20230428,000000,360,377.44,336,352,2399.50375,0
ALLR.US,D,20230501,000000,355.04,355.52,305.6,316,2141.335,0
ALLR.US,D,20230502,000000,313.68,328,290,322.8,2051.2275,0
ALLR.US,D,20230503,000000,320,320,296,306.028,2066.24,0
ALLR.US,D,20230504,000000,307.2,372,307.2,348.08,6907.2375,0
ALLR.US,D,20230505,000000,350.96,350.96,312.88,329.44,3693.12,0
ALLR.US,D,20230508,000000,327.2,356.88,314.4,340,4133.08,0
ALLR.US,D,20230509,000000,336.16,341.2,305.96,307.84,3902.7525,0
ALLR.US,D,20230510,000000,304,334,292.32,322.48,3558.9375,0
ALLR.US,D,20230511,000000,342.4,366.4,320,340,7671.8725,0
ALLR.US,D,20230512,000000,320,327.92,305.2,306.08,2712.07875,0
ALLR.US,D,20230515,000000,306.72,315.44,296,306.4,1462.2475,0
ALLR.US,D,20230516,000000,308,315.92,264,282.8,3347.1275,0
ALLR.US,D,20230517,000000,285.12,285.6,265.2,276,1859.845,0
ALLR.US,D,20230518,000000,272.88,276,248,252.4,2497.18125,0
ALLR.US,D,20230519,000000,256.8,260,224,236.64,3257.47875,0
ALLR.US,D,20230522,000000,236.72,253.92,236.72,237.2,1298.62125,0
ALLR.US,D,20230523,000000,240,241.6,224,228,1905.95125,0
ALLR.US,D,20230524,000000,228.08,236,216.72,233.6,2125.9575,0
ALLR.US,D,20230525,000000,236,276.32,224.8,273.52,4917.2675,0
ALLR.US,D,20230526,000000,275.04,283.2,244.8,248,3516.09375,0
ALLR.US,D,20230530,000000,224.8,228,196.8,208,2564.63375,0
ALLR.US,D,20230531,000000,208,216,199.84,210.8,1535.26625,0
ALLR.US,D,20230601,000000,216,219.84,204.4,204.96,1061.67875,0
ALLR.US,D,20230602,000000,214.16,223.92,206,213.76,1249.0625,0
ALLR.US,D,20230605,000000,220,220,200,204,1227.53375,0
ALLR.US,D,20230606,000000,206.4,210,176,187.2,1843.90125,0
ALLR.US,D,20230607,000000,160,160,141.44,149.6,4498.8025,0
ALLR.US,D,20230608,000000,150.4,158.24,145.44,146,1717.88875,0
ALLR.US,D,20230609,000000,146.16,151.52,136,138.4,1692.97,0
ALLR.US,D,20230612,000000,140,223.92,140,166.4,12367.05875,0
ALLR.US,D,20230613,000000,168,170.383,145.2,159.2,2323.15625,0
ALLR.US,D,20230614,000000,159.52,162.88,152.08,152.84,1328.465,0
ALLR.US,D,20230615,000000,152,160,146.08,152.88,962.35375,0
ALLR.US,D,20230616,000000,160,163.36,150.88,150.88,1229.53125,0
ALLR.US,D,20230620,000000,159.76,159.76,146.8,155.12,781.35375,0
ALLR.US,D,20230621,000000,155.12,157.6,144.48,145.36,767.33375,0
ALLR.US,D,20230622,000000,145.52,151.2,141.76,145.04,992.45,0
ALLR.US,D,20230623,000000,151.12,151.12,136.08,143.92,1726.9525,0
ALLR.US,D,20230626,000000,144,146.4,136,143.92,632.49875,0
ALLR.US,D,20230627,000000,142.4,146.24,128.96,137.92,2070.55,0
ALLR.US,D,20230628,000000,137.6,174.32,120.08,160,20538.7475,0
ALLR.US,D,20230629,000000,150.2,181,130.002,146.4,35548.85,0
ALLR.US,D,20230630,000000,143.8,148.598,131.6,132,5093.6,0
ALLR.US,D,20230703,000000,127.4,143.4,120.2,126,9030.2,0
ALLR.US,D,20230705,000000,124,269.8,112.8,165.6,567644.35,0
ALLR.US,D,20230706,000000,79.6,79.6,74.4,76.2,153514.6,0
ALLR.US,D,20230707,000000,73.2,74,69.6,70.6,36718.55,0
ALLR.US,D,20230710,000000,70.2,71,65.2,68,17591.95,0
ALLR.US,D,20230711,000000,67.2,72.6,64.4,66,38687.75,0
ALLR.US,D,20230712,000000,66.8,72.2,65.6,66.4,49274.05,0
ALLR.US,D,20230713,000000,66.4,67.96,61.4,63.6,23937.9,0
ALLR.US,D,20230714,000000,63,65.2,59,60.4,19300.55,0
ALLR.US,D,20230717,000000,60,62.6,58,62.2,12391.4,0
ALLR.US,D,20230718,000000,61,63.2,59,61.6,11249.4,0
ALLR.US,D,20230719,000000,60.8,61,58.4,60,8618.85,0
ALLR.US,D,20230720,000000,59.8,61.198,57,58.4,10137.35,0
ALLR.US,D,20230721,000000,58.2,60,57.2,59.4,10011.15,0
ALLR.US,D,20230724,000000,59.6,60.2,57.2,57.8,15301.8,0
ALLR.US,D,20230725,000000,57.8,60,56,56,10857.15,0
ALLR.US,D,20230726,000000,56.2,57.8,53,54,10626.6,0
ALLR.US,D,20230727,000000,54.6,56.76,52.6,53.8,9997.3,0
ALLR.US,D,20230728,000000,54,56,50,52.6,14018.45,0
ALLR.US,D,20230731,000000,65.8,69,50.4,50.8,678082.65,0
ALLR.US,D,20230801,000000,48.8,51.4,47.2,49.8,40936.95,0
ALLR.US,D,20230802,000000,49.6,51,44.8,50.6,30287.4,0
ALLR.US,D,20230803,000000,49.8,49.9,47.2,47.2,4585.7,0
ALLR.US,D,20230804,000000,47.8,48,44.4,44.8,9823.35,0
ALLR.US,D,20230807,000000,45.4,45.4,40.6,41.8,11425.6,0
ALLR.US,D,20230808,000000,41.4,46.8,41.2,42.4,24027.55,0
ALLR.US,D,20230809,000000,42.8,43.4,41,41.8,5642.25,0
ALLR.US,D,20230810,000000,42.4,42.4,40.8,41.6,3543.4,0
ALLR.US,D,20230811,000000,41.586,43.35,41,42.8,2402.05,0
ALLR.US,D,20230814,000000,41.8,43.6,41.2,42,2444.35,0
ALLR.US,D,20230815,000000,41,41.748,38.8,38.8,4543.85,0
ALLR.US,D,20230816,000000,40.2,40.6,35.5,36.2,7133.8,0
ALLR.US,D,20230817,000000,35.396,36.2,34.2,34.4,4410.55,0
ALLR.US,D,20230818,000000,35.8,35.8,32.2,32.4,4876.3,0
ALLR.US,D,20230821,000000,33.4,35.6,33,35,4536.9,0
ALLR.US,D,20230822,000000,35.8,37.2,34.23,35.8,4975.6,0
ALLR.US,D,20230823,000000,35.8,37.4,35.4,37.4,6707.1,0
ALLR.US,D,20230824,000000,37,37.8,35.4,35.4,5353.1,0
ALLR.US,D,20230825,000000,35.4,36,32.432,32.6,4444.25,0
ALLR.US,D,20230828,000000,33.2,34.8,31.2,31.4,3517.1,0
ALLR.US,D,20230829,000000,31.4,33.832,30.8,31.8,4101.1,0
ALLR.US,D,20230830,000000,32,33.8,31.8,31.8,88320.25,0
ALLR.US,D,20230831,000000,38,38.2,33,37,320326.35,0
ALLR.US,D,20230901,000000,33.2,35,32,32.6,32382.45,0
ALLR.US,D,20230905,000000,32,33.2,30.4,33.2,9541.05,0
ALLR.US,D,20230906,000000,32.4,32.4,31,31.8,5587.8,0
ALLR.US,D,20230907,000000,31.8,31.8,27.8,28,10954.95,0
ALLR.US,D,20230908,000000,27.2,27.4,21.794,22.6,22454.25,0
ALLR.US,D,20230911,000000,22.6,23,21.4,21.8,10499.8,0
ALLR.US,D,20230912,000000,20.6,22,20.6,21.6,5770.45,0
ALLR.US,D,20230913,000000,22,23.8,19.998,20.4,18628.7,0
ALLR.US,D,20230914,000000,20.6,21,19.332,20,39292.35,0
ALLR.US,D,20230915,000000,20.2,20.2,18.4,19,17359.8,0
ALLR.US,D,20230918,000000,18.4,19.11,17.49,17.91,8333.2,0
ALLR.US,D,20230919,000000,17.692,17.982,16.102,16.463,10114.7,0
ALLR.US,D,20230920,000000,16.7,16.76,14.982,15.82,12042.4,0
ALLR.US,D,20230921,000000,15.324,15.76,14.8,15,6510.05,0
ALLR.US,D,20230922,000000,14.8,15.2,14.356,15.2,5729.7,0
ALLR.US,D,20230925,000000,15.03,15.162,14.4,15,4639,0
ALLR.US,D,20230926,000000,15.2,17.8,14.682,15,83790.25,0
ALLR.US,D,20230927,000000,15.124,16.598,14.9,15,24267.3,0
ALLR.US,D,20230928,000000,14.904,16.572,14.2,15.42,23318.2,0
ALLR.US,D,20230929,000000,15.534,15.602,14.8,14.94,6219.25,0
ALLR.US,D,20231002,000000,15.14,15.2,14.02,14.72,5744.3,0
ALLR.US,D,20231003,000000,14.26,14.6,13.92,14.136,12077.5,0
ALLR.US,D,20231004,000000,13.602,14.08,13.4,14.08,5631.9,0
ALLR.US,D,20231005,000000,14.268,14.268,12.6,13.06,6686.95,0
ALLR.US,D,20231006,000000,13,13.698,12.62,13.598,4437.25,0
ALLR.US,D,20231009,000000,13.8,13.8,12.6,13.6,4625.3,0
ALLR.US,D,20231010,000000,13.426,13.598,12.8,13.2,3963.05,0
ALLR.US,D,20231011,000000,13.56,14.4,13.2,14.4,11133.45,0
ALLR.US,D,20231012,000000,14.52,14.96,13.802,14.36,7965.65,0
ALLR.US,D,20231013,000000,14.2,14.8,13.72,14.468,5440.7,0
ALLR.US,D,20231016,000000,14.5,14.78,13.8,14.3,3434.35,0
ALLR.US,D,20231017,000000,14.5,14.738,13.802,14.04,3760.25,0
ALLR.US,D,20231018,000000,14.04,14.6,13.996,14.6,5168.3,0
ALLR.US,D,20231019,000000,14.04,14.6,13.558,14,2833.15,0
ALLR.US,D,20231020,000000,14.266,14.266,12.6,13,7263.9,0
ALLR.US,D,20231023,000000,13,14,11.736,12.89,7636.85,0
ALLR.US,D,20231024,000000,12.6,13.092,12,12.56,4169.5,0
ALLR.US,D,20231025,000000,12.522,12.522,11.598,12,4707.9,0
ALLR.US,D,20231026,000000,12.2,12.5,11.8,11.92,3415.7,0
ALLR.US,D,20231027,000000,11.82,12.3,11.202,11.98,2173.4,0
ALLR.US,D,20231030,000000,12,12.198,11.6,11.62,1193.85,0
ALLR.US,D,20231031,000000,11.62,11.8,11.12,11.14,3358.65,0
ALLR.US,D,20231101,000000,10.894,11.2,10.584,11.04,3678.4,0
ALLR.US,D,20231102,000000,10.996,11.2,10.6,10.942,2903.05,0
ALLR.US,D,20231103,000000,10.95,11.922,10.9,11.198,6477.05,0
ALLR.US,D,20231106,000000,11.2,11.2,10.36,10.36,8382.5,0
ALLR.US,D,20231107,000000,10.6,10.8,9.8,10.2,3998.4,0
ALLR.US,D,20231108,000000,10.4,10.64,9.896,9.9,3370.8,0
ALLR.US,D,20231109,000000,10,10.6,9.41,9.41,6820.05,0
ALLR.US,D,20231110,000000,9.422,9.998,9,9.4,4919.4,0
ALLR.US,D,20231113,000000,9.3,9.746,9,9.6,8921.2,0
ALLR.US,D,20231114,000000,10.3,10.3,9.4,9.6,3543.9,0
ALLR.US,D,20231115,000000,9.888,10.056,9.6,9.8998,3902.35,0
ALLR.US,D,20231116,000000,10.29,10.29,9.402,9.813,3538.5,0
ALLR.US,D,20231117,000000,9.85,10.964,9.602,10.4028,5394.85,0
ALLR.US,D,20231120,000000,10.29,10.696,9.6,10,6196.35,0
ALLR.US,D,20231121,000000,10,10.2,9.70002,10.2,1627.1,0
ALLR.US,D,20231122,000000,10.4,10.4,9.8,10.224,4767.8,0
ALLR.US,D,20231124,000000,10.28,10.46,9.8,10.4,3581.95,0
ALLR.US,D,20231127,000000,10.062,10.52,9.8,10.02,3760.2,0
ALLR.US,D,20231128,000000,10.02,10.4,9.866,10.3,5043,0
ALLR.US,D,20231129,000000,10.978,10.978,9.7,10.492,6801.45,0
ALLR.US,D,20231130,000000,10.2,11.4,10.02,11.063,13157.75,0
ALLR.US,D,20231201,000000,11.4,14.026,11.126,11.802,56515.9,0
ALLR.US,D,20231204,000000,12.1,12.482,11.252,11.998,8437.65,0
ALLR.US,D,20231205,000000,20,22.2,10.022,11.592,3233120.85,0
ALLR.US,D,20231206,000000,10.268,11.73,9.44,9.97,293976.95,0
ALLR.US,D,20231207,000000,9.3,10.12,8.02,9.76,184570.85,0
ALLR.US,D,20231208,000000,11.18,12.6,9.238,11.224,248934.65,0
ALLR.US,D,20231211,000000,11.4,11.598,9.076,9.72,53942.55,0
ALLR.US,D,20231212,000000,9.5,10.394,9.4,10.168,30274.1,0
ALLR.US,D,20231213,000000,9.862,11.4,9.862,11.4,47363.25,0
ALLR.US,D,20231214,000000,11.35,11.9,10.62,11.028,35920.45,0
ALLR.US,D,20231215,000000,11.658,11.74,10.566,10.566,45195.55,0
ALLR.US,D,20231218,000000,10.736,11.246,9.76,10.96,54373.1,0
ALLR.US,D,20231219,000000,10.632,11.732,10.304,11.656,32958.8,0
ALLR.US,D,20231220,000000,11.6,12.6,10.6,11.5,35446.6,0
ALLR.US,D,20231221,000000,11.4,12.46,11.228,11.564,11840.1,0
ALLR.US,D,20231222,000000,11.564,11.6,11.24,11.346,8975.4,0
ALLR.US,D,20231226,000000,11,11.4,10.942,10.944,6364.3,0
ALLR.US,D,20231227,000000,11.4,11.4,10.714,10.976,8503.5,0
ALLR.US,D,20231228,000000,10.76,11.2,10.76,10.905,7071.9,0
ALLR.US,D,20231229,000000,10.76,11.158,10.6,11.022,8847.25,0
ALLR.US,D,20240102,000000,11.102,11.138,10.404,10.862,6574.6,0
ALLR.US,D,20240103,000000,10.8,10.98,9.704,9.98,13997.35,0
ALLR.US,D,20240104,000000,9.99,10.2,9.802,10.002,5311.7,0
ALLR.US,D,20240105,000000,10.6,10.6,9.754,9.964,3459.65,0
ALLR.US,D,20240108,000000,9.48,9.97,9.48,9.89,5786.85,0
ALLR.US,D,20240109,000000,9.9,10.2,9.66602,9.9,7077.9,0
ALLR.US,D,20240110,000000,10.2,10.906,10,10.54,18351.8,0
ALLR.US,D,20240111,000000,10.332,10.4237,9.8,10.26,6615.3,0
ALLR.US,D,20240112,000000,10.11,10.2,9.8,9.866,4944.05,0
ALLR.US,D,20240116,000000,9.8,9.99798,9.4,9.7,7369.3,0
ALLR.US,D,20240117,000000,9.2,9.98,9.2,9.7,5718,0
ALLR.US,D,20240118,000000,9.32,9.56,8.502,8.952,6727.2,0
ALLR.US,D,20240119,000000,9.24,9.24,8.42,8.68,4897.3,0
ALLR.US,D,20240122,000000,8.6,9.14,8.6,8.722,1752.95,0
ALLR.US,D,20240123,000000,9,9,8.6,8.64,2845.75,0
ALLR.US,D,20240124,000000,8.64,8.82,8.52,8.66,2756.35,0
ALLR.US,D,20240125,000000,8.52,8.67,8.442,8.544,2863.15,0
ALLR.US,D,20240126,000000,8.8,8.8,8.204,8.6,4022.95,0
ALLR.US,D,20240129,000000,8.88,8.88,8.024,8.4,5237.9,0
ALLR.US,D,20240130,000000,8.4,8.4,8.102,8.3,5136.5,0
ALLR.US,D,20240131,000000,8.198,8.824,8.12,8.692,6399.15,0
ALLR.US,D,20240201,000000,8.898,9.16,8.898,8.956,4407.15,0
ALLR.US,D,20240202,000000,8.956,9.6,8.862,9.052,10526.25,0
ALLR.US,D,20240205,000000,9.15,9.2,9.0317,9.2,4236.45,0
ALLR.US,D,20240206,000000,9.16,9.43,9.158,9.262,4132.6,0
ALLR.US,D,20240207,000000,9.26,9.26,9.102,9.2,3206.85,0
ALLR.US,D,20240208,000000,9,9.196,8.472,8.786,4415.45,0
ALLR.US,D,20240209,000000,8.802,8.998,8.6,8.64,5610.75,0
ALLR.US,D,20240212,000000,9,9,8.32,8.372,10934.05,0
ALLR.US,D,20240213,000000,8.37,8.49902,8,8.1,11602.15,0
ALLR.US,D,20240214,000000,8.044,8.398,8,8.04,5469.95,0
ALLR.US,D,20240215,000000,8,8.4,8,8.13,5700.2,0
ALLR.US,D,20240216,000000,8.05,8.4,8.05,8.062,4060.3,0
ALLR.US,D,20240220,000000,8.102,8.4,8.044,8.2,5618.55,0
ALLR.US,D,20240221,000000,8.06,8.198,8,8.02,3045.6,0
ALLR.US,D,20240222,000000,8,8.176,7.8,7.926,4267.55,0
ALLR.US,D,20240223,000000,7.9,8.05,7.61,7.8,6516.6,0
ALLR.US,D,20240226,000000,7.8,7.90598,7.6,7.6,3998.1,0
ALLR.US,D,20240227,000000,8,8.01,7.81,7.92,5103.1,0
ALLR.US,D,20240228,000000,8.25,8.6,8,8.55798,10549.45,0
ALLR.US,D,20240229,000000,8.8,8.8,7.73,7.732,5939.5,0
ALLR.US,D,20240301,000000,8.12,8.4,7.84,8.22,4459.4,0
ALLR.US,D,20240304,000000,8.376,8.396,8.192,8.192,6728.25,0
ALLR.US,D,20240305,000000,8.392,8.5,8.01,8.22,7914.25,0
ALLR.US,D,20240306,000000,8.19,8.58,8,8.448,9001.5,0
ALLR.US,D,20240307,000000,8.58,8.58,8.002,8.072,4198.1,0
ALLR.US,D,20240308,000000,8.286,8.286,7.954,8.018,6154.65,0
ALLR.US,D,20240311,000000,8.36,8.36,8.02,8.03,4664.8,0
ALLR.US,D,20240312,000000,8.034,8.198,7.732,7.776,6431.45,0
ALLR.US,D,20240313,000000,8,8,7.212,7.278,10091.75,0
ALLR.US,D,20240314,000000,7.452,7.6,6.33,7,9093,0
ALLR.US,D,20240315,000000,7.2,7.698,6.802,6.94,7352.45,0
ALLR.US,D,20240318,000000,6.8,7.316,6.8,7,3614.9,0
ALLR.US,D,20240319,000000,6.956,7.2,6.8,6.866,3006.5,0
ALLR.US,D,20240320,000000,6.588,7.02,6.588,7.02,12839.7,0
ALLR.US,D,20240321,000000,7.1,7.1,6.808,6.862,2049.25,0
ALLR.US,D,20240322,000000,7.1,7.114,6.81,7.02,3709.25,0
ALLR.US,D,20240325,000000,7,7.15258,6.118,6.16,11671.3,0
ALLR.US,D,20240326,000000,6.6,6.654,6,6.18,12775.7,0
ALLR.US,D,20240327,000000,6.2,6.596,6.04,6.26,4693.15,0
ALLR.US,D,20240328,000000,6.348,6.402,5.8,6.022,17571.65,0
ALLR.US,D,20240401,000000,6.194,6.194,5.02,5.302,26487.75,0
ALLR.US,D,20240402,000000,5.298,5.298,4.8,4.868,25904.15,0
ALLR.US,D,20240403,000000,4.998,5.324,4.614,4.67,18091.25,0
ALLR.US,D,20240404,000000,5.4,5.8,4.386,4.94,123586.2,0
ALLR.US,D,20240405,000000,5.2,5.8,4.2,4.52,263084.35,0
ALLR.US,D,20240408,000000,4.47,5.16,3.804,4.3,390996.15,0
ALLR.US,D,20240409,000000,4.32,5.09,3.5,3.59,909818,0
ALLR.US,D,20240410,000000,3.54,3.68,3.22,3.23,562321,0
ALLR.US,D,20240411,000000,3.21,3.2171,2.26,2.297,1111652,0
ALLR.US,D,20240412,000000,2.89,4,2.01,2.1,18362025,0
ALLR.US,D,20240415,000000,2.34,2.5,1.93,2,4613353,0
ALLR.US,D,20240416,000000,1.9,1.9,1.62,1.68,1294270,0
ALLR.US,D,20240417,000000,1.58,1.68,1.45,1.5,1141142,0
ALLR.US,D,20240418,000000,1.5,1.54,1.28,1.54,888688,0
ALLR.US,D,20240419,000000,1.48,1.58,1.35,1.4,459560,0
ALLR.US,D,20240422,000000,1.34,1.56,1.27,1.42,743436,0
ALLR.US,D,20240423,000000,1.48,1.66,1.36,1.42,805840,0
ALLR.US,D,20240424,000000,1.4,1.4499,1.36,1.37,264036,0
ALLR.US,D,20240425,000000,1.37,1.53,1.3,1.43,223259,0
ALLR.US,D,20240426,000000,1.7,1.7,1.43,1.46,188287,0
ALLR.US,D,20240429,000000,1.48,1.5,1.35,1.38,391682,0
ALLR.US,D,20240430,000000,1.35,1.3999,1.26,1.27,293753,0
ALLR.US,D,20240501,000000,1.27,1.44,1.15,1.37,717869,0
ALLR.US,D,20240502,000000,3.04,3.46,1.14,1.23,94380092,0
ALLR.US,D,20240503,000000,1.2,1.23,0.95,1,7555562,0
ALLR.US,D,20240506,000000,1.1,1.18,0.9,0.901,21050921,0
ALLR.US,D,20240507,000000,0.86,0.89,0.71,0.7327,8060476,0
ALLR.US,D,20240508,000000,0.7525,0.7799,0.7111,0.7667,5273281,0
ALLR.US,D,20240509,000000,0.78,0.82,0.72,0.754,4745924,0
ALLR.US,D,20240510,000000,0.75,0.849,0.7317,0.7911,6069430,0
ALLR.US,D,20240513,000000,0.78,0.8443,0.771,0.796,3595286,0
ALLR.US,D,20240514,000000,0.76,0.8171,0.7298,0.7885,9863255,0
ALLR.US,D,20240515,000000,0.733,0.74,0.643,0.6801,5750024,0
ALLR.US,D,20240516,000000,0.6742,0.7185,0.6622,0.6728,2881195,0
ALLR.US,D,20240517,000000,0.686,0.6884,0.632,0.639,4407000,0
ALLR.US,D,20240520,000000,0.666,0.667,0.5513,0.6275,4527149,0
ALLR.US,D,20240521,000000,0.6175,0.6299,0.555,0.5793,4153773,0
ALLR.US,D,20240522,000000,0.5751,0.653,0.55,0.64,8386432,0
ALLR.US,D,20240523,000000,0.64,0.64,0.585,0.5997,3411184,0
ALLR.US,D,20240524,000000,0.6,0.601449,0.561,0.5758,1858352,0
ALLR.US,D,20240528,000000,0.5848,0.595,0.5601,0.5752,1741440,0
ALLR.US,D,20240529,000000,0.5668,0.63,0.56,0.5904,2898348,0
ALLR.US,D,20240530,000000,0.58,0.6099,0.5524,0.58,2312547,0
ALLR.US,D,20240531,000000,0.61,0.6813,0.571,0.616,9002213,0
ALLR.US,D,20240603,000000,0.593,0.6214,0.578,0.6099,2943620,0
ALLR.US,D,20240604,000000,0.6025,0.609999,0.5725,0.5958,1473199,0
ALLR.US,D,20240605,000000,0.58,0.59,0.56,0.5674,2305736,0
ALLR.US,D,20240606,000000,0.575,0.5782,0.522,0.5549,2651377,0
ALLR.US,D,20240607,000000,0.5258,0.53,0.4751,0.501,2301380,0
ALLR.US,D,20240610,000000,0.5048,0.55,0.4815,0.53,1708075,0
ALLR.US,D,20240611,000000,0.51,0.528,0.47,0.4899,2467193,0
ALLR.US,D,20240612,000000,0.515,0.5273,0.482,0.5101,2299360,0
ALLR.US,D,20240613,000000,0.5,0.5117,0.455,0.4678,2019981,0
ALLR.US,D,20240614,000000,0.47,0.48,0.438,0.4549,2624403,0
ALLR.US,D,20240617,000000,0.46,0.46,0.415,0.4412,1998854,0
ALLR.US,D,20240618,000000,0.4378,0.453,0.3871,0.4413,2731940,0
ALLR.US,D,20240620,000000,0.4401,0.475,0.4202,0.4546,1704362,0
ALLR.US,D,20240621,000000,0.4505,0.4699,0.442,0.4455,4794971,0
ALLR.US,D,20240624,000000,0.3446,0.345,0.316,0.319,4853020,0
ALLR.US,D,20240625,000000,0.3332,0.353,0.2002,0.208,32154949,0
ALLR.US,D,20240626,000000,0.21,0.2154,0.185,0.201,7678472,0
ALLR.US,D,20240627,000000,0.2209,0.228,0.1964,0.205,15731385,0
ALLR.US,D,20240628,000000,0.2,0.2197,0.2,0.2129,4390720,0
ALLR.US,D,20240701,000000,0.218,0.2335,0.206,0.2266,2686128,0
ALLR.US,D,20240702,000000,0.2224,0.2254,0.2125,0.2168,1921312,0
ALLR.US,D,20240703,000000,0.212,0.2127,0.195,0.198,2757132,0
ALLR.US,D,20240705,000000,0.1984,0.2097,0.1953,0.2066,1775721,0
ALLR.US,D,20240708,000000,0.21,0.21,0.198,0.2097,1679345,0
ALLR.US,D,20240709,000000,0.2034,0.2081,0.1905,0.207,2000698,0
ALLR.US,D,20240710,000000,0.208,0.21,0.1906,0.1975,2699406,0
ALLR.US,D,20240711,000000,0.195,0.22,0.1911,0.1995,3293781,0
ALLR.US,D,20240712,000000,0.1962,0.213,0.1916,0.196,3012609,0
ALLR.US,D,20240715,000000,0.1963,0.2049,0.1806,0.199,3023125,0
ALLR.US,D,20240716,000000,0.2029,0.2059,0.1838,0.2034,2571288,0
ALLR.US,D,20240717,000000,0.207,0.2484,0.1948,0.204,10515012,0
ALLR.US,D,20240718,000000,0.2001,0.204,0.184,0.1865,4839183,0
ALLR.US,D,20240719,000000,0.184,0.1849,0.1679,0.168,5798560,0
ALLR.US,D,20240722,000000,0.1676,0.1695,0.1421,0.164,5862924,0
ALLR.US,D,20240723,000000,0.1548,0.23,0.1535,0.1665,61960584,0
ALLR.US,D,20240724,000000,0.21,0.219,0.1625,0.1787,65777205,0
ALLR.US,D,20240725,000000,0.16,0.199,0.152,0.1939,10456267,0
ALLR.US,D,20240726,000000,0.1875,0.246,0.1855,0.2228,15307153,0
ALLR.US,D,20240729,000000,0.205,0.23,0.195,0.2007,5172613,0
ALLR.US,D,20240730,000000,0.1985,0.2044,0.17,0.1766,3092440,0
ALLR.US,D,20240731,000000,0.185,0.193,0.178,0.182,1786628,0
ALLR.US,D,20240801,000000,0.1804,0.1895,0.1734,0.1765,1862024,0
ALLR.US,D,20240802,000000,0.1734,0.1735,0.1505,0.1614,2532473,0
ALLR.US,D,20240805,000000,0.1503,0.1677,0.1451,0.1545,1943608,0
ALLR.US,D,20240806,000000,0.1545,0.16,0.144,0.1455,1780996,0
ALLR.US,D,20240807,000000,0.1483,0.15,0.138,0.1397,1792774,0
ALLR.US,D,20240808,000000,0.1436,0.1564,0.1388,0.1418,1785042,0
ALLR.US,D,20240809,000000,0.1478,0.1564,0.142,0.148,1517610,0
ALLR.US,D,20240812,000000,0.15,0.15,0.1439,0.1473,762594,0
ALLR.US,D,20240813,000000,0.1515,0.1556,0.1455,0.1492,714556,0
ALLR.US,D,20240814,000000,0.1505,0.1625,0.1474,0.1575,1601708,0
ALLR.US,D,20240815,000000,0.157,0.168,0.1551,0.1625,1248473,0
ALLR.US,D,20240816,000000,0.16,0.1717,0.1554,0.1684,2423468,0
ALLR.US,D,20240819,000000,0.178,0.198,0.1725,0.1941,4621325,0
ALLR.US,D,20240820,000000,0.183,0.1847,0.1559,0.166,3675258,0
ALLR.US,D,20240821,000000,0.1669,0.1775,0.165,0.1676,1410924,0
ALLR.US,D,20240822,000000,0.1774,0.1835,0.1656,0.1767,1724481,0
ALLR.US,D,20240823,000000,0.18,0.2,0.1755,0.1829,2801662,0
ALLR.US,D,20240826,000000,0.1881,0.1881,0.161,0.1666,2529727,0
ALLR.US,D,20240827,000000,0.1655,0.17,0.1605,0.1652,695167,0
ALLR.US,D,20240828,000000,0.1662,0.17,0.15195,0.156,1012910,0
ALLR.US,D,20240829,000000,0.1548,0.1663,0.1526,0.16,4295640,0
ALLR.US,D,20240830,000000,0.165,0.198,0.163,0.1815,4678571,0
ALLR.US,D,20240903,000000,0.1743,0.17874,0.165,0.1675,1999589,0
ALLR.US,D,20240904,000000,0.1626,0.1729,0.1626,0.1662,746133,0
ALLR.US,D,20240905,000000,0.1659,0.169699,0.1606,0.1666,869254,0
ALLR.US,D,20240906,000000,0.172,0.1732,0.163,0.1654,757024,0
ALLR.US,D,20240909,000000,0.143,0.149,0.135,0.1438,2516835,0
ALLR.US,D,20240910,000000,0.1395,0.1398,0.1131,0.1135,4799291,0
ALLR.US,D,20240911,000000,2.85,3.95,2.58,3.7801,331923,0
ALLR.US,D,20240912,000000,3.62,3.835,2.75,2.88,295253,0
ALLR.US,D,20240913,000000,3.23,3.91,2.7791,3.41,1395587,0
ALLR.US,D,20240916,000000,3.39,3.68,3.212,3.38,692688,0
ALLR.US,D,20240917,000000,3.53,3.71,2.695,2.99,11308102,0
ALLR.US,D,20240918,000000,2.96,2.96,2.08,2.3,1539328,0
ALLR.US,D,20240919,000000,2.12,2.5699,1.78,2.26,1077889,0
ALLR.US,D,20240920,000000,2.23,2.2899,2.04,2.21,332761,0
ALLR.US,D,20240923,000000,2.16,2.4,1.85,2.24,634986,0
ALLR.US,D,20240924,000000,2.24,2.35,2.2,2.22,224797,0
ALLR.US,D,20240925,000000,2.27,2.3999,2.191,2.29,394092,0
ALLR.US,D,20240926,000000,2.28,2.34,2.22,2.23,360490,0
ALLR.US,D,20240927,000000,2.24,2.24,2.02,2.2,144385,0
ALLR.US,D,20240930,000000,2.2,2.22,2.1,2.11,166578,0
ALLR.US,D,20241001,000000,2.11,2.1349,1.721141,1.77,408004,0
ALLR.US,D,20241002,000000,1.72,1.8,1.68,1.72,186377,0
ALLR.US,D,20241003,000000,1.74,1.74,1.63,1.71,206488,0
ALLR.US,D,20241004,000000,1.7,1.8,1.69,1.76,98362,0
ALLR.US,D,20241007,000000,1.7,1.7495,1.63,1.64,111863,0
ALLR.US,D,20241008,000000,1.64,1.69,1.57,1.6,76336,0
ALLR.US,D,20241009,000000,1.59,1.59,1.422,1.47,133540,0
ALLR.US,D,20241010,000000,1.51,1.55,1.43,1.47,83232,0
ALLR.US,D,20241011,000000,1.43,1.5,1.37,1.39,139277,0
ALLR.US,D,20241014,000000,1.38,1.45,1.36,1.43,95950,0
ALLR.US,D,20241015,000000,1.44,1.69,1.4,1.66,589831,0
ALLR.US,D,20241016,000000,1.98,2.1,1.6,1.67,1001284,0
ALLR.US,D,20241017,000000,1.68,1.72,1.54,1.71,301536,0
ALLR.US,D,20241018,000000,1.66,1.7699,1.59,1.73,224185,0
ALLR.US,D,20241021,000000,1.75,1.8,1.53,1.63,165799,0
ALLR.US,D,20241022,000000,1.63,2.255,1.32,1.57,7484328,0
ALLR.US,D,20241023,000000,1.6,1.69,1.4306,1.5,852018,0
ALLR.US,D,20241024,000000,1.48,1.54,1.45,1.46,458580,0
ALLR.US,D,20241025,000000,1.46,1.54,1.35,1.5,347062,0
ALLR.US,D,20241028,000000,1.53,1.53,1.46,1.51,221555,0
ALLR.US,D,20241029,000000,1.48,1.67,1.48,1.56,508889,0
