<TICKER>,<PER>,<DATE>,<TIME>,<OPEN>,<HIGH>,<LOW>,<CLOSE>,<VOL>,<OPENINT>
ALZN.US,D,20210615,000000,435,503.25,165,202.5,341809.4001709,0
ALZN.US,D,20210616,000000,191.85,191.85,148.2,155.25,82803.400041402,0
ALZN.US,D,20210617,000000,165.6,179.545,147.15,151.35,35313.33335099,0
ALZN.US,D,20210618,000000,149.85,157.05,129.15,135.45,26278.333346473,0
ALZN.US,D,20210621,000000,137.85,137.85,112.65,121.8,26808.866680071,0
ALZN.US,D,20210622,000000,121.8,132.75,105.9,126,70411.466701872,0
ALZN.US,D,20210623,000000,135,142.2,125.7,134.1,101993.66671766,0
ALZN.US,D,20210624,000000,126,135.45,120.75,123.9,30019.666681676,0
ALZN.US,D,20210625,000000,125.55,140.85,123.9,129,74303.933370485,0
ALZN.US,D,20210628,000000,135.75,182.1,131.1,144,359586.66684646,0
ALZN.US,D,20210629,000000,140.85,170.4,136.35,165.9,393786.66686356,0
ALZN.US,D,20210630,000000,160.05,181.95,129,131.1,901049.20045052,0
ALZN.US,D,20210701,000000,138.076,138.75,112.95,115.2,182917.53342479,0
ALZN.US,D,20210702,000000,108,117,102.15,109.2,74386.733370527,0
ALZN.US,D,20210706,000000,111,111.9,103.65,104.55,56257.266694795,0
ALZN.US,D,20210707,000000,104.4,106.5,84.3195,97.5,112516.33338959,0
ALZN.US,D,20210708,000000,90.9,96.75,88.65,94.2,63812.133365239,0
ALZN.US,D,20210709,000000,93.15,101.098,91.236,91.95,82208.400041104,0
ALZN.US,D,20210712,000000,93.75,96.15,86.7,91.65,29020.60001451,0
ALZN.US,D,20210713,000000,90.6,99.9,90,93,90635.333378651,0
ALZN.US,D,20210714,000000,93,107.343,87,96.15,176057.6667547,0
ALZN.US,D,20210715,000000,96.75,107.55,91.5,104.7,259525.80012976,0
ALZN.US,D,20210716,000000,99.45,103.048,91.95,92.55,160012.26674667,0
ALZN.US,D,20210719,000000,89.55,89.55,72.75,79.05,132607.93339964,0
ALZN.US,D,20210720,000000,78.75,81.9,76.05,78.75,66258.000033129,0
ALZN.US,D,20210721,000000,78.6,85.8,78,82.95,104148.40005207,0
ALZN.US,D,20210722,000000,89.4,99.75,83.4,86.1,302747.46681804,0
ALZN.US,D,20210723,000000,122.1,124.2,84.45,85.95,1879026.0009395,0
ALZN.US,D,20210726,000000,79.2,79.35,73.05,73.65,149929.5334083,0
ALZN.US,D,20210727,000000,72,72.6,64.4985,66.3,101726.7333842,0
ALZN.US,D,20210728,000000,66.3,101.1,64.95,78.3,731341.933699,0
ALZN.US,D,20210729,000000,76.2,78.567,69,69.9,161149.33341391,0
ALZN.US,D,20210730,000000,69,72.9,66,66.375,76353.33337151,0
ALZN.US,D,20210802,000000,68.4,72.6,66.75,67.05,93887.46671361,0
ALZN.US,D,20210803,000000,68.19,68.2395,64.05,64.5,60687.000030344,0
ALZN.US,D,20210804,000000,66.75,68.1,63.15,65.25,73242.466703288,0
ALZN.US,D,20210805,000000,64.35,65.1,62.715,63.3,38309.400019155,0
ALZN.US,D,20210806,000000,63.45,64.05,59.1,62.4,55772.400027886,0
ALZN.US,D,20210809,000000,62.1,62.85,60.3,60.6,28897.533347782,0
ALZN.US,D,20210810,000000,61.5,64.95,59.1,61.05,71624.066702479,0
ALZN.US,D,20210811,000000,62.1,62.55,60.24,61.05,29991.933348329,0
ALZN.US,D,20210812,000000,61.35,62.1,56.4,57.45,42950.400021475,0
ALZN.US,D,20210813,000000,57.15,57.489,51.6,52.2,52198.733359433,0
ALZN.US,D,20210816,000000,53.85,54.15,51.7515,52.5,24800.6000124,0
ALZN.US,D,20210817,000000,51.15,51.8985,48.3,49.5,53755.533360211,0
ALZN.US,D,20210818,000000,50.4,53.55,48.75,49.5,30013.000015007,0
ALZN.US,D,20210819,000000,48.75,52.2,48.45,50.1,51608.933359138,0
ALZN.US,D,20210820,000000,49.2,52.05,48,48.6,61775.266697554,0
ALZN.US,D,20210823,000000,48.75,50.7,48.3,49.35,44300.533355484,0
ALZN.US,D,20210824,000000,49.95,50.85,48.6,49.35,51790.600025895,0
ALZN.US,D,20210825,000000,49.7655,49.7655,44.4,45.3,152588.53340963,0
ALZN.US,D,20210826,000000,45.45,46.461,44.25,45.15,37825.733352246,0
ALZN.US,D,20210827,000000,45.15,45.75,42.45,43.35,63142.266698238,0
ALZN.US,D,20210830,000000,43.8,49.95,42.75,46.2,207991.33343733,0
ALZN.US,D,20210831,000000,45.9,48.15,45.4485,45.9,96947.000048474,0
ALZN.US,D,20210901,000000,46.2,47.85,43.95,47.55,88858.333377763,0
ALZN.US,D,20210902,000000,47.25,52.8,46.95,50.25,137906.06673562,0
ALZN.US,D,20210903,000000,50.25,52.35,46.65,46.95,88995.666711165,0
ALZN.US,D,20210907,000000,47.7,49.05,45.3,45.75,81865.400040933,0
ALZN.US,D,20210908,000000,46.2,47.25,44.1,44.85,50313.066691823,0
ALZN.US,D,20210909,000000,45.15,45.9,44.4015,44.85,34861.333350764,0
ALZN.US,D,20210910,000000,45.75,49.05,44.1,44.25,154448.20007722,0
ALZN.US,D,20210913,000000,45,45.6,40.95,41.7,82598.200041299,0
ALZN.US,D,20210914,000000,42.3,42.45,38.25,39.9,86448.266709891,0
ALZN.US,D,20210915,000000,39.45,41.25,38.7,39.45,68052.53336736,0
ALZN.US,D,20210916,000000,39,43.2,37.5,40.05,167752.20008388,0
ALZN.US,D,20210917,000000,41.1,41.1,38.25,39,38746.800019373,0
ALZN.US,D,20210920,000000,37.5,38.6385,34.9515,35.55,64853.600032427,0
ALZN.US,D,20210921,000000,36.45,36.555,35.1,35.1,70886.06670211,0
ALZN.US,D,20210922,000000,36,37.65,34.95,35.4,89896.400044948,0
ALZN.US,D,20210923,000000,35.85,40.215,35.4,39.45,100071.40005004,0
ALZN.US,D,20210924,000000,38.1,39.15,36,36,44469.666688902,0
ALZN.US,D,20210927,000000,36.75,39.75,36.3,37.2,84045.600042023,0
ALZN.US,D,20210928,000000,38.1,38.55,36.3,36.45,36773.93335172,0
ALZN.US,D,20210929,000000,36.75,37.257,34.05,34.2,38600.666685967,0
ALZN.US,D,20210930,000000,34.35,53.55,33.3015,46.2,3927498.0686304,0
ALZN.US,D,20211001,000000,43.65,43.95,39.75,43.2,358149.53351241,0
ALZN.US,D,20211004,000000,43.05,44.25,39.45,44.25,147612.13340714,0
ALZN.US,D,20211005,000000,45.45,45.9,39.15,39.6,156372.13341152,0
ALZN.US,D,20211006,000000,39,40.194,36.15,39.3,141942.40007097,0
ALZN.US,D,20211007,000000,39,43.2,38.55,39.75,146376.66673985,0
ALZN.US,D,20211008,000000,39.9,40.65,37.95,38.25,51146.133358906,0
ALZN.US,D,20211011,000000,37.95,38.5095,36.9,37.2,36479.733351573,0
ALZN.US,D,20211012,000000,37.95,38.031,36.6,37.05,29666.0666815,0
ALZN.US,D,20211013,000000,37.65,37.725,36.15,37.05,28259.40001413,0
ALZN.US,D,20211014,000000,36.807,37.5,36.15,36.3,31727.46668253,0
ALZN.US,D,20211015,000000,36.6,36.738,35.4,35.85,39100.666686217,0
ALZN.US,D,20211018,000000,35.7,35.8035,33.45,33.9,81593.866707464,0
ALZN.US,D,20211019,000000,34.65,35.475,33.3,34.05,77924.600038962,0
ALZN.US,D,20211020,000000,34.05,35.1,33.375,34.35,47284.200023642,0
ALZN.US,D,20211021,000000,34.5,34.725,32.25,32.7,76020.00003801,0
ALZN.US,D,20211022,000000,32.7,33,30.6,31.65,91612.93337914,0
ALZN.US,D,20211025,000000,31.5,35.1,30.6,33,115359.93339101,0
ALZN.US,D,20211026,000000,33,33.3,31.5,31.95,63570.600031785,0
ALZN.US,D,20211027,000000,31.8,32.25,30.6,30.6,41159.066687246,0
ALZN.US,D,20211028,000000,31.2,31.65,30.75,31.35,32525.266682929,0
ALZN.US,D,20211029,000000,31.35,32.25,30.9,32.1,44259.60002213,0
ALZN.US,D,20211101,000000,31.95,33,31.65,31.95,58276.133362471,0
ALZN.US,D,20211102,000000,32.7,36.45,31.8,33.3,387913.66686062,0
ALZN.US,D,20211103,000000,32.55,34.5,32.175,32.7,98180.60004909,0
ALZN.US,D,20211104,000000,33.3,37.5,32.5635,34.35,478289.13357248,0
ALZN.US,D,20211105,000000,35.85,50.6985,35.4,43.2,10211796.871773,0
ALZN.US,D,20211108,000000,40.35,41.7,37.05,39.15,1172370.2672529,0
ALZN.US,D,20211109,000000,38.55,41.55,37.5,39.6,500479.46691691,0
ALZN.US,D,20211110,000000,39.15,39.15,32.1,32.25,714805.93369074,0
ALZN.US,D,20211111,000000,35.85,36.9,33.45,36,318281.26682581,0
ALZN.US,D,20211112,000000,35.4,36.3,34.35,35.1,168551.33341761,0
ALZN.US,D,20211115,000000,34.8,35.85,33.75,34.35,142571.66673795,0
ALZN.US,D,20211116,000000,33.9,34.605,33,34.05,114521.13339059,0
ALZN.US,D,20211117,000000,33.75,34.7985,32.85,33,110865.13338877,0
ALZN.US,D,20211118,000000,33.15,34.2,31.8,31.95,148180.93340742,0
ALZN.US,D,20211119,000000,31.95,33.6,31.8,32.55,85701.200042851,0
ALZN.US,D,20211122,000000,32.85,32.85,28.05,28.5,225646.46677949,0
ALZN.US,D,20211123,000000,28.95,35.1,28.5015,32.175,450457.40022523,0
ALZN.US,D,20211124,000000,31.5,35.7135,30.3,35.55,261704.73346419,0
ALZN.US,D,20211126,000000,33.3,34.5,32.25,34.05,74039.733370353,0
ALZN.US,D,20211129,000000,34.65,35.1,32.25,33.3,93995.733380331,0
ALZN.US,D,20211130,000000,33.75,34.35,30.45,32.1,201702.33343418,0
ALZN.US,D,20211201,000000,31.8,31.95,28.8,29.25,138848.66673609,0
ALZN.US,D,20211202,000000,29.25,31.2,28.65,30.3,100605.13338364,0
ALZN.US,D,20211203,000000,30.75,31.05,29.1,29.7,99342.600049671,0
ALZN.US,D,20211206,000000,29.1,29.85,28.2,29.7,57906.533362287,0
ALZN.US,D,20211207,000000,29.85,33.75,29.7195,32.1,157414.73341204,0
ALZN.US,D,20211208,000000,31.8,34.05,31.35,33.3,76270.133371468,0
ALZN.US,D,20211209,000000,33.6,34.95,32.55,34.2,81318.466707326,0
ALZN.US,D,20211210,000000,33.75,34.5,32.4,33,51705.066692519,0
ALZN.US,D,20211213,000000,34.5,36.8985,33.6,36,228944.20011447,0
ALZN.US,D,20211214,000000,38.7,47.4,37.2,46.2,3804821.4685691,0
ALZN.US,D,20211215,000000,41.1,41.85,35.1,38.85,670191.0003351,0
ALZN.US,D,20211216,000000,37.5,40.35,36.9015,37.95,202805.06676807,0
ALZN.US,D,20211217,000000,43.4685,45.6,35.7,36.75,1938204.6009691,0
ALZN.US,D,20211220,000000,34.35,34.65,30.75,31.5,347860.53350726,0
ALZN.US,D,20211221,000000,32.25,33.9,31.5,32.7,197378.13343202,0
ALZN.US,D,20211222,000000,32.1,33.6,31.35,31.95,172259.6667528,0
ALZN.US,D,20211223,000000,31.512,32.55,30.9,32.25,134046.06673369,0
ALZN.US,D,20211227,000000,32.7,33.6,31.158,31.95,106607.46671997,0
ALZN.US,D,20211228,000000,32.25,33.75,31.5,32.7,105011.86671917,0
ALZN.US,D,20211229,000000,32.5845,32.5845,28.95,29.1,164141.1334154,0
ALZN.US,D,20211230,000000,28.05,30,28.05,29.4,108635.46672098,0
ALZN.US,D,20211231,000000,28.5,31.05,28.5,28.5,95603.400047802,0
ALZN.US,D,20220103,000000,28.8,31.05,28.35,30.15,92131.000046065,0
ALZN.US,D,20220104,000000,30.6,36.6,29.25,33.45,1403736.8673685,0
ALZN.US,D,20220105,000000,31.95,32.7,29.25,29.85,278307.73347249,0
ALZN.US,D,20220106,000000,29.85,30.9,29.25,29.55,135949.86673464,0
ALZN.US,D,20220107,000000,29.7,29.8485,28.35,28.8,103597.06671847,0
ALZN.US,D,20220110,000000,28.65,28.725,26.55,27.9,153182.93340992,0
ALZN.US,D,20220111,000000,27.9,29.1,27.75,28.5,79233.73337295,0
ALZN.US,D,20220112,000000,28.2,28.8,27.15,27.6,77667.866705501,0
ALZN.US,D,20220113,000000,27.75,29.7,27.3,27.6,281273.80014064,0
ALZN.US,D,20220114,000000,27.75,28.05,26.2515,26.85,100995.66671716,0
ALZN.US,D,20220118,000000,26.25,26.55,24.15,24.3,105479.00005274,0
ALZN.US,D,20220119,000000,24.6,25.35,24,24.3,81625.533374146,0
ALZN.US,D,20220120,000000,24.75,26.8485,24.735,24.9,100057.33338336,0
ALZN.US,D,20220121,000000,24.9,25.35,22.35,22.8,123675.13339517,0
ALZN.US,D,20220124,000000,20.4,22.8,18.75,22.65,180010.06675667,0
ALZN.US,D,20220125,000000,21.45,22.05,21.15,22.05,39593.866686464,0
ALZN.US,D,20220126,000000,22.5,24.3,21.525,21.9,100963.93338382,0
ALZN.US,D,20220127,000000,21.6015,22.65,20.55,20.7,42495.066687914,0
ALZN.US,D,20220128,000000,21.45,21.75,19.95,21.6,35189.066684261,0
ALZN.US,D,20220131,000000,21.75,23.25,21.6,22.95,56300.266694817,0
ALZN.US,D,20220201,000000,22.5,23.925,22.251,23.4,20756.666677045,0
ALZN.US,D,20220202,000000,23.4,23.7,21.9,22.65,38604.000019302,0
ALZN.US,D,20220203,000000,21.6,22.65,21.525,21.75,31853.866682594,0
ALZN.US,D,20220204,000000,21,21.45,20.25,20.4,66964.466700149,0
ALZN.US,D,20220207,000000,20.55,22.2,20.4,21.45,55797.533361232,0
ALZN.US,D,20220208,000000,20.85,21.375,20.55,20.85,34972.666684153,0
ALZN.US,D,20220209,000000,21.15,22.05,20.025,20.85,57166.66669525,0
ALZN.US,D,20220210,000000,20.7,22.95,20.7,21.3,88609.000044304,0
ALZN.US,D,20220211,000000,21.45,22.35,20.286,21,48744.666691039,0
ALZN.US,D,20220214,000000,21,21.15,19.95,20.1,21279.733343973,0
ALZN.US,D,20220215,000000,21,21,20.1,20.7,22236.133344451,0
ALZN.US,D,20220216,000000,20.55,21.15,20.25,20.85,28015.200014008,0
ALZN.US,D,20220217,000000,20.85,20.877,19.8,19.95,22835.133344751,0
ALZN.US,D,20220218,000000,20.1,20.25,19.05,19.2,33728.000016864,0
ALZN.US,D,20220222,000000,18.9,19.4865,17.325,17.7,94315.533380491,0
ALZN.US,D,20220223,000000,17.7,18.45,17.25,17.85,30759.733348713,0
ALZN.US,D,20220224,000000,16.35,17.7,15.75,17.7,63482.933365075,0
ALZN.US,D,20220225,000000,18.15,18.15,16.8,17.25,22483.266677908,0
ALZN.US,D,20220228,000000,17.25,17.7,16.95,17.7,28861.200014431,0
ALZN.US,D,20220301,000000,18,19.425,17.862,18.6,53008.466693171,0
ALZN.US,D,20220302,000000,17.85,18.9,17.4,17.85,40847.26668709,0
ALZN.US,D,20220303,000000,17.55,18.3,17.25,18,28348.333347508,0
ALZN.US,D,20220304,000000,17.55,17.8575,16.95,17.25,22305.333344486,0
ALZN.US,D,20220307,000000,17.1,17.4,15.75,15.75,59644.066696489,0
ALZN.US,D,20220308,000000,16.05,16.5,15,15.75,52244.466692789,0
ALZN.US,D,20220309,000000,16.2,17.1,15.921,16.65,29774.800014887,0
ALZN.US,D,20220310,000000,16.2,16.35,15.75,16.05,22295.933344481,0
ALZN.US,D,20220311,000000,15.75,16.5,14.4,14.4,62178.466697756,0
ALZN.US,D,20220314,000000,14.25,15,13.8,14.271,25780.40001289,0
ALZN.US,D,20220315,000000,13.95,14.25,13.212,13.6515,27429.866680382,0
ALZN.US,D,20220316,000000,13.935,15.45,13.8015,14.862,52053.93335936,0
ALZN.US,D,20220317,000000,14.8845,17.25,14.4,15.45,128227.66673078,0
ALZN.US,D,20220318,000000,15.6,17.85,15.15,16.95,80237.133373452,0
ALZN.US,D,20220321,000000,17.85,17.85,16.2,16.65,91100.733378884,0
ALZN.US,D,20220322,000000,19.95,21.7485,18.75,19.95,975333.46715433,0
ALZN.US,D,20220323,000000,19.5,21,19.05,20.25,200908.66676712,0
ALZN.US,D,20220324,000000,20.1,20.1,17.55,18.6,113271.13338997,0
ALZN.US,D,20220325,000000,18.6,19.2,17.55,18.45,62883.600031442,0
ALZN.US,D,20220328,000000,18.15,19.2,17.7,18.3,111137.20005557,0
ALZN.US,D,20220329,000000,17.7,20.1,17.7,19.05,143105.73340489,0
ALZN.US,D,20220330,000000,19.35,19.35,17.4,17.55,84736.800042368,0
ALZN.US,D,20220331,000000,18,19.2,17.4555,18.45,170275.8667518,0
ALZN.US,D,20220401,000000,18.3,18.6,17.4,17.4,53299.20002665,0
ALZN.US,D,20220404,000000,17.7,18.3,17.1,18,35116.200017558,0
ALZN.US,D,20220405,000000,17.55,17.85,16.65,16.65,53425.133360046,0
ALZN.US,D,20220406,000000,16.65,16.8,15.15,16.35,64551.200032276,0
ALZN.US,D,20220407,000000,16.2,16.35,15.6,15.75,36894.866685114,0
ALZN.US,D,20220408,000000,15.9,17.1,15.45,16.8,82196.733374432,0
ALZN.US,D,20220411,000000,16.8,16.8,15.45,15.75,47796.200023898,0
ALZN.US,D,20220412,000000,16.05,16.2015,15,15.3,141642.20007082,0
ALZN.US,D,20220413,000000,16.5,18.6,15.9,16.5,415015.66687417,0
ALZN.US,D,20220414,000000,16.2,16.2,15.15,15.6,80539.60004027,0
ALZN.US,D,20220418,000000,15.15,17.25,14.7,14.775,77666.0667055,0
ALZN.US,D,20220419,000000,14.775,15.45,14.55,14.9865,35378.333351022,0
ALZN.US,D,20220420,000000,14.9925,15.15,14.2515,14.64,42802.466688068,0
ALZN.US,D,20220421,000000,14.55,14.697,13.6515,14.025,42238.333354453,0
ALZN.US,D,20220422,000000,13.9605,14.1,13.5015,13.56,37139.00001857,0
ALZN.US,D,20220425,000000,13.7835,14.5198,13.53,14.3895,29922.800014961,0
ALZN.US,D,20220426,000000,13.7805,14.3985,13.545,13.605,27000.933346834,0
ALZN.US,D,20220427,000000,13.95,14.1705,13.212,13.8015,29962.800014981,0
ALZN.US,D,20220428,000000,13.95,14.1735,12.828,13.6365,265254.46679929,0
ALZN.US,D,20220429,000000,13.95,16.5,13.65,15.3,230471.00011524,0
ALZN.US,D,20220502,000000,15.15,16.2,15,15.3,60135.333363401,0
ALZN.US,D,20220503,000000,14.2455,17.1,14.1,16.8,80691.800040346,0
ALZN.US,D,20220504,000000,16.35,16.65,14.7,16.35,58045.133362356,0
ALZN.US,D,20220505,000000,15.45,16.2,15,15.9,54125.933360396,0
ALZN.US,D,20220506,000000,15,15.6,14.268,14.829,46377.666689855,0
ALZN.US,D,20220509,000000,13.95,14.5485,13.4355,13.6785,41070.533353869,0
ALZN.US,D,20220510,000000,14.1,14.9985,13.65,14.592,37763.066685548,0
ALZN.US,D,20220511,000000,14.25,14.25,13.2105,13.4205,30063.000015031,0
ALZN.US,D,20220512,000000,13.2,13.2045,12.0075,13.173,42982.333354824,0
ALZN.US,D,20220513,000000,13.173,15.3,13.173,14.061,86240.333376454,0
ALZN.US,D,20220516,000000,13.842,14.652,13.5,13.845,30414.066681874,0
ALZN.US,D,20220517,000000,13.95,14.8815,13.95,14.8485,28350.600014175,0
ALZN.US,D,20220518,000000,14.37,14.7,13.5,13.9365,20350.666676842,0
ALZN.US,D,20220519,000000,13.635,13.875,13.35,13.656,10452.333338559,0
ALZN.US,D,20220520,000000,13.575,14.2425,13.215,13.725,25127.800012564,0
ALZN.US,D,20220523,000000,13.65,14.355,13.35,13.929,49596.066691465,0
ALZN.US,D,20220524,000000,13.6515,13.905,12.9,13.251,25583.800012792,0
ALZN.US,D,20220525,000000,12.906,13.725,12.9,13.65,22579.20001129,0
ALZN.US,D,20220526,000000,13.4655,14.16,13.05,13.68,21704.466677519,0
ALZN.US,D,20220527,000000,14.175,15.3,13.8,14.127,42860.133354763,0
ALZN.US,D,20220531,000000,14.7,15.45,13.95,14.1225,63935.266698634,0
ALZN.US,D,20220601,000000,14.7,14.7375,13.845,13.95,13564.733340116,0
ALZN.US,D,20220602,000000,14.25,14.7375,13.953,14.3175,11162.933338915,0
ALZN.US,D,20220603,000000,14.265,15,14.0595,14.625,18724.533342696,0
ALZN.US,D,20220606,000000,14.55,14.952,13.512,13.6875,42891.866688113,0
ALZN.US,D,20220607,000000,13.5015,14.394,13.5,13.8525,13670.533340169,0
ALZN.US,D,20220608,000000,14.25,14.46,13.8195,14.1345,20008.666676671,0
ALZN.US,D,20220609,000000,14.235,14.235,13.65,13.863,15699.866674517,0
ALZN.US,D,20220610,000000,13.863,14.235,13.335,13.9305,32354.866682844,0
ALZN.US,D,20220613,000000,12.9,13.725,12.45,12.9015,20511.533343589,0
ALZN.US,D,20220614,000000,13.125,13.125,12.4995,12.663,12548.000006274,0
ALZN.US,D,20220615,000000,12.6,13.2795,12.6,12.69,19675.133343171,0
ALZN.US,D,20220616,000000,12.75,12.75,12.1515,12.3,18688.733342678,0
ALZN.US,D,20220617,000000,12.9,13.5,12.465,13.113,23519.066678426,0
ALZN.US,D,20220621,000000,13.35,14.0715,13.35,13.35,12734.800006367,0
ALZN.US,D,20220622,000000,13.3545,14.175,13.3545,13.8675,13924.400006962,0
ALZN.US,D,20220623,000000,13.8,14.1765,13.575,14.019,11321.333338994,0
ALZN.US,D,20220624,000000,13.95,14.25,13.95,14.1945,11955.600005978,0
ALZN.US,D,20220627,000000,13.35,14.25,13.35,13.9095,11839.733339253,0
ALZN.US,D,20220628,000000,13.701,14.1,13.4115,13.5,5824.5333362456,0
ALZN.US,D,20220629,000000,13.35,13.5,12.9135,13.2045,12567.000006284,0
ALZN.US,D,20220630,000000,13.5,13.707,12.75,12.966,25492.73334608,0
ALZN.US,D,20220701,000000,12.966,13.3065,12.9,13.131,7796.000003898,0
ALZN.US,D,20220705,000000,13.5,14.055,12.75,14.0535,13749.400006875,0
ALZN.US,D,20220706,000000,13.65,14.1,13.35,13.827,10369.466671851,0
ALZN.US,D,20220707,000000,13.65,15.6,13.518,14.6925,39804.800019902,0
ALZN.US,D,20220708,000000,14.685,15.75,14.55,14.706,14705.666674019,0
ALZN.US,D,20220711,000000,14.5155,14.8305,13.65,14.25,11042.400005521,0
ALZN.US,D,20220712,000000,14.241,14.601,14.001,14.166,8482.1333375744,0
ALZN.US,D,20220713,000000,14.166,14.55,13.95,14.1855,4253.0666687932,0
ALZN.US,D,20220714,000000,14.1,14.397,13.815,14.046,4441.8000022209,0
ALZN.US,D,20220715,000000,13.95,14.565,13.68,13.95,8252.5333374596,0
ALZN.US,D,20220718,000000,13.68,15.4485,13.68,14.43,58040.266695687,0
ALZN.US,D,20220719,000000,14.85,14.85,13.95,13.95,16045.933341356,0
ALZN.US,D,20220720,000000,14.325,14.6985,13.95,14.232,15395.000007698,0
ALZN.US,D,20220721,000000,14.7,14.85,14.082,14.2597,14939.066674136,0
ALZN.US,D,20220722,000000,13.95,14.25,13.5,13.5855,18523.466675928,0
ALZN.US,D,20220725,000000,13.815,13.815,13.2225,13.29,8692.4000043462,0
ALZN.US,D,20220726,000000,13.3725,13.575,12.8415,13.422,9378.2000046891,0
ALZN.US,D,20220727,000000,13.05,13.4895,12.975,13.1295,22513.800011257,0
ALZN.US,D,20220728,000000,13.3875,13.65,13.0515,13.305,9816.3333382415,0
ALZN.US,D,20220729,000000,13.641,13.641,13.05,13.3365,6966.8666701501,0
ALZN.US,D,20220801,000000,13.335,13.53,13.1385,13.467,6594.5333366306,0
ALZN.US,D,20220802,000000,13.575,13.575,13.2,13.557,6710.9333366888,0
ALZN.US,D,20220803,000000,13.575,14.22,13.35,13.725,14763.533340715,0
ALZN.US,D,20220804,000000,13.6335,16.5,13.6335,15.15,121086.73339388,0
ALZN.US,D,20220805,000000,14.4,15.15,13.95,14.4,52770.733359719,0
ALZN.US,D,20220808,000000,14.25,15,14.1,14.6985,25931.933346299,0
ALZN.US,D,20220809,000000,14.7,15,14.2545,14.6565,18196.400009098,0
ALZN.US,D,20220810,000000,14.55,15.75,14.094,15.3,27259.333346963,0
ALZN.US,D,20220811,000000,15.15,15.9,14.553,15.15,27912.200013956,0
ALZN.US,D,20220812,000000,15,15.9,14.7,15.45,14115.000007058,0
ALZN.US,D,20220815,000000,15,15.9,14.8575,15.6,14567.200007284,0
ALZN.US,D,20220816,000000,15.9,16.5,15.45,16.35,38053.33335236,0
ALZN.US,D,20220817,000000,16.05,19.2,15.6,17.7,216122.53344139,0
ALZN.US,D,20220818,000000,17.85,19.05,16.65,17.85,59394.13336303,0
ALZN.US,D,20220819,000000,17.4,17.7,15.3,15.3,36809.800018405,0
ALZN.US,D,20220822,000000,15.3,15.888,14.1,14.55,33331.133349999,0
ALZN.US,D,20220823,000000,15.3,15.3,13.83,14.181,37121.733351894,0
ALZN.US,D,20220824,000000,14.3235,14.7,13.95,14.2305,22490.400011245,0
ALZN.US,D,20220825,000000,14.55,14.55,13.8,14.1015,26359.466679846,0
ALZN.US,D,20220826,000000,14.1975,14.55,13.8,13.992,14292.200007146,0
ALZN.US,D,20220829,000000,13.8045,14.985,13.8,14.5635,15136.733340902,0
ALZN.US,D,20220830,000000,14.25,14.85,13.95,14.3175,5609.8000028049,0
ALZN.US,D,20220831,000000,14.1,14.1,13.2765,13.575,29577.933348122,0
ALZN.US,D,20220901,000000,13.689,14.325,13.275,14.04,18379.466675856,0
ALZN.US,D,20220902,000000,13.9035,14.382,13.599,14.25,8584.5333376256,0
ALZN.US,D,20220906,000000,14.535,15.3,13.8345,14.766,34416.200017208,0
ALZN.US,D,20220907,000000,15.15,15.9,14.838,15.75,17673.466675503,0
ALZN.US,D,20220908,000000,15.75,16.5,15.3,15.9,19484.866676409,0
ALZN.US,D,20220909,000000,16.05,16.5,15.6,15.6,13216.933339942,0
ALZN.US,D,20220912,000000,15.9,16.35,15.45,15.6,13830.866673582,0
ALZN.US,D,20220913,000000,15.6,16.5,15.3,16.05,21951.466677642,0
ALZN.US,D,20220914,000000,16.2,17.25,15.75,17.1,43477.466688405,0
ALZN.US,D,20220915,000000,16.95,18.9,16.95,18.6,108457.0667209,0
ALZN.US,D,20220916,000000,18.45,19.35,16.5,18.75,202176.66676775,0
ALZN.US,D,20220919,000000,18.6,19.95,17.625,19.95,75735.066704534,0
ALZN.US,D,20220920,000000,19.2,20.25,18.75,20.25,74707.06670402,0
ALZN.US,D,20220921,000000,20.1,20.25,19.2,19.65,24779.333345723,0
ALZN.US,D,20220922,000000,19.05,19.2,17.55,18.15,45256.933355962,0
ALZN.US,D,20220923,000000,17.7,17.7,15.9,16.275,24621.066678977,0
ALZN.US,D,20220926,000000,16.35,17.1,15.75,16.5,21789.866677562,0
ALZN.US,D,20220927,000000,16.65,17.25,16.35,16.65,15411.000007706,0
ALZN.US,D,20220928,000000,18.15,20.7,16.65,17.7,358744.40017937,0
ALZN.US,D,20220929,000000,17.1,18.3,15.7515,17.85,69178.266701256,0
ALZN.US,D,20220930,000000,18.15,18.75,16.95,17.85,46715.933356691,0
ALZN.US,D,20221003,000000,18.15,18.75,17.55,18.3,30412.800015206,0
ALZN.US,D,20221004,000000,18.15,21.3,18.15,20.7,107259.80005363,0
ALZN.US,D,20221005,000000,20.4,22.2,18.9255,22.2,52675.200026338,0
ALZN.US,D,20221006,000000,21.9,22.5,20.25,21.15,32996.400016498,0
ALZN.US,D,20221007,000000,21.15,21.45,20.25,20.85,11040.066672187,0
ALZN.US,D,20221010,000000,20.7,20.7,19.65,20.1,13134.200006567,0
ALZN.US,D,20221011,000000,19.95,20.1,16.05,17.85,49302.666691318,0
ALZN.US,D,20221012,000000,17.7,18.9,17.7,18.15,19023.066676178,0
ALZN.US,D,20221013,000000,17.25,18.45,17.25,17.4,21033.000010517,0
ALZN.US,D,20221014,000000,17.4,17.85,15.75,15.75,30563.800015282,0
ALZN.US,D,20221017,000000,15.9,17.25,15.825,16.95,24640.20001232,0
ALZN.US,D,20221018,000000,17.55,17.9985,16.05,16.8,20391.200010196,0
ALZN.US,D,20221019,000000,16.2,17.4,15.9,17.1,9144.6000045723,0
ALZN.US,D,20221020,000000,17.1,17.4,16.5255,16.95,5077.4666692054,0
ALZN.US,D,20221021,000000,16.65,16.65,16.2,16.5,6520.666669927,0
ALZN.US,D,20221024,000000,16.2,16.35,15.45,16.05,12561.533339614,0
ALZN.US,D,20221025,000000,16.05,17.1,15.912,16.8,7759.7333372132,0
ALZN.US,D,20221026,000000,16.8,17.1,16.2,16.8,7282.4666703079,0
ALZN.US,D,20221027,000000,16.65,17.1,16.35,16.8,4879.4666691064,0
ALZN.US,D,20221028,000000,17.7,17.7,16.65,16.95,4588.4000022942,0
ALZN.US,D,20221031,000000,17.25,18.3,16.8,17.55,38166.600019083,0
ALZN.US,D,20221101,000000,18,18.45,16.65,17.1,14105.933340386,0
ALZN.US,D,20221102,000000,17.7,17.85,16.05,16.5,22308.866677821,0
ALZN.US,D,20221103,000000,16.2,17.1,15.6,16.05,11461.133339064,0
ALZN.US,D,20221104,000000,15.15,16.6485,15,15.6,33749.533350208,0
ALZN.US,D,20221107,000000,15.75,16.35,15.75,16.05,8447.1333375569,0
ALZN.US,D,20221108,000000,16.05,16.5,15.9,16.2,4790.7333357287,0
ALZN.US,D,20221109,000000,16.05,16.05,15.078,15.3,9107.2000045536,0
ALZN.US,D,20221110,000000,15.6,16.1955,15.3,15.45,7567.5333371171,0
ALZN.US,D,20221111,000000,15.75,16.2,15.45,15.9,7638.3333371525,0
ALZN.US,D,20221114,000000,15.45,16.65,15.45,16.05,6170.8000030854,0
ALZN.US,D,20221115,000000,16.35,16.95,15.9,16.8,9158.7333379127,0
ALZN.US,D,20221116,000000,15.9,19.6845,15.3,18.6,165421.33341604,0
ALZN.US,D,20221117,000000,18.75,19.35,18.0015,18.6,32447.800016224,0
ALZN.US,D,20221118,000000,19.8,19.8,18.3,18.75,24487.46667891,0
ALZN.US,D,20221121,000000,19.5,19.5,16.8,16.95,20505.733343586,0
ALZN.US,D,20221122,000000,17.55,18.909,17.25,18.75,30057.466681695,0
ALZN.US,D,20221123,000000,18.75,19.2,17.697,17.85,9945.4666716394,0
ALZN.US,D,20221125,000000,18.6,18.6,17.7,18.45,3035.6666681845,0
ALZN.US,D,20221128,000000,18.6,18.6,16.9395,17.1,25035.400012518,0
ALZN.US,D,20221129,000000,17.1,18,16.8,17.55,7104.4666702189,0
ALZN.US,D,20221130,000000,17.1,18,17.1,17.25,8462.2000042311,0
ALZN.US,D,20221201,000000,17.55,17.85,17.1,17.4,4742.6000023713,0
ALZN.US,D,20221202,000000,17.4,17.7,16.4145,17.25,10926.600005463,0
ALZN.US,D,20221205,000000,17.1,17.85,16.65,16.8,7421.4000037107,0
ALZN.US,D,20221206,000000,17.1,17.4,16.65,16.95,5668.6000028343,0
ALZN.US,D,20221207,000000,16.95,17.25,16.5,16.95,5308.6000026543,0
ALZN.US,D,20221208,000000,16.728,16.95,15.6,16.05,20741.133343704,0
ALZN.US,D,20221209,000000,16.35,16.35,15.75,15.906,4322.6000021613,0
ALZN.US,D,20221212,000000,16.2,16.2,15.45,16.05,10427.800005214,0
ALZN.US,D,20221213,000000,16.35,16.5,15.15,15.9,19419.866676377,0
ALZN.US,D,20221214,000000,15.75,16.2,13.968,13.968,51841.000025921,0
ALZN.US,D,20221215,000000,13.875,14.607,13.395,13.395,30890.333348779,0
ALZN.US,D,20221216,000000,13.5,13.8465,12.45,12.594,59404.733363036,0
ALZN.US,D,20221219,000000,12.9,13.755,12.0795,12.492,17979.866675657,0
ALZN.US,D,20221220,000000,12.15,12.7455,11.622,12.2415,21543.666677439,0
ALZN.US,D,20221221,000000,12.432,12.432,11.2875,11.475,15879.066674606,0
ALZN.US,D,20221222,000000,11.331,11.961,9.78,10.0485,72741.400036371,0
ALZN.US,D,20221223,000000,10.2,10.4017,9.4635,9.7485,22515.600011258,0
ALZN.US,D,20221227,000000,9.6855,9.75,8.7435,8.964,48633.400024317,0
ALZN.US,D,20221228,000000,9.225,9.225,7.35,7.95,116674.266725,0
ALZN.US,D,20221229,000000,8.4,8.4,7.653,8.1435,61799.733364233,0
ALZN.US,D,20221230,000000,8.2425,8.7585,8.145,8.4735,32106.800016053,0
ALZN.US,D,20230103,000000,8.6055,8.9985,8.4165,8.7,26811.066680072,0
ALZN.US,D,20230104,000000,9,9,8.19,8.6985,35280.066684307,0
ALZN.US,D,20230105,000000,8.745,8.85,8.4,8.802,20568.866676951,0
ALZN.US,D,20230106,000000,8.775,9.009,8.4765,8.8425,70921.666702128,0
ALZN.US,D,20230109,000000,8.94,9.0885,8.565,8.7165,28733.466681033,0
ALZN.US,D,20230110,000000,8.85,8.85,8.00941,8.262,21781.400010891,0
ALZN.US,D,20230111,000000,8.454,8.7,8.1045,8.418,15457.466674395,0
ALZN.US,D,20230112,000000,8.4195,8.7,8.1315,8.5275,21319.333343993,0
ALZN.US,D,20230113,000000,8.55,9.2055,8.55,8.895,20614.200010307,0
ALZN.US,D,20230117,000000,9,9.4485,8.919,9.4305,25150.866679242,0
ALZN.US,D,20230118,000000,9.435,9.4935,8.7,9.2745,20768.066677051,0
ALZN.US,D,20230119,000000,9,9.1485,8.85,8.8665,7606.3333371365,0
ALZN.US,D,20230120,000000,8.925,9.15,8.559,8.7585,11399.666672367,0
ALZN.US,D,20230123,000000,9,9.4035,8.99998,9.2355,7507.8000037539,0
ALZN.US,D,20230124,000000,9.2355,9.6015,9.1185,9.462,20838.066677086,0
ALZN.US,D,20230125,000000,9.15,9.59998,9.0015,9.3015,7403.8666703686,0
ALZN.US,D,20230126,000000,9.3,10.2,9.3,10.1835,18344.866675839,0
ALZN.US,D,20230127,000000,10.65,10.737,9.7425,9.9,20167.46667675,0
ALZN.US,D,20230130,000000,9.87,10.2,9.87,9.9165,9314.2666713238,0
ALZN.US,D,20230131,000000,9.9165,10.5045,9.7875,9.9555,13339.60000667,0
ALZN.US,D,20230201,000000,10.35,10.35,9.9,10.2,10450.200005225,0
ALZN.US,D,20230202,000000,10.2,10.932,10.2,10.443,19121.133342894,0
ALZN.US,D,20230203,000000,10.425,11.0535,10.332,10.65,18490.200009245,0
ALZN.US,D,20230206,000000,10.8,10.8,9.9015,10.1955,11754.266672544,0
ALZN.US,D,20230207,000000,10.128,10.2,9.6015,10.17,10314.733338491,0
ALZN.US,D,20230208,000000,10.125,10.17,9.4515,9.63,16724.200008362,0
ALZN.US,D,20230209,000000,9.6,9.6,8.9865,9.2865,20277.733343472,0
ALZN.US,D,20230210,000000,9.45,9.45,8.94,9.15151,9867.6666716005,0
ALZN.US,D,20230213,000000,9.0165,9.3,8.715,9.009,11814.066672574,0
ALZN.US,D,20230214,000000,9.1005,9.2925,8.7,9.288,7100.2666702168,0
ALZN.US,D,20230215,000000,8.7,9.288,8.7,8.7915,12997.466673165,0
ALZN.US,D,20230216,000000,8.7915,9,8.3535,8.541,8029.2000040146,0
ALZN.US,D,20230217,000000,8.8485,9,8.403,8.55,8643.4000043217,0
ALZN.US,D,20230221,000000,8.7,8.7,8.334,8.4,7261.0000036305,0
ALZN.US,D,20230222,000000,8.4,8.4825,8.1675,8.268,6525.2666699293,0
ALZN.US,D,20230223,000000,8.25,8.6985,7.95,8.064,8547.0666709402,0
ALZN.US,D,20230224,000000,7.8225,8.175,7.5,7.5225,14455.866673895,0
ALZN.US,D,20230227,000000,7.95,8.085,7.5735,8.079,6357.5333365121,0
ALZN.US,D,20230228,000000,8.0175,8.0835,7.95,8.0535,6097.6666697155,0
ALZN.US,D,20230301,000000,8.085,8.67,8.067,8.28,10131.800005066,0
ALZN.US,D,20230302,000000,8.1,8.4,7.953,8.1345,3195.333334931,0
ALZN.US,D,20230303,000000,8.1,8.4,7.8795,8.4,3606.000001803,0
ALZN.US,D,20230306,000000,8.25,8.25,7.8,8.0985,6364.3333365155,0
ALZN.US,D,20230307,000000,8.2275,8.238,7.68,8.175,4837.4000024187,0
ALZN.US,D,20230308,000000,8.175,8.25,7.8,8.055,6278.5333364726,0
ALZN.US,D,20230309,000000,7.65,8.25,7.65,7.8105,6116.8666697251,0
ALZN.US,D,20230310,000000,7.5645,8.0985,7.5,7.515,6160.2000030801,0
ALZN.US,D,20230313,000000,7.65,7.9095,7.359,7.6605,7688.2666705108,0
ALZN.US,D,20230314,000000,7.431,7.6185,7.2,7.2,5234.4666692839,0
ALZN.US,D,20230315,000000,6.9825,7.875,6.9825,7.191,11995.266672664,0
ALZN.US,D,20230316,000000,7.5,7.5,6.765,6.846,16746.86667504,0
ALZN.US,D,20230317,000000,6.75,6.849,5.43901,6,30102.200015051,0
ALZN.US,D,20230320,000000,4.6575,6.0075,4.6575,5.5515,36791.600018396,0
ALZN.US,D,20230321,000000,5.7015,6.6135,5.7015,6.3,24265.400012133,0
ALZN.US,D,20230322,000000,6.8625,6.921,6.3735,6.555,58627.800029314,0
ALZN.US,D,20230323,000000,6.543,6.579,6.15,6.45,9236.5333379516,0
ALZN.US,D,20230324,000000,6.447,6.6,6.2085,6.6,6816.7333367417,0
ALZN.US,D,20230327,000000,6.15,6.75,6.075,6.75,5967.4000029837,0
ALZN.US,D,20230328,000000,6.75,6.75,6.303,6.5295,5424.2666693788,0
ALZN.US,D,20230329,000000,6.6,6.75,6.414,6.5715,6020.5333363436,0
ALZN.US,D,20230330,000000,6.75,6.903,5.55,6.447,8458.8666708961,0
ALZN.US,D,20230331,000000,6.3,6.6525,6.1125,6.375,9577.5333381221,0
ALZN.US,D,20230403,000000,6.6,8.22,6.1665,7.35,52393.866692864,0
ALZN.US,D,20230404,000000,7.5,7.575,7.05,7.4625,12243.933339455,0
ALZN.US,D,20230405,000000,7.461,7.524,7.2,7.35,6916.5333367916,0
ALZN.US,D,20230406,000000,7.4565,7.6035,7.2645,7.452,5723.4000028617,0
ALZN.US,D,20230410,000000,7.5,7.6035,7.0515,7.57723,4438.2666688858,0
ALZN.US,D,20230411,000000,7.5,7.755,7.5,7.7295,5068.666669201,0
ALZN.US,D,20230412,000000,7.725,8.805,7.725,8.55,23153.200011577,0
ALZN.US,D,20230413,000000,8.8005,8.805,8.436,8.7,9388.0666713607,0
ALZN.US,D,20230414,000000,8.805,8.97,8.7735,8.8095,7454.666670394,0
ALZN.US,D,20230417,000000,8.8095,9,8.76,8.85,6709.4666700214,0
ALZN.US,D,20230418,000000,8.715,8.9985,8.25,8.4075,7052.2666701928,0
ALZN.US,D,20230419,000000,8.37,10.497,8.37,9.825,41196.800020598,0
ALZN.US,D,20230420,000000,9.9,10.2645,8.8035,8.8485,12660.20000633,0
ALZN.US,D,20230421,000000,9,9.45,8.8515,9,11892.466672613,0
ALZN.US,D,20230424,000000,9,9,8.754,8.8005,6226.9333364468,0
ALZN.US,D,20230425,000000,8.715,9,8.1015,8.4,10218.266671776,0
ALZN.US,D,20230426,000000,8.25,8.589,7.512,7.8765,11638.800005819,0
ALZN.US,D,20230427,000000,7.65,8.0985,7.65,8.0985,2011.6666676725,0
ALZN.US,D,20230428,000000,7.935,8.25,7.8015,8.2095,6790.666670062,0
ALZN.US,D,20230501,000000,8.4,8.4,7.8,7.9695,5015.1333358409,0
ALZN.US,D,20230502,000000,8.0025,8.2485,7.4865,7.65,5826.7333362467,0
ALZN.US,D,20230503,000000,7.95,8.049,7.5,7.5165,7033.0666701832,0
ALZN.US,D,20230504,000000,7.65,7.9935,7.5,7.647,7245.1333369559,0
ALZN.US,D,20230505,000000,7.425,7.764,7.425,7.704,5288.5333359776,0
ALZN.US,D,20230508,000000,7.65,7.8,7.5345,7.797,6294.0666698137,0
ALZN.US,D,20230509,000000,7.653,7.95,7.422,7.632,4037.4666686854,0
ALZN.US,D,20230510,000000,7.5,8.1,7.5,8.1,8549.8000042749,0
ALZN.US,D,20230511,000000,7.8765,8.025,7.8,7.8375,5451.333336059,0
ALZN.US,D,20230512,000000,7.83,8.0235,7.5015,7.509,5864.1333362654,0
ALZN.US,D,20230515,000000,7.8,8.097,7.539,7.7955,5698.8000028494,0
ALZN.US,D,20230516,000000,8.1,8.1,7.8,7.9485,6997.7333368322,0
ALZN.US,D,20230517,000000,7.8,7.95,7.725,7.872,2405.4666678694,0
ALZN.US,D,20230518,000000,7.8015,7.872,7.65,7.6665,7446.6000037233,0
ALZN.US,D,20230519,000000,7.95,7.95,7.3515,7.5,4967.0000024835,0
ALZN.US,D,20230522,000000,7.5,7.8,7.5,7.8,4774.6000023873,0
ALZN.US,D,20230523,000000,7.8585,8.25,7.65,8.01,15630.066674482,0
ALZN.US,D,20230524,000000,8.25,8.925,7.803,8.835,23097.066678215,0
ALZN.US,D,20230525,000000,9,9,8.595,8.85,7943.1333373049,0
ALZN.US,D,20230526,000000,8.85,9.9,8.8485,9.5895,20198.800010099,0
ALZN.US,D,20230530,000000,9.75,10.146,9.6,9.603,11744.933339206,0
ALZN.US,D,20230531,000000,10.2,11.085,10.05,10.893,20713.400010357,0
ALZN.US,D,20230601,000000,10.875,11.91,10.875,11.595,26758.133346712,0
ALZN.US,D,20230602,000000,11.55,11.85,10.7415,10.95,18373.266675853,0
ALZN.US,D,20230605,000000,11.2335,11.2335,9.8955,10.2735,12121.466672727,0
ALZN.US,D,20230606,000000,10.35,10.5,9.333,10.0785,16604.133341635,0
ALZN.US,D,20230607,000000,9.9,10.5,9.6045,10.323,7857.5333372621,0
ALZN.US,D,20230608,000000,10.35,11.1705,10.197,10.8,9436.0666713847,0
ALZN.US,D,20230609,000000,10.5,10.8,9.6,9.78,9046.66667119,0
ALZN.US,D,20230612,000000,10.05,10.7985,9.819,10.5855,8744.6000043723,0
ALZN.US,D,20230613,000000,10.8,10.8,10.1265,10.2,9655.0000048275,0
ALZN.US,D,20230614,000000,10.4985,10.6485,9.7515,9.759,6168.000003084,0
ALZN.US,D,20230615,000000,9.75,10.35,9.75,10.2,3391.8000016959,0
ALZN.US,D,20230616,000000,10.2,10.3125,9.786,10.134,4446.000002223,0
ALZN.US,D,20230620,000000,10.2795,10.5795,9.9,10.3365,6647.1333366569,0
ALZN.US,D,20230621,000000,10.2,10.5,10.0005,10.284,4596.000002298,0
ALZN.US,D,20230622,000000,9.8985,10.6485,9.8985,10.0755,23348.200011674,0
ALZN.US,D,20230623,000000,9.75,9.9,8.25,8.4765,34543.000017272,0
ALZN.US,D,20230626,000000,8.736,9,7.8075,8.4183,12676.733339672,0
ALZN.US,D,20230627,000000,8.4915,8.4915,7.35,7.5,31521.00001576,0
ALZN.US,D,20230628,000000,7.575,7.65,7.3515,7.434,20265.8666768,0
ALZN.US,D,20230629,000000,7.35,7.617,7.35,7.491,9269.1333379679,0
ALZN.US,D,20230630,000000,8.25,8.25,7.503,7.65,4731.8000023659,0
ALZN.US,D,20230703,000000,7.431,8.025,7.35,7.65,4698.2666690158,0
ALZN.US,D,20230705,000000,7.887,7.887,7.35,7.623,9356.6000046783,0
ALZN.US,D,20230706,000000,7.65,7.95,7.3215,7.383,11699.933339183,0
ALZN.US,D,20230707,000000,7.383,7.92,7.341,7.7295,9774.0666715537,0
ALZN.US,D,20230710,000000,7.782,7.9155,7.3545,7.575,8235.6000041178,0
ALZN.US,D,20230711,000000,7.515,7.7985,7.50765,7.665,5785.8000028929,0
ALZN.US,D,20230712,000000,7.569,7.86898,7.518,7.59,20326.133343496,0
ALZN.US,D,20230713,000000,7.515,7.89075,7.5,7.665,7986.9333373268,0
ALZN.US,D,20230714,000000,7.704,7.8165,7.3575,7.53,9479.9333380733,0
ALZN.US,D,20230717,000000,7.4655,8.037,7.4655,7.761,10411.466671872,0
ALZN.US,D,20230718,000000,7.761,7.7805,7.503,7.7025,10934.466672134,0
ALZN.US,D,20230719,000000,7.518,8.1,7.5045,7.812,9471.1333380689,0
ALZN.US,D,20230720,000000,7.5,7.95,7.35,7.395,13452.33334006,0
ALZN.US,D,20230721,000000,7.425,7.5,7.2225,7.2225,10093.600005047,0
ALZN.US,D,20230724,000000,7.2165,7.65,7.2165,7.275,5149.7333359082,0
ALZN.US,D,20230725,000000,7.3515,7.8,6.6,6.6,19980.40000999,0
ALZN.US,D,20230726,000000,6.75,6.75,6.48001,6.75,6355.8666698446,0
ALZN.US,D,20230727,000000,6.675,7.341,6.675,7.0485,3055.6666681945,0
ALZN.US,D,20230728,000000,6.6,7.32,6.6,7.1025,5885.4000029427,0
ALZN.US,D,20230731,000000,6.915,7.19098,6.75,6.795,7949.9333373083,0
ALZN.US,D,20230801,000000,6.87,7.2,6.7695,7.035,13379.133340023,0
ALZN.US,D,20230802,000000,7.03198,7.05,6.759,6.885,5128.9333358978,0
ALZN.US,D,20230803,000000,6.885,6.8985,5.7,5.904,27170.400013585,0
ALZN.US,D,20230804,000000,5.7915,6.702,5.7915,6.1815,7592.000003796,0
ALZN.US,D,20230807,000000,6.3,6.3,5.9415,6.0165,11494.200005747,0
ALZN.US,D,20230808,000000,6.03,6.3,5.8035,5.865,9330.6000046653,0
ALZN.US,D,20230809,000000,5.9415,6.081,5.55,5.865,27738.600013869,0
ALZN.US,D,20230810,000000,5.985,6,5.7015,5.799,13550.466673442,0
ALZN.US,D,20230811,000000,5.5665,5.805,5.28,5.4,18136.733342402,0
ALZN.US,D,20230814,000000,5.433,5.7,5.124,5.124,9374.9333380208,0
ALZN.US,D,20230815,000000,4.95,5.124,4.12651,4.635,40222.533353445,0
ALZN.US,D,20230816,000000,4.65,4.65,4.2,4.35,14599.2000073,0
ALZN.US,D,20230817,000000,4.305,4.35,4.13698,4.2,16031.866674683,0
ALZN.US,D,20230818,000000,4.074,4.35,3.8925,4.2225,19177.600009589,0
ALZN.US,D,20230821,000000,4.2,4.5,4.2,4.4415,11762.200005881,0
ALZN.US,D,20230822,000000,4.4655,4.4985,4.2285,4.3485,5474.4666694039,0
ALZN.US,D,20230823,000000,4.29,4.49848,4.2,4.3575,2987.2000014936,0
ALZN.US,D,20230824,000000,4.275,4.4025,3.834,4.125,14247.733340457,0
ALZN.US,D,20230825,000000,4.284,4.3455,3.8265,4.05,7715.6666705245,0
ALZN.US,D,20230828,000000,4.05,4.2375,3.795,4.2,9674.666671504,0
ALZN.US,D,20230829,000000,4.065,4.2,3.90751,4.197,11653.13333916,0
ALZN.US,D,20230830,000000,4.2,4.335,3.936,4.2,28594.066680964,0
ALZN.US,D,20230831,000000,4.074,4.2,3.933,3.933,10094.600005047,0
ALZN.US,D,20230901,000000,4.2675,4.2675,4.08451,4.1325,6868.7333367677,0
ALZN.US,D,20230905,000000,4.479,4.479,3.933,4.215,7753.4666705434,0
ALZN.US,D,20230906,000000,4.275,4.275,4.05,4.128,3730.666668532,0
ALZN.US,D,20230907,000000,4.197,4.197,3.75,4.0485,23554.000011777,0
ALZN.US,D,20230908,000000,4.05,4.095,3.6,3.645,24869.800012435,0
ALZN.US,D,20230911,000000,3.45,3.828,3.345,3.417,15969.866674652,0
ALZN.US,D,20230912,000000,3.45,3.75,3.45,3.465,13980.40000699,0
ALZN.US,D,20230913,000000,3.61201,3.9,3.405,3.405,11545.466672439,0
ALZN.US,D,20230914,000000,3.45,3.6225,3.165,3.3615,29099.266681216,0
ALZN.US,D,20230915,000000,3.261,3.6,3.261,3.6,16791.800008396,0
ALZN.US,D,20230918,000000,3.675,4.0035,3.384,3.384,10396.133338531,0
ALZN.US,D,20230919,000000,3.585,3.75,3.375,3.5895,6507.4000032537,0
ALZN.US,D,20230920,000000,3.615,3.615,3.384,3.45,3390.8000016954,0
ALZN.US,D,20230921,000000,3.615,3.615,3.384,3.4335,5000.1333358334,0
ALZN.US,D,20230922,000000,3.375,3.5235,3.16948,3.2985,11345.600005673,0
ALZN.US,D,20230925,000000,3.3,3.4485,3.15,3.297,14246.533340457,0
ALZN.US,D,20230926,000000,3.2115,3.336,2.78467,2.865,32180.466682757,0
ALZN.US,D,20230927,000000,3,3.6,2.96248,3.495,28789.133347728,0
ALZN.US,D,20230928,000000,3.516,3.786,3.51,3.579,20539.866676937,0
ALZN.US,D,20230929,000000,3.897,3.897,3.3,3.555,6573.2000032866,0
ALZN.US,D,20231002,000000,3.453,3.6,3.15,3.2535,69524.000034762,0
ALZN.US,D,20231003,000000,3.0105,3.345,3.0105,3.1665,4150.8000020754,0
ALZN.US,D,20231004,000000,3.1485,3.54,3.1485,3.3975,26127.26667973,0
ALZN.US,D,20231005,000000,3.39,3.45,3.1575,3.3105,11079.60000554,0
ALZN.US,D,20231006,000000,3.36,3.45,3.3015,3.4125,2908.1333347874,0
ALZN.US,D,20231009,000000,3.3,3.3,3.1635,3.1665,6245.5333364561,0
ALZN.US,D,20231010,000000,3.15,3.27,3.15,3.18,7230.9333369488,0
ALZN.US,D,20231011,000000,3.2205,3.375,3.1515,3.1515,6268.5333364676,0
ALZN.US,D,20231012,000000,3.309,3.357,3.15,3.255,6658.2666699958,0
ALZN.US,D,20231013,000000,3.267,3.2805,3.015,3.09,14965.86667415,0
ALZN.US,D,20231016,000000,3.12,3.2235,3.0075,3.0075,7710.8000038554,0
ALZN.US,D,20231017,000000,3.105,3.2985,3.0135,3.12,11963.066672648,0
ALZN.US,D,20231018,000000,3.135,3.2175,3.0015,3.12,4884.4666691089,0
ALZN.US,D,20231019,000000,3.0315,3.2985,3.015,3.048,16163.400008082,0
ALZN.US,D,20231020,000000,3.0225,3.1515,3,3.0165,7695.0666705142,0
ALZN.US,D,20231023,000000,3.033,3.057,2.8875,2.9985,14097.466673715,0
ALZN.US,D,20231024,000000,3,3.12,2.8875,2.91,31829.800015915,0
ALZN.US,D,20231025,000000,3,3,2.85,2.883,5109.1333358879,0
ALZN.US,D,20231026,000000,2.931,3,2.745,2.7525,9271.0000046355,0
ALZN.US,D,20231027,000000,2.889,3,2.5725,2.583,12549.533339608,0
ALZN.US,D,20231030,000000,1.9035,2.055,1.698,1.947,110139.9333884,0
ALZN.US,D,20231031,000000,1.72,2.032,1.72,1.7508,110163,0
ALZN.US,D,20231101,000000,1.72,1.77,1.485,1.5501,43106,0
ALZN.US,D,20231102,000000,1.61,1.7,1.58,1.65,25508,0
ALZN.US,D,20231103,000000,1.64,2,1.612,1.92,56594,0
ALZN.US,D,20231106,000000,1.89,2,1.78,1.8,60058,0
ALZN.US,D,20231107,000000,1.76,1.8089,1.6675,1.72,19786,0
ALZN.US,D,20231108,000000,1.74,1.75,1.54,1.56,47803,0
ALZN.US,D,20231109,000000,1.6,1.6,1.4101,1.411,40714,0
ALZN.US,D,20231110,000000,1.48,1.48,1.45,1.46,8356,0
ALZN.US,D,20231113,000000,1.46,1.46,1.3234,1.36,35363,0
ALZN.US,D,20231114,000000,1.37,1.46,1.35,1.4001,23152,0
ALZN.US,D,20231115,000000,1.4,1.59,1.4,1.5,37461,0
ALZN.US,D,20231116,000000,1.52,1.52,1.4001,1.48,9122,0
ALZN.US,D,20231117,000000,1.482,1.7499,1.4,1.69,52574,0
ALZN.US,D,20231120,000000,1.71,1.92,1.14,1.39,4633622,0
ALZN.US,D,20231121,000000,1.24,1.24,1.06,1.09,432357,0
ALZN.US,D,20231122,000000,1.08,1.08,0.99,1.05,204030,0
ALZN.US,D,20231124,000000,1.11,1.11,1,1.0327,36151,0
ALZN.US,D,20231127,000000,0.99,1.03,0.9603,1,85465,0
ALZN.US,D,20231128,000000,0.97,1.08,0.97,1.07,127942,0
ALZN.US,D,20231129,000000,1.08,1.25,1,1.17,210773,0
ALZN.US,D,20231130,000000,1.13,1.22,1.08,1.21,90156,0
ALZN.US,D,20231201,000000,1.21,1.21,1.1,1.12,102721,0
ALZN.US,D,20231204,000000,1.14,1.15,1.02,1.03,105844,0
ALZN.US,D,20231205,000000,1.03,1.0547,1.01,1.04,53315,0
ALZN.US,D,20231206,000000,1.11,1.11,1.02,1.06,70689,0
ALZN.US,D,20231207,000000,1.1,1.1442,1.07,1.11,114082,0
ALZN.US,D,20231208,000000,1.11,1.1101,1.03,1.07,66391,0
ALZN.US,D,20231211,000000,1.05,1.05,1,1,304277,0
ALZN.US,D,20231212,000000,1.02,1.0261,0.9662,0.99,66455,0
ALZN.US,D,20231213,000000,1,1.03,0.960253,1.03,47701,0
ALZN.US,D,20231214,000000,1.02,1.0999,1,1.05,95147,0
ALZN.US,D,20231215,000000,1.04,1.06,0.9849,1,45915,0
ALZN.US,D,20231218,000000,1.02,1.0354,0.960701,1,72703,0
ALZN.US,D,20231219,000000,0.97,1.01,0.92,0.96,85929,0
ALZN.US,D,20231220,000000,1,1,0.8416,0.8416,150295,0
ALZN.US,D,20231221,000000,0.8921,0.9698,0.88,0.9,96036,0
ALZN.US,D,20231222,000000,0.91,0.9242,0.88,0.9019,63447,0
ALZN.US,D,20231226,000000,0.9243,0.95,0.8671,0.9009,42909,0
ALZN.US,D,20231227,000000,0.901,0.919,0.8613,0.885,58532,0
ALZN.US,D,20231228,000000,0.88,0.92,0.871,0.89,55509,0
ALZN.US,D,20231229,000000,0.905,0.97,0.8734,0.89,103976,0
ALZN.US,D,20240102,000000,0.924,0.9546,0.8825,0.92,65509,0
ALZN.US,D,20240103,000000,0.9243,0.94,0.89,0.9327,65063,0
ALZN.US,D,20240104,000000,0.94,0.9771,0.91,0.9771,52665,0
ALZN.US,D,20240105,000000,0.995,0.995,0.9201,0.95,26133,0
ALZN.US,D,20240108,000000,0.95,0.9971,0.91,0.99,66366,0
ALZN.US,D,20240109,000000,0.9898,0.9971,0.96,0.98,23876,0
ALZN.US,D,20240110,000000,0.96,0.9973,0.95,0.9888,85292,0
ALZN.US,D,20240111,000000,0.997,0.997,0.93,0.93,54408,0
ALZN.US,D,20240112,000000,0.98,0.9969,0.94,0.9744,14043,0
ALZN.US,D,20240116,000000,0.97,0.97,0.931,0.933,27634,0
ALZN.US,D,20240117,000000,0.93,0.93,0.88,0.93,35577,0
ALZN.US,D,20240118,000000,0.9083,0.93,0.9,0.91,5835,0
ALZN.US,D,20240119,000000,0.905,0.9093,0.885,0.887,12720,0
ALZN.US,D,20240122,000000,0.8999,0.920906,0.89,0.8905,15109,0
ALZN.US,D,20240123,000000,0.93,0.93,0.88,0.8843,33828,0
ALZN.US,D,20240124,000000,0.9,0.9196,0.88,0.9196,23631,0
ALZN.US,D,20240125,000000,0.9196,0.9299,0.9,0.9051,14882,0
ALZN.US,D,20240126,000000,0.93,0.93,0.74,0.81,91329,0
ALZN.US,D,20240129,000000,0.84,0.9,0.839799,0.87,26772,0
ALZN.US,D,20240130,000000,0.87,0.9,0.86,0.8726,18956,0
ALZN.US,D,20240131,000000,0.89,0.9,0.86,0.86,4899,0
ALZN.US,D,20240201,000000,0.9,0.9,0.86,0.8712,12159,0
ALZN.US,D,20240202,000000,0.8815,0.93,0.8715,0.875,9144,0
ALZN.US,D,20240205,000000,0.88,0.92,0.869,0.869,14176,0
ALZN.US,D,20240206,000000,0.879,0.91,0.878,0.891,11200,0
ALZN.US,D,20240207,000000,0.91,0.91,0.86,0.8832,43446,0
ALZN.US,D,20240208,000000,0.87,0.95,0.87,0.94,15444,0
ALZN.US,D,20240209,000000,0.93,0.93,0.86,0.9191,8679,0
ALZN.US,D,20240212,000000,0.98,0.98,0.9,0.92,37032,0
ALZN.US,D,20240213,000000,0.92,0.9296,0.88,0.909,14033,0
ALZN.US,D,20240214,000000,0.95,0.9665,0.87,0.9,11499,0
ALZN.US,D,20240215,000000,0.882,0.93,0.86,0.8828,37567,0
ALZN.US,D,20240216,000000,0.92,0.9299,0.85,0.85,19012,0
ALZN.US,D,20240220,000000,0.8897,0.9,0.851,0.9,50941,0
ALZN.US,D,20240221,000000,0.8916,0.9001,0.86,0.865,12895,0
ALZN.US,D,20240222,000000,0.86,0.9,0.86,0.881,12405,0
ALZN.US,D,20240223,000000,0.9,0.9,0.8773,0.8959,23468,0
ALZN.US,D,20240226,000000,0.886,0.915,0.88,0.9055,21028,0
ALZN.US,D,20240227,000000,0.9022,0.9263,0.9,0.9,11456,0
ALZN.US,D,20240228,000000,0.92,0.92,0.88,0.91,18467,0
ALZN.US,D,20240229,000000,0.94,0.94,0.9001,0.9161,27883,0
ALZN.US,D,20240301,000000,0.94,0.94,0.902,0.918,14297,0
ALZN.US,D,20240304,000000,0.95,0.97,0.91,0.968516,87139,0
ALZN.US,D,20240305,000000,0.98,1.29,0.95,1.17,704257,0
ALZN.US,D,20240306,000000,1.2,1.27,1.0515,1.12,266988,0
ALZN.US,D,20240307,000000,1.07,1.1,1,1.06,130820,0
ALZN.US,D,20240308,000000,1.11,1.2025,1.06,1.18,108844,0
ALZN.US,D,20240311,000000,1.23,1.24,1.15,1.2,53409,0
ALZN.US,D,20240312,000000,1.22,1.22,1.06,1.12,60684,0
ALZN.US,D,20240313,000000,1.1,1.1,0.95,1.05,122245,0
ALZN.US,D,20240314,000000,1.05,1.05,0.931,0.97,122587,0
ALZN.US,D,20240315,000000,0.9301,0.97,0.93,0.93,54408,0
ALZN.US,D,20240318,000000,0.93,1.02,0.93,0.97,32369,0
ALZN.US,D,20240319,000000,0.96,1.0796,0.96,1.06,49457,0
ALZN.US,D,20240320,000000,1.04,1.1,1,1.04,56746,0
ALZN.US,D,20240321,000000,1.04,1.1017,1.024,1.05,21598,0
ALZN.US,D,20240322,000000,1.07,1.07,1.01,1.07,31044,0
ALZN.US,D,20240325,000000,1.06,1.065,1,1.01,62392,0
ALZN.US,D,20240326,000000,1.05,1.05,0.953601,0.9952,67078,0
ALZN.US,D,20240327,000000,0.9753,1.05,0.9604,1.02,19334,0
ALZN.US,D,20240328,000000,0.98,1.04,0.98,1,16662,0
ALZN.US,D,20240401,000000,0.99,0.99,0.862,0.88,198583,0
ALZN.US,D,20240402,000000,0.9,0.98,0.88,0.909,71207,0
ALZN.US,D,20240403,000000,0.91605,0.9399,0.885,0.885,20570,0
ALZN.US,D,20240404,000000,0.9007,0.93,0.8901,0.9,46770,0
ALZN.US,D,20240405,000000,0.93,0.93,0.885,0.8851,59604,0
ALZN.US,D,20240408,000000,0.88,0.93,0.8711,0.88,51877,0
ALZN.US,D,20240409,000000,0.929,0.9299,0.880001,0.91333,26685,0
ALZN.US,D,20240410,000000,0.8908,0.9275,0.88,0.88,5357,0
ALZN.US,D,20240411,000000,0.9275,0.9275,0.885,0.8925,8396,0
ALZN.US,D,20240412,000000,0.9,0.9,0.8485,0.85,32934,0
ALZN.US,D,20240415,000000,0.8562,0.8801,0.741,0.74105,116809,0
ALZN.US,D,20240416,000000,0.741,0.84,0.741,0.7623,54621,0
ALZN.US,D,20240417,000000,0.77,0.77,0.7,0.7241,59045,0
ALZN.US,D,20240418,000000,0.72,0.72,0.6833,0.691,27697,0
ALZN.US,D,20240419,000000,0.714,0.714,0.6516,0.67,27856,0
ALZN.US,D,20240422,000000,0.7,0.7001,0.67,0.685,48454,0
ALZN.US,D,20240423,000000,0.6857,0.7295,0.685,0.7256,20097,0
ALZN.US,D,20240424,000000,0.7135,0.73,0.7053,0.7092,19675,0
ALZN.US,D,20240425,000000,0.72,0.73,0.7,0.7,25277,0
ALZN.US,D,20240426,000000,0.74,0.74,0.7,0.719501,14435,0
ALZN.US,D,20240429,000000,0.75,0.75,0.7,0.71,21110,0
ALZN.US,D,20240430,000000,0.73,0.78,0.71,0.711,17538,0
ALZN.US,D,20240501,000000,0.7651,0.77,0.7,0.718,39722,0
ALZN.US,D,20240502,000000,0.74,0.74,0.7,0.735,25614,0
ALZN.US,D,20240503,000000,0.735,0.74,0.7152,0.726,18974,0
ALZN.US,D,20240506,000000,0.72,0.74,0.701,0.7038,29661,0
ALZN.US,D,20240507,000000,0.7051,0.7099,0.4388,0.5629,479486,0
ALZN.US,D,20240508,000000,0.5974,0.5999,0.521,0.528,83356,0
ALZN.US,D,20240509,000000,0.55,0.59,0.48,0.59,394367,0
ALZN.US,D,20240510,000000,0.5723,0.5723,0.5017,0.5432,63680,0
ALZN.US,D,20240513,000000,0.5535,0.5535,0.4894,0.505,110677,0
ALZN.US,D,20240514,000000,0.52,0.73,0.51,0.6,482124,0
ALZN.US,D,20240515,000000,0.639,0.639,0.57095,0.62,68460,0
ALZN.US,D,20240516,000000,0.62,0.66,0.6089,0.649,95343,0
ALZN.US,D,20240517,000000,0.6347,0.6785,0.600101,0.6336,32280,0
ALZN.US,D,20240520,000000,0.659,0.659,0.6205,0.6335,27849,0
ALZN.US,D,20240521,000000,0.6311,0.68,0.62,0.6298,19453,0
ALZN.US,D,20240522,000000,0.659,0.68,0.6,0.62,56932,0
ALZN.US,D,20240523,000000,0.6294,0.63,0.565,0.594399,98025,0
ALZN.US,D,20240524,000000,0.6242,0.63,0.5901,0.6,31191,0
ALZN.US,D,20240528,000000,0.58,0.6,0.570101,0.573,35845,0
ALZN.US,D,20240529,000000,0.61,0.61,0.5552,0.5777,40470,0
ALZN.US,D,20240530,000000,0.61,0.619699,0.5806,0.581,9183,0
ALZN.US,D,20240531,000000,0.6165,0.6165,0.56,0.59,18848,0
ALZN.US,D,20240603,000000,0.6299,0.63,0.555,0.58,56907,0
ALZN.US,D,20240604,000000,0.5701,0.6,0.555,0.58,21022,0
ALZN.US,D,20240605,000000,0.58,0.61,0.559,0.58,21231,0
ALZN.US,D,20240606,000000,0.58,0.6,0.554,0.58,51198,0
ALZN.US,D,20240607,000000,0.5562,0.5869,0.5562,0.58,8443,0
ALZN.US,D,20240610,000000,0.577,0.578,0.5581,0.56,31712,0
ALZN.US,D,20240611,000000,0.5622,0.5626,0.5069,0.54,13998,0
ALZN.US,D,20240612,000000,0.543,0.5499,0.4636,0.49,100822,0
ALZN.US,D,20240613,000000,0.536,0.5669,0.48755,0.5669,737277,0
ALZN.US,D,20240614,000000,0.508,0.5088,0.4411,0.4545,164490,0
ALZN.US,D,20240617,000000,0.4464,0.46,0.39,0.399967,153849,0
ALZN.US,D,20240618,000000,0.4,0.4263,0.38,0.399,173356,0
ALZN.US,D,20240620,000000,0.4189,0.4299,0.398,0.399,116573,0
ALZN.US,D,20240621,000000,0.424,0.424,0.3888,0.42,43940,0
ALZN.US,D,20240624,000000,0.414,0.42,0.3691,0.3895,133338,0
ALZN.US,D,20240625,000000,0.39,0.4099,0.3819,0.3819,24728,0
ALZN.US,D,20240626,000000,0.41,0.41,0.3821,0.386,29547,0
ALZN.US,D,20240627,000000,0.409,0.4099,0.39,0.4,26787,0
ALZN.US,D,20240628,000000,0.4057,0.42,0.39,0.3944,37420,0
ALZN.US,D,20240701,000000,0.391,0.42,0.391,0.4087,29313,0
ALZN.US,D,20240702,000000,0.4086,0.45,0.395,0.396,52242,0
ALZN.US,D,20240703,000000,0.3959,0.419899,0.3707,0.39,36477,0
ALZN.US,D,20240705,000000,0.403,0.41,0.38,0.3909,62042,0
ALZN.US,D,20240708,000000,0.42,0.469,0.413,0.4598,149111,0
ALZN.US,D,20240709,000000,0.4598,0.4598,0.4301,0.44,154115,0
ALZN.US,D,20240710,000000,0.447,0.46,0.41,0.4416,59348,0
ALZN.US,D,20240711,000000,0.44,0.45,0.42,0.427,58528,0
ALZN.US,D,20240712,000000,0.4138,0.4495,0.3936,0.412699,147560,0
ALZN.US,D,20240715,000000,0.3995,0.4099,0.37075,0.373,180861,0
ALZN.US,D,20240716,000000,3.75,4.25,3.52,3.97,53270,0
ALZN.US,D,20240717,000000,4.1,4.3499,3.9337,3.97,20139,0
ALZN.US,D,20240718,000000,4,4.42,3.77,3.8101,18580,0
ALZN.US,D,20240719,000000,3.95,3.95,3.7,3.72,6868,0
ALZN.US,D,20240722,000000,3.72,3.72,3.27,3.52,13029,0
ALZN.US,D,20240723,000000,3.63,4.1,3.45,3.7549,27574,0
ALZN.US,D,20240724,000000,3.82,3.891,3.6201,3.64,10650,0
ALZN.US,D,20240725,000000,3.75,4.24,3.75,3.89,67365,0
ALZN.US,D,20240726,000000,4,4.16,3.62,3.81,26624,0
ALZN.US,D,20240729,000000,4.07,4.25,3.81,3.9899,30030,0
ALZN.US,D,20240730,000000,3.91,4.1,3.4001,3.4001,70407,0
ALZN.US,D,20240731,000000,3.76,3.76,3.44,3.57,11825,0
ALZN.US,D,20240801,000000,3.69,3.69,3.41,3.515,12332,0
ALZN.US,D,20240802,000000,3.4,3.4,3.18,3.26,12714,0
ALZN.US,D,20240805,000000,3.69,3.69,2.4101,2.54,197640,0
ALZN.US,D,20240806,000000,2.69,2.745,2.2201,2.29,36227,0
ALZN.US,D,20240807,000000,2.5,2.5,2.02,2.09,53376,0
ALZN.US,D,20240808,000000,2.19,2.25,2.0427,2.15,25980,0
ALZN.US,D,20240809,000000,2.11,2.24,2.0303,2.135,29291,0
ALZN.US,D,20240812,000000,2.1,2.67,2.1,2.1999,223967,0
ALZN.US,D,20240813,000000,2.19,2.19,1.835,2.029,95540,0
ALZN.US,D,20240814,000000,2.03,2.0699,1.9501,2.02,29146,0
ALZN.US,D,20240815,000000,2.03,2.1999,1.87,1.96,181533,0
ALZN.US,D,20240816,000000,1.96,2.0399,1.91,2.0399,46839,0
ALZN.US,D,20240819,000000,7.03,15.06,5.72,5.85,82076260,0
ALZN.US,D,20240820,000000,5.23,5.64,4.15,4.39,4765008,0
ALZN.US,D,20240821,000000,4.85,5.3,4.25,4.35,4780099,0
ALZN.US,D,20240822,000000,4.28,4.48,3.14,3.39,1261417,0
ALZN.US,D,20240823,000000,3.4,3.4887,3.03,3.08,701124,0
ALZN.US,D,20240826,000000,3.12,3.235,2.7,2.85,779943,0
ALZN.US,D,20240827,000000,2.77,3.03,2.46,2.54,795100,0
ALZN.US,D,20240828,000000,2.45,2.78,2.31,2.37,651091,0
ALZN.US,D,20240829,000000,2.38,2.45,2.22,2.29,411148,0
ALZN.US,D,20240830,000000,2.31,2.77,2.25,2.35,1348005,0
ALZN.US,D,20240903,000000,2.34,2.47,2.29,2.4,380074,0
ALZN.US,D,20240904,000000,2.36,2.5799,2.32,2.42,639679,0
ALZN.US,D,20240905,000000,2.4,2.47,2.1303,2.19,472765,0
ALZN.US,D,20240906,000000,2.18,2.27,2.0501,2.12,454083,0
ALZN.US,D,20240909,000000,2.21,2.25,2.04,2.09,369200,0
ALZN.US,D,20240910,000000,2.12,2.14,1.99,2.11,300300,0
ALZN.US,D,20240911,000000,2.06,2.08,1.96,2.03,258295,0
ALZN.US,D,20240912,000000,2.04,2.12,1.97,2.02,343990,0
ALZN.US,D,20240913,000000,2.08,2.08,1.9,1.93,367731,0
ALZN.US,D,20240916,000000,1.93,1.97,1.8001,1.82,331066,0
ALZN.US,D,20240917,000000,1.83,1.83,1.6601,1.68,290138,0
ALZN.US,D,20240918,000000,1.69,1.75,1.6,1.73,418102,0
ALZN.US,D,20240919,000000,1.76,1.82,1.7,1.75,297601,0
ALZN.US,D,20240920,000000,1.71,1.725,1.66,1.69,145213,0
ALZN.US,D,20240923,000000,1.69,1.705,1.4,1.55,513663,0
ALZN.US,D,20240924,000000,1.52,1.59,1.5,1.58,180639,0
ALZN.US,D,20240925,000000,1.58,1.64,1.55,1.58,159991,0
ALZN.US,D,20240926,000000,1.64,1.755,1.57,1.71,410253,0
ALZN.US,D,20240927,000000,1.7,1.8,1.7,1.77,118982,0
ALZN.US,D,20240930,000000,1.76,1.8,1.62,1.69,181085,0
ALZN.US,D,20241001,000000,1.71,1.72,1.6,1.7,127529,0
ALZN.US,D,20241002,000000,1.66,1.67,1.56,1.67,87465,0
ALZN.US,D,20241003,000000,1.68,1.68,1.55,1.63,82579,0
ALZN.US,D,20241004,000000,1.6,1.67,1.56,1.66,97859,0
ALZN.US,D,20241007,000000,1.67,1.71,1.47,1.55,158514,0
ALZN.US,D,20241008,000000,1.56,1.58,1.5001,1.56,103189,0
ALZN.US,D,20241009,000000,1.52,1.65,1.52,1.6,111867,0
ALZN.US,D,20241010,000000,1.57,1.62,1.56,1.6,100599,0
ALZN.US,D,20241011,000000,1.6,1.66,1.6,1.66,118368,0
ALZN.US,D,20241014,000000,1.66,1.71,1.58,1.68,985600,0
ALZN.US,D,20241015,000000,1.69,1.9,1.61,1.67,549974,0
ALZN.US,D,20241016,000000,1.68,1.74,1.52,1.66,2717107,0
ALZN.US,D,20241017,000000,1.65,1.68,1.51,1.64,328458,0
ALZN.US,D,20241018,000000,1.65,1.75,1.58,1.675,317915,0
ALZN.US,D,20241021,000000,1.72,1.73,1.64,1.73,164142,0
ALZN.US,D,20241022,000000,1.69,1.74,1.66,1.7,124117,0
ALZN.US,D,20241023,000000,1.7,1.7,1.5201,1.62,210679,0
ALZN.US,D,20241024,000000,1.59,1.6399,1.57,1.62,57960,0
ALZN.US,D,20241025,000000,1.63,1.64,1.5703,1.61,94250,0
ALZN.US,D,20241028,000000,1.65,1.65,1.56,1.63,73547,0
ALZN.US,D,20241029,000000,1.63,1.6311,1.56,1.6,99957,0
