<TICKER>,<PER>,<DATE>,<TIME>,<OPEN>,<HIGH>,<LOW>,<CLOSE>,<VOL>,<OPENINT>
ASCBF.US,D,20220601,000000,9.84,9.84,9.84,9.84,102264,0
ASCBF.US,D,20220602,000000,9.84,9.84,9.84,9.84,206,0
ASCBF.US,D,20220607,000000,9.84,9.84,9.84,9.84,14580,0
ASCBF.US,D,20220608,000000,9.82,9.84,9.82,9.83,340355,0
ASCBF.US,D,20220609,000000,9.84,9.86,9.84,9.84,191542,0
ASCBF.US,D,20220613,000000,9.82,9.87,9.82,9.87,338,0
ASCBF.US,D,20220614,000000,9.85,9.85,9.84,9.8459,20716,0
ASCBF.US,D,20220615,000000,9.85,9.85,9.8284,9.83,167101,0
ASCBF.US,D,20220616,000000,9.83,9.84,9.81,9.81,251228,0
ASCBF.US,D,20220617,000000,9.82,9.85,9.82,9.85,344991,0
ASCBF.US,D,20220622,000000,9.85,9.85,9.81,9.81,1491,0
ASCBF.US,D,20220623,000000,9.82,9.832,9.8196,9.82,163268,0
ASCBF.US,D,20220624,000000,9.8399,9.85,9.8399,9.84,7828,0
ASCBF.US,D,20220627,000000,9.8537,9.8607,9.8499,9.86,135088,0
ASCBF.US,D,20220628,000000,9.82,9.86,9.82,9.84,33632,0
ASCBF.US,D,20220629,000000,9.84,9.86,9.83,9.85,49176,0
ASCBF.US,D,20220630,000000,9.84,9.86,9.82,9.84,237722,0
ASCBF.US,D,20220701,000000,9.84,9.86,9.84,9.85,21349,0
ASCBF.US,D,20220705,000000,9.84,9.855,9.835,9.8403,102013,0
ASCBF.US,D,20220706,000000,9.84,9.86,9.84,9.86,7055,0
ASCBF.US,D,20220707,000000,9.86,9.87,9.82,9.83,78919,0
ASCBF.US,D,20220708,000000,9.84,9.85,9.84,9.85,431,0
ASCBF.US,D,20220711,000000,9.86,9.86,9.86,9.86,13900,0
ASCBF.US,D,20220713,000000,9.87,9.87,9.87,9.87,40026,0
ASCBF.US,D,20220714,000000,9.86,9.8601,9.85,9.85,7841,0
ASCBF.US,D,20220715,000000,9.87,9.87,9.83,9.84,2600,0
ASCBF.US,D,20220718,000000,9.865,9.88,9.86,9.88,33604,0
ASCBF.US,D,20220719,000000,9.87,9.87,9.87,9.87,5756,0
ASCBF.US,D,20220720,000000,9.87,9.87,9.85,9.85,27261,0
ASCBF.US,D,20220722,000000,9.88,9.89,9.875,9.885,54254,0
ASCBF.US,D,20220725,000000,9.9,9.9,9.8964,9.8964,47010,0
ASCBF.US,D,20220726,000000,9.88,9.88,9.88,9.88,4464,0
ASCBF.US,D,20220727,000000,9.8909,9.91,9.8909,9.91,13341,0
ASCBF.US,D,20220728,000000,9.87,9.91,9.87,9.91,24649,0
ASCBF.US,D,20220801,000000,9.89,9.91,9.89,9.9,7159,0
ASCBF.US,D,20220802,000000,9.9,9.91,9.9,9.91,100688,0
ASCBF.US,D,20220803,000000,9.8992,9.9,9.86,9.86,24754,0
ASCBF.US,D,20220804,000000,9.9,9.9,9.89,9.89,65757,0
ASCBF.US,D,20220805,000000,9.89,9.89,9.88,9.89,31300,0
ASCBF.US,D,20220808,000000,9.89,9.91,9.89,9.905,15075,0
ASCBF.US,D,20220809,000000,9.9028,9.91,9.87,9.89,5251,0
ASCBF.US,D,20220811,000000,9.91,9.92,9.91,9.92,57519,0
ASCBF.US,D,20220812,000000,9.93,9.93,9.92,9.92,19775,0
ASCBF.US,D,20220816,000000,9.91,9.925,9.91,9.91,11354,0
ASCBF.US,D,20220817,000000,9.92,9.92,9.92,9.92,165,0
ASCBF.US,D,20220819,000000,9.92,9.95,9.92,9.95,9758,0
ASCBF.US,D,20220822,000000,9.93,9.95,9.93,9.94,46857,0
ASCBF.US,D,20220829,000000,9.94,9.94,9.935,9.935,430,0
ASCBF.US,D,20220830,000000,9.92,9.92,9.92,9.92,265,0
ASCBF.US,D,20220831,000000,9.925,9.925,9.925,9.925,235,0
ASCBF.US,D,20220901,000000,10.4,10.4,9.94,9.95,2462,0
ASCBF.US,D,20220908,000000,9.94,9.94,9.94,9.94,9586,0
ASCBF.US,D,20220912,000000,9.96,9.96,9.96,9.96,158,0
ASCBF.US,D,20220914,000000,9.9575,9.98,9.95,9.95,355584,0
ASCBF.US,D,20220915,000000,9.96,9.96,9.96,9.96,200,0
ASCBF.US,D,20220916,000000,9.97,9.97,9.9575,9.96,2043,0
ASCBF.US,D,20220919,000000,9.97,10,9.97,9.98,7903,0
ASCBF.US,D,20220920,000000,9.99,10,9.99,9.995,67391,0
ASCBF.US,D,20220921,000000,10.48,10.48,9.96,9.96,820882,0
ASCBF.US,D,20220922,000000,9.96,9.96,9.96,9.96,157,0
ASCBF.US,D,20220926,000000,9.97,10,9.96,9.96,10552,0
ASCBF.US,D,20220927,000000,10,10,10,10,205,0
ASCBF.US,D,20220928,000000,9.95,9.96,9.95,9.95,5574,0
ASCBF.US,D,20221003,000000,9.95,9.96,9.95,9.96,16132,0
ASCBF.US,D,20221004,000000,9.97,9.97,9.97,9.97,315,0
ASCBF.US,D,20221006,000000,9.97,9.97,9.9693,9.97,3551,0
ASCBF.US,D,20221007,000000,9.9701,9.9701,9.9701,9.9701,863,0
ASCBF.US,D,20221010,000000,9.98,9.98,9.97,9.97,506,0
ASCBF.US,D,20221011,000000,9.97,9.97,9.97,9.97,102,0
ASCBF.US,D,20221014,000000,9.98,9.98,9.98,9.98,160,0
ASCBF.US,D,20221017,000000,10.03,10.03,9.98,9.99,131759,0
ASCBF.US,D,20221018,000000,9.99,10,9.99,10,330,0
ASCBF.US,D,20221020,000000,9.995,10.005,9.995,10,32104,0
ASCBF.US,D,20221021,000000,10.01,10.015,10,10.015,16004,0
ASCBF.US,D,20221024,000000,10.01,10.01,10.01,10.01,300004,0
ASCBF.US,D,20221025,000000,10.01,10.05,10.01,10.04,1107456,0
ASCBF.US,D,20221026,000000,10.01,10.01,10.01,10.01,2500,0
ASCBF.US,D,20221028,000000,10.01,10.01,10.01,10.01,11303,0
ASCBF.US,D,20221031,000000,10.06,10.06,10.06,10.06,202,0
ASCBF.US,D,20221101,000000,10.06,10.07,10.06,10.07,1450,0
ASCBF.US,D,20221102,000000,10.06,10.06,10.06,10.06,101,0
ASCBF.US,D,20221103,000000,10.06,10.06,10.06,10.06,225,0
ASCBF.US,D,20221104,000000,10.065,10.065,10.06,10.06,2291,0
ASCBF.US,D,20221107,000000,10.065,10.065,10.065,10.065,292,0
ASCBF.US,D,20221110,000000,10.06,10.08,10.06,10.08,4540,0
ASCBF.US,D,20221114,000000,10.09,10.09,10.07,10.07,537,0
ASCBF.US,D,20221117,000000,10.09,10.09,10.09,10.09,203,0
ASCBF.US,D,20221118,000000,10.09,10.09,10.09,10.09,1689,0
ASCBF.US,D,20221121,000000,10.09,10.09,10.09,10.09,200284,0
ASCBF.US,D,20221122,000000,10.095,10.095,10.095,10.095,102,0
ASCBF.US,D,20221123,000000,10.105,10.115,10.1,10.115,34267,0
ASCBF.US,D,20221129,000000,10.11,10.11,10.11,10.11,385135,0
ASCBF.US,D,20221205,000000,10.145,10.145,10.145,10.145,150,0
ASCBF.US,D,20221206,000000,10.13,10.13,10.13,10.13,215,0
ASCBF.US,D,20221208,000000,10.14,10.14,10.14,10.14,3056,0
ASCBF.US,D,20221209,000000,10.14,10.14,10.14,10.14,100000,0
ASCBF.US,D,20221212,000000,10.14,10.145,10.14,10.14,156924,0
ASCBF.US,D,20221213,000000,10.15,10.15,10.15,10.15,1068,0
ASCBF.US,D,20221214,000000,10.145,10.16,10.145,10.15,104700,0
ASCBF.US,D,20221215,000000,10.15,10.15,10.15,10.15,100044,0
ASCBF.US,D,20221216,000000,10.15,10.15,10.15,10.15,68610,0
ASCBF.US,D,20221219,000000,10.15,10.15,10.15,10.15,700,0
ASCBF.US,D,20221220,000000,10.15,10.19,10.15,10.15,6415,0
ASCBF.US,D,20221221,000000,10.15,10.15,10.15,10.15,375,0
ASCBF.US,D,20221222,000000,10.2,10.2,10.17,10.17,104000,0
ASCBF.US,D,20221223,000000,10.17,10.19,10.17,10.19,39002,0
ASCBF.US,D,20221227,000000,10.19,10.19,10.16,10.17,68606,0
ASCBF.US,D,20221228,000000,10.2,10.2,10.18,10.19,121600,0
ASCBF.US,D,20221229,000000,10.24,10.24,10.24,10.24,100,0
ASCBF.US,D,20221230,000000,10.23,10.235,10.21,10.23,415557,0
ASCBF.US,D,20230103,000000,10.23,10.23,10.23,10.23,2980,0
ASCBF.US,D,20230105,000000,10.23,10.23,10.23,10.23,2110,0
ASCBF.US,D,20230106,000000,10.23,10.24,10.21,10.23,9426,0
ASCBF.US,D,20230109,000000,10.24,10.24,10.23,10.24,124136,0
ASCBF.US,D,20230112,000000,10.22,10.22,10.22,10.22,25142,0
ASCBF.US,D,20230120,000000,10.23,10.25,10.23,10.25,2412,0
ASCBF.US,D,20230124,000000,10.23,10.25,10.23,10.25,6592,0
ASCBF.US,D,20230131,000000,10.26,10.26,10.26,10.26,1860,0
ASCBF.US,D,20230202,000000,10.2736,10.2736,10.2736,10.2736,1680,0
ASCBF.US,D,20230203,000000,10.28,10.28,10.26,10.26,25620,0
ASCBF.US,D,20230206,000000,10.28,10.28,10.27,10.27,542331,0
ASCBF.US,D,20230207,000000,10.28,10.3,10.275,10.29,1457520,0
ASCBF.US,D,20230209,000000,10.29,10.29,10.29,10.29,5001,0
ASCBF.US,D,20230210,000000,10.285,10.305,10.285,10.305,1097409,0
ASCBF.US,D,20230213,000000,10.29,10.29,10.29,10.29,241,0
ASCBF.US,D,20230214,000000,10.3,10.3,10.3,10.3,306,0
ASCBF.US,D,20230215,000000,10.31,10.32,10.31,10.32,154985,0
ASCBF.US,D,20230217,000000,10.33,10.33,10.31,10.31,3214,0
ASCBF.US,D,20230221,000000,10.33,10.33,10.31,10.31,2377,0
ASCBF.US,D,20230222,000000,10.31,10.31,10.31,10.31,460,0
ASCBF.US,D,20230223,000000,10.32,10.33,10.32,10.33,3500,0
ASCBF.US,D,20230224,000000,10.32,10.34,10.32,10.34,200,0
ASCBF.US,D,20230227,000000,10.335,10.34,10.335,10.335,6359,0
ASCBF.US,D,20230228,000000,10.335,10.345,10.33,10.345,2026466,0
ASCBF.US,D,20230301,000000,10.35,10.4,10.35,10.39,132013,0
ASCBF.US,D,20230302,000000,10.35,10.35,10.35,10.35,102,0
ASCBF.US,D,20230303,000000,10.35,10.38,10.35,10.35,13446,0
ASCBF.US,D,20230306,000000,10.35,10.35,10.35,10.35,5235,0
ASCBF.US,D,20230307,000000,10.36,10.37,10.36,10.36,8254,0
ASCBF.US,D,20230308,000000,10.4,10.4,10.38,10.38,7368,0
ASCBF.US,D,20230310,000000,10.38,10.385,10.35,10.35,9490,0
ASCBF.US,D,20230315,000000,10.36,10.36,10.36,10.36,606,0
ASCBF.US,D,20230316,000000,10.36,10.36,10.36,10.36,373,0
ASCBF.US,D,20230317,000000,10.36,10.36,10.36,10.36,154,0
ASCBF.US,D,20230320,000000,10.36,10.4,10.36,10.4,6223,0
ASCBF.US,D,20230327,000000,10.4,10.4,10.385,10.39,5565,0
ASCBF.US,D,20230328,000000,10.385,10.385,10.38,10.38,2575,0
ASCBF.US,D,20230329,000000,10.385,10.39,10.38,10.39,9396,0
ASCBF.US,D,20230403,000000,10.39,10.4,10.39,10.39,17604,0
ASCBF.US,D,20230404,000000,10.39,10.39,10.39,10.39,7317,0
ASCBF.US,D,20230405,000000,10.4,10.4,10.39,10.39,16994,0
ASCBF.US,D,20230406,000000,10.41,10.41,10.41,10.41,11661,0
ASCBF.US,D,20230410,000000,10.39,10.41,10.39,10.41,10358,0
ASCBF.US,D,20230411,000000,10.39,10.39,10.39,10.39,1104,0
ASCBF.US,D,20230412,000000,10.39,10.39,10.39,10.39,3886,0
ASCBF.US,D,20230413,000000,10.39,10.41,10.39,10.41,136694,0
ASCBF.US,D,20230414,000000,10.41,10.41,10.41,10.41,671,0
ASCBF.US,D,20230417,000000,10.42,10.42,10.415,10.42,3857,0
ASCBF.US,D,20230418,000000,10.42,10.42,10.42,10.42,81679,0
ASCBF.US,D,20230419,000000,10.45,10.45,10.45,10.45,3314,0
ASCBF.US,D,20230421,000000,10.44,10.445,10.43,10.43,237217,0
ASCBF.US,D,20230426,000000,10.46,10.46,10.43,10.43,53562,0
ASCBF.US,D,20230427,000000,10.45,10.45,10.45,10.45,340,0
ASCBF.US,D,20230428,000000,10.44,10.456,10.44,10.45,70994,0
ASCBF.US,D,20230501,000000,10.45,10.46,10.45,10.46,11526,0
ASCBF.US,D,20230502,000000,10.46,10.46,10.46,10.46,2162,0
ASCBF.US,D,20230503,000000,10.46,10.47,10.46,10.47,51649,0
ASCBF.US,D,20230505,000000,10.49,10.49,10.49,10.49,128,0
ASCBF.US,D,20230509,000000,10.46,10.46,10.46,10.46,4448,0
ASCBF.US,D,20230510,000000,10.47,10.47,10.47,10.47,829,0
ASCBF.US,D,20230511,000000,10.47,10.47,10.46,10.47,1309,0
ASCBF.US,D,20230512,000000,10.47,10.47,10.47,10.47,50000,0
ASCBF.US,D,20230515,000000,10.48,10.48,10.46,10.47,7987,0
ASCBF.US,D,20230516,000000,10.47,10.47,10.47,10.47,45124,0
ASCBF.US,D,20230517,000000,10.47,10.47,10.47,10.47,50050,0
ASCBF.US,D,20230518,000000,10.47,10.47,10.47,10.47,8630,0
ASCBF.US,D,20230519,000000,10.48,10.483,10.48,10.48,404974,0
ASCBF.US,D,20230525,000000,10.48,10.48,10.48,10.48,20000,0
ASCBF.US,D,20230530,000000,10.55,10.55,10.55,10.55,415,0
ASCBF.US,D,20230531,000000,10.49,10.5,10.49,10.5,1903,0
ASCBF.US,D,20230601,000000,10.5,10.5,10.5,10.5,71821,0
ASCBF.US,D,20230602,000000,10.5,10.5,10.5,10.5,1105,0
ASCBF.US,D,20230606,000000,10.51,10.51,10.5,10.505,5653,0
ASCBF.US,D,20230607,000000,10.51,10.53,10.5,10.5,7901,0
ASCBF.US,D,20230608,000000,10.5,10.5,10.5,10.5,50336,0
ASCBF.US,D,20230609,000000,10.52,10.52,10.52,10.52,68422,0
ASCBF.US,D,20230612,000000,10.51,10.51,10.51,10.51,100010,0
ASCBF.US,D,20230614,000000,10.52,10.52,10.52,10.52,60000,0
ASCBF.US,D,20230615,000000,10.58,10.58,10.51,10.53,25648,0
ASCBF.US,D,20230622,000000,10.53,10.53,10.53,10.53,19130,0
ASCBF.US,D,20230623,000000,10.53,10.53,10.53,10.53,15000,0
ASCBF.US,D,20230626,000000,10.55,10.55,10.55,10.55,128848,0
ASCBF.US,D,20230627,000000,10.52,10.52,10.52,10.52,1537,0
ASCBF.US,D,20230628,000000,10.54,10.54,10.54,10.54,170680,0
ASCBF.US,D,20230629,000000,10.58,10.58,10.54,10.54,103001,0
ASCBF.US,D,20230703,000000,10.55,10.55,10.55,10.55,100000,0
ASCBF.US,D,20230705,000000,10.56,10.56,10.5522,10.56,93391,0
ASCBF.US,D,20230706,000000,10.56,10.56,10.56,10.56,181760,0
ASCBF.US,D,20230707,000000,10.56,10.56,10.56,10.56,150101,0
ASCBF.US,D,20230710,000000,10.56,10.57,10.56,10.57,275300,0
ASCBF.US,D,20230711,000000,10.58,10.58,10.57,10.58,946324,0
ASCBF.US,D,20230712,000000,10.57,10.575,10.57,10.57,1070217,0
ASCBF.US,D,20230713,000000,10.57,10.58,10.56,10.57,329069,0
ASCBF.US,D,20230714,000000,10.57,10.57,10.57,10.57,352577,0
ASCBF.US,D,20230717,000000,10.575,10.58,10.57,10.58,128075,0
ASCBF.US,D,20230718,000000,10.57,10.585,10.57,10.58,1118241,0
ASCBF.US,D,20230719,000000,10.575,10.58,10.57,10.58,3952,0
ASCBF.US,D,20230720,000000,10.58,10.585,10.57,10.57,2373662,0
ASCBF.US,D,20230721,000000,10.575,10.575,10.57,10.57,6985,0
ASCBF.US,D,20230724,000000,10.57,10.58,10.57,10.57,606115,0
ASCBF.US,D,20230725,000000,10.57,10.58,10.57,10.57,55189,0
ASCBF.US,D,20230726,000000,10.57,10.57,10.56,10.56,218924,0
ASCBF.US,D,20230727,000000,10.49,10.58,10.48,10.58,35913,0
ASCBF.US,D,20230728,000000,10.54,11.45,10.52,10.53,124945,0
ASCBF.US,D,20230731,000000,10.6,10.63,10.52,10.56,6031,0
ASCBF.US,D,20230801,000000,10.68,11.48,10.53,10.6,226736,0
ASCBF.US,D,20230802,000000,10.7,11.4,10.6,10.66,55409,0
ASCBF.US,D,20230803,000000,10.7,10.71,10.52,10.54,19028,0
ASCBF.US,D,20230804,000000,10.6,10.7373,10.54,10.54,22228,0
ASCBF.US,D,20230807,000000,10.9,11,10.52,10.53,32101,0
ASCBF.US,D,20230808,000000,10.56,10.59,10.56,10.59,1819,0
ASCBF.US,D,20230809,000000,10.62,10.98,10.57,10.59,58392,0
ASCBF.US,D,20230810,000000,10.6,10.65,10.59,10.64,6937,0
ASCBF.US,D,20230811,000000,10.63,10.65,10.59,10.6,10330,0
ASCBF.US,D,20230814,000000,10.62,10.77,10.6,10.73,27706,0
ASCBF.US,D,20230815,000000,10.65,10.67,10.65,10.65,15453,0
ASCBF.US,D,20230816,000000,10.72,10.72,10.72,10.72,376,0
ASCBF.US,D,20230817,000000,10.68,10.73,10.65,10.65,953,0
ASCBF.US,D,20230818,000000,10.73,10.73,10.65,10.68,6179,0
ASCBF.US,D,20230821,000000,10.72,10.72,10.72,10.72,189,0
ASCBF.US,D,20230822,000000,10.75,10.75,10.75,10.75,127,0
ASCBF.US,D,20230823,000000,10.72,10.72,10.72,10.72,842,0
ASCBF.US,D,20230824,000000,10.75,10.75,10.72,10.72,647,0
ASCBF.US,D,20230825,000000,10.75,10.75,10.69,10.69,16494,0
ASCBF.US,D,20230828,000000,10.75,10.75,10.67,10.75,848,0
ASCBF.US,D,20230829,000000,10.69,10.69,10.69,10.69,103,0
ASCBF.US,D,20230831,000000,10.75,10.77,10.75,10.77,12118,0
ASCBF.US,D,20230901,000000,10.75,10.75,10.75,10.75,3031,0
ASCBF.US,D,20230906,000000,10.85,10.89,10.75,10.8,33458,0
ASCBF.US,D,20230907,000000,10.89,10.97,10.825,10.9,28752,0
ASCBF.US,D,20230908,000000,11.3,11.3,10.76,10.76,924,0
ASCBF.US,D,20230913,000000,11.03,11.03,11.03,11.03,123,0
ASCBF.US,D,20230921,000000,10.87,10.9,10.87,10.9,2273,0
ASCBF.US,D,20231003,000000,10.88,10.88,10.88,10.88,146,0
ASCBF.US,D,20231018,000000,11.06,11.06,11.06,11.06,100,0
ASCBF.US,D,20231024,000000,11.1083,11.1083,11.1083,11.1083,223,0
ASCBF.US,D,20231025,000000,11.1085,11.1085,11.1085,11.1085,130,0
ASCBF.US,D,20231101,000000,11.4,11.4,11.1,11.19,886,0
ASCBF.US,D,20231102,000000,12.02,12.02,10.8,10.8,2712,0
ASCBF.US,D,20231103,000000,10.77,10.95,10.77,10.95,634,0
ASCBF.US,D,20231106,000000,10.98,10.98,10.78,10.97,41356,0
ASCBF.US,D,20231107,000000,10.96,10.96,10.79,10.94,9306,0
ASCBF.US,D,20231108,000000,11.08,11.08,10.82,11.03,2906,0
ASCBF.US,D,20231110,000000,10.8,10.8,10.8,10.8,293,0
ASCBF.US,D,20231113,000000,10.85,10.86,10.81,10.85,5810,0
ASCBF.US,D,20231114,000000,10.84,10.85,10.81,10.85,499,0
ASCBF.US,D,20231115,000000,10.88,10.88,10.88,10.88,479,0
ASCBF.US,D,20231116,000000,11.065,11.065,11.065,11.065,111,0
ASCBF.US,D,20231120,000000,10.88,10.9,10.85,10.85,260968,0
ASCBF.US,D,20231121,000000,10.85,10.88,10.82,10.87,21316,0
ASCBF.US,D,20231122,000000,10.9,10.9,10.81,10.89,1709,0
ASCBF.US,D,20231124,000000,10.94,10.94,10.8,10.9,788,0
ASCBF.US,D,20231127,000000,10.81,10.87,10.8,10.86,7917,0
ASCBF.US,D,20231128,000000,10.8,10.85,10.8,10.85,2859,0
ASCBF.US,D,20231129,000000,10.84,10.84,10.81,10.82,7619,0
ASCBF.US,D,20231130,000000,10.85,10.85,10.8,10.85,35437,0
ASCBF.US,D,20231201,000000,10.88,10.88,10.81,10.81,267,0
ASCBF.US,D,20231204,000000,10.9,10.9,10.83,10.83,372,0
ASCBF.US,D,20231205,000000,10.97,10.97,10.83,10.9,27471,0
ASCBF.US,D,20231206,000000,10.9,10.9,10.82,10.82,395,0
ASCBF.US,D,20231207,000000,10.87,10.89,10.87,10.89,404,0
ASCBF.US,D,20231213,000000,10.85,10.85,10.82,10.82,65235,0
ASCBF.US,D,20231214,000000,10.82,10.82,10.82,10.82,505,0
ASCBF.US,D,20231215,000000,10.8202,10.821,10.82,10.82,15295,0
ASCBF.US,D,20231220,000000,10.83,10.85,10.83,10.85,62122,0
ASCBF.US,D,20231221,000000,10.85,10.85,10.85,10.85,6140,0
ASCBF.US,D,20231228,000000,10.86,10.86,10.86,10.86,5870,0
ASCBF.US,D,20240102,000000,10.875,10.88,10.875,10.88,1452,0
ASCBF.US,D,20240103,000000,10.885,10.91,10.885,10.91,900,0
ASCBF.US,D,20240104,000000,10.89,10.89,10.87,10.87,2158,0
ASCBF.US,D,20240105,000000,10.87,10.88,10.87,10.88,1032,0
ASCBF.US,D,20240108,000000,10.88,10.89,10.88,10.89,25027,0
ASCBF.US,D,20240110,000000,10.88,10.89,10.88,10.89,13348,0
ASCBF.US,D,20240111,000000,10.88,10.89,10.88,10.89,1081,0
ASCBF.US,D,20240116,000000,10.9,10.92,10.9,10.92,4022,0
ASCBF.US,D,20240117,000000,10.91,10.91,10.89,10.89,66390,0
ASCBF.US,D,20240119,000000,10.91,11.29,10.91,11.25,6339,0
ASCBF.US,D,20240122,000000,10.95,10.95,10.92,10.92,9277,0
ASCBF.US,D,20240123,000000,11.19,11.19,11.02,11.02,598,0
ASCBF.US,D,20240125,000000,10.95,10.95,10.93,10.93,930,0
ASCBF.US,D,20240126,000000,10.92,10.92,10.92,10.92,1011,0
ASCBF.US,D,20240130,000000,10.85,10.85,10.85,10.85,328,0
ASCBF.US,D,20240207,000000,10.87,10.87,10.87,10.87,131,0
ASCBF.US,D,20240208,000000,10.87,10.87,10.87,10.87,125,0
ASCBF.US,D,20240209,000000,10.87,10.87,10.87,10.87,262,0
ASCBF.US,D,20240212,000000,10.87,11.35,10.87,11.35,4489,0
ASCBF.US,D,20240213,000000,10.96,10.96,10.96,10.96,195,0
ASCBF.US,D,20240215,000000,11.115,11.33,11.11,11.33,141817,0
ASCBF.US,D,20240216,000000,11.34,11.34,11.34,11.34,209,0
ASCBF.US,D,20240220,000000,11.35,11.35,11.35,11.35,134,0
ASCBF.US,D,20240221,000000,11.35,11.35,11.35,11.35,392,0
ASCBF.US,D,20240223,000000,11.12,11.15,11.12,11.15,5878,0
ASCBF.US,D,20240226,000000,11.12,11.12,11.12,11.12,20547,0
ASCBF.US,D,20240227,000000,11.12,11.28,11.12,11.28,8832,0
ASCBF.US,D,20240228,000000,11.12,11.15,11.12,11.15,416,0
ASCBF.US,D,20240301,000000,11.12,11.14,11.12,11.14,760,0
ASCBF.US,D,20240304,000000,11.13,11.13,11.13,11.13,261,0
ASCBF.US,D,20240305,000000,11.13,11.13,11.13,11.13,158,0
ASCBF.US,D,20240306,000000,11.15,11.18,11.13,11.13,1419,0
ASCBF.US,D,20240307,000000,11.15,11.18,11.15,11.15,704,0
ASCBF.US,D,20240308,000000,11.13,11.68,11.13,11.68,5041,0
ASCBF.US,D,20240311,000000,11.61,11.61,11.16,11.16,353,0
ASCBF.US,D,20240312,000000,11.17,11.17,11.17,11.17,11544,0
ASCBF.US,D,20240313,000000,11.17,11.17,11.13,11.17,2812,0
ASCBF.US,D,20240315,000000,11.14,11.14,11.13,11.13,530,0
ASCBF.US,D,20240320,000000,11.14,11.14,11.14,11.14,8305,0
ASCBF.US,D,20240321,000000,11,11.34,11,11.16,55389,0
ASCBF.US,D,20240326,000000,11.2,11.2,11.2,11.2,336,0
ASCBF.US,D,20240327,000000,11.25,11.25,11.25,11.25,151,0
ASCBF.US,D,20240328,000000,11.14,11.25,11.14,11.14,4857,0
ASCBF.US,D,20240403,000000,11.18,11.18,10.87,11.11,865,0
ASCBF.US,D,20240404,000000,11.11,11.89,11.11,11.89,4881,0
ASCBF.US,D,20240405,000000,11.96,11.96,11.96,11.96,230,0
ASCBF.US,D,20240411,000000,11.09,11.09,11.06,11.07,1096,0
ASCBF.US,D,20240417,000000,11.08,11.08,11.08,11.08,291,0
ASCBF.US,D,20240418,000000,11.06,11.08,11.06,11.08,42171,0
ASCBF.US,D,20240422,000000,11.08,11.08,11.08,11.08,2678,0
ASCBF.US,D,20240426,000000,11.1,11.14,11.08,11.14,306434,0
ASCBF.US,D,20240430,000000,11.091,11.091,11.091,11.091,200,0
ASCBF.US,D,20240508,000000,11.09,11.1,11.09,11.09,399,0
ASCBF.US,D,20240509,000000,11.09,11.1,11.09,11.1,216,0
ASCBF.US,D,20240510,000000,11.09,11.09,11.09,11.09,137,0
ASCBF.US,D,20240513,000000,11.11,11.11,11.11,11.11,135,0
ASCBF.US,D,20240514,000000,11.12,11.12,11.12,11.12,150,0
ASCBF.US,D,20240515,000000,11.14,11.14,11.12,11.12,5599,0
ASCBF.US,D,20240516,000000,11.13,11.13,11.13,11.13,418,0
ASCBF.US,D,20240517,000000,11.14,11.14,11.13,11.14,125636,0
ASCBF.US,D,20240520,000000,11.16,11.16,11.16,11.16,651,0
ASCBF.US,D,20240521,000000,11.16,11.16,11.14,11.14,5170,0
ASCBF.US,D,20240522,000000,11.16,11.16,11.14,11.14,279,0
ASCBF.US,D,20240523,000000,11.14,11.14,11.14,11.14,232,0
ASCBF.US,D,20240524,000000,11.14,11.16,11.14,11.16,72913,0
ASCBF.US,D,20240528,000000,11.16,11.16,11.155,11.16,32479,0
ASCBF.US,D,20240529,000000,11.151,11.2,11.15,11.2,2845,0
ASCBF.US,D,20240530,000000,11.192,11.2,11.192,11.2,3768,0
ASCBF.US,D,20240531,000000,11.2,11.2,11.2,11.2,1107,0
ASCBF.US,D,20240603,000000,11.2,11.2,11.2,11.2,5389,0
ASCBF.US,D,20240604,000000,11.16,11.16,11.16,11.16,915,0
ASCBF.US,D,20240606,000000,11.2,11.2,11.2,11.2,660,0
ASCBF.US,D,20240607,000000,11.21,11.21,11.21,11.21,220,0
ASCBF.US,D,20240611,000000,11.18,11.18,11.18,11.18,125,0
ASCBF.US,D,20240620,000000,11.23,11.23,11.16,11.21,3055,0
ASCBF.US,D,20240621,000000,11.2,11.2,11.19,11.2,8006,0
ASCBF.US,D,20240626,000000,11.2,11.22,11.2,11.22,532,0
ASCBF.US,D,20240628,000000,11.2,11.2,11.185,11.2,55316,0
ASCBF.US,D,20240701,000000,11.2,11.2,11.185,11.185,10703,0
ASCBF.US,D,20240702,000000,11.19,11.19,11.18,11.18,2901,0
ASCBF.US,D,20240705,000000,11.18,11.18,10.93,11.14,57621,0
ASCBF.US,D,20240708,000000,11.18,11.18,11.17,11.18,35574,0
ASCBF.US,D,20240709,000000,11.18,11.18,11.18,11.18,18149,0
ASCBF.US,D,20240710,000000,11.2,11.2,11.2,11.2,104269,0
ASCBF.US,D,20240712,000000,11.2,11.2,11.2,11.2,1249,0
ASCBF.US,D,20240715,000000,11.2,11.2,11.19,11.19,94201,0
ASCBF.US,D,20240717,000000,11.19,11.19,11.19,11.19,204,0
ASCBF.US,D,20240718,000000,11.24,11.24,11.22,11.2391,4758,0
ASCBF.US,D,20240722,000000,12.36,13,11.25,11.75,4473,0
ASCBF.US,D,20240723,000000,12.5,12.5,11.3,11.3,19189,0
ASCBF.US,D,20240724,000000,11.3,11.725,11.1125,11.26,2197,0
ASCBF.US,D,20240725,000000,11.05,11.25,11.05,11.25,4068,0
ASCBF.US,D,20240729,000000,11.39,11.3999,11.39,11.39,412,0
ASCBF.US,D,20240801,000000,12.37,12.5,11.5,12.5,2485,0
ASCBF.US,D,20240802,000000,12.74,12.9,11.295,11.65,5515,0
ASCBF.US,D,20240805,000000,11.1,12.8,11.1,11.64,13034,0
ASCBF.US,D,20240806,000000,11.8,12.6,11.33,11.45,41247,0
ASCBF.US,D,20240807,000000,11.5,11.5,11.42,11.46,11082,0
ASCBF.US,D,20240808,000000,11.5,11.9,11.4,11.41,4506,0
ASCBF.US,D,20240809,000000,11.25,11.43,11.25,11.4,2658,0
ASCBF.US,D,20240812,000000,11.421,11.56,11.17,11.17,1876,0
ASCBF.US,D,20240813,000000,11.41,11.5,11.4,11.5,2439,0
ASCBF.US,D,20240814,000000,11.38,11.42,11.32,11.38,1508,0
ASCBF.US,D,20240815,000000,11.41,11.41,11.41,11.41,620,0
ASCBF.US,D,20240820,000000,11.48,11.48,11.47,11.47,417,0
ASCBF.US,D,20240821,000000,11.17,11.19,11.17,11.19,421,0
ASCBF.US,D,20240822,000000,11.7,11.7,11.16,11.16,763,0
ASCBF.US,D,20240827,000000,11.48,11.48,11.18,11.18,374,0
ASCBF.US,D,20240828,000000,11.16,11.16,11.16,11.16,140,0
ASCBF.US,D,20240905,000000,11.19,11.19,11.19,11.19,376,0
ASCBF.US,D,20240911,000000,11.19,11.19,11.19,11.19,4609,0
ASCBF.US,D,20240912,000000,11.19,11.19,11.19,11.19,15082,0
ASCBF.US,D,20240923,000000,11.19,11.19,11.19,11.19,2333,0
