<TICKER>,<PER>,<DATE>,<TIME>,<OPEN>,<HIGH>,<LOW>,<CLOSE>,<VOL>,<OPENINT>
AVXC.US,D,20240322,000000,50.4699,50.4699,50.4183,50.4183,318,0
AVXC.US,D,20240325,000000,50.43,50.43,50.4,50.4,40199,0
AVXC.US,D,20240326,000000,50.305,50.36,50.1834,50.1834,1106,0
AVXC.US,D,20240327,000000,50.39,50.39,50.3594,50.3594,493,0
AVXC.US,D,20240328,000000,50.47,50.48,50.31,50.414,26250,0
AVXC.US,D,20240401,000000,50.42,50.47,50.293,50.47,10996,0
AVXC.US,D,20240402,000000,50.29,50.4397,50.29,50.4397,211,0
AVXC.US,D,20240403,000000,50.23,50.66,50.23,50.5897,12981,0
AVXC.US,D,20240404,000000,51.0757,51.66,50.3821,50.48,6018,0
AVXC.US,D,20240405,000000,50.6,50.78,50.5999,50.6835,3912,0
AVXC.US,D,20240408,000000,51.06,51.0781,50.9812,50.9812,1699,0
AVXC.US,D,20240409,000000,51.25,51.25,51.08,51.2392,1648,0
AVXC.US,D,20240410,000000,50.62,50.62,50.42,50.5158,1441,0
AVXC.US,D,20240411,000000,50.49,50.89,50.49,50.793,1116,0
AVXC.US,D,20240412,000000,50.12,50.12,49.7939,49.7939,769,0
AVXC.US,D,20240415,000000,49.8,49.8,49.335,49.335,1530,0
AVXC.US,D,20240416,000000,48.683,48.84,48.683,48.7316,1793,0
AVXC.US,D,20240417,000000,48.98,48.98,48.7984,48.7984,235,0
AVXC.US,D,20240418,000000,48.77,48.7732,48.77,48.7732,173,0
AVXC.US,D,20240419,000000,48.51,48.6498,48.49,48.49,1465,0
AVXC.US,D,20240422,000000,48.77,49.18,48.77,48.99,894,0
AVXC.US,D,20240423,000000,49.41,49.41,49.41,49.41,18,0
AVXC.US,D,20240424,000000,49.39,49.43,49.39,49.4296,15661,0
AVXC.US,D,20240425,000000,49.02,49.6706,49.02,49.6706,510,0
AVXC.US,D,20240426,000000,50.01,50.1419,50.01,50.1419,161,0
AVXC.US,D,20240429,000000,50.66,50.66,50.55,50.6109,437,0
AVXC.US,D,20240430,000000,50.35,50.35,50.0496,50.0496,200,0
AVXC.US,D,20240501,000000,50.025,50.025,50.0144,50.0144,154,0
AVXC.US,D,20240502,000000,50.82,50.82,50.7386,50.7386,103,0
AVXC.US,D,20240503,000000,51.27,51.27,51.2017,51.2017,175,0
AVXC.US,D,20240506,000000,51.3093,51.3093,51.235,51.2606,2581,0
AVXC.US,D,20240507,000000,51.09,51.09,50.8947,50.8947,1080,0
AVXC.US,D,20240508,000000,50.69,51.07,50.69,51.0471,3220,0
AVXC.US,D,20240509,000000,50.8,50.8,50.793,50.793,412,0
AVXC.US,D,20240510,000000,51.06,51.07,50.9567,50.9567,846,0
AVXC.US,D,20240513,000000,51.0213,51.0213,51.0213,51.0213,92,0
AVXC.US,D,20240514,000000,51.5564,51.5564,51.5564,51.5564,15,0
AVXC.US,D,20240515,000000,51.91,52.1555,51.91,52.1555,572,0
AVXC.US,D,20240516,000000,52.11,52.11,51.9529,51.9529,295,0
AVXC.US,D,20240517,000000,52.17,52.1721,52.1,52.1721,843,0
AVXC.US,D,20240520,000000,52.26,52.26,52.2,52.2083,801,0
AVXC.US,D,20240521,000000,52.2,52.2,52.1386,52.1386,709,0
AVXC.US,D,20240522,000000,51.95,51.95,51.78,51.9319,2286,0
AVXC.US,D,20240523,000000,52.04,52.05,51.7,51.76,4285,0
AVXC.US,D,20240524,000000,52.1,52.1,52.1,52.1,47,0
AVXC.US,D,20240528,000000,52.22,52.22,51.94,52.05,3339,0
AVXC.US,D,20240529,000000,51.25,51.3,51.16,51.2156,22596,0
AVXC.US,D,20240530,000000,51.02,51.18,50.98,51.06,2799,0
AVXC.US,D,20240531,000000,50.6,50.92,50.6,50.92,743,0
AVXC.US,D,20240603,000000,51.6999,51.7,51.42,51.5182,2365,0
AVXC.US,D,20240604,000000,49.8899,50.0498,49.87,50.0498,878,0
AVXC.US,D,20240605,000000,50.8601,51.06,50.8601,51.06,1565,0
AVXC.US,D,20240606,000000,51.4398,51.4398,51.3899,51.415,2446,0
AVXC.US,D,20240607,000000,51.39,51.39,51.0855,51.0855,3497,0
AVXC.US,D,20240610,000000,51.1668,51.4396,51.1668,51.42,2840,0
AVXC.US,D,20240611,000000,51.11,51.24,51.065,51.24,2433,0
AVXC.US,D,20240612,000000,52.05,52.06,51.8545,51.8545,7012,0
AVXC.US,D,20240613,000000,51.71,51.7475,51.615,51.7475,1240,0
AVXC.US,D,20240614,000000,51.61,51.9,51.61,51.8348,799,0
AVXC.US,D,20240617,000000,51.9936,52.2192,51.89,52.2192,1198,0
AVXC.US,D,20240618,000000,52.85,52.86,52.7,52.7299,1437,0
AVXC.US,D,20240620,000000,52.81,52.81,52.53,52.5476,3847,0
AVXC.US,D,20240621,000000,52.53,52.54,52.476,52.476,4764,0
AVXC.US,D,20240624,000000,52.38,52.38,52.1485,52.1485,3711,0
AVXC.US,D,20240625,000000,52.05,52.0911,51.985,52.0911,2127,0
AVXC.US,D,20240626,000000,51.9099,51.95,51.87,51.9346,2910,0
AVXC.US,D,20240627,000000,52.24,52.24,52.07,52.1759,1342,0
AVXC.US,D,20240628,000000,52.642,52.642,52.32,52.4084,3435,0
AVXC.US,D,20240701,000000,52.61,52.61,52.41,52.445,4841,0
AVXC.US,D,20240702,000000,52.35,52.4906,52.2402,52.4906,199581,0
AVXC.US,D,20240703,000000,53.1961,53.2335,53.1961,53.2335,555,0
AVXC.US,D,20240705,000000,53.69,53.7367,53.6089,53.7367,3038,0
AVXC.US,D,20240708,000000,53.75,53.77,53.69,53.765,2885,0
AVXC.US,D,20240709,000000,53.73,53.86,53.6899,53.8099,12885,0
AVXC.US,D,20240710,000000,54.07,54.25,54.07,54.245,7609,0
AVXC.US,D,20240711,000000,54.76,54.76,54.315,54.34,1674,0
AVXC.US,D,20240712,000000,54.24,54.56,54.24,54.4,1201,0
AVXC.US,D,20240715,000000,54.28,54.31,54.119,54.16,2861,0
AVXC.US,D,20240716,000000,54.1925,54.42,54.1925,54.42,3816,0
AVXC.US,D,20240717,000000,53.78,53.9,53.645,53.65,4236,0
AVXC.US,D,20240718,000000,53.49,53.49,52.9799,53,1844,0
AVXC.US,D,20240719,000000,52.605,52.605,52.37,52.37,522,0
AVXC.US,D,20240722,000000,52.55,52.73,52.5276,52.73,2005,0
AVXC.US,D,20240723,000000,52.45,52.51,52.415,52.415,8028,0
AVXC.US,D,20240724,000000,52.04,52.0501,51.84,51.845,1172,0
AVXC.US,D,20240725,000000,52.02,52.02,51.7288,51.7288,4405,0
AVXC.US,D,20240726,000000,52.265,52.45,52.265,52.3471,4116,0
AVXC.US,D,20240729,000000,52.2,52.2,52.03,52.1305,1153,0
AVXC.US,D,20240730,000000,52.1108,52.135,51.88,52.003,4138,0
AVXC.US,D,20240731,000000,52.88,53.18,52.88,53.075,1875,0
AVXC.US,D,20240801,000000,52.93,52.93,52.06,52.2522,1884,0
AVXC.US,D,20240802,000000,51.19,51.19,51.0299,51.12,1481,0
AVXC.US,D,20240805,000000,48.55,49.42,48.55,49.11,14143,0
AVXC.US,D,20240806,000000,49.29,49.77,49.28,49.4684,14435,0
AVXC.US,D,20240807,000000,50.78,50.78,49.98,50.03,19092,0
AVXC.US,D,20240808,000000,50.57,51.11,50.57,51.095,7168,0
AVXC.US,D,20240809,000000,51.31,51.529,51.31,51.5028,2717,0
AVXC.US,D,20240812,000000,51.69,51.9,51.67,51.7203,9295,0
AVXC.US,D,20240813,000000,52.1524,52.3,52.1355,52.29,2523,0
AVXC.US,D,20240814,000000,52.33,52.35,52.17,52.34,4879,0
AVXC.US,D,20240815,000000,52.51,52.89,52.51,52.8191,3689,0
AVXC.US,D,20240816,000000,53.04,53.3295,53.04,53.3,2849,0
AVXC.US,D,20240819,000000,53.84,53.9887,53.84,53.9887,705,0
AVXC.US,D,20240820,000000,53.99,53.99,53.77,53.8564,2245,0
AVXC.US,D,20240821,000000,53.89,54.04,53.8,53.9519,12244,0
AVXC.US,D,20240822,000000,53.54,53.54,53.0892,53.0892,3090,0
AVXC.US,D,20240823,000000,54.1,54.22,54.03,54.1478,11805,0
AVXC.US,D,20240826,000000,54.02,54.02,53.83,53.8753,2532,0
AVXC.US,D,20240827,000000,53.93,54.049,53.835,53.95,10444,0
AVXC.US,D,20240828,000000,53.64,53.6651,53.62,53.62,578,0
AVXC.US,D,20240829,000000,53.79,53.869,53.58,53.58,2631,0
AVXC.US,D,20240830,000000,53.69,53.69,53.51,53.6839,3308,0
AVXC.US,D,20240903,000000,52.86,52.86,52.4532,52.5057,6713,0
AVXC.US,D,20240904,000000,52.875,52.88,52.57,52.6438,7622,0
AVXC.US,D,20240905,000000,52.8014,52.8014,52.57,52.6958,5277,0
AVXC.US,D,20240906,000000,52.3061,52.3061,51.62,51.6978,5578,0
AVXC.US,D,20240909,000000,52.34,52.43,52.26,52.34,1380,0
AVXC.US,D,20240910,000000,51.8623,52.0735,51.84,52.0735,1454,0
AVXC.US,D,20240911,000000,51.91,52.4271,51.8432,52.4271,3092,0
AVXC.US,D,20240912,000000,52.95,52.95,52.91,52.9486,388,0
AVXC.US,D,20240913,000000,53.31,53.43,53.31,53.3557,1561,0
AVXC.US,D,20240916,000000,53.5456,53.5456,53.5456,53.5456,195,0
AVXC.US,D,20240917,000000,53.53,53.53,53.33,53.4165,1895,0
AVXC.US,D,20240918,000000,53.46,53.76,53.2926,53.2926,1943,0
AVXC.US,D,20240919,000000,54.04,54.0817,54.04,54.0817,732,0
AVXC.US,D,20240920,000000,53.78,53.9,53.7608,53.81,3345,0
AVXC.US,D,20240923,000000,54.17,54.25,54.1699,54.1868,539826,0
AVXC.US,D,20240924,000000,54.77,55.1,54.77,55.03,3160,0
AVXC.US,D,20240925,000000,54.85,54.86,54.5984,54.5984,1015,0
AVXC.US,D,20240926,000000,55.54,55.72,55.53,55.58,4287,0
AVXC.US,D,20240927,000000,55.49,55.54,55.16,55.17,6268,0
AVXC.US,D,20240930,000000,54.51,54.51,54.0732,54.11,4380,0
AVXC.US,D,20241001,000000,53.78,54.05,53.76,54.0127,2780,0
AVXC.US,D,20241002,000000,54.0441,54.0441,53.89,53.89,8787,0
AVXC.US,D,20241003,000000,53.51,53.6,53.47,53.6,7811,0
AVXC.US,D,20241004,000000,53.3701,53.56,53.33,53.54,6036,0
AVXC.US,D,20241007,000000,53.48,53.48,53.14,53.14,3387,0
AVXC.US,D,20241008,000000,53.56,53.68,53.5599,53.68,10256,0
AVXC.US,D,20241009,000000,53.65,53.68,53.5815,53.6221,5919,0
AVXC.US,D,20241010,000000,53.53,53.6331,53.5299,53.6331,2626,0
AVXC.US,D,20241011,000000,53.77,53.8968,53.76,53.8968,2509,0
AVXC.US,D,20241014,000000,53.97,54.11,53.97,54.0572,2374,0
AVXC.US,D,20241015,000000,53.8845,53.8845,53.46,53.4852,3044,0
AVXC.US,D,20241016,000000,53.83,53.95,53.83,53.9131,2938,0
AVXC.US,D,20241017,000000,54.2401,54.32,54.11,54.11,6516,0
AVXC.US,D,20241018,000000,54.18,54.25,54.071,54.0991,5958,0
AVXC.US,D,20241021,000000,53.97,53.97,53.7349,53.8024,36257,0
AVXC.US,D,20241022,000000,53.36,53.51,53.33,53.4606,6126,0
AVXC.US,D,20241023,000000,53.21,53.21,52.9943,53.1625,8248,0
AVXC.US,D,20241024,000000,53.13,53.1682,53.08,53.1682,2825,0
AVXC.US,D,20241025,000000,53.17,53.2,52.92,52.92,5308,0
AVXC.US,D,20241028,000000,53.05,53.05,52.92,52.96,13777,0
AVXC.US,D,20241029,000000,52.82,52.9599,52.82,52.95,1924,0
