<TICKER>,<PER>,<DATE>,<TIME>,<OPEN>,<HIGH>,<LOW>,<CLOSE>,<VOL>,<OPENINT>
AZ.US,D,20220106,000000,10.3,10.7,9.2,9.54,92569,0
AZ.US,D,20220107,000000,9.3,9.84,8.7964,9.04,69863,0
AZ.US,D,20220110,000000,9.25,9.25,8.4886,8.88,52502,0
AZ.US,D,20220111,000000,8.98,9.2,8.7,9.15,43876,0
AZ.US,D,20220112,000000,9.2,9.2643,8.7501,9.04,40051,0
AZ.US,D,20220113,000000,8.9011,9.0788,8.57,8.79,45634,0
AZ.US,D,20220114,000000,8.91,9.2018,8.7278,8.97,15026,0
AZ.US,D,20220118,000000,8.92,8.92,8.5,8.85,57807,0
AZ.US,D,20220119,000000,8.88,9.29,8.68,8.82,100190,0
AZ.US,D,20220120,000000,8.8,9.2073,7.8577,8.05,135322,0
AZ.US,D,20220121,000000,8.05,8.05,7.1154,7.17,35638,0
AZ.US,D,20220124,000000,7.2,7.2,5.26,6.34,130309,0
AZ.US,D,20220125,000000,5.93,6.13,5.65,5.66,38253,0
AZ.US,D,20220126,000000,5.75,6.14,5.5,5.5,73266,0
AZ.US,D,20220127,000000,5.5,5.5,4.62,4.87,93996,0
AZ.US,D,20220128,000000,4.97,5.4,4.7522,5.31,44113,0
AZ.US,D,20220131,000000,5.71,5.8,5.575,5.7,30289,0
AZ.US,D,20220201,000000,5.8,6,5.5,5.75,45082,0
AZ.US,D,20220202,000000,6,6.5,5.92,6.46,78714,0
AZ.US,D,20220203,000000,6.43,6.5,6.09,6.38,51674,0
AZ.US,D,20220204,000000,6.37,6.41,6.12,6.3253,18685,0
AZ.US,D,20220207,000000,6.5,6.72,6.3,6.35,36110,0
AZ.US,D,20220208,000000,6.498,6.5,6.25,6.38,19587,0
AZ.US,D,20220209,000000,6.25,6.84,6.24,6.7979,57225,0
AZ.US,D,20220210,000000,6.62,6.7902,6.62,6.7,37682,0
AZ.US,D,20220211,000000,6.85,7,6.7059,6.799,39937,0
AZ.US,D,20220214,000000,6.88,6.9099,6.6122,6.8,24193,0
AZ.US,D,20220215,000000,6.91,6.9999,6.88,6.9,31653,0
AZ.US,D,20220216,000000,6.7,6.76,6.04,6.4462,67653,0
AZ.US,D,20220217,000000,6.315,6.43,6.2,6.38,45830,0
AZ.US,D,20220218,000000,6.23,6.5,6.1,6.27,28318,0
AZ.US,D,20220222,000000,6.0421,6.12,5.781,6.1,24038,0
AZ.US,D,20220223,000000,6,6.2186,5.5601,5.79,28334,0
AZ.US,D,20220224,000000,5.4,5.85,5.35,5.5,76415,0
AZ.US,D,20220225,000000,5.58,6.5,5.39,6.09,188777,0
AZ.US,D,20220228,000000,6,6.48,5.7247,6.33,80227,0
AZ.US,D,20220301,000000,6,6.32,5.8325,5.95,16680,0
AZ.US,D,20220302,000000,6.25,6.28,5.86,5.9,9854,0
AZ.US,D,20220303,000000,5.6501,6.24,5.6501,6.1653,19028,0
AZ.US,D,20220304,000000,5.74,5.912,5.51,5.55,18088,0
AZ.US,D,20220307,000000,5.5,5.5,5.23,5.23,19018,0
AZ.US,D,20220308,000000,5.5,5.74,5.15,5.45,56055,0
AZ.US,D,20220309,000000,5.68,5.9,5.5141,5.66,39440,0
AZ.US,D,20220310,000000,5.5,5.8,5.45,5.7,27140,0
AZ.US,D,20220311,000000,5.73,5.91,5.6,5.855,23272,0
AZ.US,D,20220314,000000,5.94,5.97,5.36,5.8,38652,0
AZ.US,D,20220315,000000,5.74,5.94,5.6661,5.85,28631,0
AZ.US,D,20220316,000000,5.8,6,5.585,6,34259,0
AZ.US,D,20220317,000000,5.995,6,5.7,5.845,17229,0
AZ.US,D,20220318,000000,5.9,5.9,5.7,5.8,5879,0
AZ.US,D,20220321,000000,5.71,5.9,5.56,5.8,30209,0
AZ.US,D,20220322,000000,5.7,5.98,5.7,5.9,59741,0
AZ.US,D,20220323,000000,5.82,5.97,5.62,5.85,42039,0
AZ.US,D,20220324,000000,5.99,6.1,5.8468,6.1,35688,0
AZ.US,D,20220325,000000,6.12,6.62,5.94,6.58,65564,0
AZ.US,D,20220328,000000,6.6,6.7366,6.5,6.67,38249,0
AZ.US,D,20220329,000000,6.6,6.6699,6.36,6.6,32981,0
AZ.US,D,20220330,000000,6.63,6.63,6.36,6.37,42014,0
AZ.US,D,20220331,000000,6.52,6.56,6.2,6.28,37200,0
AZ.US,D,20220401,000000,6.45,6.45,6.3,6.37,6596,0
AZ.US,D,20220404,000000,6.31,6.37,6.1501,6.37,30007,0
AZ.US,D,20220405,000000,6.2,6.24,5.98,5.98,8192,0
AZ.US,D,20220406,000000,5.8505,6.1145,5.84,5.85,18338,0
AZ.US,D,20220407,000000,5.86,5.9,5.51,5.51,14326,0
AZ.US,D,20220408,000000,5.78,5.8048,5.57,5.63,6870,0
AZ.US,D,20220411,000000,5.77,5.85,4.92,5.02,52891,0
AZ.US,D,20220412,000000,5.03,5.32,5.03,5.25,25213,0
AZ.US,D,20220413,000000,5.09,5.67,5.09,5.63,16961,0
AZ.US,D,20220414,000000,5.49,5.69,5.4778,5.68,18202,0
AZ.US,D,20220418,000000,5.7,5.83,5.52,5.68,18880,0
AZ.US,D,20220419,000000,5.72,5.85,5.6,5.75,15578,0
AZ.US,D,20220420,000000,5.66,5.88,5.54,5.7,33127,0
AZ.US,D,20220421,000000,5.5,5.8,5.26,5.26,36645,0
AZ.US,D,20220422,000000,5.3932,5.3932,5.08,5.14,16347,0
AZ.US,D,20220425,000000,5.01,5.1664,4.92,5.09,53312,0
AZ.US,D,20220426,000000,4.97,5.2,4.95,5.2,7958,0
AZ.US,D,20220427,000000,5.2,5.2,4.845,5.11,34747,0
AZ.US,D,20220428,000000,5.04,5.4613,4.7,4.96,68243,0
AZ.US,D,20220429,000000,4.9,5.05,4.88,4.9,31496,0
AZ.US,D,20220502,000000,4.8,5.1329,4.63,4.7,24696,0
AZ.US,D,20220503,000000,4.89,4.9197,4.68,4.76,21612,0
AZ.US,D,20220504,000000,4.75,4.84,4.2,4.4,37351,0
AZ.US,D,20220505,000000,4.465,4.465,3.99,4,48938,0
AZ.US,D,20220506,000000,4.2,4.3,3.7,4.1,59636,0
AZ.US,D,20220509,000000,4.1117,4.145,3.67,3.7,60898,0
AZ.US,D,20220510,000000,4.24,4.24,3.5,3.6,97689,0
AZ.US,D,20220511,000000,2.93,3.4614,2.91,3.4,83305,0
AZ.US,D,20220512,000000,3.3,3.49,3.3,3.46,19696,0
AZ.US,D,20220513,000000,3.67,4.6931,3.5,4.63,145082,0
AZ.US,D,20220516,000000,4.54,4.8999,4.47,4.7,88634,0
AZ.US,D,20220517,000000,4.9,4.9,4.27,4.29,47911,0
AZ.US,D,20220518,000000,4.06,4.2,3.73,3.75,37314,0
AZ.US,D,20220519,000000,3.85,3.99,3.8167,3.88,32474,0
AZ.US,D,20220520,000000,3.9156,4.1,3.8,4.09,23728,0
AZ.US,D,20220523,000000,4.04,4.19,3.6,3.66,72739,0
AZ.US,D,20220524,000000,3.46,3.66,3.42,3.43,14299,0
AZ.US,D,20220525,000000,3.45,3.78,3.45,3.72,25501,0
AZ.US,D,20220526,000000,3.5101,3.93,3.5101,3.86,29593,0
AZ.US,D,20220527,000000,3.94,4.275,3.7842,4.06,45047,0
AZ.US,D,20220531,000000,4.25,4.34,4.03,4.15,63021,0
AZ.US,D,20220601,000000,4.04,4.14,3.77,3.93,32130,0
AZ.US,D,20220602,000000,3.94,3.98,3.78,3.8601,17216,0
AZ.US,D,20220603,000000,3.8739,3.96,3.7631,3.96,8186,0
AZ.US,D,20220606,000000,3.941,3.96,3.7001,3.71,15077,0
AZ.US,D,20220607,000000,3.6,3.88,3.52,3.63,30142,0
AZ.US,D,20220608,000000,3.59,3.59,3.16,3.2,90839,0
AZ.US,D,20220609,000000,3.21,3.44,3.21,3.35,46068,0
AZ.US,D,20220610,000000,3.38,3.38,3.17,3.19,16303,0
AZ.US,D,20220613,000000,3.24,3.24,2.97,2.97,26236,0
AZ.US,D,20220614,000000,2.949,3.1,2.93,2.98,14981,0
AZ.US,D,20220615,000000,3.02,3.19,2.9,3.1235,107682,0
AZ.US,D,20220616,000000,3,3.13,2.93,2.99,19008,0
AZ.US,D,20220617,000000,3.05,3.0921,2.991,2.991,2822,0
AZ.US,D,20220621,000000,2.99,3.15,2.85,3.05,14763,0
AZ.US,D,20220622,000000,3.15,3.15,2.93,3.01,5238,0
AZ.US,D,20220623,000000,2.96,3,2.91,2.9997,14074,0
AZ.US,D,20220624,000000,3.09,3.15,2.95,3.11,31360,0
AZ.US,D,20220627,000000,3.15,3.15,2.9201,3,7775,0
AZ.US,D,20220628,000000,3.01,3.0899,2.71,2.91,52368,0
AZ.US,D,20220629,000000,2.87,2.95,2.8647,2.95,3567,0
AZ.US,D,20220630,000000,2.93,2.93,2.72,2.89,29805,0
AZ.US,D,20220701,000000,2.71,3.06,2.71,3.02,2492,0
AZ.US,D,20220705,000000,2.95,3,2.72,2.97,25992,0
AZ.US,D,20220706,000000,2.89,2.89,2.7,2.85,44581,0
AZ.US,D,20220707,000000,3.04,3.04,2.5001,2.89,33651,0
AZ.US,D,20220708,000000,2.75,2.75,2.6141,2.65,13550,0
AZ.US,D,20220711,000000,2.64,2.705,2.45,2.5,634779,0
AZ.US,D,20220712,000000,2.57,3.02,2.52,2.88,102826,0
AZ.US,D,20220713,000000,2.75,3.25,2.62,3.16,80318,0
AZ.US,D,20220714,000000,3.27,3.27,2.79,2.87,53597,0
AZ.US,D,20220715,000000,2.8891,3.1916,2.82,2.92,11775,0
AZ.US,D,20220718,000000,2.92,2.95,2.8,2.89,33591,0
AZ.US,D,20220719,000000,2.95,3.2299,2.8,2.81,63634,0
AZ.US,D,20220720,000000,2.9,3.26,2.8,2.87,61126,0
AZ.US,D,20220721,000000,2.83,3.05,2.83,3.03,29828,0
AZ.US,D,20220722,000000,3.06,3.1099,2.82,2.9,33704,0
AZ.US,D,20220725,000000,2.89,2.9264,2.77,2.77,32081,0
AZ.US,D,20220726,000000,2.87,2.87,2.7,2.775,7388,0
AZ.US,D,20220727,000000,2.8888,2.8902,2.5,2.84,84769,0
AZ.US,D,20220728,000000,2.86,3.0261,2.66,2.97,30914,0
AZ.US,D,20220729,000000,2.73,2.8999,2.72,2.8,18731,0
AZ.US,D,20220801,000000,2.99,2.99,2.77,2.92,25925,0
AZ.US,D,20220802,000000,2.9299,3.1,2.7401,3.1,44147,0
AZ.US,D,20220803,000000,3,3.22,2.85,3.22,68602,0
AZ.US,D,20220804,000000,3.22,3.28,2.9427,3.25,75071,0
AZ.US,D,20220805,000000,3.1206,3.3199,3.1206,3.16,22893,0
AZ.US,D,20220808,000000,3.3016,3.34,3.03,3.1791,18697,0
AZ.US,D,20220809,000000,3.09,3.32,3.0425,3.3,39609,0
AZ.US,D,20220810,000000,3.33,3.3399,3.2,3.3,8759,0
AZ.US,D,20220811,000000,3.3171,3.82,3.3171,3.68,52737,0
AZ.US,D,20220812,000000,3.79,4,3.58,3.7,86895,0
AZ.US,D,20220815,000000,3.88,3.88,3.43,3.65,59952,0
AZ.US,D,20220816,000000,3.55,3.8,3.5379,3.69,5670,0
AZ.US,D,20220817,000000,3.5,3.72,3.41,3.72,10314,0
AZ.US,D,20220818,000000,3.7072,3.75,3.25,3.54,37674,0
AZ.US,D,20220819,000000,3.3654,3.5,3.3654,3.49,6872,0
AZ.US,D,20220822,000000,3.49,3.8,3.25,3.38,74967,0
AZ.US,D,20220823,000000,3.32,3.6589,3.3,3.48,25792,0
AZ.US,D,20220824,000000,3.5214,3.6,3.11,3.58,31205,0
AZ.US,D,20220825,000000,3.52,3.74,3.28,3.69,24766,0
AZ.US,D,20220826,000000,3.6,3.7074,3.36,3.584,10390,0
AZ.US,D,20220829,000000,3.42,3.57,3.39,3.54,7342,0
AZ.US,D,20220830,000000,3.6,3.6,3.28,3.48,41640,0
AZ.US,D,20220831,000000,3.2,3.7299,3.2,3.68,66274,0
AZ.US,D,20220901,000000,3.65,3.65,3.29,3.3,6135,0
AZ.US,D,20220902,000000,3.3,3.52,3.3,3.52,7259,0
AZ.US,D,20220906,000000,3.38,3.38,3.06,3.3,31566,0
AZ.US,D,20220907,000000,3.32,3.37,3.12,3.24,57871,0
AZ.US,D,20220908,000000,3.24,3.333,3.07,3.24,22730,0
AZ.US,D,20220909,000000,3.29,3.3,3.0701,3.13,15625,0
AZ.US,D,20220912,000000,3.2314,3.29,3.0625,3.29,23986,0
AZ.US,D,20220913,000000,3.0773,3.3,3.0773,3.3,14574,0
AZ.US,D,20220914,000000,3.235,3.3282,3.1255,3.25,7000,0
AZ.US,D,20220915,000000,3.08,3.1706,3,3.11,27271,0
AZ.US,D,20220916,000000,3,3,2.79,2.99,8515,0
AZ.US,D,20220919,000000,2.96,3,2.8201,2.9077,133691,0
AZ.US,D,20220920,000000,2.79,3,2.73,3,7830,0
AZ.US,D,20220921,000000,2.9001,3.0784,2.8,2.89,11915,0
AZ.US,D,20220922,000000,2.8957,2.8957,2.51,2.51,27478,0
AZ.US,D,20220923,000000,2.61,2.71,2.3,2.3001,17154,0
AZ.US,D,20220926,000000,2.37,2.37,2.151,2.16,22237,0
AZ.US,D,20220927,000000,2.25,2.25,2.15,2.15,3860,0
AZ.US,D,20220928,000000,2.15,2.15,1.66,1.83,350063,0
AZ.US,D,20220929,000000,1.83,1.92,1.7101,1.72,42301,0
AZ.US,D,20220930,000000,1.74,1.8867,1.63,1.82,52140,0
AZ.US,D,20221003,000000,1.86,1.86,1.58,1.65,38764,0
AZ.US,D,20221004,000000,1.6,1.6627,1.58,1.6539,13819,0
AZ.US,D,20221005,000000,1.58,1.6699,1.46,1.5588,77850,0
AZ.US,D,20221006,000000,1.52,1.6032,1.4,1.6032,88495,0
AZ.US,D,20221007,000000,1.61,1.87,1.52,1.76,138730,0
AZ.US,D,20221010,000000,1.82,1.82,1.5,1.75,33230,0
AZ.US,D,20221011,000000,1.7,1.81,1.62,1.71,29214,0
AZ.US,D,20221012,000000,1.66,1.89,1.58,1.82,70896,0
AZ.US,D,20221013,000000,1.96,2.43,1.86,2.08,1035108,0
AZ.US,D,20221014,000000,2.08,2.1,1.8,1.86,154828,0
AZ.US,D,20221017,000000,1.85,1.85,1.65,1.7,112312,0
AZ.US,D,20221018,000000,1.66,1.75,1.5664,1.65,115478,0
AZ.US,D,20221019,000000,1.6,1.75,1.47,1.61,45789,0
AZ.US,D,20221020,000000,1.59,1.61,1.43,1.57,84163,0
AZ.US,D,20221021,000000,1.53,1.56,1.44,1.51,37070,0
AZ.US,D,20221024,000000,1.55,1.5964,1.5,1.55,30098,0
AZ.US,D,20221025,000000,1.5499,1.65,1.47,1.52,81956,0
AZ.US,D,20221026,000000,1.47,1.5604,1.46,1.5,51289,0
AZ.US,D,20221027,000000,1.47,1.4845,1.2867,1.39,146624,0
AZ.US,D,20221028,000000,1.39,1.39,1.32,1.3657,29086,0
AZ.US,D,20221031,000000,1.35,1.35,1.17,1.22,108055,0
AZ.US,D,20221101,000000,1.18,1.2985,1.17,1.2699,52244,0
AZ.US,D,20221102,000000,1.25,1.25,1.12,1.21,78742,0
AZ.US,D,20221103,000000,1.17,1.2,1.0568,1.12,93659,0
AZ.US,D,20221104,000000,1.11,1.2,1.07,1.19,33511,0
AZ.US,D,20221107,000000,1.14,1.15,1.03,1.07,38016,0
AZ.US,D,20221108,000000,1.07,1.1254,1.03,1.1254,49287,0
AZ.US,D,20221109,000000,1.1,1.2,0.98,1.12,48857,0
AZ.US,D,20221110,000000,1.31,1.3799,1.16,1.18,186111,0
AZ.US,D,20221111,000000,1.11,1.2121,1.03,1.12,68800,0
AZ.US,D,20221114,000000,1.1,1.1416,1.03,1.04,40003,0
AZ.US,D,20221115,000000,1.03,1.1,0.95,0.95,81969,0
AZ.US,D,20221116,000000,0.8901,1.05,0.8901,0.9899,36905,0
AZ.US,D,20221117,000000,1.01,1.0399,0.9601,0.99,21012,0
AZ.US,D,20221118,000000,0.95,1.02,0.94,0.99,27388,0
AZ.US,D,20221121,000000,1.0299,1.0299,0.9656,0.9712,11683,0
AZ.US,D,20221122,000000,0.93,1.05,0.93,1.02,9633,0
AZ.US,D,20221123,000000,1.11,1.11,1,1.02,8532,0
AZ.US,D,20221125,000000,0.9998,1.0928,0.9901,1.04,41754,0
AZ.US,D,20221128,000000,1.02,1.14,1.02,1.05,138285,0
AZ.US,D,20221129,000000,1.02,1.2799,1.02,1.24,94927,0
AZ.US,D,20221130,000000,1.24,1.42,1.1026,1.42,67584,0
AZ.US,D,20221201,000000,1.39,1.4399,1.24,1.38,50683,0
AZ.US,D,20221202,000000,1.37,1.59,1.37,1.51,55780,0
AZ.US,D,20221205,000000,1.54,1.7,1.44,1.58,138259,0
AZ.US,D,20221206,000000,1.61,1.7,1.56,1.6,98535,0
AZ.US,D,20221207,000000,1.69,1.69,1.51,1.58,62130,0
AZ.US,D,20221208,000000,1.64,1.72,1.53,1.7,83868,0
AZ.US,D,20221209,000000,1.725,1.725,1.67,1.7,18227,0
AZ.US,D,20221212,000000,1.72,1.72,1.65,1.67,25269,0
AZ.US,D,20221213,000000,1.71,1.71,1.6177,1.66,8023,0
AZ.US,D,20221214,000000,1.67,1.7,1.65,1.69,22709,0
AZ.US,D,20221215,000000,1.66,1.6855,1.6,1.61,18155,0
AZ.US,D,20221216,000000,1.67,1.67,1.46,1.51,58633,0
AZ.US,D,20221219,000000,1.52,1.6499,1.455,1.4998,23726,0
AZ.US,D,20221220,000000,1.4896,1.51,1.43,1.43,22596,0
AZ.US,D,20221221,000000,1.39,1.48,1.3,1.42,19105,0
AZ.US,D,20221222,000000,1.28,1.3,1.1,1.1501,43548,0
AZ.US,D,20221223,000000,1.16,1.22,1.16,1.21,19123,0
AZ.US,D,20221227,000000,1.2,1.29,1.2,1.25,53835,0
AZ.US,D,20221228,000000,1.21,1.32,1.09,1.15,71683,0
AZ.US,D,20221229,000000,1.24,1.4363,1.24,1.32,59847,0
AZ.US,D,20221230,000000,1.37,1.44,1.27,1.27,21229,0
AZ.US,D,20230103,000000,1.39,1.39,1.2885,1.31,14867,0
AZ.US,D,20230104,000000,1.33,1.33,1.3,1.3,11295,0
AZ.US,D,20230105,000000,1.26,1.342,1.26,1.3,15366,0
AZ.US,D,20230106,000000,1.38,1.38,1.19,1.3199,31414,0
AZ.US,D,20230109,000000,1.32,1.43,1.2801,1.4034,26797,0
AZ.US,D,20230110,000000,1.434,1.63,1.381,1.63,45767,0
AZ.US,D,20230111,000000,1.69,1.69,1.55,1.69,18230,0
AZ.US,D,20230112,000000,1.7,1.9,1.58,1.78,157082,0
AZ.US,D,20230113,000000,1.78,1.79,1.5208,1.62,111735,0
AZ.US,D,20230117,000000,1.62,1.67,1.6,1.66,32730,0
AZ.US,D,20230118,000000,1.72,2.12,1.71,1.96,744372,0
AZ.US,D,20230119,000000,2.06,2.53,1.8,2.03,1360778,0
AZ.US,D,20230120,000000,2.15,2.42,2.04,2.33,1121966,0
AZ.US,D,20230123,000000,2.4,2.6,2.088,2.14,805555,0
AZ.US,D,20230124,000000,2.15,2.29,1.84,1.95,320572,0
AZ.US,D,20230125,000000,2.01,2.05,1.83,2.02,99651,0
AZ.US,D,20230126,000000,1.97,1.99,1.8,1.92,162009,0
AZ.US,D,20230127,000000,1.85,1.96,1.83,1.949,50951,0
AZ.US,D,20230130,000000,1.95,1.96,1.83,1.9,61063,0
AZ.US,D,20230131,000000,1.88,1.91,1.79,1.85,79384,0
AZ.US,D,20230201,000000,1.89,1.89,1.82,1.845,58260,0
AZ.US,D,20230202,000000,1.75,1.87,1.75,1.8,103663,0
AZ.US,D,20230203,000000,1.76,1.8499,1.76,1.81,40554,0
AZ.US,D,20230206,000000,1.81,1.815,1.7,1.75,36153,0
AZ.US,D,20230207,000000,1.74,1.76,1.68,1.71,18907,0
AZ.US,D,20230208,000000,1.71,1.71,1.57,1.65,63292,0
AZ.US,D,20230209,000000,1.6502,1.6502,1.55,1.55,62224,0
AZ.US,D,20230210,000000,1.61,1.61,1.56,1.6,16294,0
AZ.US,D,20230213,000000,1.62,1.68,1.59,1.64,61928,0
AZ.US,D,20230214,000000,1.7,1.7063,1.63,1.64,51714,0
AZ.US,D,20230215,000000,1.7,1.7,1.63,1.635,25045,0
AZ.US,D,20230216,000000,1.65,1.6899,1.63,1.68,40551,0
AZ.US,D,20230217,000000,1.7,1.765,1.66,1.72,62476,0
AZ.US,D,20230221,000000,1.59,1.77,1.58,1.72,40816,0
AZ.US,D,20230222,000000,1.7,1.76,1.6503,1.72,26495,0
AZ.US,D,20230223,000000,1.67,1.7227,1.6601,1.7,11614,0
AZ.US,D,20230224,000000,1.64,1.71,1.56,1.5968,22451,0
AZ.US,D,20230227,000000,1.6001,1.6078,1.5001,1.51,15610,0
AZ.US,D,20230228,000000,1.51,1.77,1.48,1.71,61520,0
AZ.US,D,20230301,000000,1.51,1.76,1.51,1.7,18525,0
AZ.US,D,20230302,000000,1.6108,1.67,1.6,1.65,19485,0
AZ.US,D,20230303,000000,1.64,1.71,1.6,1.6,11805,0
AZ.US,D,20230306,000000,1.55,1.6872,1.55,1.68,22877,0
AZ.US,D,20230307,000000,1.64,1.68,1.6,1.68,17726,0
AZ.US,D,20230308,000000,1.64,1.67,1.51,1.625,61321,0
AZ.US,D,20230309,000000,1.6,1.65,1.55,1.61,11310,0
AZ.US,D,20230310,000000,1.59,1.61,1.51,1.53,24257,0
AZ.US,D,20230313,000000,1.51,1.51,1.4,1.4357,37780,0
AZ.US,D,20230314,000000,1.45,1.45,1.3,1.365,30542,0
AZ.US,D,20230315,000000,1.29,1.3281,1.18,1.2,79854,0
AZ.US,D,20230316,000000,1.16,1.25,1.15,1.25,95907,0
AZ.US,D,20230317,000000,1.2653,1.2653,1.19,1.24,12367,0
AZ.US,D,20230320,000000,1.1101,1.2799,1.1101,1.26,7717,0
AZ.US,D,20230321,000000,1.21,1.2193,1.12,1.16,27981,0
AZ.US,D,20230322,000000,1.12,1.21,1.12,1.12,39721,0
AZ.US,D,20230323,000000,1.13,1.17,1.0207,1.06,49473,0
AZ.US,D,20230324,000000,1.03,1.11,1.02,1.0853,67745,0
AZ.US,D,20230327,000000,1.17,1.17,1.03,1.1,45895,0
AZ.US,D,20230328,000000,1.0601,1.1,1.04,1.06,57668,0
AZ.US,D,20230329,000000,1.08,1.0962,1,1.02,265446,0
AZ.US,D,20230330,000000,1.03,1.27,1.03,1.18,138662,0
AZ.US,D,20230331,000000,1.14,1.29,1.14,1.29,67548,0
AZ.US,D,20230403,000000,1.33,1.38,1.284,1.3,64599,0
AZ.US,D,20230404,000000,1.39,1.39,1.21,1.25,48426,0
AZ.US,D,20230405,000000,1.22,1.29,1.18,1.182,12837,0
AZ.US,D,20230406,000000,1.18,1.35,1.18,1.35,35492,0
AZ.US,D,20230410,000000,1.29,1.4,1.29,1.35,33440,0
AZ.US,D,20230411,000000,1.35,1.4,1.32,1.34,47044,0
AZ.US,D,20230412,000000,1.2703,1.37,1.2401,1.29,57369,0
AZ.US,D,20230413,000000,1.38,1.38,1.24,1.25,42746,0
AZ.US,D,20230414,000000,1.33,1.43,1.29,1.34,66711,0
AZ.US,D,20230417,000000,1.34,1.3799,1.23,1.249,85977,0
AZ.US,D,20230418,000000,1.28,1.31,1.01,1.09,63027,0
AZ.US,D,20230419,000000,1.08,1.16,1.04,1.11,69090,0
AZ.US,D,20230420,000000,1.09,1.15,1.0401,1.0969,62250,0
AZ.US,D,20230421,000000,1.07,1.2,1.07,1.18,57738,0
AZ.US,D,20230424,000000,1.16,1.21,1.03,1.08,45944,0
AZ.US,D,20230425,000000,1.06,1.1551,1.04,1.13,37764,0
AZ.US,D,20230426,000000,1.15,1.1727,1.0228,1.06,29131,0
AZ.US,D,20230427,000000,1.0875,1.18,1.01,1.08,67301,0
AZ.US,D,20230428,000000,1.09,1.1501,1.0367,1.1193,16564,0
AZ.US,D,20230501,000000,1.05,1.36,1.05,1.33,151547,0
AZ.US,D,20230502,000000,1.38,1.49,1.2711,1.29,37051,0
AZ.US,D,20230503,000000,1.33,1.4219,1.27,1.31,54258,0
AZ.US,D,20230504,000000,1.2544,1.28,1.2,1.275,31832,0
AZ.US,D,20230505,000000,1.33,1.33,1.2002,1.25,9045,0
AZ.US,D,20230508,000000,1.21,1.3766,1.21,1.29,31923,0
AZ.US,D,20230509,000000,1.39,1.39,1.26,1.32,64815,0
AZ.US,D,20230510,000000,1.34,1.42,1.2999,1.3693,124943,0
AZ.US,D,20230511,000000,1.33,1.37,1.31,1.37,54278,0
AZ.US,D,20230512,000000,1.43,1.48,1.38,1.44,68056,0
AZ.US,D,20230515,000000,1.46,1.5961,1.44,1.5961,114298,0
AZ.US,D,20230516,000000,1.61,1.74,1.46,1.72,148524,0
AZ.US,D,20230517,000000,1.72,2,1.64,1.94,224960,0
AZ.US,D,20230518,000000,1.98,2,1.64,1.68,171101,0
AZ.US,D,20230519,000000,1.7,1.75,1.5901,1.677,70269,0
AZ.US,D,20230522,000000,1.68,1.8046,1.6501,1.77,64457,0
AZ.US,D,20230523,000000,1.71,1.88,1.7,1.82,40695,0
AZ.US,D,20230524,000000,1.84,1.84,1.7263,1.78,43369,0
AZ.US,D,20230525,000000,1.74,1.7631,1.61,1.68,44038,0
AZ.US,D,20230526,000000,1.6485,1.73,1.58,1.7299,39991,0
AZ.US,D,20230530,000000,1.75,1.82,1.6614,1.82,72740,0
AZ.US,D,20230531,000000,1.81,1.9091,1.7801,1.84,56080,0
AZ.US,D,20230601,000000,1.8,1.8806,1.8,1.88,21440,0
AZ.US,D,20230602,000000,1.86,1.91,1.813,1.9,30192,0
AZ.US,D,20230605,000000,1.79,2.06,1.79,2.03,60514,0
AZ.US,D,20230606,000000,2.0254,2.1448,1.97,2.01,74942,0
AZ.US,D,20230607,000000,1.98,2.18,1.9,2.07,211874,0
AZ.US,D,20230608,000000,2.15,2.15,2.02,2.055,37139,0
AZ.US,D,20230609,000000,2.1,2.45,2.08,2.4,362417,0
AZ.US,D,20230612,000000,2.261,2.32,2.15,2.2601,251275,0
AZ.US,D,20230613,000000,2.29,2.39,2.13,2.3,223297,0
AZ.US,D,20230614,000000,2.35,2.3599,2.23,2.3155,200667,0
AZ.US,D,20230615,000000,2.24,2.58,2.21,2.54,464384,0
AZ.US,D,20230616,000000,2.65,2.96,2.6,2.83,484387,0
AZ.US,D,20230620,000000,3,3.04,2.701,2.93,571103,0
AZ.US,D,20230621,000000,2.96,3.01,2.75,2.92,366986,0
AZ.US,D,20230622,000000,2.94,2.94,2.5087,2.61,248103,0
AZ.US,D,20230623,000000,2.62,2.66,2.17,2.66,442170,0
AZ.US,D,20230626,000000,2.6739,2.78,2.4994,2.53,121831,0
AZ.US,D,20230627,000000,2.54,2.545,2.18,2.18,267883,0
AZ.US,D,20230628,000000,2.12,2.33,2.05,2.31,176538,0
AZ.US,D,20230629,000000,2.47,2.47,2.31,2.35,256992,0
AZ.US,D,20230630,000000,2.44,2.57,2.32,2.53,260680,0
AZ.US,D,20230703,000000,2.58,2.5809,2.45,2.53,194309,0
AZ.US,D,20230705,000000,2.49,2.54,2.2,2.26,429686,0
AZ.US,D,20230706,000000,2.32,2.36,2.11,2.19,269695,0
AZ.US,D,20230707,000000,2.19,2.49,2.19,2.42,160404,0
AZ.US,D,20230710,000000,2.39,2.42,2.29,2.42,63653,0
AZ.US,D,20230711,000000,2.27,2.3753,2.15,2.22,162596,0
AZ.US,D,20230712,000000,2.19,2.3,2.06,2.28,275695,0
AZ.US,D,20230713,000000,2.35,2.38,2.25,2.32,167997,0
AZ.US,D,20230714,000000,2.28,2.3086,2.16,2.2,91366,0
AZ.US,D,20230717,000000,2.2,2.26,2.06,2.24,169143,0
AZ.US,D,20230718,000000,2.25,2.3,2.15,2.21,45971,0
AZ.US,D,20230719,000000,2.18,2.21,2.0601,2.15,107156,0
AZ.US,D,20230720,000000,2.12,2.1568,1.92,2.04,120830,0
AZ.US,D,20230721,000000,1.99,2.03,1.945,2.03,53100,0
AZ.US,D,20230724,000000,2.08,2.11,1.83,1.95,86469,0
AZ.US,D,20230725,000000,1.93,1.99,1.88,1.91,84755,0
AZ.US,D,20230726,000000,1.88,1.8976,1.75,1.81,63907,0
AZ.US,D,20230727,000000,1.79,1.96,1.79,1.8,34700,0
AZ.US,D,20230728,000000,1.81,2.14,1.81,2.03,111407,0
AZ.US,D,20230731,000000,2.14,2.394,2.12,2.285,238240,0
AZ.US,D,20230801,000000,2.36,2.38,2.2572,2.3,68900,0
AZ.US,D,20230802,000000,2.28,2.32,2.09,2.26,110243,0
AZ.US,D,20230803,000000,2.31,2.33,2.1001,2.16,50545,0
AZ.US,D,20230804,000000,2.19,2.19,2.0829,2.13,43490,0
AZ.US,D,20230807,000000,2.09,2.09,1.82,1.97,126127,0
AZ.US,D,20230808,000000,1.85,1.94,1.84,1.85,91510,0
AZ.US,D,20230809,000000,1.81,1.922,1.7,1.77,68354,0
AZ.US,D,20230810,000000,1.78,2.02,1.77,1.84,155211,0
AZ.US,D,20230811,000000,1.81,2.2,1.81,2.15,127240,0
AZ.US,D,20230814,000000,2.08,2.14,1.95,2.04,48806,0
AZ.US,D,20230815,000000,1.93,2.34,1.9138,2.33,83623,0
AZ.US,D,20230816,000000,2.25,2.3,2.12,2.27,87510,0
AZ.US,D,20230817,000000,2.11,2.21,2,2.2,75252,0
AZ.US,D,20230818,000000,2.16,2.48,2.105,2.43,297988,0
AZ.US,D,20230821,000000,2.43,2.5,2.26,2.43,163536,0
AZ.US,D,20230822,000000,2.45,2.45,2.16,2.23,89880,0
AZ.US,D,20230823,000000,2.25,2.48,2.15,2.43,143528,0
AZ.US,D,20230824,000000,2.38,2.38,2.2001,2.26,36797,0
AZ.US,D,20230825,000000,2.3,2.3,2.2,2.22,71404,0
AZ.US,D,20230828,000000,2.3,2.3,2.07,2.12,32780,0
AZ.US,D,20230829,000000,2.09,2.2672,2.06,2.12,76358,0
AZ.US,D,20230830,000000,2.19,2.28,1.97,2.27,127458,0
AZ.US,D,20230831,000000,2.26,2.26,2.1,2.16,45531,0
AZ.US,D,20230901,000000,2.12,2.15,2.0201,2.08,42636,0
AZ.US,D,20230905,000000,2.17,2.18,2.05,2.075,20370,0
AZ.US,D,20230906,000000,2.08,2.1299,2,2.01,16692,0
AZ.US,D,20230907,000000,2.062,2.062,1.89,2,50545,0
AZ.US,D,20230908,000000,1.9043,2.14,1.85,1.88,129832,0
AZ.US,D,20230911,000000,1.96,1.96,1.8301,1.89,89682,0
AZ.US,D,20230912,000000,1.88,1.92,1.8,1.89,64996,0
AZ.US,D,20230913,000000,1.94,1.94,1.77,1.81,46958,0
AZ.US,D,20230914,000000,1.85,1.95,1.75,1.77,49806,0
AZ.US,D,20230915,000000,1.74,1.97,1.73,1.92,34068,0
AZ.US,D,20230918,000000,1.92,1.94,1.69,1.7,50806,0
AZ.US,D,20230919,000000,1.7,1.77,1.63,1.695,35408,0
AZ.US,D,20230920,000000,1.66,1.7699,1.54,1.58,47836,0
AZ.US,D,20230921,000000,1.54,1.61,1.5,1.575,52637,0
AZ.US,D,20230922,000000,1.53,1.63,1.5018,1.57,30848,0
AZ.US,D,20230925,000000,1.54,1.67,1.54,1.55,8922,0
AZ.US,D,20230926,000000,1.5,1.66,1.5,1.52,11415,0
AZ.US,D,20230927,000000,1.5659,1.625,1.49,1.53,28597,0
AZ.US,D,20230928,000000,1.6,1.6071,1.51,1.53,23716,0
AZ.US,D,20230929,000000,1.6,1.66,1.54,1.65,13050,0
AZ.US,D,20231002,000000,1.57,1.6,1.52,1.6,14543,0
AZ.US,D,20231003,000000,1.56,1.59,1.4815,1.55,26505,0
AZ.US,D,20231004,000000,1.6,1.6,1.46,1.59,27866,0
AZ.US,D,20231005,000000,1.5,1.54,1.38,1.43,40339,0
AZ.US,D,20231006,000000,1.4,1.62,1.4,1.61,53075,0
AZ.US,D,20231009,000000,1.56,1.57,1.45,1.45,34223,0
AZ.US,D,20231010,000000,1.45,1.5814,1.39,1.47,25889,0
AZ.US,D,20231011,000000,1.45,1.55,1.4,1.44,13984,0
AZ.US,D,20231012,000000,1.39,1.49,1.31,1.31,34431,0
AZ.US,D,20231013,000000,1.43,1.43,1.23,1.28,42904,0
AZ.US,D,20231016,000000,1.46,1.47,1.26,1.47,71803,0
AZ.US,D,20231017,000000,1.36,1.64,1.36,1.5,71464,0
AZ.US,D,20231018,000000,1.61,1.63,1.48,1.56,42705,0
AZ.US,D,20231019,000000,1.64,1.64,1.5,1.52,19442,0
AZ.US,D,20231020,000000,1.51,1.52,1.44,1.47,9168,0
AZ.US,D,20231023,000000,1.42,1.5077,1.2301,1.41,6543,0
AZ.US,D,20231024,000000,1.48,1.7999,1.44,1.69,209382,0
AZ.US,D,20231025,000000,1.65,1.69,1.51,1.68,67548,0
AZ.US,D,20231026,000000,1.55,1.6,1.3,1.31,96669,0
AZ.US,D,20231027,000000,1.45,1.56,1.4096,1.5,62396,0
AZ.US,D,20231030,000000,1.57,1.84,1.5,1.66,40164,0
AZ.US,D,20231031,000000,1.58,1.67,1.52,1.53,32025,0
AZ.US,D,20231101,000000,1.57,1.5898,1.45,1.48,19653,0
AZ.US,D,20231102,000000,1.45,1.6049,1.4,1.54,56954,0
AZ.US,D,20231103,000000,1.4474,1.62,1.38,1.56,37809,0
AZ.US,D,20231106,000000,1.53,1.54,1.4208,1.45,23819,0
AZ.US,D,20231107,000000,1.51,1.51,1.32,1.46,35940,0
AZ.US,D,20231108,000000,1.48,1.48,1.36,1.38,26983,0
AZ.US,D,20231109,000000,1.4,1.415,1.29,1.37,71093,0
AZ.US,D,20231110,000000,1.335,1.3657,1.3,1.31,11861,0
AZ.US,D,20231113,000000,1.35,1.3999,1.32,1.37,9948,0
AZ.US,D,20231114,000000,1.4,1.4,1.3294,1.35,15159,0
AZ.US,D,20231115,000000,1.29,1.38,1.29,1.38,11834,0
AZ.US,D,20231116,000000,1.35,1.35,1.2812,1.3269,9699,0
AZ.US,D,20231117,000000,1.26,1.31,1.26,1.31,13675,0
AZ.US,D,20231120,000000,1.29,1.3499,1.2,1.25,67732,0
AZ.US,D,20231121,000000,1.26,1.34,1.24,1.26,46497,0
AZ.US,D,20231122,000000,1.25,1.2999,1.24,1.2831,18041,0
AZ.US,D,20231124,000000,1.3,1.3799,1.3,1.37,17197,0
AZ.US,D,20231127,000000,1.31,1.48,1.31,1.48,37601,0
AZ.US,D,20231128,000000,1.48,1.6,1.33,1.59,34510,0
AZ.US,D,20231129,000000,1.43,1.5,1.38,1.39,24703,0
AZ.US,D,20231130,000000,1.39,1.55,1.36,1.5,49319,0
AZ.US,D,20231201,000000,1.45,1.45,1.37,1.37,27090,0
AZ.US,D,20231204,000000,1.34,1.4,1.31,1.31,15592,0
AZ.US,D,20231205,000000,1.41,1.41,1.23,1.28,47532,0
AZ.US,D,20231206,000000,1.25,1.315,1.215,1.28,74332,0
AZ.US,D,20231207,000000,1.25,1.2523,1.19,1.2,28932,0
AZ.US,D,20231208,000000,1.2567,1.2567,1.19,1.2,33910,0
AZ.US,D,20231211,000000,1.29,1.29,1.14,1.17,37348,0
AZ.US,D,20231212,000000,1.28,1.28,1.19,1.24,53920,0
AZ.US,D,20231213,000000,1.2007,1.2799,1.17,1.2,71661,0
AZ.US,D,20231214,000000,1.19,1.2551,1.18,1.18,42315,0
AZ.US,D,20231215,000000,1.21,1.21,1.15,1.2,37857,0
AZ.US,D,20231218,000000,1.11,1.23,1.11,1.17,59340,0
AZ.US,D,20231219,000000,1.23,1.25,1.1679,1.21,31641,0
AZ.US,D,20231220,000000,1.18,1.25,1.17,1.23,82738,0
AZ.US,D,20231221,000000,1.24,1.3799,1.24,1.32,151171,0
AZ.US,D,20231222,000000,1.37,1.475,1.36,1.39,83027,0
AZ.US,D,20231226,000000,1.4,1.4297,1.29,1.31,138857,0
AZ.US,D,20231227,000000,1.26,1.38,1.26,1.33,169820,0
AZ.US,D,20231228,000000,1.3799,1.4099,1.28,1.355,69143,0
AZ.US,D,20231229,000000,1.37,1.42,1.3,1.37,75058,0
AZ.US,D,20240102,000000,1.37,1.37,1.31,1.33,42625,0
AZ.US,D,20240103,000000,1.31,1.31,1.1219,1.1591,151039,0
AZ.US,D,20240104,000000,1.15,1.1799,1.1228,1.16,111078,0
AZ.US,D,20240105,000000,1.13,1.2,1.13,1.1889,43534,0
AZ.US,D,20240108,000000,1.18,1.21,1.18,1.19,7891,0
AZ.US,D,20240109,000000,1.16,1.18,1.11,1.1409,35007,0
AZ.US,D,20240110,000000,1.12,1.14,1.05,1.07,32640,0
AZ.US,D,20240111,000000,1.04,1.14,1.04,1.09,24102,0
AZ.US,D,20240112,000000,1.09,1.1241,1.08,1.095,23032,0
AZ.US,D,20240116,000000,1.02,1.15,0.9589,1.0697,216906,0
AZ.US,D,20240117,000000,1.06,1.09,1.01,1.08,115050,0
AZ.US,D,20240118,000000,1.04,1.07,1.01,1.03,49176,0
AZ.US,D,20240119,000000,1.09,1.11,1.01,1.03,125850,0
AZ.US,D,20240122,000000,1.08,1.29,1.08,1.25,206157,0
AZ.US,D,20240123,000000,1.24,1.3,1.17,1.22,54606,0
AZ.US,D,20240124,000000,1.22,1.2996,1.21,1.2996,146049,0
AZ.US,D,20240125,000000,1.29,1.2994,1.21,1.28,71897,0
AZ.US,D,20240126,000000,1.26,1.2755,1.12,1.18,47995,0
AZ.US,D,20240129,000000,1.2,1.25,1.1699,1.24,21482,0
AZ.US,D,20240130,000000,1.24,1.27,1.1901,1.25,71505,0
AZ.US,D,20240131,000000,1.2236,1.2236,1.16,1.18,15664,0
AZ.US,D,20240201,000000,1.14,1.2,1.14,1.1401,15662,0
AZ.US,D,20240202,000000,1.14,1.1436,1.1,1.1,13418,0
AZ.US,D,20240205,000000,1.1302,1.18,1.04,1.04,64012,0
AZ.US,D,20240206,000000,1.06,1.15,1.06,1.11,16700,0
AZ.US,D,20240207,000000,1.1117,1.1199,1.0627,1.0714,55611,0
AZ.US,D,20240208,000000,1.11,1.15,1.05,1.0623,60774,0
AZ.US,D,20240209,000000,1.06,1.27,1.06,1.2,73687,0
AZ.US,D,20240212,000000,1.28,1.28,1.1901,1.2202,41926,0
AZ.US,D,20240213,000000,1.22,1.244,1.1401,1.23,25343,0
AZ.US,D,20240214,000000,1.12,1.27,1.12,1.25,86167,0
AZ.US,D,20240215,000000,1.215,1.25,1.16,1.16,31707,0
AZ.US,D,20240216,000000,1.18,1.28,1.18,1.26,19511,0
AZ.US,D,20240220,000000,1.21,1.4,1.17,1.39,218958,0
AZ.US,D,20240221,000000,1.39,1.39,1.23,1.26,71752,0
AZ.US,D,20240222,000000,1.34,1.34,1.21,1.249,36195,0
AZ.US,D,20240223,000000,1.29,1.32,1.21,1.21,66939,0
AZ.US,D,20240226,000000,1.25,1.25,1.15,1.16,70525,0
AZ.US,D,20240227,000000,1.22,1.22,1.1,1.16,32845,0
AZ.US,D,20240228,000000,1.18,1.1895,1.03,1.14,60464,0
AZ.US,D,20240229,000000,1.12,1.3,1.11,1.3,88963,0
AZ.US,D,20240301,000000,1.26,1.26,1.1345,1.23,70458,0
AZ.US,D,20240304,000000,1.2,1.2199,1.13,1.19,38404,0
AZ.US,D,20240305,000000,1.19,1.24,1.11,1.14,52059,0
AZ.US,D,20240306,000000,1.114,1.15,1.09,1.0995,26084,0
AZ.US,D,20240307,000000,1.1005,1.1164,0.9998,1.07,83107,0
AZ.US,D,20240308,000000,1.11,1.11,0.9,1.05,221041,0
AZ.US,D,20240311,000000,1.03,1.05,0.9017,0.98,123250,0
AZ.US,D,20240312,000000,0.9602,1,0.8204,0.8477,197548,0
AZ.US,D,20240313,000000,0.8223,0.85,0.71,0.85,194650,0
AZ.US,D,20240314,000000,0.84,0.85,0.7907,0.8,31785,0
AZ.US,D,20240315,000000,0.817,0.817,0.73,0.779,51897,0
AZ.US,D,20240318,000000,0.823,0.8901,0.67,0.67,83506,0
AZ.US,D,20240319,000000,0.832,0.832,0.67,0.7,99624,0
AZ.US,D,20240320,000000,0.7,0.7715,0.67,0.748,92461,0
AZ.US,D,20240321,000000,0.74,0.749,0.6612,0.67,65521,0
AZ.US,D,20240322,000000,0.696,0.759,0.6011,0.6197,248590,0
AZ.US,D,20240325,000000,0.6183,0.63,0.56,0.58,125838,0
AZ.US,D,20240326,000000,0.58,0.58,0.4599,0.4599,314092,0
AZ.US,D,20240327,000000,0.549,0.63,0.529,0.602,289453,0
AZ.US,D,20240328,000000,0.66,0.712,0.583,0.5832,327151,0
AZ.US,D,20240401,000000,0.58,0.58,0.4713,0.4776,344766,0
AZ.US,D,20240402,000000,0.4886,0.5978,0.4611,0.4635,527280,0
AZ.US,D,20240403,000000,0.509,0.5785,0.4999,0.53,293633,0
AZ.US,D,20240404,000000,0.5241,0.61,0.5241,0.525,368335,0
AZ.US,D,20240405,000000,0.539,0.58,0.52,0.52,24297,0
AZ.US,D,20240408,000000,0.53,0.551,0.46,0.4601,97709,0
AZ.US,D,20240409,000000,0.46,0.5201,0.46,0.4711,68161,0
AZ.US,D,20240410,000000,0.4605,0.5145,0.4605,0.472,51728,0
AZ.US,D,20240411,000000,0.47,0.5,0.425,0.426,116500,0
AZ.US,D,20240412,000000,0.4473,0.45,0.4228,0.4248,36644,0
AZ.US,D,20240415,000000,0.48,0.48,0.371,0.3846,219102,0
AZ.US,D,20240416,000000,0.4039,0.4493,0.3526,0.421,218216,0
AZ.US,D,20240417,000000,0.455,0.4641,0.4,0.425,59832,0
AZ.US,D,20240418,000000,0.422,0.439,0.3716,0.414,79739,0
AZ.US,D,20240419,000000,0.4117,0.44,0.3726,0.4001,115846,0
AZ.US,D,20240422,000000,0.416,0.416,0.38,0.4001,40175,0
AZ.US,D,20240423,000000,0.392,0.5026,0.392,0.4514,192906,0
AZ.US,D,20240424,000000,0.4993,0.5141,0.4,0.47,87643,0
AZ.US,D,20240425,000000,0.437,0.489,0.4018,0.407,78321,0
AZ.US,D,20240426,000000,0.4069,0.4488,0.392,0.392,58959,0
AZ.US,D,20240429,000000,0.4,0.45,0.4,0.42,74615,0
AZ.US,D,20240430,000000,0.435,0.435,0.3991,0.4057,8090,0
AZ.US,D,20240501,000000,0.41,0.44,0.41,0.420101,5234,0
AZ.US,D,20240502,000000,0.44,0.45,0.4048,0.4082,15379,0
AZ.US,D,20240503,000000,0.44,0.45,0.4101,0.4194,73778,0
AZ.US,D,20240506,000000,0.4253,0.439088,0.4001,0.4051,39178,0
AZ.US,D,20240507,000000,0.417,0.425599,0.375,0.375,63145,0
AZ.US,D,20240508,000000,0.3626,0.4,0.362,0.385,76369,0
AZ.US,D,20240509,000000,0.418,0.4237,0.3901,0.3901,18836,0
AZ.US,D,20240510,000000,0.4,0.4,0.362,0.363,35930,0
AZ.US,D,20240513,000000,0.39,0.4498,0.389,0.44005,74909,0
AZ.US,D,20240514,000000,0.45,0.45,0.4,0.4148,38427,0
AZ.US,D,20240515,000000,0.4389,0.449,0.4,0.4409,83730,0
AZ.US,D,20240516,000000,0.44,0.44,0.3998,0.4206,29934,0
AZ.US,D,20240517,000000,0.43,0.44,0.3995,0.4141,36083,0
AZ.US,D,20240520,000000,0.41,0.41,0.362,0.378,43076,0
AZ.US,D,20240521,000000,0.375,0.385,0.34,0.3822,58425,0
AZ.US,D,20240522,000000,0.385,0.4,0.3801,0.3908,19682,0
AZ.US,D,20240523,000000,0.395,0.4003,0.381,0.382001,5136,0
AZ.US,D,20240524,000000,0.38,0.42,0.371,0.4198,123520,0
AZ.US,D,20240528,000000,0.408,0.43,0.377,0.4202,380381,0
AZ.US,D,20240529,000000,0.42,0.42,0.38,0.402,55614,0
AZ.US,D,20240530,000000,0.405,0.41,0.386,0.39465,147948,0
AZ.US,D,20240531,000000,0.43,0.49,0.3876,0.4346,407409,0
AZ.US,D,20240603,000000,0.44,0.44,0.3886,0.39,159663,0
AZ.US,D,20240604,000000,0.42,0.42,0.3805,0.392,66688,0
AZ.US,D,20240605,000000,0.3893,0.39,0.367,0.3775,23444,0
AZ.US,D,20240606,000000,0.388,0.399,0.38,0.399,38846,0
AZ.US,D,20240607,000000,0.38,0.42,0.366922,0.3899,21272,0
AZ.US,D,20240610,000000,0.37,0.3899,0.3599,0.375,44732,0
AZ.US,D,20240611,000000,0.388,0.3885,0.37,0.3802,17271,0
AZ.US,D,20240612,000000,0.378,0.4,0.378,0.3977,22260,0
AZ.US,D,20240613,000000,0.409,0.409,0.37,0.3821,19036,0
AZ.US,D,20240614,000000,0.4,0.4,0.353,0.367,69256,0
AZ.US,D,20240617,000000,0.37,0.3979,0.3501,0.36,57902,0
AZ.US,D,20240618,000000,0.3636,0.371,0.3501,0.350201,25070,0
AZ.US,D,20240620,000000,0.366,0.366,0.34,0.3402,63109,0
AZ.US,D,20240621,000000,0.342,0.3723,0.342,0.3499,53379,0
AZ.US,D,20240624,000000,0.34,0.39,0.34,0.3753,85326,0
AZ.US,D,20240625,000000,0.39,0.39,0.3581,0.363,52312,0
AZ.US,D,20240626,000000,0.362,0.39,0.355,0.3697,55735,0
AZ.US,D,20240627,000000,0.37,0.39,0.3601,0.374,59492,0
AZ.US,D,20240628,000000,0.372,0.398,0.36885,0.3978,49907,0
AZ.US,D,20240701,000000,0.38,0.4,0.36,0.4,94984,0
AZ.US,D,20240702,000000,0.402,0.41,0.37,0.3968,37266,0
AZ.US,D,20240703,000000,0.3812,0.4031,0.3812,0.3875,17852,0
AZ.US,D,20240705,000000,0.3874,0.4298,0.38,0.4298,435770,0
AZ.US,D,20240708,000000,0.4297,0.49,0.42,0.46,258194,0
AZ.US,D,20240709,000000,0.4799,0.65,0.461,0.556,1263933,0
AZ.US,D,20240710,000000,0.6199,0.6398,0.523,0.5997,459854,0
AZ.US,D,20240711,000000,0.6,0.65,0.6,0.630101,253811,0
AZ.US,D,20240712,000000,0.66,0.85,0.6509,0.8329,583950,0
AZ.US,D,20240715,000000,0.86,0.95,0.77,0.79,568617,0
AZ.US,D,20240716,000000,0.82,0.9219,0.779,0.917,186146,0
AZ.US,D,20240717,000000,0.95,0.95,0.85,0.8814,94540,0
AZ.US,D,20240718,000000,0.84,0.91,0.81,0.8898,210605,0
AZ.US,D,20240719,000000,0.9039,0.9186,0.8308,0.8502,97856,0
AZ.US,D,20240722,000000,0.86,0.9107,0.83,0.851,67777,0
AZ.US,D,20240723,000000,0.867,0.89,0.781,0.7905,81244,0
AZ.US,D,20240724,000000,0.7768,0.8,0.7202,0.7344,239884,0
AZ.US,D,20240725,000000,0.7232,0.77701,0.7171,0.735,49069,0
AZ.US,D,20240726,000000,0.7775,0.83,0.74,0.775,44821,0
AZ.US,D,20240729,000000,0.79,0.8,0.7392,0.7392,48534,0
AZ.US,D,20240730,000000,0.7742,0.8,0.68,0.762,194499,0
AZ.US,D,20240731,000000,0.777,0.8,0.7101,0.7999,83640,0
AZ.US,D,20240801,000000,0.8,0.8,0.73,0.8,51730,0
AZ.US,D,20240802,000000,0.77,0.785,0.701201,0.753,65549,0
AZ.US,D,20240805,000000,0.684,0.71,0.532,0.6701,112073,0
AZ.US,D,20240806,000000,0.69,0.74,0.649,0.6779,88031,0
AZ.US,D,20240807,000000,0.74,0.75,0.623,0.686,92637,0
AZ.US,D,20240808,000000,0.71,0.75,0.69,0.7499,49529,0
AZ.US,D,20240809,000000,0.7221,0.7938,0.7221,0.7719,70669,0
AZ.US,D,20240812,000000,0.8,0.8,0.661,0.682,49894,0
AZ.US,D,20240813,000000,0.691,0.71,0.675,0.71,22190,0
AZ.US,D,20240814,000000,0.691,0.691,0.61,0.651,89806,0
AZ.US,D,20240815,000000,0.6476,0.72,0.6476,0.72,20240,0
AZ.US,D,20240816,000000,0.72,0.748,0.68,0.739,26509,0
AZ.US,D,20240819,000000,0.71,0.74,0.69,0.74,70775,0
AZ.US,D,20240820,000000,0.726,0.75,0.69,0.75,26791,0
AZ.US,D,20240821,000000,0.72,0.75,0.68,0.7253,43754,0
AZ.US,D,20240822,000000,0.69,0.735,0.68,0.68,56764,0
AZ.US,D,20240823,000000,0.68,0.7,0.651,0.653,78156,0
AZ.US,D,20240826,000000,0.662,0.671,0.6105,0.645,95802,0
AZ.US,D,20240827,000000,0.6235,0.648,0.6115,0.6115,71457,0
AZ.US,D,20240828,000000,0.67,0.67,0.63037,0.64,15148,0
AZ.US,D,20240829,000000,0.631,0.667,0.62,0.62,29322,0
AZ.US,D,20240830,000000,0.6481,0.6481,0.6115,0.64,14381,0
AZ.US,D,20240903,000000,0.6428,0.6428,0.6014,0.6057,58564,0
AZ.US,D,20240904,000000,0.6386,0.6386,0.61,0.61,6572,0
AZ.US,D,20240905,000000,0.629,0.629,0.6,0.6189,12148,0
AZ.US,D,20240906,000000,0.5631,0.6195,0.5631,0.58,11992,0
AZ.US,D,20240909,000000,0.55,0.5801,0.55,0.5521,26417,0
AZ.US,D,20240910,000000,0.58,0.6302,0.58,0.6151,61312,0
AZ.US,D,20240911,000000,0.6,0.71,0.59,0.71,96074,0
AZ.US,D,20240912,000000,0.71,0.71,0.67,0.701,51684,0
AZ.US,D,20240913,000000,0.683,0.708799,0.6801,0.6978,29771,0
AZ.US,D,20240916,000000,0.718,0.718,0.68,0.69495,134585,0
AZ.US,D,20240917,000000,0.69,0.73,0.675,0.69,127331,0
AZ.US,D,20240918,000000,0.678,0.685,0.67,0.67,12058,0
AZ.US,D,20240919,000000,0.72,0.73,0.6649,0.694899,162796,0
AZ.US,D,20240920,000000,0.6778,0.8,0.6741,0.775,120075,0
AZ.US,D,20240923,000000,0.79,0.85,0.751,0.8085,251530,0
AZ.US,D,20240924,000000,0.7942,0.9098,0.7942,0.89,122364,0
AZ.US,D,20240925,000000,0.89,0.9484,0.89,0.8953,122738,0
AZ.US,D,20240926,000000,0.9,0.9,0.83254,0.86,77878,0
AZ.US,D,20240927,000000,0.91,0.94,0.83,0.865,125432,0
AZ.US,D,20240930,000000,0.881,0.881,0.761,0.8,73600,0
AZ.US,D,20241001,000000,0.7766,0.8,0.7337,0.7338,45628,0
AZ.US,D,20241002,000000,0.726,0.85,0.726,0.8137,136006,0
AZ.US,D,20241003,000000,0.825,0.825,0.750901,0.77,123968,0
AZ.US,D,20241004,000000,0.83,0.83,0.7511,0.79,119137,0
AZ.US,D,20241007,000000,0.794,0.794,0.7511,0.76,291299,0
AZ.US,D,20241008,000000,1.86,1.9999,1.76,1.93,170397,0
AZ.US,D,20241009,000000,2,2.18,1.94,2,109609,0
AZ.US,D,20241010,000000,2.04,2.6989,2.03,2.66,168443,0
AZ.US,D,20241011,000000,2.67,3.04,2.67,2.84,226269,0
AZ.US,D,20241014,000000,2.89,3.18,2.89,3.02,231181,0
AZ.US,D,20241015,000000,3.09,3.09,2.35,2.99,210488,0
AZ.US,D,20241016,000000,3,3.885,3,3.75,251738,0
AZ.US,D,20241017,000000,3.8,4.06,3.457,3.98,156538,0
AZ.US,D,20241018,000000,4.22,4.77,4.02,4.63,290071,0
AZ.US,D,20241021,000000,4.7,4.8,4.42,4.75,266936,0
AZ.US,D,20241022,000000,4.8,4.8,3.93,4.21,224401,0
AZ.US,D,20241023,000000,4.16,4.49,4.02,4.49,125620,0
AZ.US,D,20241024,000000,4.6,5.154,4.5,5.09,182052,0
AZ.US,D,20241025,000000,5.2,5.52,4.64,5.36,280937,0
AZ.US,D,20241028,000000,5.43,5.43,4.89,4.97,144187,0
AZ.US,D,20241029,000000,4.9,5.26,4.9,5.21,66304,0
