<TICKER>,<PER>,<DATE>,<TIME>,<OPEN>,<HIGH>,<LOW>,<CLOSE>,<VOL>,<OPENINT>
BCAN.US,D,20220601,000000,1284.4,1330,997.5,999.4,89.9526316689,0
BCAN.US,D,20220602,000000,931,1003.2,769.12,906.281,187.4105265032,0
BCAN.US,D,20220603,000000,951.9,988,940.5,988,6.1789473746,0
BCAN.US,D,20220606,000000,948.1,961.4,910.1,934.8,69.4000000694,0
BCAN.US,D,20220607,000000,1071.6,1090.6,841.7,931,1743.1894754273999,0
BCAN.US,D,20220608,000000,906.3,929.1,824.6,863.55,214.46842126709998,0
BCAN.US,D,20220609,000000,862.6,900.6,807.5,864.5,70.1473684912,0
BCAN.US,D,20220610,000000,828.4,912,779,853.1,55.2736842658,0
BCAN.US,D,20220613,000000,912,1016.5,853.1,978.5,57.2421053204,0
BCAN.US,D,20220614,000000,908.2,995.6,896.8,902.5,46.000000046,0
BCAN.US,D,20220615,000000,950,950,891.1,904.4,19.1684210718,0
BCAN.US,D,20220616,000000,883.5,931,860.7,930.525,35.9210526675,0
BCAN.US,D,20220617,000000,931,931,931,931,7.3052631651999995,0
BCAN.US,D,20220621,000000,894.9,931,874,931,10.1894736944,0
BCAN.US,D,20220622,000000,856.9,923.571,780.9,902.5,38.7263158282,0
BCAN.US,D,20220623,000000,864.937,902.5,858.8,902.5,19.421052651,0
BCAN.US,D,20220624,000000,862.6,906.3,862.6,893,13.105263171,0
BCAN.US,D,20220627,000000,893,931,879.7,902.139,9.994736852099999,0
BCAN.US,D,20220628,000000,855,921.5,851.2,921.5,5.8894736901,0
BCAN.US,D,20220630,000000,837.9,902.5,826.5,836,18.4421052816,0
BCAN.US,D,20220701,000000,889.2,931,862.6,916.009,17.0578947539,0
BCAN.US,D,20220705,000000,912,912,879.7,893,4.1105263199,0
BCAN.US,D,20220706,000000,893,915.8,893,893,3.7526315827,0
BCAN.US,D,20220707,000000,917.7,917.7,822.7,910.1,35.0473684561,0
BCAN.US,D,20220708,000000,900.6,906.3,877.8,879.7,3.9789473724,0
BCAN.US,D,20220711,000000,950,950,912,929.1,14.626315804099999,0
BCAN.US,D,20220712,000000,912,912,912,912,1.4263157909,0
BCAN.US,D,20220713,000000,912,925.3,902.5,925.3,5.0421052682,0
BCAN.US,D,20220714,000000,915.8,925.3,866.761,912,20.9526315999,0
BCAN.US,D,20220715,000000,912,925.3,902.5,912,4.5105263203,0
BCAN.US,D,20220718,000000,921.5,921.5,896.8,917.054,4.8263157943,0
BCAN.US,D,20220719,000000,921.5,931,912,931,9.9000000099,0
BCAN.US,D,20220720,000000,938.6,940.5,885.4,932.9,15.2578947521,0
BCAN.US,D,20220721,000000,940.5,950,893,937.65,21.8631579166,0
BCAN.US,D,20220722,000000,921.5,932.9,874,932.9,8.7263157982,0
BCAN.US,D,20220725,000000,936.7,936.7,900.6,912,6.7000000067,0
BCAN.US,D,20220726,000000,921.5,929.1,851.2,912,6.368421059,0
BCAN.US,D,20220727,000000,893,910.1,874,910.1,2.1105263179,0
BCAN.US,D,20220728,000000,897.959,912,866.4,912,17.210526333,0
BCAN.US,D,20220729,000000,856.919,912,856.919,875.9,10.0157894837,0
BCAN.US,D,20220801,000000,902.5,912,885.4,906.3,3.3210526349,0
BCAN.US,D,20220802,000000,906.3,912,883.5,912,1.7315789491,0
BCAN.US,D,20220803,000000,912,912,883.5,912,1.9105263177,0
BCAN.US,D,20220804,000000,883.5,912,883.5,912,1.7052631596,0
BCAN.US,D,20220805,000000,912,912,912,912,0.9947368431,0
BCAN.US,D,20220808,000000,906.3,906.3,855,903.165,2.578947371,0
BCAN.US,D,20220810,000000,891.803,902.5,891.803,902.5,1.6421052648,0
BCAN.US,D,20220811,000000,856.9,892.962,855.285,892.905,6.7315789541,0
BCAN.US,D,20220812,000000,893,893,893,893,1.2052631591,0
BCAN.US,D,20220815,000000,889.2,889.2,889.2,889.2,1.1210526326999999,0
BCAN.US,D,20220816,000000,893.114,905.616,881.6,905.616,1.8736842124,0
BCAN.US,D,20220817,000000,902.5,906.832,891.1,906.832,3.8105263196,0
BCAN.US,D,20220818,000000,898.7,898.7,855,866.4,10.000000009999999,0
BCAN.US,D,20220819,000000,887.3,893,887.3,893,3.2315789506,0
BCAN.US,D,20220822,000000,872.651,893,872.1,893,13.3000000133,0
BCAN.US,D,20220823,000000,868.3,883.5,858.8,868.3,12.0052631699,0
BCAN.US,D,20220824,000000,859.275,881.6,803.719,868.585,14.0210526456,0
BCAN.US,D,20220825,000000,883.5,883.5,826.5,877.8,37.6105263534,0
BCAN.US,D,20220826,000000,839.8,874,784.7,849.3,16.5368421218,0
BCAN.US,D,20220829,000000,840.465,849.3,824.353,843.258,6.421052638,0
BCAN.US,D,20220830,000000,792.3,841.7,792.3,841.7,6.4315789538,0
BCAN.US,D,20220831,000000,773.3,860.7,767.6,860.7,10.9263158004,0
BCAN.US,D,20220901,000000,834.651,834.651,834.651,834.651,2.789473687,0
BCAN.US,D,20220902,000000,850.858,855,841.7,841.7,4.9000000049,0
BCAN.US,D,20220906,000000,841.7,841.7,792.3,839.8,3.3789473718,0
BCAN.US,D,20220907,000000,845.5,855,790.4,855,11.1315789585,0
BCAN.US,D,20220909,000000,874,874,874,874,3.3368421086,0
BCAN.US,D,20220912,000000,839.8,866.4,839.8,866.4,2.9842105293,0
BCAN.US,D,20220916,000000,779,845.88,779,792.3,5.4263157949,0
BCAN.US,D,20220919,000000,2848.1,3112.2,1026,1045,66980.1526985591,0
BCAN.US,D,20220920,000000,1225.5,1635.9,1056.4,1132.4,81189.9000811899,0
BCAN.US,D,20220921,000000,1008.9,1037.4,809.4,837.9,6195.5947430377,0
BCAN.US,D,20220922,000000,775.2,950,600.4,748.6,13903.8210665354,0
BCAN.US,D,20220923,000000,748.6,761.064,646,720.1,1555.8894752401,0
BCAN.US,D,20220926,000000,665,718.2,621.3,668.8,1249.0842117754,0
BCAN.US,D,20220927,000000,665,693.5,570,621.3,1387.5631592823,0
BCAN.US,D,20220928,000000,571.9,619.02,541.5,570,755.1263165446,0
BCAN.US,D,20220929,000000,558.6,562.381,516.8,558.6,497.8631583926,0
BCAN.US,D,20220930,000000,549.1,564.281,528.2,545.3,314.5157897882,0
BCAN.US,D,20221003,000000,566.2,566.2,505.4,507.3,382.7315793301,0
BCAN.US,D,20221004,000000,513,522.481,456,461.7,541.0105268568,0
BCAN.US,D,20221005,000000,459.8,459.8,410.419,418,281.7105265975,0
BCAN.US,D,20221006,000000,433.2,545.3,418,516.8,1325.3473697464,0
BCAN.US,D,20221007,000000,535.8,535.8,437,505.4,379.2684214319,0
BCAN.US,D,20221010,000000,507.3,516.8,439.09,516.8,140.3789475088,0
BCAN.US,D,20221011,000000,545.3,549.1,438.9,507.3,126.3578948632,0
BCAN.US,D,20221012,000000,485.165,509.2,445.949,501.6,279.1263160686,0
BCAN.US,D,20221013,000000,493.259,494.228,454.1,469.3,1040.6421063038,0
BCAN.US,D,20221014,000000,480.928,490.2,446.5,481.479,494.0684215467,0
BCAN.US,D,20221017,000000,456,480.7,442.7,457.9,491.2000004912,0
BCAN.US,D,20221018,000000,459.8,467.4,443.973,450.3,338.1631582329,0
BCAN.US,D,20221019,000000,456,467.4,446.5,456,119.00000011899999,0
BCAN.US,D,20221020,000000,456,473.1,446.5,456.38,94.684210621,0
BCAN.US,D,20221021,000000,440.8,461.7,437,456,75.9052632338,0
BCAN.US,D,20221024,000000,484.5,625.081,457.9,549.955,3733.8684247865,0
BCAN.US,D,20221025,000000,537.7,565.003,484.5,549.1,469.7000004697,0
BCAN.US,D,20221026,000000,522.5,598.481,517.389,585.181,503.6000005036,0
BCAN.US,D,20221027,000000,596.6,646,521.588,569.981,1620.0789489885,0
BCAN.US,D,20221028,000000,547.2,592.8,531.05,556.7,361.0263161505,0
BCAN.US,D,20221031,000000,568.1,568.1,522.519,551,160.5842106869,0
BCAN.US,D,20221101,000000,577.6,587.1,524.4,560.5,462.5842109889,0
BCAN.US,D,20221102,000000,568.1,568.1,533.368,541.5,96.3000000963,0
BCAN.US,D,20221103,000000,537.7,568.1,522.5,533.9,485.7421057489,0
BCAN.US,D,20221104,000000,551,551,456,494,319.2473687403,0
BCAN.US,D,20221107,000000,478.8,507.3,457.9,476.9,131.5052632894,0
BCAN.US,D,20221108,000000,444.6,486.4,436.05,448.4,140.0894738243,0
BCAN.US,D,20221109,000000,465.5,465.5,402.8,406.6,251.3263160408,0
BCAN.US,D,20221110,000000,421.8,497.8,421.8,438.9,134.842105398,0
BCAN.US,D,20221111,000000,423.7,471.2,421.819,427.5,60.3105263761,0
BCAN.US,D,20221114,000000,450.3,475,431.3,469.3,176.4105264922,0
BCAN.US,D,20221115,000000,465.5,579.5,432.326,570,683.7210533153,0
BCAN.US,D,20221116,000000,571.9,737.2,497.819,682.1,1259.3947381015,0
BCAN.US,D,20221117,000000,663.1,680.2,598.5,663.1,181.4052633393,0
BCAN.US,D,20221118,000000,663.1,735.794,663.1,703,261.7789476302,0
BCAN.US,D,20221121,000000,699.2,701.1,600.4,623.2,301.5421055647,0
BCAN.US,D,20221122,000000,647.9,653.6,608,636.5,112.4315790598,0
BCAN.US,D,20221123,000000,630.8,661.2,611.8,649.8,84.3736842949,0
BCAN.US,D,20221125,000000,661.2,702.981,604.219,630.8,155.8052633137,0
BCAN.US,D,20221128,000000,617.5,668.8,608.019,668.8,152.6894738369,0
BCAN.US,D,20221129,000000,634.6,712.5,611.8,697.3,262.9894739472,0
BCAN.US,D,20221130,000000,665,955.7,640.3,955.7,713.7578954506,0
BCAN.US,D,20221201,000000,828.4,872.1,750.861,839.8,177.35263175629998,0
BCAN.US,D,20221202,000000,817,891.1,817,873.05,146.0578948829,0
BCAN.US,D,20221205,000000,866.4,866.4,820.724,822.7,62.4526316414,0
BCAN.US,D,20221206,000000,811.3,832.2,742.9,807.5,104.48421063079999,0
BCAN.US,D,20221207,000000,779,875.14,773.3,817,131.38947381559998,0
BCAN.US,D,20221208,000000,813.2,839.8,769.5,794.2,61.489473745699996,0
BCAN.US,D,20221209,000000,790.381,790.381,729.6,746.7,45.2947368874,0
BCAN.US,D,20221212,000000,735.3,813.2,731.519,750.5,114.8157895885,0
BCAN.US,D,20221213,000000,752.4,826.5,696.768,720.1,265.7105265815,0
BCAN.US,D,20221214,000000,706.8,794.181,665,794.181,135.8157896095,0
BCAN.US,D,20221215,000000,771.4,771.4,693.5,735.3,84.1157895578,0
BCAN.US,D,20221216,000000,687.116,708.7,684,693.5,12.000000012,0
BCAN.US,D,20221219,000000,697.3,733.381,674.5,733.381,27.3000000273,0
BCAN.US,D,20221220,000000,682.1,693.823,672.657,685.9,72.80526323069999,0
BCAN.US,D,20221221,000000,665,721.981,665,721.981,13.068421065699999,0
BCAN.US,D,20221222,000000,713.811,721.981,666.9,697.3,25.5052631834,0
BCAN.US,D,20221223,000000,706.8,722,703,722,31.4526316104,0
BCAN.US,D,20221227,000000,779,779,684.019,739.1,109.1000001091,0
BCAN.US,D,20221228,000000,708.7,741,686.736,737.542,40.4894737247,0
BCAN.US,D,20221229,000000,702.107,735.3,684,684,23.9157894976,0
BCAN.US,D,20221230,000000,703,741,687.8,736.839,27.2736842378,0
BCAN.US,D,20230103,000000,720.1,742.9,684,739.1,50.8894737351,0
BCAN.US,D,20230104,000000,735.3,739.1,695.4,727.7,21.4842105478,0
BCAN.US,D,20230105,000000,715.35,735.281,708.7,718.2,39.2842105656,0
BCAN.US,D,20230106,000000,691.6,741,691.6,723.9,171.2315791186,0
BCAN.US,D,20230109,000000,758.1,760,684,725.781,262.2052634201,0
BCAN.US,D,20230110,000000,697.3,701.1,666.9,666.9,13.7000000137,0
BCAN.US,D,20230111,000000,668.8,723.881,630.8,659.3,24.3578947612,0
BCAN.US,D,20230112,000000,638.4,640.319,627,640.3,16.684210543,0
BCAN.US,D,20230113,000000,615.6,661.998,606.1,606.1,20.2578947571,0
BCAN.US,D,20230117,000000,653.809,653.809,602.3,649.8,16.0421052792,0
BCAN.US,D,20230118,000000,628.9,655.5,608.019,642.181,20.0578947569,0
BCAN.US,D,20230119,000000,613.377,665,608,665,78.5526316575,0
BCAN.US,D,20230120,000000,625.1,664.05,613.7,655.5,26.7473684478,0
BCAN.US,D,20230123,000000,637.45,655.5,613.719,632.7,20.0631579148,0
BCAN.US,D,20230124,000000,696.35,697.281,627,627,32.894736875,0
BCAN.US,D,20230125,000000,672.6,672.6,630.8,636.5,30.5578947674,0
BCAN.US,D,20230126,000000,627,669.256,627,638.4,28.2789473967,0
BCAN.US,D,20230127,000000,634.6,672.6,632.7,638.4,32.0842105584,0
BCAN.US,D,20230130,000000,665,665,632.7,638.4,29.2789473977,0
BCAN.US,D,20230131,000000,630.8,682.1,611.8,630.781,50.4894737347,0
BCAN.US,D,20230201,000000,611.8,646,608,609.9,24.4473684455,0
BCAN.US,D,20230202,000000,617.5,617.5,547.2,577.6,139.7105264555,0
BCAN.US,D,20230203,000000,560.5,617.481,532,532,32.4105263482,0
BCAN.US,D,20230206,000000,541.519,606.081,541.5,560.5,25.0105263408,0
BCAN.US,D,20230207,000000,562.4,587.081,533.919,570,35.2578947721,0
BCAN.US,D,20230208,000000,549.1,575.681,533.919,563.654,15.5578947524,0
BCAN.US,D,20230209,000000,537.7,543.685,492.1,537.681,32.8789474013,0
BCAN.US,D,20230210,000000,495.9,585.2,490.219,520.6,27.3526316063,0
BCAN.US,D,20230213,000000,562.4,598.5,535.8,577.429,55.5526316345,0
BCAN.US,D,20230214,000000,575.7,600.4,553.85,600.4,51.3526316303,0
BCAN.US,D,20230215,000000,535.8,710.6,535.8,685.9,457.5052636154,0
BCAN.US,D,20230216,000000,685.9,697.3,685.9,685.919,73.5368421788,0
BCAN.US,D,20230217,000000,674.5,701.1,674.5,701.1,13.263157908,0
BCAN.US,D,20230221,000000,701.1,701.1,687.8,699.2,9.2842105356,0
BCAN.US,D,20230222,000000,701.1,712.5,634.695,706.8,35.6052631935,0
BCAN.US,D,20230223,000000,712.5,712.5,668.8,674.5,18.105263176,0
BCAN.US,D,20230224,000000,695.4,703,571.9,676.4,98.7157895724,0
BCAN.US,D,20230227,000000,682.1,712.481,634.6,647.9,72.7789474412,0
BCAN.US,D,20230228,000000,646,665,456,471.2,545.0052637029,0
BCAN.US,D,20230301,000000,494,511.081,427.5,429.4,152.6105264684,0
BCAN.US,D,20230302,000000,433.2,473.1,423.7,453.15,31.9000000319,0
BCAN.US,D,20230303,000000,468.35,478.61,457.9,457.9,56.410526372199996,0
BCAN.US,D,20230306,000000,528.2,608,490.2,562.4,1050.5736852611,0
BCAN.US,D,20230307,000000,665,665,589,632.7,883.2473693043,0
BCAN.US,D,20230308,000000,628.9,763.8,628.9,691.6,3698.1947405403,0
BCAN.US,D,20230309,000000,834.1,862.6,706.819,784.7,13796.4263295859,0
BCAN.US,D,20230310,000000,680.2,695.4,476.9,509.2,3395.5421086587,0
BCAN.US,D,20230313,000000,488.3,495.9,437.019,486.4,902.4842114288,0
BCAN.US,D,20230314,000000,486.4,486.4,433.2,447.45,484.3894741686,0
BCAN.US,D,20230315,000000,444.6,465.481,427.5,433.2,372.9000003729,0
BCAN.US,D,20230316,000000,437,469.3,427.5,469.3,267.000000267,0
BCAN.US,D,20230317,000000,469.3,469.3,425.6,427.5,308.1684213608,0
BCAN.US,D,20230320,000000,433.2,452.808,427.5,437,225.7526318047,0
BCAN.US,D,20230321,000000,434.15,454.1,427.5,452.2,312.3578950492,0
BCAN.US,D,20230322,000000,438.9,450.3,433.2,435.1,165.8000001658,0
BCAN.US,D,20230323,000000,444.6,446.5,414.219,418,273.3947371155,0
BCAN.US,D,20230324,000000,431.3,435.784,418,433.2,104.1684211568,0
BCAN.US,D,20230327,000000,429.4,433.2,422.028,431.3,59.8473684809,0
BCAN.US,D,20230328,000000,421.8,433.2,421.8,425.6,88.2684211409,0
BCAN.US,D,20230329,000000,433.181,433.181,408.5,425.6,142.052631721,0
BCAN.US,D,20230330,000000,427.5,427.5,408.5,425.581,76.1000000761,0
BCAN.US,D,20230331,000000,429.381,446.5,408.5,423.7,127.2473685483,0
BCAN.US,D,20230403,000000,424.65,429.4,418,427.5,60.6368421659,0
BCAN.US,D,20230404,000000,437,445.189,412.3,412.3,71.4578948083,0
BCAN.US,D,20230405,000000,427.5,427.5,408.5,420.318,76.1894737604,0
BCAN.US,D,20230406,000000,423.7,437,408.5,433.2,127.3368422326,0
BCAN.US,D,20230410,000000,427.975,431.3,410.552,427.5,29.3368421346,0
BCAN.US,D,20230411,000000,437,437,416.233,423.7,35.5052631934,0
BCAN.US,D,20230412,000000,422.75,433.808,380,433.2,82.6684211353,0
BCAN.US,D,20230413,000000,429.837,433.2,412.3,427.5,66.7000000667,0
BCAN.US,D,20230414,000000,427.5,427.5,408.5,419.9,122.1894738064,0
BCAN.US,D,20230417,000000,418,427.5,405.65,427.5,138.052631717,0
BCAN.US,D,20230418,000000,408.5,431.3,408.5,421.8,68.0368421733,0
BCAN.US,D,20230419,000000,425.6,431.3,423.7,431.3,113.263158008,0
BCAN.US,D,20230420,000000,427.5,456,387.6,444.6,901.0526324799999,0
BCAN.US,D,20230421,000000,457.9,473.1,440.61,471.2,365.1263161546,0
BCAN.US,D,20230424,000000,495.9,604.181,488.452,581.4,1472.7263172622,0
BCAN.US,D,20230425,000000,589,628.9,562.4,608,627.7105269435,0
BCAN.US,D,20230426,000000,617.5,731.5,494,539.6,6214.1842167405,0
BCAN.US,D,20230427,000000,589,590.9,524.4,551,730.9105270466999,0
BCAN.US,D,20230428,000000,513,529.15,456,463.6,541.5947373837,0
BCAN.US,D,20230501,000000,459.8,461.7,440.838,446.5,124.894736967,0
BCAN.US,D,20230502,000000,425.6,446.5,419.9,427.5,263.0578949999,0
BCAN.US,D,20230503,000000,435.1,446.481,408.5,408.5,148.0210527796,0
BCAN.US,D,20230504,000000,418,440.8,416.1,431.3,120.3947369625,0
BCAN.US,D,20230505,000000,427.5,505.4,414.2,494,578.526316368,0
BCAN.US,D,20230508,000000,513,537.624,459.8,480.7,971.000000971,0
BCAN.US,D,20230509,000000,471.2,480.7,440.8,480.7,200.7263159902,0
BCAN.US,D,20230510,000000,465.5,480.7,418,463.6,242.7473686638,0
BCAN.US,D,20230511,000000,465.5,509.181,463.619,499.7,204.8894738891,0
BCAN.US,D,20230512,000000,476.9,495.9,465.5,475,131.315789605,0
BCAN.US,D,20230515,000000,459.8,485.45,441.389,482.6,94.2578948311,0
BCAN.US,D,20230516,000000,459.8,494.95,450.3,492.1,76.1315790235,0
BCAN.US,D,20230517,000000,478.8,528.2,467.4,520.6,367.3210529989,0
BCAN.US,D,20230518,000000,503.5,528.2,465.5,524.4,356.3789477248,0
BCAN.US,D,20230519,000000,513,532,474.43,530.1,239.1526318181,0
BCAN.US,D,20230522,000000,541.5,541.5,494,522.5,77.6947369198,0
BCAN.US,D,20230523,000000,511.1,528.827,499.719,522.5,227.3000002273,0
BCAN.US,D,20230524,000000,520.6,532,505.4,530.1,211.0789475795,0
BCAN.US,D,20230525,000000,523.45,533.9,513,520.6,81.05789481789999,0
BCAN.US,D,20230526,000000,516.8,539.6,495.9,539.6,88.7315790361,0
BCAN.US,D,20230530,000000,530.1,537.7,513,513,106.5736843171,0
BCAN.US,D,20230531,000000,528.2,628.9,490.2,628.9,745.2842112716,0
BCAN.US,D,20230601,000000,581.4,630.8,579.5,590.9,153.4578948903,0
BCAN.US,D,20230602,000000,604.2,604.2,576.118,598.538,47.6368421529,0
BCAN.US,D,20230605,000000,570,623.2,564.3,608,121.4631580162,0
BCAN.US,D,20230606,000000,613.7,627,604.2,626.05,164.1736843747,0
BCAN.US,D,20230607,000000,609.9,665,602.3,657.4,145.2263159347,0
BCAN.US,D,20230608,000000,657.4,684,627,672.6,216.33157916369998,0
BCAN.US,D,20230609,000000,672.6,674.5,628.767,674.5,77.2315790246,0
BCAN.US,D,20230612,000000,661.124,670.7,621.3,649.781,150.5157896242,0
BCAN.US,D,20230613,000000,653.6,661.2,598.5,646,142.5421054057,0
BCAN.US,D,20230614,000000,655.5,663.1,627,663.1,117.6210527492,0
BCAN.US,D,20230615,000000,638.4,655.5,621.3,655.5,84.7263158742,0
BCAN.US,D,20230616,000000,647.9,668.8,625.1,663.1,91.0631579858,0
BCAN.US,D,20230620,000000,640.3,666.9,640.3,665,133.2473685543,0
BCAN.US,D,20230621,000000,625.1,666.9,625.1,666.9,27.8842105542,0
BCAN.US,D,20230622,000000,669.066,682.366,666.9,674.5,115.0631580098,0
BCAN.US,D,20230623,000000,674.5,684,634.6,684,92.9000000929,0
BCAN.US,D,20230626,000000,651.7,687.8,646,684,68.9421053321,0
BCAN.US,D,20230627,000000,684,684,659.3,679.212,53.473684264,0
BCAN.US,D,20230628,000000,678.3,678.3,657.4,667.85,9.3736842199,0
BCAN.US,D,20230629,000000,668.8,674.481,621.3,634.6,41.5473684626,0
BCAN.US,D,20230630,000000,657.4,665,608.95,627,105.1368422104,0
BCAN.US,D,20230703,000000,661.2,672.6,609.9,609.9,120.1947369623,0
BCAN.US,D,20230705,000000,661.2,661.2,587.1,632.7,208.7842107351,0
BCAN.US,D,20230706,000000,609.9,659.433,600.4,646,31.4526316104,0
BCAN.US,D,20230707,000000,644.1,644.1,619.4,628.9,20.5421052837,0
BCAN.US,D,20230710,000000,619.4,644.1,598.519,616.55,64.5684211172,0
BCAN.US,D,20230711,000000,600.4,636.481,600.4,614.65,31.236842136499998,0
BCAN.US,D,20230712,000000,602.3,615.6,589.95,604.2,36.6157895103,0
BCAN.US,D,20230713,000000,592.8,605.549,532,594.7,80.7526316597,0
BCAN.US,D,20230714,000000,570,615.581,560.5,592.002,224.3842107507,0
BCAN.US,D,20230717,000000,267.9,283.1,248.9,254.6,13460.00001346,0
BCAN.US,D,20230718,000000,256.5,256.5,209,256.5,4055.000004055,0
BCAN.US,D,20230719,000000,256.5,256.5,237.5,237.5,2001.842107265,0
BCAN.US,D,20230720,000000,243.2,243.2,228,239.4,1050.947369472,0
BCAN.US,D,20230721,000000,231.8,241.3,231.8,239.4,635.0894743192999,0
BCAN.US,D,20230724,000000,256.5,260.281,241.3,250.8,3476.4263192659,0
BCAN.US,D,20230725,000000,245.1,245.1,237.5,245.1,832.5368429378,0
BCAN.US,D,20230726,000000,241.3,243.2,228,243.2,700.684211227,0
BCAN.US,D,20230727,000000,247,247,233.7,242.25,498.85263207779997,0
BCAN.US,D,20230728,000000,248.9,248.9,231.8,245.081,1646.0368437513,0
BCAN.US,D,20230731,000000,248.9,256.5,235.6,247,2924.0263187135,0
BCAN.US,D,20230801,000000,245.1,258.4,239.4,248.9,1063.0210536946,0
BCAN.US,D,20230802,000000,247,258.4,239.4,250.8,1429.2315803766,0
BCAN.US,D,20230803,000000,254.6,254.6,245.1,254.6,689.4526322684,0
BCAN.US,D,20230804,000000,256.5,285,254.6,273.6,4353.2052675111,0
BCAN.US,D,20230807,000000,283.1,292.6,224.2,285,29094.789502779,0
BCAN.US,D,20230808,000000,243.2,252.7,237.5,237.5,1731.7315806791,0
BCAN.US,D,20230809,000000,228,252.7,220.419,245.1,2263.1473706842,0
BCAN.US,D,20230810,000000,233.7,245.1,233.7,241.3,691.3052638492,0
BCAN.US,D,20230811,000000,237.5,237.5,220.4,226.1,497.6631583924,0
BCAN.US,D,20230814,000000,222.3,235.6,220.4,229.9,530.4736847409999,0
BCAN.US,D,20230815,000000,226.1,228,215.08,224.2,326.3315792737,0
BCAN.US,D,20230816,000000,222.3,237.5,216.619,233.7,1045.6947378878,0
BCAN.US,D,20230817,000000,231.8,237.5,224.2,237.5,338.9526319179,0
BCAN.US,D,20230818,000000,237.5,237.5,226.1,235.6,372.4368424777,0
BCAN.US,D,20230821,000000,226.1,233.662,220.4,222.3,434.3105267501,0
BCAN.US,D,20230822,000000,224.2,228.323,197.6,210.881,451.9263162414,0
BCAN.US,D,20230823,000000,205.2,209,201.4,205.2,342.6368424479,0
BCAN.US,D,20230824,000000,201.4,208.981,200.887,201.4,137.4473685585,0
BCAN.US,D,20230825,000000,205.2,205.2,193.8,203.3,298.7052634566,0
BCAN.US,D,20230828,000000,199.5,205.2,195.7,197.6,94.5000000945,0
BCAN.US,D,20230829,000000,199.5,205.2,193.8,199.5,254.3210528859,0
BCAN.US,D,20230830,000000,201.4,203.3,161.519,201.4,241.6473686627,0
BCAN.US,D,20230831,000000,199.5,207.1,195.719,199.5,346.2473687673,0
BCAN.US,D,20230901,000000,197.6,233.7,197.6,218.747,249.85263182879999,0
BCAN.US,D,20230905,000000,207.1,216.6,205.2,207.1,128.263158023,0
BCAN.US,D,20230906,000000,205.2,213.313,199.5,201.4,99.9894737842,0
BCAN.US,D,20230907,000000,216.695,216.695,197.6,210.292,372.4631582672,0
BCAN.US,D,20230908,000000,214.7,218.5,209.019,218.5,130.9526317099,0
BCAN.US,D,20230911,000000,216.6,245.1,210.9,231.8,374.9000003749,0
BCAN.US,D,20230912,000000,228,245.1,220.4,226.1,273.3315792207,0
BCAN.US,D,20230913,000000,233.7,235.6,222.3,226.1,136.5210527681,0
BCAN.US,D,20230914,000000,220.4,226.1,214.7,222.3,94.2526316732,0
BCAN.US,D,20230915,000000,220.4,228,212.8,214.7,126.6157896003,0
BCAN.US,D,20230918,000000,210.9,220.4,210.9,216.6,71.6736842822,0
BCAN.US,D,20230919,000000,210.9,218.5,171,191.9,575.3789479438,0
BCAN.US,D,20230920,000000,190,214.7,188.1,190,348.8210529804,0
BCAN.US,D,20230921,000000,197.6,199.5,142.5,166.953,925.4526325044,0
BCAN.US,D,20230922,000000,161.937,180.5,123.5,123.5,629.9842111563,0
BCAN.US,D,20230925,000000,121.695,228,121.6,169.556,6053.5421113167,0
BCAN.US,D,20230926,000000,180.595,207.1,180.5,190,1542.7578962796,0
BCAN.US,D,20230927,000000,184.3,191.881,169.29,191.881,358.9210529905,0
BCAN.US,D,20230928,000000,190,191.9,174.8,187.074,1099.8736853103999,0
BCAN.US,D,20230929,000000,178.6,195.7,178.6,191.9,310.9578950478,0
BCAN.US,D,20231002,000000,193.8,197.41,178.6,188.043,176.9684212296,0
BCAN.US,D,20231003,000000,176.7,180.5,165.015,180.5,180.2526317592,0
BCAN.US,D,20231004,000000,178.6,182.4,167.2,182.4,92.3473685134,0
BCAN.US,D,20231005,000000,174.819,184.281,168.207,181.201,163.3368422686,0
BCAN.US,D,20231006,000000,174.8,180.481,169.119,171.019,45.3000000453,0
BCAN.US,D,20231009,000000,180.5,197.6,180.5,189.981,513.5894741978,0
BCAN.US,D,20231010,000000,205.2,218.5,186.2,201.4,1756.3105280721,0
BCAN.US,D,20231011,000000,209,209,182.039,186.485,1035.2526326142,0
BCAN.US,D,20231012,000000,182.4,190,169.1,172.045,391.2000003912,0
BCAN.US,D,20231013,000000,174.325,175.94,161.519,167.2,222.789473907,0
BCAN.US,D,20231016,000000,162.545,167.2,146.3,163.381,335.5947371777,0
BCAN.US,D,20231017,000000,158.479,170.886,153.615,170.886,91.7157895654,0
BCAN.US,D,20231018,000000,157.7,162.431,152.019,162.431,71.0894737553,0
BCAN.US,D,20231019,000000,166.269,170.791,152.019,158.631,46.1736842567,0
BCAN.US,D,20231020,000000,154.09,157.7,152.285,157.681,106.0894737903,0
BCAN.US,D,20231023,000000,156.617,156.617,146.3,148.181,110.2894737945,0
BCAN.US,D,20231024,000000,144.4,146.3,133,144.381,122.5473685436,0
BCAN.US,D,20231025,000000,144.21,146.281,138.7,146.281,96.2000000962,0
BCAN.US,D,20231026,000000,135.242,155.8,135.242,142.5,94.6526316736,0
BCAN.US,D,20231027,000000,142.5,153.691,140.6,153.691,15.8526315948,0
BCAN.US,D,20231030,000000,152,153.919,142.5,151.81,41.157894778,0
BCAN.US,D,20231031,000000,144.4,161.481,140.6,153.691,48.5210526801,0
BCAN.US,D,20231101,000000,138.7,151.126,138.7,143.735,109.3789474778,0
BCAN.US,D,20231102,000000,139.251,157.698,133,140.125,132.6210527642,0
BCAN.US,D,20231103,000000,133.19,148.105,126.483,145.616,132.8684211855,0
BCAN.US,D,20231106,000000,142.044,152.133,134.919,152.133,73.4684211261,0
BCAN.US,D,20231107,000000,138.89,148.2,133.019,140.6,164.6631580594,0
BCAN.US,D,20231108,000000,140.6,157.358,140.6,149.15,177.6263159671,0
BCAN.US,D,20231109,000000,155.458,155.8,144.4,155.8,90.5842106169,0
BCAN.US,D,20231110,000000,160.93,160.93,144.4,149.644,39.9105263557,0
BCAN.US,D,20231113,000000,142.5,149.625,129.2,149.397,83.0315790304,0
BCAN.US,D,20231114,000000,148.01,182.4,140.619,174.8,446.6947372888,0
BCAN.US,D,20231115,000000,182.4,266,168.055,229.9,5354.2842158806,0
BCAN.US,D,20231116,000000,252.7,256.5,181.488,190,3724.3000037243,0
BCAN.US,D,20231117,000000,188.1,191.9,174.819,190,500.947368922,0
BCAN.US,D,20231120,000000,190,197.6,185.079,195.7,363.3526319423,0
BCAN.US,D,20231121,000000,197.6,197.6,180.063,191.9,240.6105265564,0
BCAN.US,D,20231122,000000,199.5,199.5,179.835,188.1,110.9157895846,0
BCAN.US,D,20231124,000000,195.7,195.7,155.8,191.9,339.2315792866,0
BCAN.US,D,20231127,000000,184.3,186.181,171.57,176.985,96.1789474646,0
BCAN.US,D,20231128,000000,172.71,184.3,167.2,177.631,85.4000000854,0
BCAN.US,D,20231129,000000,160.778,182.381,160.778,172.976,54.8842105812,0
BCAN.US,D,20231130,000000,167.2,173.755,167.2,170.62,73.1736842837,0
BCAN.US,D,20231201,000000,166.735,176.7,163.4,170.981,37.5526316165,0
BCAN.US,D,20231204,000000,157.7,171,155.876,157.814,85.2842106116,0
BCAN.US,D,20231205,000000,153.9,170.962,152,169.1,98.9842106253,0
BCAN.US,D,20231206,000000,161.424,161.5,138.7,142.452,330.4789476989,0
BCAN.US,D,20231207,000000,133,144.4,133,138.966,105.3947369475,0
BCAN.US,D,20231208,000000,133,142.5,133,142.5,71.1736842817,0
BCAN.US,D,20231211,000000,133.19,133.665,123.5,123.69,492.0052636499,0
BCAN.US,D,20231212,000000,125.4,142.5,121.695,131.1,82.4263158719,0
BCAN.US,D,20231213,000000,133,134.995,123.604,125.59,45.4578947823,0
BCAN.US,D,20231214,000000,125.4,136.42,125.4,125.59,118.76842117139999,0
BCAN.US,D,20231215,000000,131.86,216.6,112.1,133,17284.6737014952,0
BCAN.US,D,20231218,000000,137.655,142.5,123.5,131.1,1600.7842121271,0
BCAN.US,D,20231219,000000,104.5,104.5,57.019,69.54,10230.8210628624,0
BCAN.US,D,20231220,000000,79.401,79.9805,70.3,72.2,1493.9684225466,0
BCAN.US,D,20231221,000000,70.3,73.815,60.8,64.6,1871.9105281877,0
BCAN.US,D,20231222,000000,70.319,75.069,65.512,68.59,778.8684218315,0
BCAN.US,D,20231226,000000,69.54,75.411,69.54,73.131,312.0894739963,0
BCAN.US,D,20231227,000000,72.2,73.435,67.051,68.419,341.684210868,0
BCAN.US,D,20231228,000000,68.419,73.416,63.517,63.517,717.2947375594,0
BCAN.US,D,20231229,000000,64.6,69.1598,63.688,64.6,885.7473693068,0
BCAN.US,D,20240102,000000,68.4,68.419,65.55,65.74,123.4000001234,0
BCAN.US,D,20240103,000000,69.73,69.749,65.55,66.158,144.42631593389999,0
BCAN.US,D,20240104,000000,68.4,68.4,65.189,65.36,287.8210529194,0
BCAN.US,D,20240105,000000,65.341,66.405,63.935,65.17,146.5157896202,0
BCAN.US,D,20240108,000000,67.45,69.179,63.65,64.79,353.0263161425,0
BCAN.US,D,20240109,000000,66.1675,67.735,60.99,61.75,517.5368426228,0
BCAN.US,D,20240110,000000,61.18,64.6,57.532,60.4008,425.7631583205,0
BCAN.US,D,20240111,000000,57,58.9,53.371,58.14,326.9947371691,0
BCAN.US,D,20240112,000000,56.696,60.8,54.321,60.61,90.210526406,0
BCAN.US,D,20240116,000000,60.629,61.2748,54.587,57,345.0473687661,0
BCAN.US,D,20240117,000000,57,61.028,54.568,57,68.2421053314,0
BCAN.US,D,20240118,000000,59.641,60.8,51.794,52.725,563.0473689841,0
BCAN.US,D,20240119,000000,55.366,57,45.6,49.419,537.3315794847,0
BCAN.US,D,20240122,000000,48.374,52.269,48.355,49.438,103.8368422091,0
BCAN.US,D,20240123,000000,49.4,53.2,43.757,47.5,780.1526323591,0
BCAN.US,D,20240124,000000,49.4,55.1,46.55,49.552,811.8894744961,0
BCAN.US,D,20240125,000000,53.2,56.9808,45.6,48.45,512.7315794601,0
BCAN.US,D,20240126,000000,49.4,49.4,46.7683,48.469,170.7000001707,0
BCAN.US,D,20240129,000000,51.87,61.75,40.109,46.075,7029.578954398,0
BCAN.US,D,20240130,000000,45.6,48.013,41.42,41.439,3378.8684244315,0
BCAN.US,D,20240131,000000,40.204,41.8853,38.247,38.988,1939.2315808865999,0
BCAN.US,D,20240201,000000,38.95,38.95,35.948,38,372.5842108989,0
BCAN.US,D,20240202,000000,43.7,43.7,34.257,36.157,675.2263164647,0
BCAN.US,D,20240205,000000,36.271,37.981,35.15,36.138,372.7736845833,0
BCAN.US,D,20240206,000000,38,41.876,32.3,36.1,3158.210529474,0
BCAN.US,D,20240207,000000,35.017,40.85,32.699,33.44,12169.078959537499,0
BCAN.US,D,20240208,000000,33.554,36.081,31.825,33.25,4519.105267677,0
BCAN.US,D,20240209,000000,34.2,35.3208,30.78,33.383,1819.3789491878,0
BCAN.US,D,20240212,000000,34.2,36.67,32.319,36.005,1688.7105280045,0
BCAN.US,D,20240213,000000,34.922,36.005,32.11,32.528,1903.0052650609,0
BCAN.US,D,20240214,000000,33.44,35.625,32.528,34.219,214.105263372,0
BCAN.US,D,20240215,000000,32.281,35.15,31.996,33.877,1326.6947381688,0
BCAN.US,D,20240216,000000,34.58,34.58,32.338,33.858,326.6105266424,0
BCAN.US,D,20240220,000000,34.181,51.281,33.383,44.061,32373.8000323738,0
BCAN.US,D,20240221,000000,45.505,53.599,40.185,47.5,20404.9894940892,0
BCAN.US,D,20240222,000000,47.5,50.35,36.1,38.57,15258.8631731536,0
BCAN.US,D,20240223,000000,36.822,37.81,33.326,34.96,3839.8842143662,0
BCAN.US,D,20240226,000000,34.77,36.1188,31.445,35.0358,2993.9736872045,0
BCAN.US,D,20240227,000000,33.991,40.85,32.3,39.9,3168.6210558002,0
BCAN.US,D,20240228,000000,39.71,39.9,32.718,39.254,31143.7210837753,0
BCAN.US,D,20240229,000000,30.305,34.2,29.317,31.084,12891.3526444703,0
BCAN.US,D,20240301,000000,30.4,30.59,27.55,30.058,3813.3368459186,0
BCAN.US,D,20240304,000000,29.222,29.222,26.98,27.911,2836.5315817839,0
BCAN.US,D,20240305,000000,28.348,28.348,26.6,27.892,744.0842112704,0
BCAN.US,D,20240306,000000,27.075,27.55,25.65,26.581,1475.9105277917,0
BCAN.US,D,20240307,000000,26.581,26.79,24.7,26.676,1605.210527921,0
BCAN.US,D,20240308,000000,26.6,27.55,26.505,27.36,868.5000008685,0
BCAN.US,D,20240311,000000,25.099,26.524,18.905,19,10961.484221487799,0
BCAN.US,D,20240312,000000,4.883,5.871,4.655,5.605,698627.9006986279,0
BCAN.US,D,20240313,000000,5.339,5.339,4.484,4.9495,371738.9898454232,0
BCAN.US,D,20240314,000000,4.56,4.883,4.199,4.37,240037.9949768801,0
BCAN.US,D,20240315,000000,4.161,4.427,3.857,4.218,340931.2529725102,0
BCAN.US,D,20240318,000000,4.351,4.902,4.066,4.484,370227.2845807536,0
BCAN.US,D,20240319,000000,4.009,4.066,3.42,3.8,328291.8213809234,0
BCAN.US,D,20240320,000000,4.465,5.282,3.629,3.895,985486.737827592,0
BCAN.US,D,20240321,000000,4.028,4.066,3.458,3.648,466971.158361708,0
BCAN.US,D,20240322,000000,2.5,2.69,2.06,2.51,2878313,0
BCAN.US,D,20240325,000000,2.31,2.43,1.85,1.96,3601287,0
BCAN.US,D,20240326,000000,1.75,1.75,1.45,1.56,2748193,0
BCAN.US,D,20240327,000000,1.31,1.55,1.2,1.43,4520195,0
BCAN.US,D,20240328,000000,1.41,1.63,1.31,1.4,4385511,0
BCAN.US,D,20240401,000000,1.46,1.52,1.4,1.43,1987247,0
BCAN.US,D,20240402,000000,1.41,1.4199,1.26,1.26,1574552,0
BCAN.US,D,20240403,000000,0.93,1.12,0.8811,1.01,3062438,0
BCAN.US,D,20240404,000000,1.04,1.1,1,1.06,1072675,0
BCAN.US,D,20240405,000000,1.06,1.06,1,1.03,2838807,0
BCAN.US,D,20240408,000000,1.15,1.34,1.05,1.1,10891324,0
BCAN.US,D,20240409,000000,1.04,1.07,0.92,1.06,2212729,0
BCAN.US,D,20240410,000000,0.9714,0.9888,0.93,0.9351,1237360,0
BCAN.US,D,20240411,000000,0.91,0.9299,0.8701,0.9,1235193,0
BCAN.US,D,20240412,000000,0.8828,0.8828,0.725,0.7499,2318599,0
BCAN.US,D,20240415,000000,0.7369,0.839,0.6505,0.77,3984566,0
BCAN.US,D,20240416,000000,0.844,0.8888,0.7451,0.8769,3419902,0
BCAN.US,D,20240417,000000,0.84,1.215,0.8302,1.13,8557812,0
BCAN.US,D,20240418,000000,0.9934,1.07,0.96,1.02,2544451,0
BCAN.US,D,20240419,000000,1.02,1.04,0.86,0.88005,1818046,0
BCAN.US,D,20240422,000000,0.821,0.94,0.8202,0.9099,1080789,0
BCAN.US,D,20240423,000000,0.93,1.03,0.89,0.97,2266293,0
BCAN.US,D,20240424,000000,0.9439,0.9579,0.8905,0.9484,954669,0
BCAN.US,D,20240425,000000,0.9,0.9391,0.8796,0.9391,849194,0
BCAN.US,D,20240426,000000,0.905,0.99,0.8812,0.9203,1145737,0
BCAN.US,D,20240429,000000,0.9,0.936,0.84,0.9,679624,0
BCAN.US,D,20240430,000000,0.87,1.03,0.8601,0.97,3448569,0
BCAN.US,D,20240501,000000,0.9522,0.963,0.871,0.8914,1277094,0
BCAN.US,D,20240502,000000,0.8958,0.9569,0.8827,0.9241,762323,0
BCAN.US,D,20240503,000000,0.92,0.9749,0.897999,0.92,779543,0
BCAN.US,D,20240506,000000,0.92,0.9297,0.87,0.891,581312,0
BCAN.US,D,20240507,000000,0.88,0.949,0.871,0.92,685331,0
BCAN.US,D,20240508,000000,0.9051,1.03,0.8802,0.9365,1842785,0
BCAN.US,D,20240509,000000,0.93,1.02,0.9213,0.9511,1453231,0
BCAN.US,D,20240510,000000,0.9817,0.99,0.8481,0.87,746254,0
BCAN.US,D,20240513,000000,0.9025,0.96,0.865,0.9487,1050747,0
BCAN.US,D,20240514,000000,0.98,1.13,0.955,1.09,5676698,0
BCAN.US,D,20240515,000000,1.3,1.32,0.9795,0.9795,7655638,0
BCAN.US,D,20240516,000000,1.08,1.52,1.03,1.45,11314370,0
BCAN.US,D,20240517,000000,1.31,1.44,1.01,1.1107,8135800,0
BCAN.US,D,20240520,000000,1.12,1.5,1.11,1.19,7476675,0
BCAN.US,D,20240521,000000,1.25,1.47,1.13,1.25,5478404,0
BCAN.US,D,20240522,000000,1.33,1.39,1.15,1.16,3535839,0
BCAN.US,D,20240523,000000,1.12,1.13,0.9723,1.01,2242831,0
BCAN.US,D,20240524,000000,1,1.02,0.87,0.8853,1913770,0
BCAN.US,D,20240528,000000,0.93,0.9798,0.8978,0.9101,953256,0
BCAN.US,D,20240529,000000,0.86,0.87,0.77,0.804,1735998,0
BCAN.US,D,20240530,000000,0.79,0.85,0.775,0.8032,628338,0
BCAN.US,D,20240531,000000,0.79,0.7999,0.719,0.7746,647057,0
BCAN.US,D,20240603,000000,0.76,0.79,0.72,0.7201,1065472,0
BCAN.US,D,20240604,000000,0.7301,0.741,0.6728,0.71,756181,0
BCAN.US,D,20240605,000000,0.71,0.7688,0.69,0.76,685321,0
BCAN.US,D,20240606,000000,0.7739,0.815,0.7393,0.7393,935382,0
BCAN.US,D,20240607,000000,0.75,0.76,0.692,0.7158,692060,0
BCAN.US,D,20240610,000000,0.72,0.72,0.6703,0.7141,295382,0
BCAN.US,D,20240611,000000,0.7,0.72,0.671,0.7115,497285,0
BCAN.US,D,20240612,000000,0.6968,0.76,0.6733,0.7003,393812,0
BCAN.US,D,20240613,000000,0.6955,0.711,0.681,0.6989,129351,0
BCAN.US,D,20240614,000000,0.695,0.7507,0.69,0.7068,610158,0
BCAN.US,D,20240617,000000,0.724,0.729,0.68,0.6965,360291,0
BCAN.US,D,20240618,000000,0.7156,0.7156,0.682,0.7019,224924,0
BCAN.US,D,20240620,000000,0.684,0.7499,0.682,0.696,376593,0
BCAN.US,D,20240621,000000,0.6955,0.70099,0.6725,0.68324,128669,0
BCAN.US,D,20240624,000000,0.6812,0.7077,0.676116,0.6858,103971,0
BCAN.US,D,20240625,000000,0.71,0.71,0.6407,0.6529,439137,0
BCAN.US,D,20240626,000000,0.6367,0.6596,0.6199,0.642,334864,0
BCAN.US,D,20240627,000000,0.642,0.65,0.616,0.6449,206450,0
BCAN.US,D,20240628,000000,0.6443,0.6551,0.615,0.6224,348748,0
BCAN.US,D,20240701,000000,0.6392,0.6392,0.605,0.6299,162700,0
BCAN.US,D,20240702,000000,0.62,0.6255,0.6008,0.6035,129792,0
BCAN.US,D,20240703,000000,0.629,0.6383,0.6051,0.6222,122976,0
BCAN.US,D,20240705,000000,0.64,0.644,0.61,0.617,250396,0
BCAN.US,D,20240708,000000,0.628,0.6399,0.6109,0.617831,152254,0
BCAN.US,D,20240709,000000,0.61,0.6186,0.5804,0.5926,222049,0
BCAN.US,D,20240710,000000,0.5815,0.6289,0.5815,0.6125,274707,0
BCAN.US,D,20240711,000000,0.613,0.6375,0.58,0.636,218683,0
BCAN.US,D,20240712,000000,0.63,0.6398,0.6078,0.617923,206976,0
BCAN.US,D,20240715,000000,0.6176,0.6299,0.602,0.6268,161361,0
BCAN.US,D,20240716,000000,0.61,0.66,0.61,0.6482,202545,0
BCAN.US,D,20240717,000000,0.65,0.6795,0.6201,0.653,323351,0
BCAN.US,D,20240718,000000,0.6532,0.6532,0.5831,0.599,225559,0
BCAN.US,D,20240719,000000,0.59,0.612,0.57,0.5778,185617,0
BCAN.US,D,20240722,000000,0.58,0.5909,0.5428,0.5777,54771,0
BCAN.US,D,20240723,000000,0.5556,0.6199,0.5556,0.61,213446,0
BCAN.US,D,20240724,000000,0.609,0.62,0.6,0.6172,85996,0
BCAN.US,D,20240725,000000,0.59,0.6173,0.5741,0.5837,67188,0
BCAN.US,D,20240726,000000,0.6,0.64,0.590101,0.6199,129941,0
BCAN.US,D,20240729,000000,0.6035,0.62,0.591,0.60815,59693,0
BCAN.US,D,20240730,000000,0.631,0.631,0.5714,0.6052,71077,0
BCAN.US,D,20240731,000000,0.5915,0.6399,0.575,0.6147,561036,0
BCAN.US,D,20240801,000000,0.6088,0.6345,0.561,0.5665,211294,0
BCAN.US,D,20240802,000000,0.576,0.59,0.56,0.5603,155282,0
BCAN.US,D,20240805,000000,0.52,0.53959,0.47,0.4792,437017,0
BCAN.US,D,20240806,000000,0.471,0.505,0.47,0.5002,66966,0
BCAN.US,D,20240807,000000,0.52,0.5435,0.495,0.495,86414,0
BCAN.US,D,20240808,000000,0.51,0.5116,0.4801,0.4891,88751,0
BCAN.US,D,20240809,000000,0.5,0.535399,0.4802,0.4999,171401,0
BCAN.US,D,20240812,000000,0.4949,0.5436,0.4727,0.5436,276167,0
BCAN.US,D,20240813,000000,0.543,0.544,0.4914,0.526,345087,0
BCAN.US,D,20240814,000000,0.525,0.5518,0.505,0.5226,303131,0
BCAN.US,D,20240815,000000,0.5035,0.55,0.5035,0.5463,119375,0
BCAN.US,D,20240816,000000,0.5299,0.5398,0.5061,0.5172,265278,0
BCAN.US,D,20240819,000000,0.506,0.5298,0.4605,0.515,1238810,0
BCAN.US,D,20240820,000000,0.5041,0.5419,0.4869,0.5275,370518,0
BCAN.US,D,20240821,000000,0.54,0.552,0.5003,0.5161,473498,0
BCAN.US,D,20240822,000000,0.517,0.5278,0.4839,0.51,829478,0
BCAN.US,D,20240823,000000,0.502,0.5395,0.4952,0.5318,1471863,0
BCAN.US,D,20240826,000000,8.93,8.95,7.84,8.33,178577,0
BCAN.US,D,20240827,000000,8.3,8.57,8.0601,8.18,61754,0
BCAN.US,D,20240828,000000,8.13,8.94,8.13,8.475,114941,0
BCAN.US,D,20240829,000000,8.59,8.8,8,8.3,57443,0
BCAN.US,D,20240830,000000,8.36,8.69,8.21,8.54,58754,0
BCAN.US,D,20240903,000000,8.98,8.98,8.32,8.5,149573,0
BCAN.US,D,20240904,000000,8.49,8.7499,8,8.1501,68526,0
BCAN.US,D,20240905,000000,8.17,8.35,8.065,8.12,29067,0
BCAN.US,D,20240906,000000,8.12,8.4899,8.1,8.19,22930,0
BCAN.US,D,20240909,000000,8.14,8.38,8.01,8.25,28092,0
BCAN.US,D,20240910,000000,8.25,8.3409,8.15,8.2,9136,0
BCAN.US,D,20240911,000000,8.11,8.36,8.07,8.35,19291,0
BCAN.US,D,20240912,000000,8.22,8.39,8.1,8.23,13315,0
BCAN.US,D,20240913,000000,8.2,8.4092,8.14,8.21,22885,0
BCAN.US,D,20240916,000000,8.18,8.3174,8.03,8.04,14916,0
BCAN.US,D,20240917,000000,8.11,8.42,8.11,8.22,96649,0
BCAN.US,D,20240918,000000,8.2463,8.36,8.11,8.115,38910,0
BCAN.US,D,20240919,000000,8.27,8.27,7.85,8.03,59370,0
BCAN.US,D,20240920,000000,8.055,8.21,7.99,8,44390,0
BCAN.US,D,20240923,000000,7.93,8.06,7.93,8,52889,0
BCAN.US,D,20240924,000000,7.94,8.05,7.94,8.02,7785,0
BCAN.US,D,20240925,000000,8.099,8.1,8.05,8.07,2479,0
BCAN.US,D,20240926,000000,8.01,8.055,8,8.05,14865,0
BCAN.US,D,20240927,000000,8.05,8.1,8,8.05,31649,0
BCAN.US,D,20240930,000000,8.05,8.1,8,8.0143,15586,0
BCAN.US,D,20241001,000000,7.91,8.13,7.9,8.01,23111,0
BCAN.US,D,20241002,000000,8,8.13,7.985,8.13,15033,0
BCAN.US,D,20241003,000000,8.01,8.13,7.915,8.04,92152,0
BCAN.US,D,20241004,000000,8.03,8.14,7.98,8.02,24021,0
BCAN.US,D,20241007,000000,8,8.0539,7.97,8,28220,0
BCAN.US,D,20241008,000000,8.115,8.115,7.9,8.02,9106,0
BCAN.US,D,20241009,000000,8,8.44,8,8,11375,0
BCAN.US,D,20241010,000000,8,8.26,8,8,4259,0
BCAN.US,D,20241011,000000,8.0676,8.0676,8,8,1195,0
BCAN.US,D,20241014,000000,8.21,8.21,8.0109,8.031,2462,0
BCAN.US,D,20241015,000000,8,8.02,8,8,19614,0
BCAN.US,D,20241016,000000,8,8.1,8,8.07,3383,0
BCAN.US,D,20241017,000000,7.87,8.099,7.815,8,9003,0
BCAN.US,D,20241018,000000,8.045,8.09,8.045,8.05,3437,0
BCAN.US,D,20241021,000000,8,8.1839,7.99,8.1,13014,0
BCAN.US,D,20241022,000000,8.1,8.1499,8,8.085,4135,0
BCAN.US,D,20241023,000000,7.97,8.1285,7.97,8.01,10101,0
BCAN.US,D,20241024,000000,8,8.2058,8,8.0213,7276,0
BCAN.US,D,20241025,000000,7.82,8.16,7.82,8.16,2716,0
BCAN.US,D,20241028,000000,8,8.21,7.99,8.16,13001,0
BCAN.US,D,20241029,000000,7.99,8.105,7.905,8,17757,0
