<TICKER>,<PER>,<DATE>,<TIME>,<OPEN>,<HIGH>,<LOW>,<CLOSE>,<VOL>,<OPENINT>
BCSAW.US,D,20220103,000000,0.8,0.83,0.7,0.71,262424,0
BCSAW.US,D,20220104,000000,0.73,0.73,0.69985,0.720999,203222,0
BCSAW.US,D,20220105,000000,0.74,0.75,0.7,0.7,63696,0
BCSAW.US,D,20220106,000000,0.75,0.75,0.6995,0.7,167105,0
BCSAW.US,D,20220107,000000,0.7,0.76,0.649808,0.675,134656,0
BCSAW.US,D,20220110,000000,0.82,0.82,0.6,0.67,62421,0
BCSAW.US,D,20220111,000000,0.67,0.7,0.669849,0.69,20597,0
BCSAW.US,D,20220112,000000,0.69,0.69,0.65,0.67,34600,0
BCSAW.US,D,20220113,000000,0.6801,0.7,0.6501,0.6951,59815,0
BCSAW.US,D,20220114,000000,0.69,0.7,0.65,0.65,107513,0
BCSAW.US,D,20220118,000000,0.65,0.664999,0.6,0.6,21280,0
BCSAW.US,D,20220119,000000,0.5801,0.62,0.5756,0.6,63002,0
BCSAW.US,D,20220120,000000,0.5801,0.6,0.5452,0.58,42719,0
BCSAW.US,D,20220121,000000,0.5999,0.6,0.5452,0.58,21031,0
BCSAW.US,D,20220124,000000,0.5501,0.55015,0.5501,0.5501,1662,0
BCSAW.US,D,20220125,000000,0.6,0.6,0.5506,0.5506,15550,0
BCSAW.US,D,20220126,000000,0.56,0.56,0.41945,0.4701,14434,0
BCSAW.US,D,20220127,000000,0.3999,0.4594,0.3999,0.4512,17327,0
BCSAW.US,D,20220128,000000,0.3601,0.410601,0.3601,0.410601,552,0
BCSAW.US,D,20220131,000000,0.5199,0.6757,0.425549,0.585,11805,0
BCSAW.US,D,20220201,000000,0.7274,0.73,0.5379,0.55,15570,0
BCSAW.US,D,20220202,000000,0.55,0.55,0.5,0.54,371523,0
BCSAW.US,D,20220203,000000,0.52,0.52,0.52,0.52,259666,0
BCSAW.US,D,20220204,000000,0.5165,0.5166,0.5147,0.5147,603,0
BCSAW.US,D,20220207,000000,0.547501,0.547501,0.53,0.53,2200,0
BCSAW.US,D,20220208,000000,0.55,0.55,0.53,0.5374,14097,0
BCSAW.US,D,20220209,000000,0.5,0.5499,0.5,0.5499,6532,0
BCSAW.US,D,20220214,000000,0.52,0.52,0.52,0.52,844291,0
BCSAW.US,D,20220215,000000,0.53,0.53,0.53,0.53,5100,0
BCSAW.US,D,20220217,000000,0.5111,0.5111,0.49,0.4975,26331,0
BCSAW.US,D,20220218,000000,0.49,0.52,0.49,0.5199,150936,0
BCSAW.US,D,20220222,000000,0.5,0.515,0.49,0.5088,27550,0
BCSAW.US,D,20220223,000000,0.5599,0.5599,0.51,0.52,420327,0
BCSAW.US,D,20220224,000000,0.4656,0.52,0.4656,0.52,825,0
BCSAW.US,D,20220301,000000,0.5,0.5,0.5,0.5,623,0
BCSAW.US,D,20220307,000000,0.4621,0.4939,0.4,0.4878,288487,0
BCSAW.US,D,20220308,000000,0.3102,0.5,0.3102,0.4999,10999,0
BCSAW.US,D,20220311,000000,0.38,0.46,0.38,0.45,42354,0
BCSAW.US,D,20220314,000000,0.38,0.52,0.38,0.52,17217,0
BCSAW.US,D,20220316,000000,0.55,0.55,0.549899,0.549899,2415,0
BCSAW.US,D,20220317,000000,0.41,0.42,0.3601,0.37,32275,0
BCSAW.US,D,20220318,000000,0.42,0.51,0.42,0.51,1106,0
BCSAW.US,D,20220321,000000,0.4985,0.4985,0.4499,0.4499,300,0
BCSAW.US,D,20220322,000000,0.4275,0.452,0.4275,0.452,3574,0
BCSAW.US,D,20220323,000000,0.55,0.55,0.55,0.55,400,0
BCSAW.US,D,20220325,000000,0.499798,0.499798,0.499798,0.499798,112,0
BCSAW.US,D,20220328,000000,0.4499,0.4499,0.39,0.4331,2940,0
BCSAW.US,D,20220331,000000,0.340201,0.4,0.340201,0.4,250,0
BCSAW.US,D,20220401,000000,0.39255,0.4541,0.39255,0.4375,2710,0
BCSAW.US,D,20220404,000000,0.5499,0.5499,0.355,0.43,23110,0
BCSAW.US,D,20220405,000000,0.3601,0.3601,0.3601,0.3601,100,0
BCSAW.US,D,20220407,000000,0.32,0.32,0.32,0.32,1000,0
BCSAW.US,D,20220408,000000,0.3402,0.3402,0.3402,0.3402,1000,0
BCSAW.US,D,20220411,000000,0.3501,0.4,0.3501,0.4,1296,0
BCSAW.US,D,20220412,000000,0.3458,0.4101,0.3458,0.4035,55665,0
BCSAW.US,D,20220413,000000,0.6334,0.6334,0.35,0.39,33436,0
BCSAW.US,D,20220414,000000,0.3601,0.37,0.3433,0.37,1000,0
BCSAW.US,D,20220418,000000,0.34,0.34,0.34,0.34,1000,0
BCSAW.US,D,20220419,000000,0.3401,0.37,0.3276,0.3488,169546,0
BCSAW.US,D,20220420,000000,0.3401,0.421108,0.32,0.421108,4000,0
BCSAW.US,D,20220421,000000,0.32,0.37,0.32,0.35,5600,0
BCSAW.US,D,20220422,000000,0.32,0.35,0.32,0.32,4100,0
BCSAW.US,D,20220425,000000,0.33,0.33,0.28,0.28,148294,0
BCSAW.US,D,20220426,000000,0.3,0.3,0.2814,0.28745,30815,0
BCSAW.US,D,20220427,000000,0.2801,0.295,0.28,0.28,8800,0
BCSAW.US,D,20220428,000000,0.28,0.29,0.28,0.29,3000,0
BCSAW.US,D,20220429,000000,0.376951,0.376951,0.29,0.29,3304,0
BCSAW.US,D,20220502,000000,0.29,0.345,0.29,0.345,6004,0
BCSAW.US,D,20220503,000000,0.31,0.32,0.2901,0.2901,10305,0
BCSAW.US,D,20220504,000000,0.300101,0.32,0.3,0.32,5400,0
BCSAW.US,D,20220505,000000,0.29,0.4314,0.29,0.35,35000,0
BCSAW.US,D,20220506,000000,0.35,0.3999,0.3203,0.33,40706,0
BCSAW.US,D,20220509,000000,0.33,0.33,0.21,0.21,35119,0
BCSAW.US,D,20220510,000000,0.21,0.21,0.1951,0.1951,2213,0
BCSAW.US,D,20220511,000000,0.27,0.2718,0.190001,0.2718,4357,0
BCSAW.US,D,20220512,000000,0.19,0.25,0.19,0.2424,2551,0
BCSAW.US,D,20220513,000000,0.242199,0.242199,0.24,0.24,1272,0
BCSAW.US,D,20220516,000000,0.24,0.25,0.24,0.24,5778,0
BCSAW.US,D,20220517,000000,0.25,0.25,0.25,0.25,420,0
BCSAW.US,D,20220519,000000,0.2144,0.263,0.193,0.2471,2426,0
BCSAW.US,D,20220520,000000,0.22,0.3097,0.22,0.2518,4749,0
BCSAW.US,D,20220523,000000,0.2858,0.2895,0.2185,0.23,3910,0
BCSAW.US,D,20220524,000000,0.2611,0.2645,0.189999,0.199899,2547,0
BCSAW.US,D,20220525,000000,0.2,0.2,0.2,0.2,1000,0
BCSAW.US,D,20220526,000000,0.2399,0.2399,0.2399,0.2399,100,0
BCSAW.US,D,20220527,000000,0.2399,0.2399,0.2399,0.2399,100,0
BCSAW.US,D,20220531,000000,0.3535,0.358,0.1905,0.2,6010,0
BCSAW.US,D,20220601,000000,0.22,0.2424,0.15,0.158,19400,0
BCSAW.US,D,20220602,000000,0.16,0.2548,0.16,0.2,2106,0
BCSAW.US,D,20220603,000000,0.1804,0.2109,0.16,0.2109,4804,0
BCSAW.US,D,20220606,000000,0.2415,0.249,0.1921,0.2241,1925,0
BCSAW.US,D,20220607,000000,0.2,0.2,0.16,0.17,7047,0
BCSAW.US,D,20220608,000000,0.1701,0.1701,0.16,0.16,19582,0
BCSAW.US,D,20220609,000000,0.16,0.1602,0.15,0.15,13708,0
BCSAW.US,D,20220610,000000,0.1644,0.1644,0.15,0.15,3025,0
BCSAW.US,D,20220613,000000,0.1551,0.1551,0.14,0.14,5500,0
BCSAW.US,D,20220615,000000,0.1302,0.1302,0.1,0.1,7725,0
BCSAW.US,D,20220617,000000,0.1,0.1,0.0821,0.0821,10280,0
BCSAW.US,D,20220621,000000,0.085,0.0851,0.0679,0.0679,25276,0
BCSAW.US,D,20220622,000000,0.07,0.075,0.07,0.07,126100,0
BCSAW.US,D,20220623,000000,0.076,0.0761,0.0621,0.076,4967,0
BCSAW.US,D,20220628,000000,0.0801,0.0801,0.08,0.08,809,0
BCSAW.US,D,20220705,000000,0.09,0.09,0.09,0.09,572,0
BCSAW.US,D,20220708,000000,0.0897,0.0897,0.089599,0.0897,2572,0
BCSAW.US,D,20220711,000000,0.1,0.1114,0.09,0.092,81500,0
BCSAW.US,D,20220715,000000,0.08,0.12,0.08,0.1118,1400,0
BCSAW.US,D,20220718,000000,0.08,0.095,0.08,0.095,1300,0
BCSAW.US,D,20220720,000000,0.090101,0.090101,0.090101,0.090101,305,0
BCSAW.US,D,20220721,000000,0.09,0.09,0.09,0.09,100,0
BCSAW.US,D,20220722,000000,0.09,0.09,0.09,0.09,100,0
BCSAW.US,D,20220725,000000,0.1,0.1,0.09,0.09,94126,0
BCSAW.US,D,20220726,000000,0.09,0.09,0.0754,0.0754,1600,0
BCSAW.US,D,20220801,000000,0.08,0.08,0.08,0.08,1001,0
BCSAW.US,D,20220802,000000,0.08,0.099799,0.08,0.0825,1800,0
BCSAW.US,D,20220803,000000,0.08,0.099799,0.08,0.08,48250,0
BCSAW.US,D,20220804,000000,0.0995,0.1,0.0995,0.1,12300,0
BCSAW.US,D,20220805,000000,0.0955,0.0997,0.09,0.0997,944,0
BCSAW.US,D,20220808,000000,0.1,0.1,0.1,0.1,655,0
BCSAW.US,D,20220809,000000,0.09,0.09,0.0613,0.0613,22965,0
BCSAW.US,D,20220810,000000,0.0977,0.1045,0.0977,0.098,14910,0
BCSAW.US,D,20220811,000000,0.09,0.1,0.09,0.093,11278,0
BCSAW.US,D,20220812,000000,0.0623,0.0976,0.06,0.06,13311,0
BCSAW.US,D,20220815,000000,0.08,0.1001,0.08,0.1,35445,0
BCSAW.US,D,20220816,000000,0.09,0.09,0.09,0.09,19200,0
BCSAW.US,D,20220817,000000,0.06,0.06,0.06,0.06,822,0
BCSAW.US,D,20220818,000000,0.089001,0.1001,0.08,0.1001,108824,0
BCSAW.US,D,20220819,000000,0.1001,0.1601,0.1001,0.1601,15610,0
BCSAW.US,D,20220822,000000,0.142,0.142,0.1,0.105,7572,0
BCSAW.US,D,20220824,000000,0.1051,0.1051,0.1001,0.1001,35603,0
BCSAW.US,D,20220825,000000,0.1001,0.1001,0.1001,0.1001,2009,0
BCSAW.US,D,20220831,000000,0.1001,0.1001,0.1001,0.1001,754,0
BCSAW.US,D,20220901,000000,0.108,0.11,0.1001,0.1001,15300,0
BCSAW.US,D,20220902,000000,0.1001,0.1001,0.1001,0.1001,1902,0
BCSAW.US,D,20220907,000000,0.067,0.1001,0.067,0.1001,832,0
BCSAW.US,D,20220915,000000,0.087,0.09,0.077,0.077,1333,0
BCSAW.US,D,20220916,000000,0.085,0.0968,0.085,0.0956,101900,0
BCSAW.US,D,20220920,000000,0.0974,0.1,0.0947,0.0947,400,0
BCSAW.US,D,20220921,000000,0.0947,0.1,0.077,0.077,2600,0
BCSAW.US,D,20220922,000000,0.077,0.0971,0.0574,0.08,247324,0
BCSAW.US,D,20220926,000000,0.08,0.0801,0.08,0.0801,1000,0
BCSAW.US,D,20220927,000000,0.08,0.0801,0.08,0.0801,1520,0
BCSAW.US,D,20220929,000000,0.1277,0.1647,0.065,0.0725,23987,0
BCSAW.US,D,20221003,000000,0.0997,0.0997,0.073,0.0732,1200,0
BCSAW.US,D,20221004,000000,0.07,0.07,0.06,0.07,115874,0
BCSAW.US,D,20221010,000000,0.07,0.07,0.07,0.07,1000,0
BCSAW.US,D,20221011,000000,0.07,0.07,0.07,0.07,387,0
BCSAW.US,D,20221012,000000,0.07,0.07,0.059999,0.07,19000,0
BCSAW.US,D,20221014,000000,0.06,0.06,0.06,0.06,8857,0
BCSAW.US,D,20221017,000000,0.070001,0.070001,0.070001,0.070001,207,0
BCSAW.US,D,20221018,000000,0.06,0.065,0.06,0.065,879,0
BCSAW.US,D,20221019,000000,0.06,0.0616,0.05,0.0616,14790,0
BCSAW.US,D,20221025,000000,0.0631,0.064,0.06,0.0601,1323,0
BCSAW.US,D,20221026,000000,0.06,0.0625,0.06,0.0625,704,0
BCSAW.US,D,20221027,000000,0.065,0.065,0.06,0.06,2320,0
BCSAW.US,D,20221028,000000,0.06,0.060101,0.05,0.0536,11805,0
BCSAW.US,D,20221031,000000,0.05,0.07,0.05,0.07,198834,0
BCSAW.US,D,20221101,000000,0.06,0.06,0.05,0.05,1174,0
BCSAW.US,D,20221103,000000,0.06,0.061,0.055,0.061,46800,0
BCSAW.US,D,20221107,000000,0.06,0.06,0.06,0.06,2000,0
BCSAW.US,D,20221108,000000,0.0501,0.0613,0.05,0.0613,18200,0
BCSAW.US,D,20221110,000000,0.1,0.1536,0.0575,0.06,826907,0
BCSAW.US,D,20221111,000000,0.0551,0.066476,0.05,0.06,15200,0
BCSAW.US,D,20221114,000000,0.06,0.06,0.05,0.055,23853,0
BCSAW.US,D,20221115,000000,0.06,0.06,0.06,0.06,1200,0
BCSAW.US,D,20221116,000000,0.055,0.06,0.05,0.06,9202,0
BCSAW.US,D,20221117,000000,0.0585,0.06,0.0585,0.06,1290,0
BCSAW.US,D,20221118,000000,0.0501,0.055,0.05,0.055,3375,0
BCSAW.US,D,20221121,000000,0.05,0.05,0.04,0.04,24613,0
BCSAW.US,D,20221122,000000,0.0401,0.0401,0.0401,0.0401,2334,0
BCSAW.US,D,20221123,000000,0.045,0.047,0.045,0.047,345,0
BCSAW.US,D,20221125,000000,0.049,0.049,0.049,0.049,1400,0
BCSAW.US,D,20221128,000000,0.049,0.05,0.049,0.05,8090,0
BCSAW.US,D,20221130,000000,0.05,0.05,0.04,0.04,3721,0
BCSAW.US,D,20221201,000000,0.05,0.05,0.05,0.05,100,0
BCSAW.US,D,20221202,000000,0.0499,0.0499,0.0499,0.0499,101,0
BCSAW.US,D,20221205,000000,0.04,0.0537,0.04,0.0537,24071,0
BCSAW.US,D,20221207,000000,0.04,0.04,0.0189,0.0213,774025,0
BCSAW.US,D,20221208,000000,0.0212,0.0247,0.0212,0.0212,1600,0
BCSAW.US,D,20221209,000000,0.04,0.05,0.0379,0.0414,108688,0
BCSAW.US,D,20221212,000000,0.0499,0.0499,0.0499,0.0499,230,0
BCSAW.US,D,20221213,000000,0.035,0.0499,0.035,0.045,13449,0
BCSAW.US,D,20221214,000000,0.0455,0.0455,0.0351,0.0351,28400,0
BCSAW.US,D,20221215,000000,0.035001,0.037,0.0235,0.037,13897,0
BCSAW.US,D,20221216,000000,0.0475,0.0475,0.0215,0.025,38950,0
BCSAW.US,D,20221221,000000,0.05,0.0579,0.03,0.04,50348,0
BCSAW.US,D,20221227,000000,0.0375,0.0414,0.0375,0.0414,31763,0
BCSAW.US,D,20221228,000000,0.06,0.06,0.058,0.058,3150,0
BCSAW.US,D,20221229,000000,0.1,0.11,0.06,0.06,12610,0
BCSAW.US,D,20230103,000000,0.07,0.07,0.07,0.07,812,0
BCSAW.US,D,20230104,000000,0.07,0.07,0.07,0.07,10100,0
BCSAW.US,D,20230105,000000,0.0306,0.07,0.0306,0.07,146841,0
BCSAW.US,D,20230106,000000,0.07,0.0723,0.0699,0.0723,21001,0
BCSAW.US,D,20230109,000000,0.07,0.075,0.07,0.075,11621,0
BCSAW.US,D,20230111,000000,0.08,0.0804,0.0655,0.0706,767232,0
BCSAW.US,D,20230112,000000,0.09,0.09,0.09,0.09,130,0
BCSAW.US,D,20230113,000000,0.09,0.09,0.0899,0.0899,6901,0
BCSAW.US,D,20230118,000000,0.09,0.0953,0.09,0.0914,20530,0
BCSAW.US,D,20230119,000000,0.0989,0.0989,0.0867,0.0867,17401,0
BCSAW.US,D,20230120,000000,0.085,0.0855,0.085,0.085478,45004,0
BCSAW.US,D,20230125,000000,0.09,0.0905,0.09,0.0904,10107,0
BCSAW.US,D,20230126,000000,0.099,0.1207,0.09,0.1207,37074,0
BCSAW.US,D,20230202,000000,0.1,0.1004,0.0908,0.1004,51676,0
BCSAW.US,D,20230203,000000,0.0907,0.0907,0.0907,0.0907,6800,0
BCSAW.US,D,20230207,000000,0.099,0.1,0.099,0.1,3940,0
BCSAW.US,D,20230208,000000,0.1,0.1001,0.1,0.1001,4001,0
BCSAW.US,D,20230209,000000,0.1,0.1,0.072,0.0895,16300,0
BCSAW.US,D,20230214,000000,0.0758,0.0758,0.0758,0.0758,158,0
BCSAW.US,D,20230215,000000,0.1,0.1119,0.08,0.08,7466,0
BCSAW.US,D,20230216,000000,0.12,0.12,0.1158,0.1158,1103,0
BCSAW.US,D,20230217,000000,0.1005,0.1005,0.1005,0.1005,9039,0
BCSAW.US,D,20230222,000000,0.1005,0.1005,0.1005,0.1005,10000,0
BCSAW.US,D,20230223,000000,0.1,0.1005,0.1,0.1001,14195,0
BCSAW.US,D,20230228,000000,0.1005,0.1005,0.1005,0.1005,2000,0
BCSAW.US,D,20230303,000000,0.1,0.11,0.1,0.1,394225,0
BCSAW.US,D,20230308,000000,0.1,0.1,0.1,0.1,100000,0
BCSAW.US,D,20230310,000000,0.1,0.1,0.1,0.1,51000,0
BCSAW.US,D,20230313,000000,0.1005,0.101,0.1005,0.101,1990,0
BCSAW.US,D,20230314,000000,0.1005,0.1005,0.1005,0.1005,1391,0
BCSAW.US,D,20230316,000000,0.1005,0.11,0.09,0.1,17000,0
BCSAW.US,D,20230320,000000,0.1005,0.1005,0.0952,0.0997,19524,0
BCSAW.US,D,20230321,000000,0.1,0.1005,0.093,0.1005,245800,0
BCSAW.US,D,20230323,000000,0.1105,0.1105,0.1105,0.1105,1102,0
BCSAW.US,D,20230327,000000,0.1124,0.1124,0.1104,0.1104,200,0
BCSAW.US,D,20230328,000000,0.1103,0.1122,0.1103,0.1122,263,0
BCSAW.US,D,20230329,000000,0.1122,0.1122,0.1122,0.1122,549,0
BCSAW.US,D,20230403,000000,0.1105,0.1105,0.1105,0.1105,1000,0
BCSAW.US,D,20230404,000000,0.1105,0.1105,0.1105,0.1105,2014,0
BCSAW.US,D,20230406,000000,0.1105,0.1105,0.1105,0.1105,15014,0
BCSAW.US,D,20230410,000000,0.1105,0.1105,0.1105,0.1105,6750,0
BCSAW.US,D,20230411,000000,0.1187,0.12,0.1102,0.1105,43200,0
BCSAW.US,D,20230412,000000,0.1105,0.1105,0.1105,0.1105,7198,0
BCSAW.US,D,20230413,000000,0.1105,0.1105,0.1105,0.1105,10966,0
BCSAW.US,D,20230414,000000,0.1105,0.1105,0.1105,0.1105,9883,0
BCSAW.US,D,20230417,000000,0.1266,0.1266,0.0853,0.108151,56667,0
BCSAW.US,D,20230418,000000,0.07559,0.0787,0.07559,0.0787,786,0
BCSAW.US,D,20230419,000000,0.0363,0.084,0.0363,0.084,15178,0
BCSAW.US,D,20230420,000000,0.0941,0.0941,0.0787,0.0863,4010,0
BCSAW.US,D,20230424,000000,0.09,0.09,0.0835,0.0835,2113,0
BCSAW.US,D,20230425,000000,0.045,0.08,0.04,0.0755,4099,0
BCSAW.US,D,20230426,000000,0.085,0.085,0.0405,0.0515,4611,0
BCSAW.US,D,20230427,000000,0.0645,0.1087,0.05,0.0536,7301,0
BCSAW.US,D,20230428,000000,0.09,0.09,0.0523,0.0523,3315,0
BCSAW.US,D,20230501,000000,0.0523,0.0528,0.0523,0.0523,2000,0
BCSAW.US,D,20230502,000000,0.04,0.0401,0.04,0.0401,1112,0
BCSAW.US,D,20230503,000000,0.059699,0.059699,0.059699,0.059699,1573,0
BCSAW.US,D,20230504,000000,0.0597,0.0776,0.04,0.0423,5214,0
BCSAW.US,D,20230509,000000,0.0423,0.0625,0.04,0.04,25372,0
BCSAW.US,D,20230510,000000,0.0665,0.0696,0.0512,0.0512,1104,0
BCSAW.US,D,20230511,000000,0.045,0.045,0.045,0.045,551,0
BCSAW.US,D,20230517,000000,0.049,0.05,0.04,0.05,3668,0
BCSAW.US,D,20230519,000000,0.05,0.05,0.05,0.05,380,0
BCSAW.US,D,20230524,000000,0.0586,0.0999,0.05,0.0501,12312,0
BCSAW.US,D,20230525,000000,0.0501,0.0501,0.0501,0.0501,400,0
BCSAW.US,D,20230526,000000,0.0533,0.0533,0.0532,0.0532,993,0
BCSAW.US,D,20230530,000000,0.045,0.0885,0.0399,0.0417,10608,0
BCSAW.US,D,20230531,000000,0.0436,0.0436,0.0433,0.0433,300,0
BCSAW.US,D,20230601,000000,0.0402,0.0402,0.0402,0.0402,3751,0
BCSAW.US,D,20230607,000000,0.0461,0.05,0.0371,0.0371,400,0
BCSAW.US,D,20230608,000000,0.0707,0.0707,0.042,0.042,2004,0
BCSAW.US,D,20230609,000000,0.0401,0.0401,0.0371,0.0371,8001,0
BCSAW.US,D,20230613,000000,0.0372,0.0425,0.0372,0.0425,440,0
BCSAW.US,D,20230614,000000,0.0372,0.0372,0.032,0.032,21075,0
BCSAW.US,D,20230615,000000,0.03,0.033,0.03,0.033,504,0
BCSAW.US,D,20230620,000000,0.0334,0.0334,0.0333,0.0333,20014,0
BCSAW.US,D,20230629,000000,0.035,0.035,0.035,0.035,100,0
BCSAW.US,D,20230630,000000,0.0381,0.0558,0.0381,0.0558,2500,0
BCSAW.US,D,20230703,000000,0.0586,0.0667,0.0558,0.0651,2408,0
BCSAW.US,D,20230705,000000,0.0651,0.0651,0.03,0.03,61778,0
BCSAW.US,D,20230706,000000,0.0352,0.0447,0.0344,0.0424,3060,0
BCSAW.US,D,20230707,000000,0.0358,0.039,0.0357,0.0357,18422,0
BCSAW.US,D,20230710,000000,0.0361,0.0361,0.036,0.036,215,0
BCSAW.US,D,20230711,000000,0.0361,0.0361,0.0329,0.0357,25100,0
BCSAW.US,D,20230712,000000,0.0312,0.0312,0.0311,0.0311,252400,0
BCSAW.US,D,20230713,000000,0.0271,0.0271,0.0271,0.0271,125,0
BCSAW.US,D,20230725,000000,0.0302,0.0302,0.0263,0.0263,4100,0
BCSAW.US,D,20230727,000000,0.0263,0.0263,0.0263,0.0263,50000,0
BCSAW.US,D,20230728,000000,0.0266,0.0332,0.0251,0.0329,36702,0
BCSAW.US,D,20230731,000000,0.0329,0.0377,0.0263,0.0377,14421,0
BCSAW.US,D,20230801,000000,0.035,0.035,0.0329,0.0329,150100,0
BCSAW.US,D,20230802,000000,0.0272,0.0281,0.025,0.0252,27002,0
BCSAW.US,D,20230803,000000,0.0253,0.0253,0.0252,0.0252,6003,0
BCSAW.US,D,20230804,000000,0.0264,0.0302,0.0252,0.0253,15477,0
BCSAW.US,D,20230808,000000,0.0221,0.0253,0.0221,0.0253,1330,0
BCSAW.US,D,20230809,000000,0.029,0.029,0.0262,0.0262,11202,0
BCSAW.US,D,20230810,000000,0.0292,0.0326,0.0263,0.0263,9604,0
BCSAW.US,D,20230811,000000,0.025256,0.0253,0.0252,0.0253,11004,0
BCSAW.US,D,20230814,000000,0.0253,0.0253,0.0253,0.0253,2701,0
BCSAW.US,D,20230815,000000,0.025267,0.0301,0.025267,0.0301,2060,0
BCSAW.US,D,20230816,000000,0.0272,0.0272,0.0202,0.0216,107613,0
BCSAW.US,D,20230818,000000,0.0332,0.0332,0.0332,0.0332,400,0
BCSAW.US,D,20230821,000000,0.029,0.0297,0.0202,0.0202,37504,0
BCSAW.US,D,20230822,000000,0.0218,0.0218,0.0218,0.0218,100,0
BCSAW.US,D,20230823,000000,0.0241,0.0344,0.0241,0.0341,29951,0
BCSAW.US,D,20230825,000000,0.0333,0.0341,0.0333,0.0341,1317,0
BCSAW.US,D,20230828,000000,0.045,0.045,0.0391,0.0391,6404,0
BCSAW.US,D,20230830,000000,0.0314,0.0314,0.0314,0.0314,130,0
BCSAW.US,D,20230905,000000,0.0415,0.0441,0.0415,0.044,2000,0
BCSAW.US,D,20230907,000000,0.039,0.0392,0.0389,0.0392,1700,0
BCSAW.US,D,20230913,000000,0.0422,0.045,0.037,0.037,11477,0
BCSAW.US,D,20230918,000000,0.045,0.045,0.0371,0.0371,10530,0
BCSAW.US,D,20230920,000000,0.0373,0.0374,0.0373,0.0374,2729,0
BCSAW.US,D,20230921,000000,0.0375,0.0429,0.0375,0.0428,3550,0
BCSAW.US,D,20230926,000000,0.0391,0.0391,0.0391,0.0391,1000,0
BCSAW.US,D,20230927,000000,0.0437,0.0439,0.0437,0.0437,529,0
BCSAW.US,D,20231005,000000,0.045,0.045,0.045,0.045,2736,0
BCSAW.US,D,20231009,000000,0.0516,0.0516,0.0516,0.0516,150,0
BCSAW.US,D,20231016,000000,0.0448,0.0449,0.038,0.038,149565,0
BCSAW.US,D,20231017,000000,0.033,0.0331,0.031,0.031,19416,0
BCSAW.US,D,20231018,000000,0.0301,0.0301,0.03,0.0301,10000,0
BCSAW.US,D,20231019,000000,0.0302,0.0502,0.0302,0.0401,33100,0
BCSAW.US,D,20231020,000000,0.0404,0.0404,0.034,0.034,25949,0
BCSAW.US,D,20231023,000000,0.0303,0.0303,0.0303,0.0303,1155,0
BCSAW.US,D,20231024,000000,0.0303,0.0451,0.0303,0.0378,22228,0
BCSAW.US,D,20231025,000000,0.0303,0.0503,0.0303,0.0503,1297,0
BCSAW.US,D,20231026,000000,0.0316,0.0331,0.0316,0.0322,600,0
BCSAW.US,D,20231027,000000,0.0305,0.0479,0.0305,0.0479,2070,0
BCSAW.US,D,20231030,000000,0.0516,0.0516,0.03,0.0301,64268,0
BCSAW.US,D,20231031,000000,0.0303,0.0303,0.0303,0.0303,780,0
BCSAW.US,D,20231106,000000,0.0274,0.028,0.0262,0.0262,3200,0
BCSAW.US,D,20231108,000000,0.029,0.029,0.029,0.029,192,0
BCSAW.US,D,20231109,000000,0.026,0.026,0.025,0.025,271800,0
BCSAW.US,D,20231110,000000,0.025,0.025,0.01,0.0202,72821,0
BCSAW.US,D,20231113,000000,0.0149,0.0205,0.0148,0.0205,3918,0
BCSAW.US,D,20231114,000000,0.021,0.0217,0.0192,0.0217,16012,0
BCSAW.US,D,20231115,000000,0.0237,0.024177,0.022,0.024,39832,0
BCSAW.US,D,20231116,000000,0.024,0.024,0.024,0.024,22000,0
BCSAW.US,D,20231117,000000,0.0221,0.0221,0.022,0.0221,5000,0
BCSAW.US,D,20231122,000000,0.026,0.026,0.026,0.026,232,0
BCSAW.US,D,20231124,000000,0.0298,0.0298,0.0298,0.0298,275,0
BCSAW.US,D,20231127,000000,0.0365,0.0365,0.0365,0.0365,375,0
BCSAW.US,D,20231129,000000,0.0339,0.035,0.0251,0.0251,5000,0
BCSAW.US,D,20231130,000000,0.03,0.03,0.03,0.03,836,0
BCSAW.US,D,20231204,000000,0.029,0.03,0.025,0.025,24461,0
BCSAW.US,D,20231205,000000,0.0276,0.0276,0.022,0.022,269,0
BCSAW.US,D,20231206,000000,0.0221,0.0221,0.0201,0.0201,22718,0
BCSAW.US,D,20231208,000000,0.0279,0.0279,0.0279,0.0279,513,0
BCSAW.US,D,20231211,000000,0.03,0.03,0.025,0.025,50399,0
BCSAW.US,D,20231212,000000,0.0204,0.0205,0.0201,0.0201,1737,0
BCSAW.US,D,20231213,000000,0.0201,0.02065,0.0151,0.0163,3450,0
BCSAW.US,D,20231214,000000,0.0151,0.0278,0.0151,0.0152,15692,0
BCSAW.US,D,20231215,000000,0.0197,0.0208,0.0191,0.0208,182279,0
BCSAW.US,D,20231219,000000,0.0264,0.04,0.0264,0.04,40387,0
BCSAW.US,D,20231220,000000,0.0481,0.0551,0.0481,0.0551,3035,0
BCSAW.US,D,20231221,000000,0.07,0.1494,0.068,0.100335,111194,0
BCSAW.US,D,20231226,000000,0.1389,0.1389,0.094,0.094,216,0
BCSAW.US,D,20231227,000000,0.073,0.073,0.0499,0.0499,16177,0
BCSAW.US,D,20240102,000000,0.0684,0.073,0.0684,0.0684,1788,0
BCSAW.US,D,20240103,000000,0.0644,0.068,0.0644,0.068,14521,0
BCSAW.US,D,20240104,000000,0.0679,0.0679,0.0679,0.0679,858,0
BCSAW.US,D,20240105,000000,0.0679,0.068,0.0351,0.068,17084,0
BCSAW.US,D,20240108,000000,0.0628,0.068,0.0625,0.068,3665,0
BCSAW.US,D,20240110,000000,0.0625,0.0635,0.0625,0.0635,2404,0
BCSAW.US,D,20240111,000000,0.0634,0.0635,0.0634,0.0635,612,0
BCSAW.US,D,20240112,000000,0.075,0.0999,0.061,0.0709,57777,0
BCSAW.US,D,20240116,000000,0.0455,0.0698,0.0455,0.0698,2495,0
BCSAW.US,D,20240117,000000,0.06,0.06,0.0462,0.0462,700,0
BCSAW.US,D,20240118,000000,0.04,0.04,0.0361,0.0361,805,0
BCSAW.US,D,20240119,000000,0.0364,0.0364,0.0364,0.0364,100,0
BCSAW.US,D,20240122,000000,0.0509,0.08,0.0505,0.074,9810,0
BCSAW.US,D,20240124,000000,0.074,0.074,0.068,0.068,300,0
BCSAW.US,D,20240125,000000,0.05,0.05,0.0351,0.0373,38301,0
BCSAW.US,D,20240126,000000,0.0443,0.0506,0.0443,0.0506,800,0
BCSAW.US,D,20240131,000000,0.051,0.051,0.0508,0.0508,25000,0
BCSAW.US,D,20240201,000000,0.0508,0.0508,0.0448,0.0448,27575,0
BCSAW.US,D,20240202,000000,0.05,0.05,0.05,0.05,3000,0
BCSAW.US,D,20240206,000000,0.0383,0.0383,0.0352,0.0352,20902,0
BCSAW.US,D,20240207,000000,0.0352,0.0352,0.033,0.0331,65470,0
BCSAW.US,D,20240208,000000,0.042,0.042,0.021,0.021,10650,0
BCSAW.US,D,20240209,000000,0.0465,0.0465,0.0444,0.0444,1500,0
BCSAW.US,D,20240212,000000,0.05,0.05,0.0256,0.04,12407,0
BCSAW.US,D,20240213,000000,0.04,0.04,0.0396,0.04,968,0
BCSAW.US,D,20240214,000000,0.0444,0.0445,0.0444,0.0445,300,0
BCSAW.US,D,20240215,000000,0.0308,0.0308,0.025,0.0262,71100,0
BCSAW.US,D,20240216,000000,0.0451,0.0451,0.0411,0.0411,11323,0
BCSAW.US,D,20240223,000000,0.0395,0.0395,0.0395,0.0395,165,0
BCSAW.US,D,20240226,000000,0.0401,0.0401,0.0261,0.0261,27150,0
BCSAW.US,D,20240227,000000,0.0418,0.05,0.039,0.046,10968,0
BCSAW.US,D,20240228,000000,0.0463,0.0486,0.046,0.048,38572,0
BCSAW.US,D,20240229,000000,0.0479,0.0479,0.0432,0.0432,619,0
BCSAW.US,D,20240301,000000,0.0367,0.0367,0.0351,0.0351,2033,0
BCSAW.US,D,20240305,000000,0.040701,0.040701,0.04,0.0401,1575,0
BCSAW.US,D,20240306,000000,0.0451,0.0451,0.0401,0.0401,250,0
BCSAW.US,D,20240314,000000,0.04,0.04,0.035,0.0371,15346,0
BCSAW.US,D,20240321,000000,0.0371,0.039052,0.037,0.037,6568,0
BCSAW.US,D,20240403,000000,0.047,0.05,0.047,0.05,1625,0
BCSAW.US,D,20240404,000000,0.0542,0.0589,0.0542,0.0589,3071,0
BCSAW.US,D,20240408,000000,0.048,0.0698,0.048,0.048,7510,0
BCSAW.US,D,20240409,000000,0.062,0.18,0.04,0.170851,536096,0
BCSAW.US,D,20240410,000000,0.24,0.25,0.1709,0.18,403203,0
BCSAW.US,D,20240411,000000,0.205,0.2199,0.1311,0.16,160712,0
BCSAW.US,D,20240412,000000,0.169,0.19,0.121,0.166,76934,0
BCSAW.US,D,20240415,000000,0.149,0.19,0.1,0.1,456387,0
BCSAW.US,D,20240416,000000,0.1104,0.13,0.08,0.1,236315,0
BCSAW.US,D,20240417,000000,0.1,0.10585,0.1,0.1,18139,0
BCSAW.US,D,20240418,000000,0.081,0.1138,0.08,0.1001,24007,0
BCSAW.US,D,20240419,000000,0.1,0.109,0.0899,0.1,10789,0
BCSAW.US,D,20240423,000000,0.11,0.11,0.1,0.1001,5368,0
BCSAW.US,D,20240424,000000,0.1099,0.18,0.1099,0.134,25951,0
BCSAW.US,D,20240426,000000,0.16,0.16,0.111,0.116,56098,0
BCSAW.US,D,20240429,000000,0.1199,0.12,0.116,0.116,8396,0
BCSAW.US,D,20240430,000000,0.1161,0.1164,0.116,0.1164,10468,0
BCSAW.US,D,20240501,000000,0.1192,0.125,0.1126,0.1126,12123,0
BCSAW.US,D,20240502,000000,0.1137,0.125,0.1137,0.115,9508,0
BCSAW.US,D,20240507,000000,0.1001,0.125,0.1,0.119,12960,0
BCSAW.US,D,20240509,000000,0.1,0.108501,0.1,0.1,4080,0
BCSAW.US,D,20240510,000000,0.1,0.1,0.09,0.1,7569,0
BCSAW.US,D,20240513,000000,0.1,0.1099,0.0947,0.1,11425,0
BCSAW.US,D,20240514,000000,0.12,0.12,0.09,0.09,8320,0
BCSAW.US,D,20240515,000000,0.0901,0.0901,0.0901,0.0901,450,0
BCSAW.US,D,20240516,000000,0.0951,0.0951,0.0951,0.0951,177,0
BCSAW.US,D,20240517,000000,0.095,0.1,0.0826,0.0826,6592,0
BCSAW.US,D,20240520,000000,0.0811,0.0826,0.0811,0.0826,6577,0
BCSAW.US,D,20240521,000000,0.08,0.08,0.08,0.08,15900,0
BCSAW.US,D,20240522,000000,0.0792,0.08,0.07,0.07,4409,0
BCSAW.US,D,20240523,000000,0.0455,0.079,0.0455,0.079,4747,0
BCSAW.US,D,20240524,000000,0.08,0.08,0.08,0.08,798,0
BCSAW.US,D,20240528,000000,0.0653,0.1,0.0653,0.08,4879,0
BCSAW.US,D,20240529,000000,0.088,0.0881,0.08,0.08,390,0
BCSAW.US,D,20240530,000000,0.07,0.0715,0.03,0.06,39727,0
BCSAW.US,D,20240531,000000,0.07,0.07,0.07,0.07,3858,0
BCSAW.US,D,20240603,000000,0.08,0.085,0.06,0.07,23496,0
BCSAW.US,D,20240604,000000,0.0755,0.0755,0.0755,0.0755,100,0
BCSAW.US,D,20240605,000000,0.08,0.087,0.08,0.087,3000,0
BCSAW.US,D,20240606,000000,0.0875,0.088,0.07,0.088,2481,0
BCSAW.US,D,20240607,000000,0.072,0.08,0.05,0.0605,11530,0
BCSAW.US,D,20240610,000000,0.0763,0.078,0.055,0.07,19085,0
BCSAW.US,D,20240611,000000,0.061,0.065,0.05,0.06,229506,0
BCSAW.US,D,20240612,000000,0.07,0.07,0.051,0.051,1552,0
BCSAW.US,D,20240613,000000,0.055499,0.0555,0.055499,0.0555,1100,0
BCSAW.US,D,20240614,000000,0.06,0.0605,0.05,0.059,39957,0
BCSAW.US,D,20240617,000000,0.0588,0.064,0.05,0.05,41495,0
BCSAW.US,D,20240618,000000,0.0564,0.0599,0.0564,0.0599,1533,0
BCSAW.US,D,20240620,000000,0.065,0.065,0.055,0.065,44993,0
BCSAW.US,D,20240621,000000,0.06,0.0602,0.05995,0.06,20350,0
BCSAW.US,D,20240624,000000,0.06,0.07,0.0599,0.0626,17843,0
BCSAW.US,D,20240625,000000,0.0599,0.06,0.051,0.06,5061,0
BCSAW.US,D,20240626,000000,0.0624,0.0624,0.0453,0.06,6074,0
BCSAW.US,D,20240627,000000,0.0581,0.06,0.056813,0.056813,3002,0
BCSAW.US,D,20240628,000000,0.06,0.06,0.0515,0.0598,44235,0
BCSAW.US,D,20240701,000000,0.0576,0.0577,0.0544,0.055,4631,0
BCSAW.US,D,20240702,000000,0.0573,0.06,0.0423,0.059,10144,0
BCSAW.US,D,20240705,000000,0.064,0.0641,0.0568,0.0584,5209,0
BCSAW.US,D,20240708,000000,0.063,0.063,0.0499,0.0593,41648,0
BCSAW.US,D,20240709,000000,0.06,0.06,0.0458,0.06,11462,0
BCSAW.US,D,20240710,000000,0.045,0.0585,0.03807,0.04,63686,0
BCSAW.US,D,20240711,000000,0.049,0.0599,0.049,0.057,18578,0
BCSAW.US,D,20240715,000000,0.06,0.081,0.0509,0.0698,97348,0
BCSAW.US,D,20240716,000000,0.0698,0.0698,0.06,0.0689,20241,0
BCSAW.US,D,20240718,000000,0.065,0.0655,0.059,0.065,3600,0
BCSAW.US,D,20240719,000000,0.068,0.0699,0.06,0.06,14226,0
BCSAW.US,D,20240722,000000,0.059,0.0591,0.059,0.0591,418,0
BCSAW.US,D,20240723,000000,0.07,0.082,0.065,0.0787,43350,0
BCSAW.US,D,20240724,000000,0.085,0.0998,0.06,0.07,20773,0
BCSAW.US,D,20240725,000000,0.086,0.0861,0.07,0.07,914,0
BCSAW.US,D,20240726,000000,0.0601,0.0846,0.0601,0.0846,2800,0
BCSAW.US,D,20240729,000000,0.08,0.085,0.0701,0.0701,610,0
BCSAW.US,D,20240730,000000,0.0652,0.08,0.0651,0.08,21820,0
BCSAW.US,D,20240731,000000,0.08,0.08,0.076881,0.076881,800,0
BCSAW.US,D,20240801,000000,0.085,0.0881,0.0768,0.0768,28494,0
BCSAW.US,D,20240802,000000,0.0768,0.077,0.0768,0.077,1199,0
BCSAW.US,D,20240805,000000,0.08,0.08,0.08,0.08,1602,0
BCSAW.US,D,20240806,000000,0.1,0.1,0.0682,0.0911,17724,0
BCSAW.US,D,20240807,000000,0.08,0.08,0.0685,0.08,3217,0
BCSAW.US,D,20240808,000000,0.06,0.07975,0.0578,0.0786,24560,0
BCSAW.US,D,20240809,000000,0.07,0.0798,0.07,0.0798,386,0
BCSAW.US,D,20240812,000000,0.079,0.079,0.07,0.07,8608,0
BCSAW.US,D,20240813,000000,0.07,0.07,0.07,0.07,170,0
BCSAW.US,D,20240814,000000,0.076,0.076,0.075,0.075,2350,0
BCSAW.US,D,20240819,000000,0.0776,0.078,0.063,0.0702,18107,0
BCSAW.US,D,20240822,000000,0.0713,0.0713,0.07,0.0713,1729,0
BCSAW.US,D,20240823,000000,0.06,0.06,0.06,0.06,567,0
BCSAW.US,D,20240826,000000,0.0566,0.061,0.05,0.0605,4931,0
BCSAW.US,D,20240827,000000,0.07,0.08,0.0559,0.0559,44005,0
BCSAW.US,D,20240828,000000,0.06,0.06,0.06,0.06,6731,0
BCSAW.US,D,20240829,000000,0.0503,0.0527,0.0406,0.0527,7579,0
BCSAW.US,D,20240830,000000,0.0766,0.08,0.0746,0.0746,2900,0
BCSAW.US,D,20240904,000000,0.07,0.07,0.07,0.07,5340,0
BCSAW.US,D,20240905,000000,0.0617,0.0637,0.05055,0.06,16600,0
BCSAW.US,D,20240909,000000,0.055751,0.055751,0.055751,0.055751,250,0
BCSAW.US,D,20240910,000000,0.06,0.06,0.054,0.054,1324,0
BCSAW.US,D,20240911,000000,0.0599,0.0599,0.058,0.058,700,0
BCSAW.US,D,20240912,000000,0.055,0.06,0.05,0.06,183168,0
BCSAW.US,D,20240913,000000,0.06,0.06,0.0506,0.0599,3471,0
BCSAW.US,D,20240916,000000,0.0598,0.062,0.0598,0.062,5000,0
BCSAW.US,D,20240917,000000,0.05,0.0649,0.04,0.057,13410,0
BCSAW.US,D,20240920,000000,0.0494,0.057,0.0494,0.057,608,0
BCSAW.US,D,20240924,000000,0.05,0.05,0.034,0.034,111563,0
BCSAW.US,D,20240925,000000,0.05,0.05,0.035,0.046,5942,0
BCSAW.US,D,20240926,000000,0.0471,0.05,0.0412,0.05,9044,0
BCSAW.US,D,20240927,000000,0.049,0.049,0.0488,0.049,1460,0
BCSAW.US,D,20240930,000000,0.025,0.025,0.0148,0.0229,201338,0
BCSAW.US,D,20241001,000000,0.0187,0.0188,0.0101,0.0155,32838,0
BCSAW.US,D,20241002,000000,0.0119,0.0132,0.0103,0.0103,20092,0
BCSAW.US,D,20241003,000000,0.0103,0.0108,0.006,0.0094,113144,0
BCSAW.US,D,20241004,000000,0.009,0.0091,0.0028,0.003,45336,0
BCSAW.US,D,20241007,000000,0.0175,0.0175,0.0063,0.01,5193,0
BCSAW.US,D,20241008,000000,0.01,0.01,0.0042,0.006,139903,0
BCSAW.US,D,20241009,000000,0.0048,0.0048,0.0048,0.0048,1009,0
BCSAW.US,D,20241010,000000,0.006,0.006,0.0038,0.0038,1738,0
BCSAW.US,D,20241011,000000,0.008,0.008,0.0045,0.008,18774,0
BCSAW.US,D,20241014,000000,0.0087,0.0087,0.0085,0.0085,45000,0
BCSAW.US,D,20241015,000000,0.0086,0.0087,0.0051,0.0051,13900,0
BCSAW.US,D,20241016,000000,0.0081,0.0098,0.0081,0.0098,30267,0
BCSAW.US,D,20241018,000000,0.0096,0.0099,0.0096,0.0099,5125,0
BCSAW.US,D,20241021,000000,0.0099,0.013,0.0099,0.012,15000,0
BCSAW.US,D,20241023,000000,0.0077,0.0103,0.0041,0.0063,24137,0
BCSAW.US,D,20241025,000000,0.0095,0.0157,0.0063,0.0157,20620,0
BCSAW.US,D,20241028,000000,0.0157,0.0189,0.0106,0.0139,41656,0
BCSAW.US,D,20241029,000000,0.015,0.015,0.0111,0.0111,11710,0
