<TICKER>,<PER>,<DATE>,<TIME>,<OPEN>,<HIGH>,<LOW>,<CLOSE>,<VOL>,<OPENINT>
BCTX.US,D,20210224,000000,4.24,4.24,3.4,3.9,2545226,0
BCTX.US,D,20210225,000000,3.88,3.95,3.55,3.7,975940,0
BCTX.US,D,20210226,000000,3.65,3.715,3.32,3.4,2661227,0
BCTX.US,D,20210301,000000,3.85,3.92,3.61,3.85,2948023,0
BCTX.US,D,20210302,000000,3.58,3.8,3.33,3.52,1343016,0
BCTX.US,D,20210303,000000,3.65,3.85,3.38,3.54,929879,0
BCTX.US,D,20210304,000000,3.46,3.47,2.9,3.15,683427,0
BCTX.US,D,20210305,000000,3.3,3.3399,2.89,3.22,766173,0
BCTX.US,D,20210308,000000,3.23,3.37,3.08,3.15,464613,0
BCTX.US,D,20210309,000000,3.36,3.57,3.15,3.4099,730928,0
BCTX.US,D,20210310,000000,3.48,3.58,3.26,3.43,428788,0
BCTX.US,D,20210311,000000,3.51,3.84,3.35,3.71,927904,0
BCTX.US,D,20210312,000000,3.54,3.7899,3.52,3.74,482395,0
BCTX.US,D,20210315,000000,3.95,4.23,3.77,4.01,1535550,0
BCTX.US,D,20210316,000000,3.95,4.08,3.71,3.85,923680,0
BCTX.US,D,20210317,000000,3.85,4.17,3.72,4.01,737361,0
BCTX.US,D,20210318,000000,4,4.05,3.8,3.88,345299,0
BCTX.US,D,20210319,000000,3.84,3.95,3.6,3.93,452755,0
BCTX.US,D,20210322,000000,3.9,3.92,3.75,3.9136,198416,0
BCTX.US,D,20210323,000000,3.85,3.91,3.73,3.75,252906,0
BCTX.US,D,20210324,000000,3.68,3.73,3.3,3.4,356836,0
BCTX.US,D,20210325,000000,3.09,3.4,2.96,3.35,488521,0
BCTX.US,D,20210326,000000,3.47,3.75,3.3801,3.48,527806,0
BCTX.US,D,20210329,000000,3.45,3.66,3.36,3.55,245035,0
BCTX.US,D,20210330,000000,3.46,3.64,3.36,3.5679,198451,0
BCTX.US,D,20210331,000000,3.64,3.93,3.61,3.86,552787,0
BCTX.US,D,20210401,000000,3.81,3.85,3.65,3.8,296171,0
BCTX.US,D,20210405,000000,3.91,4.35,3.85,4.23,1981933,0
BCTX.US,D,20210406,000000,4.24,4.57,4.24,4.36,1823781,0
BCTX.US,D,20210407,000000,4.46,4.46,4.12,4.33,1016488,0
BCTX.US,D,20210408,000000,4.3724,4.6498,4.02,4.38,2821132,0
BCTX.US,D,20210409,000000,4.48,5.21,4.4,5.21,7042910,0
BCTX.US,D,20210412,000000,5.301,5.35,3.64,3.92,12954250,0
BCTX.US,D,20210413,000000,3.54,3.8,3.41,3.61,2023903,0
BCTX.US,D,20210414,000000,3.5,3.57,3.17,3.2,1680463,0
BCTX.US,D,20210415,000000,3.26,3.37,3.16,3.24,759933,0
BCTX.US,D,20210416,000000,3.24,3.3149,3.11,3.26,561361,0
BCTX.US,D,20210419,000000,3.27,3.29,3.02,3.12,438422,0
BCTX.US,D,20210420,000000,3.07,3.09,2.8149,2.89,562744,0
BCTX.US,D,20210421,000000,2.85,3.08,2.8401,3.03,540816,0
BCTX.US,D,20210422,000000,3.09,3.1,2.93,2.97,591590,0
BCTX.US,D,20210423,000000,3.01,3.31,2.95,3.28,608048,0
BCTX.US,D,20210426,000000,3.4,3.45,3.31,3.43,581035,0
BCTX.US,D,20210427,000000,3.5675,3.67,3.4,3.53,496276,0
BCTX.US,D,20210428,000000,3.5,3.6938,3.3,3.63,926209,0
BCTX.US,D,20210429,000000,3.69,3.69,3.4,3.465,337410,0
BCTX.US,D,20210430,000000,3.49,3.95,3.36,3.69,3979669,0
BCTX.US,D,20210503,000000,3.9,4,3.7,3.82,1461751,0
BCTX.US,D,20210504,000000,3.7,3.8,3.35,3.44,639512,0
BCTX.US,D,20210505,000000,3.52,3.582,3.31,3.39,293981,0
BCTX.US,D,20210506,000000,3.37,3.3899,3.11,3.15,454137,0
BCTX.US,D,20210507,000000,3.23,3.39,3.2,3.3,279375,0
BCTX.US,D,20210510,000000,3.31,3.3599,3.15,3.185,203818,0
BCTX.US,D,20210511,000000,3.13,3.3,3.03,3.23,279534,0
BCTX.US,D,20210512,000000,3.19,3.3099,3.16,3.21,198603,0
BCTX.US,D,20210513,000000,3.21,3.3386,3.0611,3.08,256363,0
BCTX.US,D,20210514,000000,3.1,3.22,3.1,3.16,272161,0
BCTX.US,D,20210517,000000,3.15,3.25,3.06,3.15,262492,0
BCTX.US,D,20210518,000000,3.1,3.1665,3.06,3.08,328709,0
BCTX.US,D,20210519,000000,2.94,3.03,2.82,2.97,391300,0
BCTX.US,D,20210520,000000,2.96,3.19,2.93,3.12,285834,0
BCTX.US,D,20210521,000000,3.14,3.2,3.03,3.08,320327,0
BCTX.US,D,20210524,000000,3.08,3.14,3,3.1,327389,0
BCTX.US,D,20210525,000000,3.13,3.18,3.01,3.15,324087,0
BCTX.US,D,20210526,000000,3.15,3.16,3.08,3.14,269144,0
BCTX.US,D,20210527,000000,3.16,3.22,3.0912,3.16,248599,0
BCTX.US,D,20210528,000000,3.28,3.34,3.16,3.27,179566,0
BCTX.US,D,20210601,000000,3.25,3.3225,3.14,3.18,258354,0
BCTX.US,D,20210602,000000,6.61,9,5.66,6.18,146762752,0
BCTX.US,D,20210603,000000,6.29,7.5,5.52,6.05,13223849,0
BCTX.US,D,20210604,000000,5.81,5.83,5,5.15,4086234,0
BCTX.US,D,20210607,000000,5.25,5.68,5.16,5.57,2797163,0
BCTX.US,D,20210608,000000,5.59,5.8,5,5.15,2195223,0
BCTX.US,D,20210609,000000,5.2561,6.39,5.11,5.84,7424189,0
BCTX.US,D,20210610,000000,5.93,6.13,5.54,5.79,2910505,0
BCTX.US,D,20210611,000000,5.94,5.98,5.47,5.72,1926694,0
BCTX.US,D,20210614,000000,5.79,5.79,5.35,5.53,1424294,0
BCTX.US,D,20210615,000000,5.48,6.22,5.4188,6.03,2141438,0
BCTX.US,D,20210616,000000,6.63,7.58,6.33,6.57,19776360,0
BCTX.US,D,20210617,000000,5.755,5.98,5.4,5.65,2506921,0
BCTX.US,D,20210618,000000,5.54,5.74,5.46,5.48,682803,0
BCTX.US,D,20210621,000000,5.48,5.69,5.01,5.06,1480790,0
BCTX.US,D,20210622,000000,5.12,5.3941,5.1,5.28,456436,0
BCTX.US,D,20210623,000000,5.4,5.6,5.22,5.52,742599,0
BCTX.US,D,20210624,000000,5.64,5.94,5.55,5.94,1069779,0
BCTX.US,D,20210625,000000,5.54,5.6,5.25,5.37,1934079,0
BCTX.US,D,20210628,000000,5.5,5.6,5.35,5.39,822997,0
BCTX.US,D,20210629,000000,5.48,5.57,5.2,5.24,1045183,0
BCTX.US,D,20210630,000000,5.3,5.7,5.16,5.33,1252027,0
BCTX.US,D,20210701,000000,5.35,5.38,4.89,4.95,1306817,0
BCTX.US,D,20210702,000000,4.9576,5.1,4.61,5,1510200,0
BCTX.US,D,20210706,000000,5.04,5.23,4.76,4.86,1319752,0
BCTX.US,D,20210707,000000,4.7,5.25,4.62,5.2,1400044,0
BCTX.US,D,20210708,000000,5.15,5.18,4.66,4.76,1308999,0
BCTX.US,D,20210709,000000,4.97,6.44,4.9,5.63,7583189,0
BCTX.US,D,20210712,000000,5.55,5.93,5.4,5.82,2461080,0
BCTX.US,D,20210713,000000,5.96,6.8,5.56,5.85,11271378,0
BCTX.US,D,20210714,000000,5.85,6.04,5,5.29,2037947,0
BCTX.US,D,20210715,000000,5.19,5.28,4.75,4.91,1317425,0
BCTX.US,D,20210716,000000,4.84,5.09,4.66,4.76,964642,0
BCTX.US,D,20210719,000000,4.71,4.89,4.36,4.51,983033,0
BCTX.US,D,20210720,000000,4.52,4.55,4.31,4.54,793296,0
BCTX.US,D,20210721,000000,4.46,4.7,4.4144,4.65,385296,0
BCTX.US,D,20210722,000000,4.56,4.68,4.3,4.4,739184,0
BCTX.US,D,20210723,000000,4.47,4.4744,4.25,4.45,533712,0
BCTX.US,D,20210726,000000,4.4,4.89,4.4,4.73,676331,0
BCTX.US,D,20210727,000000,4.64,4.7826,4.41,4.43,438634,0
BCTX.US,D,20210728,000000,4.502,5.08,4.37,4.93,1006791,0
BCTX.US,D,20210729,000000,4.89,5.58,4.8892,5.49,2676100,0
BCTX.US,D,20210730,000000,5.4,5.4,4.92,5.08,1335486,0
BCTX.US,D,20210802,000000,5.15,5.4388,5.045,5.23,957844,0
BCTX.US,D,20210803,000000,5.23,5.39,4.86,5.31,1960775,0
BCTX.US,D,20210804,000000,5.32,6.1536,4.93,5.02,14214211,0
BCTX.US,D,20210805,000000,4.96,5.2096,4.64,5.17,2047312,0
BCTX.US,D,20210806,000000,5.16,5.88,5,5.79,3041901,0
BCTX.US,D,20210809,000000,5.92,6.14,5.56,5.67,3134382,0
BCTX.US,D,20210810,000000,5.65,5.97,5.5,5.95,1417860,0
BCTX.US,D,20210811,000000,6,6.15,5.88,6.15,1515824,0
BCTX.US,D,20210812,000000,6.13,6.38,5.69,6.15,2262146,0
BCTX.US,D,20210813,000000,6.06,6.1303,5.94,6,927633,0
BCTX.US,D,20210816,000000,5.917,5.917,5.28,5.29,1584515,0
BCTX.US,D,20210817,000000,5.41,5.53,5.26,5.28,812322,0
BCTX.US,D,20210818,000000,5.42,5.85,5.21,5.7,1273299,0
BCTX.US,D,20210819,000000,6.09,6.37,5.09,5.16,4842012,0
BCTX.US,D,20210820,000000,5.2,5.3,5.13,5.21,563504,0
BCTX.US,D,20210823,000000,5.24,5.52,5.19,5.46,380040,0
BCTX.US,D,20210824,000000,5.51,5.655,5.4,5.58,356558,0
BCTX.US,D,20210825,000000,5.61,6.08,5.47,6.03,1018957,0
BCTX.US,D,20210826,000000,5.93,6.27,5.7744,6.09,1075632,0
BCTX.US,D,20210827,000000,6.1,6.49,6.0138,6.41,1567647,0
BCTX.US,D,20210830,000000,6.5,6.955,6.41,6.79,1350074,0
BCTX.US,D,20210831,000000,6.85,7.21,6.47,6.79,3498819,0
BCTX.US,D,20210901,000000,6.65,6.93,6.4124,6.72,3152097,0
BCTX.US,D,20210902,000000,6.62,6.89,6.49,6.88,999689,0
BCTX.US,D,20210903,000000,6.79,7.05,6.72,6.9,960739,0
BCTX.US,D,20210907,000000,6.83,6.83,6.41,6.71,899987,0
BCTX.US,D,20210908,000000,6.86,7.44,6.62,7.33,2079457,0
BCTX.US,D,20210909,000000,7.51,8.5,7.4,7.73,12815474,0
BCTX.US,D,20210910,000000,7.52,8.14,7.1,7.55,2989557,0
BCTX.US,D,20210913,000000,7.6,7.85,7.2414,7.71,1870288,0
BCTX.US,D,20210914,000000,7.71,7.71,7.25,7.3,1260918,0
BCTX.US,D,20210915,000000,7.37,7.4054,6.85,7.17,1657119,0
BCTX.US,D,20210916,000000,7.09,7.7,7.022,7.56,1535565,0
BCTX.US,D,20210917,000000,7.54,7.87,7.22,7.86,1507017,0
BCTX.US,D,20210920,000000,7.5,7.68,7.0301,7.17,1795141,0
BCTX.US,D,20210921,000000,7.26,7.62,7.09,7.51,2025474,0
BCTX.US,D,20210922,000000,7.71,8.28,7.38,8.03,5341648,0
BCTX.US,D,20210923,000000,8.1739,8.53,8,8.28,3203881,0
BCTX.US,D,20210924,000000,8.2,9.45,8.12,9.19,10049423,0
BCTX.US,D,20210927,000000,9.2,9.23,8.2001,8.89,2790505,0
BCTX.US,D,20210928,000000,8.5386,9.5,8.51,9.28,3434659,0
BCTX.US,D,20210929,000000,9.3,9.3,7.82,8,4943314,0
BCTX.US,D,20210930,000000,8.05,8.55,7.95,8.1,2352613,0
BCTX.US,D,20211001,000000,8.02,8.3,7.31,8.14,2785841,0
BCTX.US,D,20211004,000000,8.01,8.14,7.34,7.43,1353794,0
BCTX.US,D,20211005,000000,7.49,7.7599,7.36,7.47,1415095,0
BCTX.US,D,20211006,000000,7.2,7.43,6.91,7.15,1134275,0
BCTX.US,D,20211007,000000,7.25,7.59,7.2,7.32,860267,0
BCTX.US,D,20211008,000000,7.32,7.39,7.0401,7.24,773474,0
BCTX.US,D,20211011,000000,7.06,7.3977,7.05,7.1,661226,0
BCTX.US,D,20211012,000000,7.12,8.38,7.1114,8.23,2568316,0
BCTX.US,D,20211013,000000,8.1,8.49,7.8,7.85,2024649,0
BCTX.US,D,20211014,000000,7.95,8.15,7.63,7.77,1193856,0
BCTX.US,D,20211015,000000,7.85,8.2693,7.8,8.19,747938,0
BCTX.US,D,20211018,000000,8.1,8.11,7.75,7.85,531112,0
BCTX.US,D,20211019,000000,7.97,7.9999,7.74,7.85,505825,0
BCTX.US,D,20211020,000000,7.89,7.92,7.44,7.71,1085269,0
BCTX.US,D,20211021,000000,7.7,7.9442,7.56,7.63,667816,0
BCTX.US,D,20211022,000000,7.6,7.6325,7.24,7.39,799688,0
BCTX.US,D,20211025,000000,7.35,7.69,7.15,7.64,732289,0
BCTX.US,D,20211026,000000,7.77,8,7.6,7.87,1117738,0
BCTX.US,D,20211027,000000,7.8,7.91,7.5,7.79,574320,0
BCTX.US,D,20211028,000000,7.7,7.91,7.6,7.76,340113,0
BCTX.US,D,20211029,000000,7.7,8.21,7.68,7.95,949282,0
BCTX.US,D,20211101,000000,7.95,8.13,7.85,8.04,294086,0
BCTX.US,D,20211102,000000,8.2,8.9631,8.05,8.8,2654157,0
BCTX.US,D,20211103,000000,8.75,9.08,8.4,8.86,1449641,0
BCTX.US,D,20211104,000000,8.9,10.22,8.6866,9.85,3804674,0
BCTX.US,D,20211105,000000,9.7546,10.43,9.25,10.05,1839962,0
BCTX.US,D,20211108,000000,10.05,10.39,9.76,10.07,1291146,0
BCTX.US,D,20211109,000000,9.89,10.11,9.58,9.71,692973,0
BCTX.US,D,20211110,000000,9.57,9.98,9.331,9.46,1027441,0
BCTX.US,D,20211111,000000,9.46,10.27,9.46,10.09,1070349,0
BCTX.US,D,20211112,000000,10.2,10.5,9.95,10.05,1046414,0
BCTX.US,D,20211115,000000,9.98,10.17,9.5,9.53,648574,0
BCTX.US,D,20211116,000000,9.45,9.98,9.4,9.75,800379,0
BCTX.US,D,20211117,000000,9.65,10.48,9.5,10.1,1852962,0
BCTX.US,D,20211118,000000,10.06,10.2499,9.85,10.1,853448,0
BCTX.US,D,20211119,000000,10.25,10.7,10.05,10.61,1650065,0
BCTX.US,D,20211122,000000,10.61,10.72,10,10.11,1249576,0
BCTX.US,D,20211123,000000,9.9,10.3299,9.76,10.19,818818,0
BCTX.US,D,20211124,000000,10.17,10.35,9.82,10.21,765396,0
BCTX.US,D,20211126,000000,9.9507,10.2898,9.55,10.2,940369,0
BCTX.US,D,20211129,000000,10.275,10.56,9.96,10.16,1014717,0
BCTX.US,D,20211130,000000,10.19,10.32,8.95,9.84,2213551,0
BCTX.US,D,20211201,000000,9.9388,12.47,9.72,9.98,18665515,0
BCTX.US,D,20211202,000000,9.73,10.47,9.25,10.06,1681857,0
BCTX.US,D,20211203,000000,10.06,10.0777,9,9.18,2154949,0
BCTX.US,D,20211206,000000,9.1444,9.83,8.09,9.53,2163513,0
BCTX.US,D,20211207,000000,9.51,10.0422,9.32,9.42,923339,0
BCTX.US,D,20211208,000000,9.61,9.97,9.21,9.36,1166890,0
BCTX.US,D,20211209,000000,9.4,10.1299,8.68,8.87,3346768,0
BCTX.US,D,20211210,000000,8.28,8.5599,7.8,7.9,2748576,0
BCTX.US,D,20211213,000000,7.7156,8.01,7.06,7.3,2414218,0
BCTX.US,D,20211214,000000,7.3,7.646,7.17,7.5,764174,0
BCTX.US,D,20211215,000000,7.4,8.06,7.2,7.99,994710,0
BCTX.US,D,20211216,000000,8.74,9.04,8.1,8.3,7486802,0
BCTX.US,D,20211217,000000,8.24,8.7005,8.11,8.56,964531,0
BCTX.US,D,20211220,000000,8.39,8.45,8.0274,8.19,482196,0
BCTX.US,D,20211221,000000,8.14,9.1,8.14,8.99,958980,0
BCTX.US,D,20211222,000000,8.84,9.19,8.7,9,664320,0
BCTX.US,D,20211223,000000,8.86,9.43,8.86,9.3,665205,0
BCTX.US,D,20211227,000000,9.59,9.59,8.8,8.83,487455,0
BCTX.US,D,20211228,000000,8.78,9.09,8.39,8.5,719293,0
BCTX.US,D,20211229,000000,8.41,8.68,8.15,8.55,335437,0
BCTX.US,D,20211230,000000,8.43,8.68,8.32,8.35,285696,0
BCTX.US,D,20211231,000000,8.42,8.52,8.21,8.28,185783,0
BCTX.US,D,20220103,000000,8.43,8.89,8.12,8.71,520197,0
BCTX.US,D,20220104,000000,8.75,8.85,8.46,8.67,510384,0
BCTX.US,D,20220105,000000,8.65,8.86,8.39,8.57,985692,0
BCTX.US,D,20220106,000000,8.37,8.53,7.85,8.23,625239,0
BCTX.US,D,20220107,000000,8.11,8.59,7.96,8.47,662074,0
BCTX.US,D,20220110,000000,8.2,8.2999,7.88,8.18,563670,0
BCTX.US,D,20220111,000000,8.2,8.3259,7.975,8.28,449516,0
BCTX.US,D,20220112,000000,8.3,8.33,8,8.09,370610,0
BCTX.US,D,20220113,000000,8.0812,8.25,7.8138,8.12,736484,0
BCTX.US,D,20220114,000000,8,8.45,7.95,8.45,659012,0
BCTX.US,D,20220118,000000,8.22,8.72,8.085,8.26,781565,0
BCTX.US,D,20220119,000000,8.25,8.45,7.96,8.03,673605,0
BCTX.US,D,20220120,000000,8.06,8.4,8.0101,8.08,476707,0
BCTX.US,D,20220121,000000,8,8.0499,7.07,7.16,1609471,0
BCTX.US,D,20220124,000000,6.29,6.6499,5.41,6.5,3423241,0
BCTX.US,D,20220125,000000,6.28,6.48,6,6.26,959483,0
BCTX.US,D,20220126,000000,6.34,6.77,5.95,6.07,1406147,0
BCTX.US,D,20220127,000000,6.18,6.32,5.94,6.12,612400,0
BCTX.US,D,20220128,000000,6.08,6.19,5.64,5.91,1481561,0
BCTX.US,D,20220131,000000,5.89,6.46,5.8507,6.32,381030,0
BCTX.US,D,20220201,000000,6.38,6.88,6.2,6.62,413262,0
BCTX.US,D,20220202,000000,6.64,6.882,6.23,6.48,739256,0
BCTX.US,D,20220203,000000,6.23,6.88,6.23,6.36,318513,0
BCTX.US,D,20220204,000000,6.4,6.76,6.34,6.64,176982,0
BCTX.US,D,20220207,000000,6.61,7.355,6.5501,7.17,553674,0
BCTX.US,D,20220208,000000,7.12,7.45,7.02,7.45,600818,0
BCTX.US,D,20220209,000000,7.6,7.98,7.47,7.95,404809,0
BCTX.US,D,20220210,000000,7.9,8.18,7.7123,7.84,890504,0
BCTX.US,D,20220211,000000,7.76,8.11,7.36,7.56,436036,0
BCTX.US,D,20220214,000000,7.9,8.15,7.37,7.49,459123,0
BCTX.US,D,20220215,000000,7.71,7.7899,7.51,7.66,264285,0
BCTX.US,D,20220216,000000,7.75,7.95,7.48,7.9,361295,0
BCTX.US,D,20220217,000000,7.77,8.13,7.77,8.12,377016,0
BCTX.US,D,20220218,000000,8.12,8.16,7.71,7.94,308816,0
BCTX.US,D,20220222,000000,7.7,7.855,7,7.02,500419,0
BCTX.US,D,20220223,000000,7.15,7.57,7.14,7.22,316527,0
BCTX.US,D,20220224,000000,6.9,7.71,6.71,7.66,549690,0
BCTX.US,D,20220225,000000,7.68,7.75,7.38,7.7,447391,0
BCTX.US,D,20220228,000000,7.58,7.9,7.4083,7.63,219146,0
BCTX.US,D,20220301,000000,7.68,7.78,7.35,7.51,105527,0
BCTX.US,D,20220302,000000,7.48,7.96,7.4069,7.74,334357,0
BCTX.US,D,20220303,000000,7.75,7.84,7.41,7.45,101998,0
BCTX.US,D,20220304,000000,7.57,7.57,7,7.19,433046,0
BCTX.US,D,20220307,000000,7.12,7.2724,6.96,7.04,230568,0
BCTX.US,D,20220308,000000,7.1,7.39,6.68,7.26,479011,0
BCTX.US,D,20220309,000000,7.22,8.07,7.22,7.6,741945,0
BCTX.US,D,20220310,000000,7.5,8.2332,7.41,8.11,704711,0
BCTX.US,D,20220311,000000,8.5,8.59,8.15,8.44,667885,0
BCTX.US,D,20220314,000000,8.43,8.43,7.76,8.09,371058,0
BCTX.US,D,20220315,000000,8.17,8.17,7.79,8.05,259893,0
BCTX.US,D,20220316,000000,7.94,8.46,7.94,8.44,265016,0
BCTX.US,D,20220317,000000,8.38,8.79,8.228,8.65,274741,0
BCTX.US,D,20220318,000000,8.51,9.17,8.51,8.97,482975,0
BCTX.US,D,20220321,000000,8.88,8.9073,8.49,8.59,327990,0
BCTX.US,D,20220322,000000,8.5,9.04,8.5,8.97,396204,0
BCTX.US,D,20220323,000000,8.99,9.22,8.7,9.1,553326,0
BCTX.US,D,20220324,000000,9,9.55,9,9.37,397994,0
BCTX.US,D,20220325,000000,9.55,9.75,9.235,9.62,356167,0
BCTX.US,D,20220328,000000,9.43,10.1691,9.4,10.06,682087,0
BCTX.US,D,20220329,000000,10.02,10.2,9.56,9.9,522395,0
BCTX.US,D,20220330,000000,9.9,10.11,9.76,9.9,333566,0
BCTX.US,D,20220331,000000,9.77,10.28,9.685,10.14,404660,0
BCTX.US,D,20220401,000000,10.14,10.45,9.8,10.35,561535,0
BCTX.US,D,20220404,000000,10.18,10.76,10.18,10.48,622225,0
BCTX.US,D,20220405,000000,10.5,10.8,10.33,10.51,357228,0
BCTX.US,D,20220406,000000,10.47,10.79,10.12,10.72,363111,0
BCTX.US,D,20220407,000000,11,11.36,10.6605,11.12,2587470,0
BCTX.US,D,20220408,000000,11.14,12.09,10.8229,11.9,1814074,0
BCTX.US,D,20220411,000000,11.8,11.8999,11.3,11.68,767504,0
BCTX.US,D,20220412,000000,11.55,11.8,8.9,9.91,4349697,0
BCTX.US,D,20220413,000000,11,11.25,8.48,9.03,17446204,0
BCTX.US,D,20220414,000000,8.41,8.88,8.06,8.61,1570786,0
BCTX.US,D,20220418,000000,8.71,8.77,7.39,7.65,1584410,0
BCTX.US,D,20220419,000000,7.85,8.34,7.7172,7.86,449890,0
BCTX.US,D,20220420,000000,7.82,8.01,7.5886,7.91,239280,0
BCTX.US,D,20220421,000000,7.85,8.01,7.275,7.28,705269,0
BCTX.US,D,20220422,000000,7.2,7.5,7.18,7.45,389747,0
BCTX.US,D,20220425,000000,7.28,7.75,6.97,7.09,578577,0
BCTX.US,D,20220426,000000,7.04,7.2,6.56,6.56,570125,0
BCTX.US,D,20220427,000000,6.7,6.84,6.35,6.42,477354,0
BCTX.US,D,20220428,000000,6.43,6.75,6.28,6.69,361972,0
BCTX.US,D,20220429,000000,6.72,7.33,6.69,6.96,360486,0
BCTX.US,D,20220502,000000,6.89,7.0727,6.68,6.96,282850,0
BCTX.US,D,20220503,000000,6.96,7.04,6.5387,6.63,206216,0
BCTX.US,D,20220504,000000,6.58,6.815,6.37,6.75,220151,0
BCTX.US,D,20220505,000000,6.65,6.66,6.21,6.32,319822,0
BCTX.US,D,20220506,000000,6.24,6.32,5.91,5.94,413844,0
BCTX.US,D,20220509,000000,5.69,5.88,5.12,5.16,547111,0
BCTX.US,D,20220510,000000,5.25,5.5699,4.93,5.16,443436,0
BCTX.US,D,20220511,000000,4.96,5.31,4.35,4.51,891146,0
BCTX.US,D,20220512,000000,4.37,4.9,4.06,4.28,524134,0
BCTX.US,D,20220513,000000,4.34,5.17,4.34,4.94,531394,0
BCTX.US,D,20220516,000000,4.95,5.21,4.445,4.47,284043,0
BCTX.US,D,20220517,000000,4.61,5.3095,4.61,5.07,446964,0
BCTX.US,D,20220518,000000,4.91,5.09,4.55,4.71,233326,0
BCTX.US,D,20220519,000000,4.7,5.0396,4.5097,4.87,382775,0
BCTX.US,D,20220520,000000,5.01,5.09,4.735,5,418438,0
BCTX.US,D,20220523,000000,5,5.06,4.72,4.78,218938,0
BCTX.US,D,20220524,000000,4.73,4.9,4.5,4.56,591365,0
BCTX.US,D,20220525,000000,4.55,5,4.53,4.84,229579,0
BCTX.US,D,20220526,000000,4.87,5.18,4.78,5.01,231813,0
BCTX.US,D,20220527,000000,5.1,5.12,4.8,4.88,256991,0
BCTX.US,D,20220531,000000,4.88,5.13,4.8,5.01,114905,0
BCTX.US,D,20220601,000000,5.09,5.16,4.7541,5.01,219195,0
BCTX.US,D,20220602,000000,5,5.39,4.86,5.1,338685,0
BCTX.US,D,20220603,000000,5.05,5.45,5.05,5.44,161782,0
BCTX.US,D,20220606,000000,5.45,5.87,5.17,5.84,290518,0
BCTX.US,D,20220607,000000,5.79,6.21,5.65,6.11,243673,0
BCTX.US,D,20220608,000000,6.15,6.22,5.69,5.99,249835,0
BCTX.US,D,20220609,000000,5.94,6.11,5.635,5.73,239572,0
BCTX.US,D,20220610,000000,5.81,6.29,5.61,6.18,379283,0
BCTX.US,D,20220613,000000,5.89,6.139,5.7,5.93,376471,0
BCTX.US,D,20220614,000000,5.91,6.13,5.73,5.86,387353,0
BCTX.US,D,20220615,000000,5.94,6.8,5.94,6.47,2092917,0
BCTX.US,D,20220616,000000,6.21,6.31,5.45,5.63,718302,0
BCTX.US,D,20220617,000000,5.72,5.93,5.4653,5.59,694313,0
BCTX.US,D,20220621,000000,5.68,5.88,5.5,5.52,170243,0
BCTX.US,D,20220622,000000,5.43,5.78,5.38,5.58,155196,0
BCTX.US,D,20220623,000000,5.58,5.92,5.46,5.61,511049,0
BCTX.US,D,20220624,000000,5.67,6.38,5.67,6.23,1158650,0
BCTX.US,D,20220627,000000,6.26,6.54,5.97,6.48,338274,0
BCTX.US,D,20220628,000000,6.45,6.45,6.17,6.25,165511,0
BCTX.US,D,20220629,000000,6.29,6.49,6.01,6.08,660509,0
BCTX.US,D,20220630,000000,5.91,6.17,5.6,5.77,447116,0
BCTX.US,D,20220701,000000,5.75,6.14,5.7329,6.08,208755,0
BCTX.US,D,20220705,000000,6.07,6.48,6.01,6.21,426029,0
BCTX.US,D,20220706,000000,6.19,6.2305,5.8,5.95,350258,0
BCTX.US,D,20220707,000000,5.94,6.13,5.92,6.01,142561,0
BCTX.US,D,20220708,000000,6.04,6.2283,6,6.03,118351,0
BCTX.US,D,20220711,000000,5.9,6.12,5.9,5.94,207964,0
BCTX.US,D,20220712,000000,6,6.05,5.78,5.81,189211,0
BCTX.US,D,20220713,000000,5.75,6.11,5.75,5.97,198966,0
BCTX.US,D,20220714,000000,5.9,6.1796,5.78,5.95,379944,0
BCTX.US,D,20220715,000000,6.04,6.1,5.86,6.08,84226,0
BCTX.US,D,20220718,000000,6.05,6.27,5.98,6.01,242805,0
BCTX.US,D,20220719,000000,6.15,6.54,5.98,6.22,376503,0
BCTX.US,D,20220720,000000,6.26,6.67,6.26,6.4,390802,0
BCTX.US,D,20220721,000000,6.45,6.54,6.33,6.49,132241,0
BCTX.US,D,20220722,000000,6.49,6.5,6.28,6.45,128230,0
BCTX.US,D,20220725,000000,6.5,6.5,6.34,6.43,97106,0
BCTX.US,D,20220726,000000,6.4,6.4,6.3,6.3,59770,0
BCTX.US,D,20220727,000000,6.35,6.6,6.3023,6.48,237583,0
BCTX.US,D,20220728,000000,6.56,6.57,6.2001,6.45,262877,0
BCTX.US,D,20220729,000000,6.45,6.63,6.37,6.5,194988,0
BCTX.US,D,20220801,000000,6.5,6.72,6.32,6.41,347111,0
BCTX.US,D,20220802,000000,6.38,6.57,6.31,6.56,224107,0
BCTX.US,D,20220803,000000,6.56,6.7873,6.3794,6.58,742626,0
BCTX.US,D,20220804,000000,6.82,7,6.56,6.7,957357,0
BCTX.US,D,20220805,000000,6.72,6.8,6.44,6.62,361349,0
BCTX.US,D,20220808,000000,6.63,6.69,6.4203,6.61,390884,0
BCTX.US,D,20220809,000000,6.54,6.55,6.27,6.46,270630,0
BCTX.US,D,20220810,000000,6.5,6.6,6.3659,6.53,288209,0
BCTX.US,D,20220811,000000,6.55,6.6,6.28,6.4,212010,0
BCTX.US,D,20220812,000000,6.4,6.7,6.24,6.53,243899,0
BCTX.US,D,20220815,000000,6.46,6.915,6.42,6.89,246762,0
BCTX.US,D,20220816,000000,6.98,6.99,6.62,6.8,216758,0
BCTX.US,D,20220817,000000,6.67,6.939,6.58,6.79,179849,0
BCTX.US,D,20220818,000000,6.74,7.16,6.74,7.04,590049,0
BCTX.US,D,20220819,000000,6.88,7.115,6.8201,7.07,311177,0
BCTX.US,D,20220822,000000,7.05,7.09,6.82,6.86,212189,0
BCTX.US,D,20220823,000000,6.79,7.15,6.71,7.02,573604,0
BCTX.US,D,20220824,000000,7,7.14,6.91,6.99,375297,0
BCTX.US,D,20220825,000000,7.01,7.22,6.89,7.09,352292,0
BCTX.US,D,20220826,000000,7.13,7.22,6.93,7.02,367220,0
BCTX.US,D,20220829,000000,6.9881,7.03,6.85,6.96,195726,0
BCTX.US,D,20220830,000000,7,7.13,6.83,7.06,413285,0
BCTX.US,D,20220831,000000,7.08,7.85,7.06,7.77,601137,0
BCTX.US,D,20220901,000000,7.72,8.2658,7.56,8.09,565171,0
BCTX.US,D,20220902,000000,8.18,8.22,7.78,8.1,298990,0
BCTX.US,D,20220906,000000,8.06,8.2,7.8496,8.05,372788,0
BCTX.US,D,20220907,000000,8.05,8.33,8,8.1,476522,0
BCTX.US,D,20220908,000000,8.12,8.35,8.01,8.31,429109,0
BCTX.US,D,20220909,000000,8.35,8.37,8.05,8.07,374983,0
BCTX.US,D,20220912,000000,8.09,8.23,7.9372,8.05,450545,0
BCTX.US,D,20220913,000000,8.05,8.29,7.97,8.06,416652,0
BCTX.US,D,20220914,000000,8.04,8.27,7.95,8.1,258316,0
BCTX.US,D,20220915,000000,8.06,8.19,8.01,8.07,174498,0
BCTX.US,D,20220916,000000,8,8.1367,7.87,8.01,794736,0
BCTX.US,D,20220919,000000,7.98,8.09,5.8,6.17,3538092,0
BCTX.US,D,20220920,000000,6.26,6.57,6.0501,6.2,618500,0
BCTX.US,D,20220921,000000,6.13,6.28,5.93,6.01,594152,0
BCTX.US,D,20220922,000000,6.1,6.15,5.9,6.05,591880,0
BCTX.US,D,20220923,000000,6.03,6.05,5.83,5.86,454734,0
BCTX.US,D,20220926,000000,5.82,5.91,5.62,5.62,347695,0
BCTX.US,D,20220927,000000,5.67,5.975,5.64,5.71,250891,0
BCTX.US,D,20220928,000000,5.85,6,5.741,5.94,288987,0
BCTX.US,D,20220929,000000,5.95,5.95,5.3601,5.37,270128,0
BCTX.US,D,20220930,000000,5.31,5.84,5.31,5.62,372996,0
BCTX.US,D,20221003,000000,5.66,5.9,5.55,5.8,151860,0
BCTX.US,D,20221004,000000,5.8,6.01,5.75,5.92,264044,0
BCTX.US,D,20221005,000000,6.04,6.23,5.83,6.12,381409,0
BCTX.US,D,20221006,000000,6.07,6.1999,5.9401,5.96,232406,0
BCTX.US,D,20221007,000000,5.92,6.09,5.91,5.95,150992,0
BCTX.US,D,20221010,000000,5.98,5.99,5.63,5.83,171333,0
BCTX.US,D,20221011,000000,5.88,6.0571,5.72,5.96,167910,0
BCTX.US,D,20221012,000000,5.95,6.37,5.9113,6.3,215828,0
BCTX.US,D,20221013,000000,6.07,6.65,5.92,6.61,387682,0
BCTX.US,D,20221014,000000,6.59,6.76,6.5201,6.61,137096,0
BCTX.US,D,20221017,000000,6.72,6.79,6.56,6.73,185729,0
BCTX.US,D,20221018,000000,6.7,6.78,6.1001,6.2,326479,0
BCTX.US,D,20221019,000000,6.15,6.29,5.73,5.85,256391,0
BCTX.US,D,20221020,000000,5.93,6.31,5.915,6.23,249624,0
BCTX.US,D,20221021,000000,6.3,6.3696,6.01,6.21,421824,0
BCTX.US,D,20221024,000000,6.18,6.21,5.42,5.84,773236,0
BCTX.US,D,20221025,000000,5.88,6.09,5.1601,5.35,776698,0
BCTX.US,D,20221026,000000,5.42,5.7,5.38,5.5,165925,0
BCTX.US,D,20221027,000000,5.48,5.57,5.04,5.25,435631,0
BCTX.US,D,20221028,000000,5.25,5.51,5.06,5.43,309577,0
BCTX.US,D,20221031,000000,5.42,5.57,5.35,5.5,143947,0
BCTX.US,D,20221101,000000,5.69,5.74,5.295,5.33,254510,0
BCTX.US,D,20221102,000000,5.27,5.63,5.27,5.35,171135,0
BCTX.US,D,20221103,000000,5.3,5.8,5.2901,5.64,131970,0
BCTX.US,D,20221104,000000,5.73,5.7635,5.5666,5.74,115187,0
BCTX.US,D,20221107,000000,5.73,6.28,5.6685,6.15,372243,0
BCTX.US,D,20221108,000000,6.11,6.24,6,6.1,286728,0
BCTX.US,D,20221109,000000,6.03,6.048,5.5101,5.57,279230,0
BCTX.US,D,20221110,000000,5.9,6.06,5.4108,5.87,904498,0
BCTX.US,D,20221111,000000,5.95,6.04,5.67,5.75,145977,0
BCTX.US,D,20221114,000000,5.84,5.84,5.56,5.58,92630,0
BCTX.US,D,20221115,000000,5.57,5.77,5.41,5.49,192938,0
BCTX.US,D,20221116,000000,5.56,5.78,5.35,5.67,237090,0
BCTX.US,D,20221117,000000,5.67,5.89,5.55,5.69,146314,0
BCTX.US,D,20221118,000000,5.7,5.7845,5.5,5.64,120189,0
BCTX.US,D,20221121,000000,5.56,5.7499,5.51,5.67,68294,0
BCTX.US,D,20221122,000000,5.61,5.65,5.42,5.55,85120,0
BCTX.US,D,20221123,000000,5.51,5.775,5.45,5.68,105256,0
BCTX.US,D,20221125,000000,5.76,5.81,5.6001,5.81,33512,0
BCTX.US,D,20221128,000000,5.66,5.8,5.4999,5.66,87977,0
BCTX.US,D,20221129,000000,5.7,5.8499,5.47,5.62,179289,0
BCTX.US,D,20221130,000000,5.56,5.65,5.18,5.37,442780,0
BCTX.US,D,20221201,000000,5.38,5.66,5.25,5.59,354042,0
BCTX.US,D,20221202,000000,5.53,5.7,5.31,5.53,92514,0
BCTX.US,D,20221205,000000,5.43,5.88,5.43,5.81,133134,0
BCTX.US,D,20221206,000000,5.7631,6,5.6461,5.9,169627,0
BCTX.US,D,20221207,000000,5.79,5.8684,5.56,5.64,97026,0
BCTX.US,D,20221208,000000,5.71,5.9442,5.4,5.77,422468,0
BCTX.US,D,20221209,000000,5.75,5.7899,5.57,5.7,218157,0
BCTX.US,D,20221212,000000,5.62,5.93,5.5117,5.85,166274,0
BCTX.US,D,20221213,000000,5.79,5.93,5.685,5.89,163444,0
BCTX.US,D,20221214,000000,5.9,5.9,5.6901,5.81,186198,0
BCTX.US,D,20221215,000000,5.81,5.81,5.565,5.62,169360,0
BCTX.US,D,20221216,000000,5.62,5.8,5.62,5.75,179831,0
BCTX.US,D,20221219,000000,5.69,5.7,5.204,5.44,232872,0
BCTX.US,D,20221220,000000,5.32,5.6,5.2,5.27,112184,0
BCTX.US,D,20221221,000000,5.4,5.43,5.1,5.1,152526,0
BCTX.US,D,20221222,000000,5.1,5.15,4.27,4.75,520550,0
BCTX.US,D,20221223,000000,4.61,4.97,4.52,4.6,125861,0
BCTX.US,D,20221227,000000,4.53,4.62,4.27,4.28,148119,0
BCTX.US,D,20221228,000000,4.23,4.68,4.23,4.545,149120,0
BCTX.US,D,20221229,000000,4.64,4.78,4.41,4.5,140374,0
BCTX.US,D,20221230,000000,4.57,4.57,4.25,4.37,171903,0
BCTX.US,D,20230103,000000,4.47,4.62,4.35,4.59,143840,0
BCTX.US,D,20230104,000000,4.65,5.27,4.6267,5.23,280948,0
BCTX.US,D,20230105,000000,5.28,5.66,5.17,5.32,524444,0
BCTX.US,D,20230106,000000,5.43,5.5,5.3,5.37,159744,0
BCTX.US,D,20230109,000000,5.5,5.62,5.35,5.51,87616,0
BCTX.US,D,20230110,000000,5.53,6.19,5.51,6.04,357485,0
BCTX.US,D,20230111,000000,5.92,6.76,5.76,6.5,456102,0
BCTX.US,D,20230112,000000,6.57,6.93,6.42,6.57,289719,0
BCTX.US,D,20230113,000000,6.43,6.7,6.43,6.65,169023,0
BCTX.US,D,20230117,000000,6.96,7.1149,6.75,6.94,287110,0
BCTX.US,D,20230118,000000,6.91,7.14,6.31,6.45,376446,0
BCTX.US,D,20230119,000000,6.28,7.19,6.1815,7.05,541975,0
BCTX.US,D,20230120,000000,7.05,7.22,6.87,7.04,231372,0
BCTX.US,D,20230123,000000,7,7.49,7,7.44,660633,0
BCTX.US,D,20230124,000000,7.5,7.65,7.26,7.415,305118,0
BCTX.US,D,20230125,000000,7.45,7.5,7.165,7.18,147643,0
BCTX.US,D,20230126,000000,7.35,7.73,7.2205,7.53,187065,0
BCTX.US,D,20230127,000000,7.53,7.82,7.51,7.55,191380,0
BCTX.US,D,20230130,000000,7.58,7.67,7.27,7.37,128875,0
BCTX.US,D,20230131,000000,7.45,7.8,7.26,7.48,169394,0
BCTX.US,D,20230201,000000,7.37,7.54,7.33,7.47,98279,0
BCTX.US,D,20230202,000000,7.52,7.5818,6.745,6.83,310813,0
BCTX.US,D,20230203,000000,6.83,7.3,6.83,7.07,135582,0
BCTX.US,D,20230206,000000,7.07,7.26,6.88,7.23,124441,0
BCTX.US,D,20230207,000000,7.3,7.35,6.92,6.96,82883,0
BCTX.US,D,20230208,000000,7.14,7.2699,6.85,7,131637,0
BCTX.US,D,20230209,000000,7.11,7.2,7,7.18,153857,0
BCTX.US,D,20230210,000000,7.23,7.28,6.81,6.83,133273,0
BCTX.US,D,20230213,000000,6.83,6.91,6.62,6.8,147504,0
BCTX.US,D,20230214,000000,6.67,7.69,6.67,7.63,457432,0
BCTX.US,D,20230215,000000,7.75,8.08,7.52,7.99,479539,0
BCTX.US,D,20230216,000000,8,8.1,7.48,7.57,493974,0
BCTX.US,D,20230217,000000,7.52,7.685,7.27,7.37,347162,0
BCTX.US,D,20230221,000000,7.26,7.7399,6.81,6.86,237232,0
BCTX.US,D,20230222,000000,6.8,7.4,6.75,7.36,209720,0
BCTX.US,D,20230223,000000,7.32,7.38,6.95,7.21,215504,0
BCTX.US,D,20230224,000000,7.07,7.33,6.9,7.16,222322,0
BCTX.US,D,20230227,000000,7.14,7.26,6.81,6.95,110939,0
BCTX.US,D,20230228,000000,6.83,7.12,6.75,7.08,118483,0
BCTX.US,D,20230301,000000,7.17,7.49,7,7.17,189401,0
BCTX.US,D,20230302,000000,7.04,7.3,6.94,7.15,80227,0
BCTX.US,D,20230303,000000,7.18,7.5,7.14,7.44,219809,0
BCTX.US,D,20230306,000000,7.5,7.6,7.25,7.33,69476,0
BCTX.US,D,20230307,000000,7.36,7.45,7.15,7.19,93527,0
BCTX.US,D,20230308,000000,7.19,7.3382,6.94,6.9773,82049,0
BCTX.US,D,20230309,000000,6.95,6.98,6.17,6.27,444059,0
BCTX.US,D,20230310,000000,6.63,6.7399,6.11,6.12,152096,0
BCTX.US,D,20230313,000000,6.07,6.97,6.06,6.78,374020,0
BCTX.US,D,20230314,000000,6.79,7.11,6.76,7,111800,0
BCTX.US,D,20230315,000000,6.92,7.045,6.69,7,84133,0
BCTX.US,D,20230316,000000,7.23,7.23,6.9262,7.17,93532,0
BCTX.US,D,20230317,000000,7.17,7.17,6.85,7.02,51251,0
BCTX.US,D,20230320,000000,7,7.09,6.81,6.99,25519,0
BCTX.US,D,20230321,000000,7.07,7.13,6.78,6.78,32786,0
BCTX.US,D,20230322,000000,6.76,6.97,6.63,6.75,68275,0
BCTX.US,D,20230323,000000,6.82,7.01,6.6,6.84,63252,0
BCTX.US,D,20230324,000000,6.8,6.98,6.7001,6.94,85956,0
BCTX.US,D,20230327,000000,6.91,7.24,6.8003,7.17,151782,0
BCTX.US,D,20230328,000000,7.06,7.18,6.85,6.92,39514,0
BCTX.US,D,20230329,000000,6.92,7.3,6.86,7.12,79514,0
BCTX.US,D,20230330,000000,7.35,7.44,6.8,7.17,117872,0
BCTX.US,D,20230331,000000,7.3,7.49,7.1468,7.45,158999,0
BCTX.US,D,20230403,000000,7.42,7.75,7.2,7.21,92811,0
BCTX.US,D,20230404,000000,7.31,7.31,6.92,7.06,44399,0
BCTX.US,D,20230405,000000,7.02,7.21,6.9,7.17,47356,0
BCTX.US,D,20230406,000000,7.03,7.2,6.99,7.05,46034,0
BCTX.US,D,20230410,000000,7.31,7.35,6.9,7.3,93623,0
BCTX.US,D,20230411,000000,7.4,7.4,6.97,7.05,133952,0
BCTX.US,D,20230412,000000,7.13,7.39,6.96,7.14,58737,0
BCTX.US,D,20230413,000000,7.33,7.38,7.05,7.09,128719,0
BCTX.US,D,20230414,000000,7.2,7.33,7.1,7.2,349729,0
BCTX.US,D,20230417,000000,7.4,7.66,7.15,7.58,381492,0
BCTX.US,D,20230418,000000,7.65,7.67,7.07,7.24,167613,0
BCTX.US,D,20230419,000000,7.33,7.33,6.97,7.2,112951,0
BCTX.US,D,20230420,000000,7.2,7.33,7.12,7.25,56709,0
BCTX.US,D,20230421,000000,7.2,7.4,7.1271,7.35,109234,0
BCTX.US,D,20230424,000000,7.31,7.33,7.1,7.14,92714,0
BCTX.US,D,20230425,000000,7.12,7.25,6.88,6.91,206732,0
BCTX.US,D,20230426,000000,6.89,7.32,6.89,6.99,137553,0
BCTX.US,D,20230427,000000,6.98,7.17,6.8,7.11,100123,0
BCTX.US,D,20230428,000000,7.02,7.5,7.01,7.44,110736,0
BCTX.US,D,20230501,000000,7.44,7.58,7.08,7.1,129348,0
BCTX.US,D,20230502,000000,7.1232,7.17,6.9,6.94,78778,0
BCTX.US,D,20230503,000000,6.95,7.1362,6.9,7.06,40264,0
BCTX.US,D,20230504,000000,6.96,7.11,6.9355,7,48762,0
BCTX.US,D,20230505,000000,7,7.07,6.85,7,270341,0
BCTX.US,D,20230508,000000,7.05,7.3,6.98,7.22,208610,0
BCTX.US,D,20230509,000000,7.35,7.36,7.115,7.29,189436,0
BCTX.US,D,20230510,000000,7.28,7.34,7.07,7.115,89066,0
BCTX.US,D,20230511,000000,7.3,7.3,6.9,6.96,130544,0
BCTX.US,D,20230512,000000,7.06,7.06,6.31,6.5,321830,0
BCTX.US,D,20230515,000000,6.73,6.82,6.475,6.57,158752,0
BCTX.US,D,20230516,000000,6.55,6.63,6.23,6.31,185282,0
BCTX.US,D,20230517,000000,6.31,6.31,5.98,6.17,125620,0
BCTX.US,D,20230518,000000,6.17,6.17,5.71,5.9,279927,0
BCTX.US,D,20230519,000000,5.84,6.34,5.84,6.23,179343,0
BCTX.US,D,20230522,000000,6.21,6.3295,6.11,6.22,67412,0
BCTX.US,D,20230523,000000,6.18,6.4234,6.1601,6.32,93515,0
BCTX.US,D,20230524,000000,6.44,6.46,5.95,6.03,101719,0
BCTX.US,D,20230525,000000,6.25,6.37,5.87,6.05,163972,0
BCTX.US,D,20230526,000000,6.05,6.08,5.8,5.87,73782,0
BCTX.US,D,20230530,000000,5.95,6.14,5.77,5.8,104655,0
BCTX.US,D,20230531,000000,5.85,5.935,5.7,5.93,155431,0
BCTX.US,D,20230601,000000,5.92,6.29,5.9115,6.27,60918,0
BCTX.US,D,20230602,000000,6.23,6.27,6.02,6.17,119775,0
BCTX.US,D,20230605,000000,6.08,6.34,6.08,6.34,72653,0
BCTX.US,D,20230606,000000,6.34,6.4,6.06,6.12,32356,0
BCTX.US,D,20230607,000000,6.05,6.38,6.05,6.15,59474,0
BCTX.US,D,20230608,000000,6.08,6.35,6.08,6.29,60507,0
BCTX.US,D,20230609,000000,6.24,6.73,6.15,6.21,89910,0
BCTX.US,D,20230612,000000,6.22,6.24,5.9,5.91,78160,0
BCTX.US,D,20230613,000000,6,6.16,5.73,5.75,173519,0
BCTX.US,D,20230614,000000,5.75,5.98,5.72,5.93,66557,0
BCTX.US,D,20230615,000000,5.81,6.1,5.74,6.06,85458,0
BCTX.US,D,20230616,000000,5.92,6.25,5.92,6.03,107752,0
BCTX.US,D,20230620,000000,5.99,6.07,5.73,5.75,80938,0
BCTX.US,D,20230621,000000,5.75,5.95,5.66,5.715,70222,0
BCTX.US,D,20230622,000000,5.82,6.15,5.66,5.95,94170,0
BCTX.US,D,20230623,000000,5.85,6.14,5.85,6.14,82869,0
BCTX.US,D,20230626,000000,6.05,6.51,5.93,6.51,171444,0
BCTX.US,D,20230627,000000,6.78,6.8,5.9149,5.99,284390,0
BCTX.US,D,20230628,000000,6.14,6.2,5.93,6.04,136986,0
BCTX.US,D,20230629,000000,6.1,6.27,6.02,6.27,66957,0
BCTX.US,D,20230630,000000,6.23,6.42,6.09,6.42,104434,0
BCTX.US,D,20230703,000000,6.48,6.75,6.4,6.67,133846,0
BCTX.US,D,20230705,000000,6.73,6.73,6.31,6.38,58179,0
BCTX.US,D,20230706,000000,6.32,6.32,6.05,6.21,59451,0
BCTX.US,D,20230707,000000,6.25,6.45,6.2,6.44,65975,0
BCTX.US,D,20230710,000000,6.39,6.66,6.2908,6.49,79459,0
BCTX.US,D,20230711,000000,6.49,6.58,6.44,6.52,119211,0
BCTX.US,D,20230712,000000,6.62,6.62,6.38,6.5,43458,0
BCTX.US,D,20230713,000000,6.5,6.61,6.466,6.56,71868,0
BCTX.US,D,20230714,000000,6.5,6.63,6.4,6.45,61661,0
BCTX.US,D,20230717,000000,6.45,6.61,6.41,6.48,110687,0
BCTX.US,D,20230718,000000,6.65,6.74,6.3,6.52,100736,0
BCTX.US,D,20230719,000000,6.46,6.59,6.39,6.4,41503,0
BCTX.US,D,20230720,000000,6.59,6.59,6.28,6.44,78380,0
BCTX.US,D,20230721,000000,6.45,6.475,6.2,6.4,46248,0
BCTX.US,D,20230724,000000,6.285,6.43,6.2001,6.31,33756,0
BCTX.US,D,20230725,000000,6.26,6.375,6.07,6.18,60805,0
BCTX.US,D,20230726,000000,6.12,6.3,6.03,6.05,66120,0
BCTX.US,D,20230727,000000,6.07,6.1914,5.99,6,56171,0
BCTX.US,D,20230728,000000,6.01,6.31,6.01,6.27,68886,0
BCTX.US,D,20230731,000000,6.39,6.69,6.29,6.69,144111,0
BCTX.US,D,20230801,000000,6.5,6.8,6.5,6.8,108869,0
BCTX.US,D,20230802,000000,6.74,7.06,6.51,6.91,232190,0
BCTX.US,D,20230803,000000,6.83,6.9733,6.7,6.83,74517,0
BCTX.US,D,20230804,000000,6.84,6.88,6.56,6.66,81063,0
BCTX.US,D,20230807,000000,6.55,6.63,6.4506,6.6,30400,0
BCTX.US,D,20230808,000000,6.5,6.7394,6.5,6.625,44023,0
BCTX.US,D,20230809,000000,6.69,6.79,6.59,6.74,45907,0
BCTX.US,D,20230810,000000,6.82,7.05,6.66,6.925,87226,0
BCTX.US,D,20230811,000000,6.95,7.1394,6.88,6.97,45165,0
BCTX.US,D,20230814,000000,6.97,7.15,6.8099,7,122292,0
BCTX.US,D,20230815,000000,7.07,7.135,6.905,6.92,72786,0
BCTX.US,D,20230816,000000,6.95,7.01,6.52,7.01,174922,0
BCTX.US,D,20230817,000000,7.07,7.28,6.9,7.02,220163,0
BCTX.US,D,20230818,000000,7.0306,7.2,6.9201,7,53232,0
BCTX.US,D,20230821,000000,7.15,7.1765,6.7263,6.94,57441,0
BCTX.US,D,20230822,000000,7.05,7.09,6.81,7.04,65816,0
BCTX.US,D,20230823,000000,7,7.21,6.92,7.14,45611,0
BCTX.US,D,20230824,000000,7.18,7.4,7.14,7.36,162941,0
BCTX.US,D,20230825,000000,7.35,7.57,7.18,7.53,155621,0
BCTX.US,D,20230828,000000,7.5,7.59,7.35,7.49,95092,0
BCTX.US,D,20230829,000000,7.35,7.48,6.89,7.04,157209,0
BCTX.US,D,20230830,000000,7,7.194,7,7.07,85114,0
BCTX.US,D,20230831,000000,7.11,7.29,6.72,7.19,132745,0
BCTX.US,D,20230901,000000,7.15,7.26,6.81,6.9,70876,0
BCTX.US,D,20230905,000000,6.81,6.925,6.66,6.83,49529,0
BCTX.US,D,20230906,000000,6.78,6.83,6.56,6.64,62469,0
BCTX.US,D,20230907,000000,6.57,6.87,6.4801,6.69,71442,0
BCTX.US,D,20230908,000000,6.69,7.18,6.25,6.48,191759,0
BCTX.US,D,20230911,000000,6.73,6.73,6.2306,6.35,69260,0
BCTX.US,D,20230912,000000,6.24,6.5,6.04,6.26,130598,0
BCTX.US,D,20230913,000000,6.19,6.4294,6.07,6.07,73238,0
BCTX.US,D,20230914,000000,6.23,6.3794,6.1,6.27,30328,0
BCTX.US,D,20230915,000000,6.2,6.35,6.03,6.08,85057,0
BCTX.US,D,20230918,000000,6.19,6.19,5.8,5.87,127140,0
BCTX.US,D,20230919,000000,5.96,5.96,5.65,5.82,98317,0
BCTX.US,D,20230920,000000,5.82,5.8976,5.71,5.86,70392,0
BCTX.US,D,20230921,000000,5.86,5.88,5.62,5.77,87331,0
BCTX.US,D,20230922,000000,5.71,5.74,5.37,5.42,130955,0
BCTX.US,D,20230925,000000,5.46,5.51,5.38,5.51,31140,0
BCTX.US,D,20230926,000000,5.6,5.69,5.4201,5.56,28203,0
BCTX.US,D,20230927,000000,5.65,5.9,5.512,5.84,66566,0
BCTX.US,D,20230928,000000,5.89,5.89,5.77,5.84,56892,0
BCTX.US,D,20230929,000000,5.96,6.36,5.9,6.25,135042,0
BCTX.US,D,20231002,000000,6.24,6.299,5.91,5.96,36154,0
BCTX.US,D,20231003,000000,6.06,6.0899,5.66,5.95,75892,0
BCTX.US,D,20231004,000000,5.84,6.2994,5.69,5.8,36070,0
BCTX.US,D,20231005,000000,5.74,5.92,5.65,5.9,30675,0
BCTX.US,D,20231006,000000,5.92,6.16,5.76,5.8,82619,0
BCTX.US,D,20231009,000000,5.9,6.0994,5.5,5.61,52531,0
BCTX.US,D,20231010,000000,5.61,5.77,5.55,5.6,26128,0
BCTX.US,D,20231011,000000,5.7,5.74,5.5106,5.54,29301,0
BCTX.US,D,20231012,000000,5.51,5.58,5.12,5.2,104858,0
BCTX.US,D,20231013,000000,5.3,5.51,4.78,4.9,97976,0
BCTX.US,D,20231016,000000,4.98,5.75,4.796,5.67,196623,0
BCTX.US,D,20231017,000000,5.74,5.78,5.6062,5.7,48084,0
BCTX.US,D,20231018,000000,5.63,5.71,5.37,5.4,22935,0
BCTX.US,D,20231019,000000,5.56,5.64,5.3,5.44,40665,0
BCTX.US,D,20231020,000000,5.51,5.51,5.1,5.14,60360,0
BCTX.US,D,20231023,000000,5.1,5.38,4.95,5.1,78215,0
BCTX.US,D,20231024,000000,5.3,5.3,4.8696,4.94,72608,0
BCTX.US,D,20231025,000000,4.9,5.06,4.77,4.86,165704,0
BCTX.US,D,20231026,000000,4.77,4.8523,4.05,4.34,270933,0
BCTX.US,D,20231027,000000,4.42,4.42,3.67,3.79,299225,0
BCTX.US,D,20231030,000000,3.9,4.12,3.74,4,106133,0
BCTX.US,D,20231031,000000,3.98,4.25,3.97,4.25,85449,0
BCTX.US,D,20231101,000000,4.19,4.265,3.76,3.93,108021,0
BCTX.US,D,20231102,000000,3.9,4.0899,3.9,3.93,54010,0
BCTX.US,D,20231103,000000,3.92,4.38,3.7801,4.3,857423,0
BCTX.US,D,20231106,000000,4.34,4.45,4.13,4.3,82324,0
BCTX.US,D,20231107,000000,4.22,4.3739,4.08,4.22,32498,0
BCTX.US,D,20231108,000000,4.19,4.27,3.97,4.06,58267,0
BCTX.US,D,20231109,000000,4.03,4.13,3.9318,3.9725,74362,0
BCTX.US,D,20231110,000000,4.06,4.13,3.8501,3.935,59591,0
BCTX.US,D,20231113,000000,3.91,4.07,3.88,3.94,37921,0
BCTX.US,D,20231114,000000,4.09,4.2,4.03,4.15,66847,0
BCTX.US,D,20231115,000000,4.24,4.41,4.07,4.4,47637,0
BCTX.US,D,20231116,000000,4.31,4.38,4.05,4.11,37573,0
BCTX.US,D,20231117,000000,4.04,4.48,4,4.35,75966,0
BCTX.US,D,20231120,000000,4.36,4.565,4.31,4.4406,64376,0
BCTX.US,D,20231121,000000,4.41,4.5,4.16,4.4495,89651,0
BCTX.US,D,20231122,000000,4.45,4.62,4.3017,4.57,38959,0
BCTX.US,D,20231124,000000,4.5,5.05,4.49,4.99,113835,0
BCTX.US,D,20231127,000000,4.95,5.3005,4.83,4.93,130853,0
BCTX.US,D,20231128,000000,4.98,5.1,4.9,4.98,28665,0
BCTX.US,D,20231129,000000,4.98,5.12,4.9013,5.12,30474,0
BCTX.US,D,20231130,000000,5.13,5.32,5.1,5.29,76969,0
BCTX.US,D,20231201,000000,5.3,5.38,5.13,5.38,50032,0
BCTX.US,D,20231204,000000,5.49,5.58,5.1704,5.35,57017,0
BCTX.US,D,20231205,000000,5.32,5.42,5.25,5.26,26303,0
BCTX.US,D,20231206,000000,5.43,5.44,5.05,5.06,103676,0
BCTX.US,D,20231207,000000,5.0155,5.1,4.7201,4.898,67398,0
BCTX.US,D,20231208,000000,4.7601,4.97,4.64,4.72,79281,0
BCTX.US,D,20231211,000000,4.71,4.785,4.45,4.57,94710,0
BCTX.US,D,20231212,000000,4.51,4.59,4.13,4.13,91054,0
BCTX.US,D,20231213,000000,4.15,4.3,3.71,4.092,131183,0
BCTX.US,D,20231214,000000,4.05,4.2905,4.0496,4.2,42282,0
BCTX.US,D,20231215,000000,4.32,4.38,4.13,4.13,30563,0
BCTX.US,D,20231218,000000,4.14,4.29,4.07,4.13,32873,0
BCTX.US,D,20231219,000000,4.08,4.3325,3.93,3.94,40535,0
BCTX.US,D,20231220,000000,3.98,4.44,3.86,4.08,388945,0
BCTX.US,D,20231221,000000,4.19,4.19,3.88,4.01,55164,0
BCTX.US,D,20231222,000000,3.98,4.5,3.95,4.38,115713,0
BCTX.US,D,20231226,000000,4.3,5.1919,4.3,5.19,173797,0
BCTX.US,D,20231227,000000,5.25,5.4,5.0599,5.25,163983,0
BCTX.US,D,20231228,000000,5.34,5.85,5.1201,5.47,310780,0
BCTX.US,D,20231229,000000,5.61,5.93,5.6,5.85,192247,0
BCTX.US,D,20240102,000000,5.9,5.97,5.31,5.34,85341,0
BCTX.US,D,20240103,000000,5.19,5.24,4.95,5,67418,0
BCTX.US,D,20240104,000000,5.14,5.59,4.95,5.33,291719,0
BCTX.US,D,20240105,000000,5.3,5.49,5.01,5.39,108501,0
BCTX.US,D,20240108,000000,5.4,5.61,5.15,5.37,78606,0
BCTX.US,D,20240109,000000,5.31,5.31,4.75,4.84,122773,0
BCTX.US,D,20240110,000000,4.82,4.89,4.41,4.45,159546,0
BCTX.US,D,20240111,000000,4.43,4.55,4.25,4.25,184550,0
BCTX.US,D,20240112,000000,4.26,4.48,4.26,4.39,62824,0
BCTX.US,D,20240116,000000,4.38,4.45,4.15,4.16,86531,0
BCTX.US,D,20240117,000000,4.12,4.5,3.95,4.44,111922,0
BCTX.US,D,20240118,000000,4.45,4.61,4.24,4.4,107156,0
BCTX.US,D,20240119,000000,4.32,4.48,4.03,4.15,93914,0
BCTX.US,D,20240122,000000,4.2,4.315,4.01,4.21,57722,0
BCTX.US,D,20240123,000000,4.08,4.2,3.9,4.02,145190,0
BCTX.US,D,20240124,000000,4.05,4.05,3.84,3.93,105169,0
BCTX.US,D,20240125,000000,3.96,4.12,3.92,3.96,52833,0
BCTX.US,D,20240126,000000,3.96,4.1,3.92,4,69994,0
BCTX.US,D,20240129,000000,3.94,4.34,3.91,4.28,78131,0
BCTX.US,D,20240130,000000,4.33,4.37,4.16,4.3,34802,0
BCTX.US,D,20240131,000000,4.35,4.37,4.1,4.12,47852,0
BCTX.US,D,20240201,000000,4.11,4.2,3.82,3.89,79801,0
BCTX.US,D,20240202,000000,3.89,3.96,3.835,3.89,46141,0
BCTX.US,D,20240205,000000,3.89,4.01,3.8,3.93,35490,0
BCTX.US,D,20240206,000000,4.3,4.35,4.05,4.14,242691,0
BCTX.US,D,20240207,000000,4.21,4.25,3.86,3.935,155603,0
BCTX.US,D,20240208,000000,4,4,3.82,3.92,42873,0
BCTX.US,D,20240209,000000,4.01,4.03,3.8601,3.92,103870,0
BCTX.US,D,20240212,000000,3.89,3.99,3.74,3.75,72639,0
BCTX.US,D,20240213,000000,3.78,3.78,3.2706,3.43,226079,0
BCTX.US,D,20240214,000000,3.45,3.5199,3.24,3.32,84070,0
BCTX.US,D,20240215,000000,3.31,3.4399,3.2,3.23,71662,0
BCTX.US,D,20240216,000000,3.25,3.28,3.03,3.23,65632,0
BCTX.US,D,20240220,000000,3.24,3.42,3.11,3.42,53467,0
BCTX.US,D,20240221,000000,3.43,3.64,3.405,3.57,33445,0
BCTX.US,D,20240222,000000,3.57,3.69,3.37,3.57,61553,0
BCTX.US,D,20240223,000000,3.55,3.55,3.35,3.48,33289,0
BCTX.US,D,20240226,000000,3.41,3.73,3.16,3.28,129024,0
BCTX.US,D,20240227,000000,3.33,3.5,3.23,3.43,89108,0
BCTX.US,D,20240228,000000,3.4,3.42,3.3001,3.4,33780,0
BCTX.US,D,20240229,000000,3.37,3.55,3.37,3.46,76644,0
BCTX.US,D,20240301,000000,3.38,3.66,3.38,3.47,82616,0
BCTX.US,D,20240304,000000,3.39,3.5,3.31,3.38,23803,0
BCTX.US,D,20240305,000000,3.37,3.45,3.26,3.4,14238,0
BCTX.US,D,20240306,000000,3.4,3.5288,3.07,3.12,144191,0
BCTX.US,D,20240307,000000,3.1,3.24,2.8,2.9,233628,0
BCTX.US,D,20240308,000000,2.91,3.01,2.8584,2.95,101725,0
BCTX.US,D,20240311,000000,2.95,3.0018,2.9,3,109692,0
BCTX.US,D,20240312,000000,2.96,3,2.92,2.97,49958,0
BCTX.US,D,20240313,000000,2.95,3.04,2.8501,2.95,88241,0
BCTX.US,D,20240314,000000,2.98,3.0199,2.76,2.98,81054,0
BCTX.US,D,20240315,000000,2.96,3,2.915,2.95,45949,0
BCTX.US,D,20240318,000000,2.98,2.98,2.6206,2.9,97071,0
BCTX.US,D,20240319,000000,2.81,2.83,2.66,2.71,59708,0
BCTX.US,D,20240320,000000,2.71,2.83,2.225,2.24,373885,0
BCTX.US,D,20240321,000000,2.3,2.32,2.19,2.28,163920,0
BCTX.US,D,20240322,000000,2.35,2.52,2.21,2.52,138875,0
BCTX.US,D,20240325,000000,2.65,2.92,2.6068,2.85,190437,0
BCTX.US,D,20240326,000000,2.8,2.82,2.4006,2.54,146432,0
BCTX.US,D,20240327,000000,2.6,2.68,2.49,2.67,85183,0
BCTX.US,D,20240328,000000,2.64,2.94,2.6001,2.86,87185,0
BCTX.US,D,20240401,000000,2.86,2.89,2.76,2.83,41604,0
BCTX.US,D,20240402,000000,2.83,2.85,2.71,2.75,23063,0
BCTX.US,D,20240403,000000,2.77,3.01,2.7659,2.88,93059,0
BCTX.US,D,20240404,000000,2.88,3.03,2.76,2.79,98964,0
BCTX.US,D,20240405,000000,2.8,2.925,2.7,2.72,35352,0
BCTX.US,D,20240408,000000,2.72,2.9432,2.69,2.93,37120,0
BCTX.US,D,20240409,000000,2.88,2.95,2.84,2.8501,33295,0
BCTX.US,D,20240410,000000,2.79,2.84,2.6798,2.73,86241,0
BCTX.US,D,20240411,000000,2.75,2.82,2.6401,2.68,24928,0
BCTX.US,D,20240412,000000,2.71,2.8499,2.47,2.49,116630,0
BCTX.US,D,20240415,000000,2.45,2.56,2.3,2.32,35551,0
BCTX.US,D,20240416,000000,2.28,2.34,2.02,2.28,141623,0
BCTX.US,D,20240417,000000,2.32,2.32,2.1001,2.16,26255,0
BCTX.US,D,20240418,000000,2.13,2.35,2.13,2.1476,8449,0
BCTX.US,D,20240419,000000,2.175,2.29,2.01,2.02,41767,0
BCTX.US,D,20240422,000000,2.15,2.2,2.05,2.2,17379,0
BCTX.US,D,20240423,000000,2.2,2.37,2.1766,2.32,36120,0
BCTX.US,D,20240424,000000,2.26,2.31,2.19,2.19,22628,0
BCTX.US,D,20240425,000000,2.15,2.26,2.15,2.24,29085,0
BCTX.US,D,20240426,000000,2.29,2.29,2.11,2.17,36051,0
BCTX.US,D,20240429,000000,2.205,2.25,2.15,2.16,19760,0
BCTX.US,D,20240430,000000,2.25,2.25,2.07,2.17,43038,0
BCTX.US,D,20240501,000000,2.11,2.19,2.0558,2.11,13936,0
BCTX.US,D,20240502,000000,2.1561,2.24,2.09,2.24,22347,0
BCTX.US,D,20240503,000000,2.25,2.34,2.23,2.26,28649,0
BCTX.US,D,20240506,000000,2.275,2.2857,2.21,2.27,11965,0
BCTX.US,D,20240507,000000,2.24,2.28,2.19,2.19,14572,0
BCTX.US,D,20240508,000000,2.252,2.3188,2.1901,2.24,12287,0
BCTX.US,D,20240509,000000,2.23,2.44,2.1601,2.26,58189,0
BCTX.US,D,20240510,000000,2.2401,2.31,2.23,2.25,6158,0
BCTX.US,D,20240513,000000,2.25,2.31,2.17,2.2304,18190,0
BCTX.US,D,20240514,000000,2.18,2.2427,2.09,2.11,28686,0
BCTX.US,D,20240515,000000,2,2.0523,1.6075,1.63,303870,0
BCTX.US,D,20240516,000000,1.7,1.7,1.3,1.38,350692,0
BCTX.US,D,20240517,000000,1.47,1.49,1.33,1.39,165184,0
BCTX.US,D,20240520,000000,1.49,1.54,1.4193,1.49,268191,0
BCTX.US,D,20240521,000000,1.59,1.625,1.47,1.49,294927,0
BCTX.US,D,20240522,000000,1.56,1.56,1.473,1.5,73495,0
BCTX.US,D,20240523,000000,1.5,1.5599,1.4,1.43,170644,0
BCTX.US,D,20240524,000000,1.47,1.49,1.2699,1.44,1979386,0
BCTX.US,D,20240528,000000,1.45,1.45,1.35,1.37,205564,0
BCTX.US,D,20240529,000000,1.38,1.54,1.3178,1.54,169695,0
BCTX.US,D,20240530,000000,1.51,1.64,1.3701,1.59,140691,0
BCTX.US,D,20240531,000000,1.57,1.75,1.53,1.69,220279,0
BCTX.US,D,20240603,000000,1.7,1.75,1.52,1.53,107016,0
BCTX.US,D,20240604,000000,1.55,1.57,1.361,1.4,121349,0
BCTX.US,D,20240605,000000,1.44,1.69,1.35,1.46,138188,0
BCTX.US,D,20240606,000000,1.45,1.51,1.35,1.44,119085,0
BCTX.US,D,20240607,000000,1.41,1.43,1.3324,1.39,82711,0
BCTX.US,D,20240610,000000,1.36,1.4061,1.3366,1.39,37090,0
BCTX.US,D,20240611,000000,1.35,1.3792,1.2696,1.34,40340,0
BCTX.US,D,20240612,000000,1.32,1.37,1.29,1.31,65828,0
BCTX.US,D,20240613,000000,1.28,1.38,1.27,1.36,19103,0
BCTX.US,D,20240614,000000,1.37,1.42,1.305,1.42,63867,0
BCTX.US,D,20240617,000000,1.42,1.48,1.39,1.48,44663,0
BCTX.US,D,20240618,000000,1.51,1.51,1.29,1.34,106227,0
BCTX.US,D,20240620,000000,1.34,1.39,1.2,1.28,103403,0
BCTX.US,D,20240621,000000,1.28,1.3,1.19,1.195,92893,0
BCTX.US,D,20240624,000000,1.29,1.29,0.9504,1.12,344330,0
BCTX.US,D,20240625,000000,1.13,1.13,0.95,0.9645,206234,0
BCTX.US,D,20240626,000000,0.98,1.13,0.9692,1.105,109895,0
BCTX.US,D,20240627,000000,1.05,1.1,1.0233,1.04,85599,0
BCTX.US,D,20240628,000000,1.08,1.14,1.05,1.14,82875,0
BCTX.US,D,20240701,000000,1.17,1.19,1.05,1.09,63219,0
BCTX.US,D,20240702,000000,1.09,1.12,1,1.01,54094,0
BCTX.US,D,20240703,000000,1,1.05,1,1,54173,0
BCTX.US,D,20240705,000000,1.01,1.09,1.01,1.01,52831,0
BCTX.US,D,20240708,000000,1.03,1.07,1.02,1.06,96818,0
BCTX.US,D,20240709,000000,1.08,1.08,1,1.03,81076,0
BCTX.US,D,20240710,000000,1.02,1.05,0.97,1.0065,125409,0
BCTX.US,D,20240711,000000,1,1.03,0.8785,0.913,274102,0
BCTX.US,D,20240712,000000,0.92,0.93,0.85,0.884241,266092,0
BCTX.US,D,20240715,000000,0.9198,0.94,0.8516,0.93,193265,0
BCTX.US,D,20240716,000000,0.9687,0.978,0.8871,0.978,181719,0
BCTX.US,D,20240717,000000,0.96,0.9701,0.8854,0.9211,92760,0
BCTX.US,D,20240718,000000,0.93,0.9316,0.72,0.76,12891555,0
BCTX.US,D,20240719,000000,0.782,0.822,0.74,0.79,710011,0
BCTX.US,D,20240722,000000,0.7459,0.7475,0.654,0.69,660775,0
BCTX.US,D,20240723,000000,0.69,0.7299,0.6012,0.7041,386208,0
BCTX.US,D,20240724,000000,0.7019,0.783,0.6701,0.765,408435,0
BCTX.US,D,20240725,000000,0.768,0.785,0.72,0.7699,260066,0
BCTX.US,D,20240726,000000,0.7612,0.78,0.75,0.7615,86314,0
BCTX.US,D,20240729,000000,0.7615,0.7615,0.712,0.737,165807,0
BCTX.US,D,20240730,000000,0.765,0.765,0.715,0.735,225812,0
BCTX.US,D,20240731,000000,0.72,0.765,0.72,0.7525,122185,0
BCTX.US,D,20240801,000000,0.74,0.75,0.7052,0.7255,137236,0
BCTX.US,D,20240802,000000,0.701,0.7199,0.67,0.6999,127555,0
BCTX.US,D,20240805,000000,0.624,0.669,0.62,0.633,135974,0
BCTX.US,D,20240806,000000,0.624,0.6489,0.6076,0.6101,54235,0
BCTX.US,D,20240807,000000,0.61,0.6104,0.576001,0.6,93749,0
BCTX.US,D,20240808,000000,0.59,0.62,0.5801,0.6013,53513,0
BCTX.US,D,20240809,000000,0.6,0.618,0.59505,0.6003,27330,0
BCTX.US,D,20240812,000000,0.5866,0.619,0.5866,0.6074,33242,0
BCTX.US,D,20240813,000000,0.6,0.6,0.5732,0.5799,104927,0
BCTX.US,D,20240814,000000,0.5799,0.585,0.5206,0.553,176687,0
BCTX.US,D,20240815,000000,0.542,0.57,0.542,0.5627,41254,0
BCTX.US,D,20240816,000000,0.5636,0.5653,0.52605,0.5594,124166,0
BCTX.US,D,20240819,000000,0.568,0.6292,0.5495,0.6065,288473,0
BCTX.US,D,20240820,000000,0.5983,0.7294,0.5968,0.66,232755,0
BCTX.US,D,20240821,000000,0.65,0.778,0.63,0.75,263586,0
BCTX.US,D,20240822,000000,0.77,0.8211,0.72,0.82,326724,0
BCTX.US,D,20240823,000000,0.834,0.88,0.802,0.8649,433733,0
BCTX.US,D,20240826,000000,0.87,0.87,0.8,0.8184,98487,0
BCTX.US,D,20240827,000000,0.832,0.839,0.8,0.8097,102875,0
BCTX.US,D,20240828,000000,0.82,0.835,0.755,0.795,191587,0
BCTX.US,D,20240829,000000,0.79,0.791,0.7015,0.74,259707,0
BCTX.US,D,20240830,000000,0.778,0.7876,0.721,0.7876,121135,0
BCTX.US,D,20240903,000000,0.78,0.78,0.68,0.7083,175115,0
BCTX.US,D,20240904,000000,0.7195,0.73,0.685,0.7231,101901,0
BCTX.US,D,20240905,000000,0.72495,0.72495,0.68,0.7018,62940,0
BCTX.US,D,20240906,000000,0.7,0.729,0.66,0.729,69822,0
BCTX.US,D,20240909,000000,0.6603,0.73,0.6398,0.68,211330,0
BCTX.US,D,20240910,000000,0.66,0.69,0.61,0.6195,531045,0
BCTX.US,D,20240911,000000,1.93,1.96,0.635,0.64,167736784,0
BCTX.US,D,20240912,000000,0.645,0.645,0.5705,0.63,6468515,0
BCTX.US,D,20240913,000000,0.63,0.6345,0.56,0.5605,3172324,0
BCTX.US,D,20240916,000000,0.55,0.551,0.4641,0.4938,3397707,0
BCTX.US,D,20240917,000000,0.4978,0.498,0.47,0.47,1619207,0
BCTX.US,D,20240918,000000,0.5497,0.564,0.4811,0.5233,13817925,0
BCTX.US,D,20240919,000000,0.54,0.6341,0.5327,0.6024,5155104,0
BCTX.US,D,20240920,000000,0.591,0.66,0.57,0.649,2887722,0
BCTX.US,D,20240923,000000,0.65,0.708,0.65,0.6822,2666461,0
BCTX.US,D,20240924,000000,0.6718,0.6822,0.6267,0.6324,1485843,0
BCTX.US,D,20240925,000000,0.65,0.81,0.6401,0.76,5323022,0
BCTX.US,D,20240926,000000,0.8,0.8,0.6255,0.7149,2504079,0
BCTX.US,D,20240927,000000,0.735,0.949,0.72,0.8813,3912353,0
BCTX.US,D,20240930,000000,0.938,1.32,0.887,1.24,8299983,0
BCTX.US,D,20241001,000000,1.34,1.43,0.6601,0.81,40178077,0
BCTX.US,D,20241002,000000,0.7901,1.05,0.7505,1.01,6971302,0
BCTX.US,D,20241003,000000,0.9611,1.04,0.94,0.96,3074614,0
BCTX.US,D,20241004,000000,0.9514,1.03,0.92,0.9842,1910761,0
BCTX.US,D,20241007,000000,0.99,1.13,0.9883,1.07,2018409,0
BCTX.US,D,20241008,000000,1.07,1.2,1.04,1.08,3045392,0
BCTX.US,D,20241009,000000,1.1,1.12,0.92,0.925,3203608,0
BCTX.US,D,20241010,000000,0.93,1.04,0.93,1.01,973688,0
BCTX.US,D,20241011,000000,1.01,1.01,0.9596,0.9867,709166,0
BCTX.US,D,20241014,000000,0.96,0.9701,0.8805,0.8951,1011544,0
BCTX.US,D,20241015,000000,0.916,0.97,0.889,0.8997,1152908,0
BCTX.US,D,20241016,000000,0.9,0.93,0.81,0.8383,1582191,0
BCTX.US,D,20241017,000000,0.8379,0.8463,0.79,0.845,860577,0
BCTX.US,D,20241018,000000,0.8192,0.877,0.8121,0.8396,550738,0
BCTX.US,D,20241021,000000,0.82,0.85,0.7601,0.7962,897633,0
BCTX.US,D,20241022,000000,0.839,0.91,0.8141,0.8722,6372068,0
BCTX.US,D,20241023,000000,0.8628,0.9499,0.835,0.92,1960439,0
BCTX.US,D,20241024,000000,0.89,0.912501,0.858,0.89,574734,0
BCTX.US,D,20241025,000000,0.9,0.91,0.8603,0.867,549234,0
BCTX.US,D,20241028,000000,0.839,0.8864,0.831,0.885,538828,0
BCTX.US,D,20241029,000000,0.8702,0.9,0.821,0.839,802112,0
