<TICKER>,<PER>,<DATE>,<TIME>,<OPEN>,<HIGH>,<LOW>,<CLOSE>,<VOL>,<OPENINT>
BDMDW.US,D,20241003,000000,0.062,0.08,0.0601,0.0601,14524,0
BDMDW.US,D,20241004,000000,0.0479,0.05,0.0404,0.0407,18934,0
BDMDW.US,D,20241008,000000,0.0401,0.06,0.0376,0.0404,194638,0
BDMDW.US,D,20241009,000000,0.0498,0.06,0.0405,0.0406,10139,0
BDMDW.US,D,20241010,000000,0.0569,0.06,0.0405,0.041,34915,0
BDMDW.US,D,20241014,000000,0.0406,0.0523,0.0351,0.0351,5728,0
BDMDW.US,D,20241015,000000,0.0375,0.0375,0.0257,0.0276,113428,0
BDMDW.US,D,20241024,000000,0.0311,0.0311,0.0311,0.0311,18100,0
BDMDW.US,D,20241028,000000,0.0311,0.0311,0.0311,0.0311,11675,0
