<TICKER>,<PER>,<DATE>,<TIME>,<OPEN>,<HIGH>,<LOW>,<CLOSE>,<VOL>,<OPENINT>
BETR.US,D,20210503,000000,10.35,10.35,9.62,10,919,0
BETR.US,D,20210505,000000,10.7,10.7,10.5,10.5,683,0
BETR.US,D,20210511,000000,10.9,10.9,9.83,9.9,258413,0
BETR.US,D,20210512,000000,9.99,11.11,9.65,9.82,2844651,0
BETR.US,D,20210513,000000,9.84,9.95,9.839,9.85,931605,0
BETR.US,D,20210514,000000,9.95,9.95,9.81,9.88,913099,0
BETR.US,D,20210517,000000,10.3,10.3,9.85,9.87,518811,0
BETR.US,D,20210518,000000,9.87,9.9,9.83,9.87,47327,0
BETR.US,D,20210519,000000,10.29,10.29,9.86,9.95,62418,0
BETR.US,D,20210520,000000,9.91,9.95,9.875,9.91,281465,0
BETR.US,D,20210521,000000,10,10,9.9,9.94,18208,0
BETR.US,D,20210524,000000,10.07,10.07,9.9,9.94,12619,0
BETR.US,D,20210525,000000,9.95,9.95,9.85,9.9,13170,0
BETR.US,D,20210526,000000,9.9129,9.99,9.87,9.88,11722,0
BETR.US,D,20210527,000000,9.88,9.95,9.88,9.94,78790,0
BETR.US,D,20210528,000000,9.95,9.95,9.85,9.86,22560,0
BETR.US,D,20210601,000000,10,10,9.85,9.88,26301,0
BETR.US,D,20210602,000000,9.9006,9.93,9.9,9.9199,16953,0
BETR.US,D,20210603,000000,9.93,9.93,9.89,9.9,24532,0
BETR.US,D,20210604,000000,9.9,9.92,9.835,9.88,250672,0
BETR.US,D,20210607,000000,9.88,9.89,9.88,9.88,27144,0
BETR.US,D,20210608,000000,9.89,9.92,9.88,9.92,67605,0
BETR.US,D,20210609,000000,9.91,9.95,9.89,9.89,56061,0
BETR.US,D,20210610,000000,9.91,9.91,9.89,9.9,3861,0
BETR.US,D,20210611,000000,9.9,10.02,9.89,10,252484,0
BETR.US,D,20210614,000000,9.95,10.05,9.9,9.9499,29367,0
BETR.US,D,20210615,000000,10.04,10.04,9.9,9.9,3373,0
BETR.US,D,20210616,000000,9.921,9.921,9.92,9.92,870,0
BETR.US,D,20210617,000000,9.91,9.95,9.9,9.9,18095,0
BETR.US,D,20210618,000000,9.9191,9.9191,9.89,9.89,41381,0
BETR.US,D,20210621,000000,9.9,9.9,9.88,9.89,52668,0
BETR.US,D,20210622,000000,9.89,9.93,9.88,9.93,12403,0
BETR.US,D,20210623,000000,9.88,9.92,9.88,9.92,5550,0
BETR.US,D,20210624,000000,9.9,9.9,9.89,9.895,3328,0
BETR.US,D,20210625,000000,9.9,10,9.89,9.97,130543,0
BETR.US,D,20210628,000000,9.91,9.9999,9.91,9.92,14387,0
BETR.US,D,20210629,000000,9.94,9.94,9.88,9.88,113728,0
BETR.US,D,20210630,000000,9.89,9.91,9.8801,9.91,10606,0
BETR.US,D,20210701,000000,9.91,9.93,9.88,9.93,46550,0
BETR.US,D,20210702,000000,9.93,9.93,9.9201,9.9209,3999,0
BETR.US,D,20210706,000000,9.93,9.93,9.9263,9.93,10260,0
BETR.US,D,20210707,000000,9.92,9.94,9.92,9.9201,6477,0
BETR.US,D,20210708,000000,9.92,9.92,9.86,9.9,52945,0
BETR.US,D,20210709,000000,9.92,9.92,9.9,9.92,2063,0
BETR.US,D,20210712,000000,9.94,9.94,9.9,9.94,17748,0
BETR.US,D,20210713,000000,9.94,9.94,9.928,9.93,3239,0
BETR.US,D,20210714,000000,9.95,9.95,9.92,9.92,4112,0
BETR.US,D,20210715,000000,9.95,9.95,9.9,9.9499,18642,0
BETR.US,D,20210716,000000,9.95,9.95,9.91,9.91,13084,0
BETR.US,D,20210719,000000,9.94,9.9483,9.9001,9.9483,43847,0
BETR.US,D,20210720,000000,9.95,9.95,9.9301,9.9499,11743,0
BETR.US,D,20210721,000000,9.9,9.925,9.9,9.925,2379,0
BETR.US,D,20210722,000000,9.91,9.95,9.9,9.9001,603403,0
BETR.US,D,20210723,000000,9.9216,9.95,9.89,9.95,8548,0
BETR.US,D,20210726,000000,9.95,9.95,9.915,9.92,2480,0
BETR.US,D,20210727,000000,9.9,9.95,9.89,9.95,2838,0
BETR.US,D,20210728,000000,9.9313,9.9328,9.9109,9.92,117306,0
BETR.US,D,20210729,000000,9.95,9.95,9.9,9.9499,103702,0
BETR.US,D,20210730,000000,9.929,9.94,9.9056,9.91,47488,0
BETR.US,D,20210802,000000,9.95,9.95,9.909,9.94,4535,0
BETR.US,D,20210803,000000,9.92,9.9396,9.92,9.9396,1206,0
BETR.US,D,20210804,000000,9.9395,9.9395,9.92,9.92,8461,0
BETR.US,D,20210805,000000,9.95,9.95,9.9101,9.94,2065,0
BETR.US,D,20210806,000000,9.95,9.95,9.9061,9.9319,1160,0
BETR.US,D,20210809,000000,9.95,9.95,9.9003,9.92,7663,0
BETR.US,D,20210810,000000,9.9211,9.9431,9.92,9.92,2043,0
BETR.US,D,20210811,000000,9.9301,9.9331,9.909,9.93,2561,0
BETR.US,D,20210812,000000,9.95,9.95,9.9076,9.92,2202,0
BETR.US,D,20210813,000000,9.95,9.95,9.9011,9.94,15599,0
BETR.US,D,20210816,000000,9.94,9.94,9.9,9.91,214791,0
BETR.US,D,20210817,000000,9.92,9.92,9.9,9.92,108820,0
BETR.US,D,20210818,000000,9.9,9.92,9.9,9.9,157750,0
BETR.US,D,20210819,000000,9.91,9.92,9.88,9.91,101120,0
BETR.US,D,20210820,000000,9.91,9.922,9.8675,9.9,643393,0
BETR.US,D,20210823,000000,9.94,9.95,9.905,9.95,9077,0
BETR.US,D,20210824,000000,9.95,9.95,9.905,9.92,6160,0
BETR.US,D,20210825,000000,9.908,9.9443,9.908,9.9086,2009,0
BETR.US,D,20210826,000000,9.9394,9.95,9.8932,9.8932,1781,0
BETR.US,D,20210827,000000,9.905,9.95,9.8901,9.95,6106,0
BETR.US,D,20210830,000000,9.91,9.9496,9.89,9.9284,1497,0
BETR.US,D,20210831,000000,9.95,9.97,9.9256,9.96,17855,0
BETR.US,D,20210901,000000,9.92,9.95,9.9,9.93,35190,0
BETR.US,D,20210902,000000,9.94,9.9483,9.925,9.93,2224,0
BETR.US,D,20210903,000000,9.95,9.95,9.9136,9.94,960,0
BETR.US,D,20210907,000000,9.97,9.99,9.935,9.99,22166,0
BETR.US,D,20210908,000000,9.99,10.01,9.98,10,530621,0
BETR.US,D,20210909,000000,9.99,10,9.98,9.99,122746,0
BETR.US,D,20210910,000000,10.5,10.55,9.98,9.99,159724,0
BETR.US,D,20210913,000000,10,10.0069,9.96,9.96,666415,0
BETR.US,D,20210914,000000,9.98,10.006,9.945,9.95,42681,0
BETR.US,D,20210915,000000,9.97,9.98,9.965,9.98,2074,0
BETR.US,D,20210916,000000,10,10.01,9.92,9.98,40744,0
BETR.US,D,20210917,000000,10,10,9.92,9.93,10374,0
BETR.US,D,20210920,000000,9.93,9.96,9.92,9.9319,14341,0
BETR.US,D,20210921,000000,9.94,10.0033,9.9201,9.955,15965,0
BETR.US,D,20210922,000000,10.0058,10.0058,9.95,9.98,14429,0
BETR.US,D,20210923,000000,10.24,10.24,9.9524,10,4666,0
BETR.US,D,20210924,000000,10.01,10.01,9.92,9.965,29604,0
BETR.US,D,20210927,000000,9.94,9.98,9.94,9.96,7373,0
BETR.US,D,20210928,000000,9.96,9.9699,9.93,9.93,4687,0
BETR.US,D,20210929,000000,9.95,9.97,9.93,9.945,22770,0
BETR.US,D,20210930,000000,10.24,10.24,9.9,9.93,512044,0
BETR.US,D,20211001,000000,9.97,9.97,9.91,9.92,14770,0
BETR.US,D,20211004,000000,9.92,9.97,9.91,9.97,23313,0
BETR.US,D,20211005,000000,9.93,9.955,9.93,9.94,1967,0
BETR.US,D,20211006,000000,9.95,9.9555,9.91,9.91,134069,0
BETR.US,D,20211007,000000,9.91,9.96,9.91,9.92,15036,0
BETR.US,D,20211008,000000,9.97,9.97,9.9201,9.94,8311,0
BETR.US,D,20211011,000000,9.97,9.97,9.93,9.955,2820,0
BETR.US,D,20211012,000000,9.97,9.99,9.94,9.98,71171,0
BETR.US,D,20211013,000000,9.99,9.99,9.9383,9.9544,3327,0
BETR.US,D,20211014,000000,9.99,9.99,9.983,9.983,3424,0
BETR.US,D,20211015,000000,9.99,9.99,9.95,9.9842,10436,0
BETR.US,D,20211018,000000,9.99,9.99,9.9701,9.9795,4148,0
BETR.US,D,20211019,000000,9.9889,10,9.97,9.98,55089,0
BETR.US,D,20211020,000000,9.99,9.99,9.9537,9.9537,4737,0
BETR.US,D,20211021,000000,9.9825,9.99,9.97,9.99,2730,0
BETR.US,D,20211022,000000,9.97,9.985,9.95,9.98,3061,0
BETR.US,D,20211025,000000,9.99,10,9.9538,9.971,58347,0
BETR.US,D,20211026,000000,9.99,9.99,9.97,9.98,11251,0
BETR.US,D,20211027,000000,9.97,9.995,9.97,9.97,17288,0
BETR.US,D,20211028,000000,9.98,9.99,9.95,9.95,10919,0
BETR.US,D,20211029,000000,9.99,9.99,9.96,9.9833,36413,0
BETR.US,D,20211101,000000,9.99,9.99,9.96,9.9601,170099,0
BETR.US,D,20211102,000000,9.93,9.9785,9.93,9.96,9109,0
BETR.US,D,20211103,000000,9.95,9.99,9.95,9.99,12119,0
BETR.US,D,20211104,000000,9.99,10,9.9101,10,77642,0
BETR.US,D,20211105,000000,9.97,10,9.95,10,1389756,0
BETR.US,D,20211108,000000,9.97,10,9.96,9.99,38090,0
BETR.US,D,20211109,000000,9.97,9.99,9.93,9.96,161844,0
BETR.US,D,20211110,000000,9.97,9.97,9.94,9.9599,108616,0
BETR.US,D,20211111,000000,9.95,9.97,9.94,9.94,26449,0
BETR.US,D,20211112,000000,9.94,9.98,9.94,9.95,670235,0
BETR.US,D,20211115,000000,9.98,10,9.95,9.95,56754,0
BETR.US,D,20211116,000000,9.96,10,9.95,9.971,45311,0
BETR.US,D,20211117,000000,10,10,9.94,9.96,115690,0
BETR.US,D,20211118,000000,9.95,9.95,9.94,9.94,147298,0
BETR.US,D,20211119,000000,9.94,9.9783,9.94,9.96,33772,0
BETR.US,D,20211122,000000,9.9518,9.9518,9.93,9.93,479342,0
BETR.US,D,20211123,000000,9.93,9.9438,9.92,9.94,344494,0
BETR.US,D,20211124,000000,9.95,9.95,9.93,9.95,56145,0
BETR.US,D,20211126,000000,9.95,9.96,9.94,9.94,117662,0
BETR.US,D,20211129,000000,9.93,9.97,9.93,9.94,13369,0
BETR.US,D,20211130,000000,9.94,10,9.94,10,49095,0
BETR.US,D,20211201,000000,9.99,10,9.966,9.99,14469,0
BETR.US,D,20211202,000000,10,10,9.94,9.94,91785,0
BETR.US,D,20211203,000000,9.94,9.95,9.94,9.94,33910,0
BETR.US,D,20211206,000000,9.94,9.96,9.92,9.9389,169267,0
BETR.US,D,20211207,000000,9.9,9.95,9.88,9.9,548396,0
BETR.US,D,20211208,000000,9.9,9.93,9.895,9.91,64953,0
BETR.US,D,20211209,000000,9.9,10,9.9,9.9,202958,0
BETR.US,D,20211210,000000,9.92,9.93,9.92,9.925,46140,0
BETR.US,D,20211213,000000,9.87,9.99,9.87,9.93,29987,0
BETR.US,D,20211214,000000,9.93,9.95,9.92,9.925,47304,0
BETR.US,D,20211215,000000,9.89,9.92,9.85,9.87,38850,0
BETR.US,D,20211216,000000,9.9,9.9,9.89,9.89,17598,0
BETR.US,D,20211217,000000,9.87,9.8987,9.87,9.8911,13894,0
BETR.US,D,20211220,000000,9.89,9.8987,9.89,9.89,1840,0
BETR.US,D,20211221,000000,9.89,9.895,9.89,9.89,2768,0
BETR.US,D,20211222,000000,9.895,9.895,9.89,9.89,3500,0
BETR.US,D,20211223,000000,9.9,9.9,9.89,9.8902,1453,0
BETR.US,D,20211227,000000,9.9,9.9,9.89,9.9,13619,0
BETR.US,D,20211228,000000,9.89,9.9,9.89,9.9,13218,0
BETR.US,D,20211229,000000,9.89,9.8938,9.88,9.88,84733,0
BETR.US,D,20211230,000000,9.88,9.88,9.88,9.88,1217,0
BETR.US,D,20211231,000000,9.88,9.9,9.88,9.9,54850,0
BETR.US,D,20220103,000000,9.88,9.98,9.88,9.97,85678,0
BETR.US,D,20220104,000000,9.89,9.95,9.89,9.93,761,0
BETR.US,D,20220105,000000,9.9,9.93,9.88,9.915,481571,0
BETR.US,D,20220106,000000,9.91,9.94,9.9,9.9,80901,0
BETR.US,D,20220107,000000,9.87,9.95,9.87,9.93,3637,0
BETR.US,D,20220110,000000,9.87,9.93,9.84,9.85,1656399,0
BETR.US,D,20220111,000000,9.88,9.8897,9.874,9.88,2906,0
BETR.US,D,20220112,000000,9.9291,9.9291,9.87,9.9,163790,0
BETR.US,D,20220113,000000,9.8801,9.8801,9.8801,9.8801,286,0
BETR.US,D,20220114,000000,9.9,9.92,9.8801,9.92,78212,0
BETR.US,D,20220118,000000,9.9,9.91,9.9,9.9,4089,0
BETR.US,D,20220119,000000,9.9,9.91,9.9,9.9011,13429,0
BETR.US,D,20220120,000000,9.9011,9.905,9.9,9.905,800,0
BETR.US,D,20220121,000000,9.9,9.905,9.85,9.865,25371,0
BETR.US,D,20220124,000000,9.86,9.885,9.84,9.885,9681,0
BETR.US,D,20220125,000000,9.85,9.9,9.85,9.885,8519,0
BETR.US,D,20220126,000000,9.91,9.93,9.8772,9.89,4582,0
BETR.US,D,20220127,000000,9.85,9.9,9.85,9.9,13324,0
BETR.US,D,20220128,000000,9.85,9.9,9.85,9.9,113629,0
BETR.US,D,20220131,000000,9.89,9.9,9.89,9.9,6792,0
BETR.US,D,20220201,000000,9.81,9.93,9.81,9.9104,37039,0
BETR.US,D,20220202,000000,9.91,9.91,9.91,9.91,10535,0
BETR.US,D,20220203,000000,9.85,9.91,9.85,9.9,11160,0
BETR.US,D,20220204,000000,9.9,9.905,9.9,9.9,5976,0
BETR.US,D,20220207,000000,9.86,9.9091,9.86,9.9,14190,0
BETR.US,D,20220208,000000,9.89,9.9,9.87,9.88,27882,0
BETR.US,D,20220209,000000,9.88,9.9,9.88,9.895,1552,0
BETR.US,D,20220210,000000,9.91,9.91,9.85,9.85,27433,0
BETR.US,D,20220211,000000,9.86,9.87,9.86,9.87,14032,0
BETR.US,D,20220214,000000,9.86,9.89,9.85,9.89,16209,0
BETR.US,D,20220215,000000,9.8657,9.87,9.86,9.87,3048,0
BETR.US,D,20220216,000000,9.86,9.87,9.86,9.86,5320,0
BETR.US,D,20220217,000000,9.86,9.89,9.86,9.88,22940,0
BETR.US,D,20220218,000000,9.81,9.9,9.81,9.885,14941,0
BETR.US,D,20220222,000000,9.82,9.9,9.81,9.89,43023,0
BETR.US,D,20220223,000000,9.89,9.89,9.86,9.866,11811,0
BETR.US,D,20220224,000000,9.88,9.8883,9.82,9.88,11677,0
BETR.US,D,20220225,000000,9.87,9.8807,9.85,9.85,522635,0
BETR.US,D,20220228,000000,9.85,9.9,9.84,9.9,360806,0
BETR.US,D,20220301,000000,9.86,9.88,9.86,9.86,25527,0
BETR.US,D,20220302,000000,9.85,9.87,9.8283,9.84,303803,0
BETR.US,D,20220303,000000,9.85,9.86,9.85,9.85,11588,0
BETR.US,D,20220304,000000,9.85,9.85,9.83,9.83,11294,0
BETR.US,D,20220307,000000,9.84,9.8401,9.835,9.835,12736,0
BETR.US,D,20220308,000000,9.83,9.83,9.8,9.8125,50011,0
BETR.US,D,20220309,000000,9.81,9.81,9.8,9.81,8371,0
BETR.US,D,20220310,000000,9.8,9.81,9.8,9.8,6638,0
BETR.US,D,20220311,000000,9.8011,9.82,9.8,9.815,1062,0
BETR.US,D,20220314,000000,9.82,9.83,9.81,9.82,45445,0
BETR.US,D,20220315,000000,9.815,9.8495,9.8,9.8,5640,0
BETR.US,D,20220316,000000,9.8,9.8,9.79,9.8,10919,0
BETR.US,D,20220317,000000,9.7917,9.81,9.79,9.81,1617,0
BETR.US,D,20220318,000000,9.81,9.83,9.81,9.81,1454,0
BETR.US,D,20220321,000000,9.8,9.81,9.8,9.81,4492,0
BETR.US,D,20220322,000000,9.81,9.8101,9.81,9.8101,2123,0
BETR.US,D,20220323,000000,9.8496,9.8496,9.825,9.825,419,0
BETR.US,D,20220324,000000,9.83,9.83,9.83,9.83,453,0
BETR.US,D,20220325,000000,9.83,9.835,9.82,9.82,1521,0
BETR.US,D,20220329,000000,9.85,9.85,9.85,9.85,4776,0
BETR.US,D,20220330,000000,9.8501,9.8501,9.81,9.81,1158,0
BETR.US,D,20220331,000000,9.9,9.9,9.81,9.86,11090,0
BETR.US,D,20220401,000000,9.86,9.86,9.86,9.86,829,0
BETR.US,D,20220404,000000,9.81,9.8469,9.81,9.83,2091,0
BETR.US,D,20220406,000000,9.83,9.8301,9.83,9.83,342,0
BETR.US,D,20220407,000000,9.81,9.8485,9.81,9.8101,4636,0
BETR.US,D,20220408,000000,9.82,9.82,9.82,9.82,869,0
BETR.US,D,20220411,000000,9.82,9.82,9.82,9.82,642,0
BETR.US,D,20220412,000000,9.81,9.81,9.8001,9.81,259220,0
BETR.US,D,20220413,000000,9.81,9.89,9.81,9.87,1239,0
BETR.US,D,20220414,000000,9.82,9.82,9.82,9.82,1658,0
BETR.US,D,20220419,000000,9.8355,9.8355,9.82,9.82,1367,0
BETR.US,D,20220420,000000,9.82,9.9,9.82,9.9,37103,0
BETR.US,D,20220421,000000,9.8511,9.865,9.8301,9.865,5439,0
BETR.US,D,20220422,000000,9.86,9.87,9.84,9.86,3692,0
BETR.US,D,20220425,000000,9.855,9.855,9.83,9.83,1523,0
BETR.US,D,20220426,000000,9.83,9.85,9.83,9.85,15774,0
BETR.US,D,20220427,000000,9.84,9.84,9.84,9.84,25455,0
BETR.US,D,20220428,000000,9.84,9.84,9.84,9.84,348,0
BETR.US,D,20220429,000000,9.84,9.855,9.84,9.85,18954,0
BETR.US,D,20220502,000000,9.85,9.85,9.85,9.85,12769,0
BETR.US,D,20220503,000000,9.85,9.851,9.85,9.85,722,0
BETR.US,D,20220504,000000,9.84,9.84,9.84,9.84,11254,0
BETR.US,D,20220505,000000,9.84,9.845,9.84,9.84,16835,0
BETR.US,D,20220506,000000,9.84,9.8401,9.84,9.84,14443,0
BETR.US,D,20220509,000000,9.84,9.8405,9.84,9.8405,2134,0
BETR.US,D,20220510,000000,9.84,9.84,9.82,9.825,42691,0
BETR.US,D,20220511,000000,9.83,9.8317,9.83,9.83,11959,0
BETR.US,D,20220512,000000,9.83,9.83,9.81,9.81,54249,0
BETR.US,D,20220513,000000,9.81,9.82,9.81,9.82,697,0
BETR.US,D,20220516,000000,9.8,9.8249,9.8,9.8249,462,0
BETR.US,D,20220517,000000,9.83,9.83,9.8002,9.81,4324,0
BETR.US,D,20220518,000000,9.79,9.81,9.79,9.81,1300,0
BETR.US,D,20220520,000000,9.8,9.8,9.8,9.8,110,0
BETR.US,D,20220523,000000,9.81,9.81,9.81,9.81,103,0
BETR.US,D,20220524,000000,9.8,9.85,9.8,9.8001,2738,0
BETR.US,D,20220525,000000,9.79,9.79,9.79,9.79,1113,0
BETR.US,D,20220526,000000,9.82,9.83,9.82,9.82,492,0
BETR.US,D,20220527,000000,9.8,9.83,9.8,9.83,802,0
BETR.US,D,20220531,000000,9.8,9.8,9.8,9.8,247,0
BETR.US,D,20220601,000000,9.81,9.85,9.81,9.847,3585,0
BETR.US,D,20220602,000000,9.8,9.84,9.8,9.83,645,0
BETR.US,D,20220606,000000,9.8,9.82,9.8,9.82,1595,0
BETR.US,D,20220607,000000,9.81,9.81,9.81,9.81,2430,0
BETR.US,D,20220608,000000,9.8,9.83,9.8,9.83,3062,0
BETR.US,D,20220609,000000,9.83,9.83,9.83,9.83,1723,0
BETR.US,D,20220610,000000,9.82,9.82,9.82,9.82,555,0
BETR.US,D,20220613,000000,9.81,9.84,9.81,9.81,7454,0
BETR.US,D,20220614,000000,9.8,9.84,9.8,9.8,7371,0
BETR.US,D,20220615,000000,9.84,9.84,9.8,9.8,8203,0
BETR.US,D,20220616,000000,9.79,9.8,9.79,9.79,10911,0
BETR.US,D,20220621,000000,9.79,9.79,9.79,9.79,1131,0
BETR.US,D,20220622,000000,9.7901,9.7901,9.79,9.7901,2098,0
BETR.US,D,20220623,000000,9.84,9.85,9.81,9.8116,5669,0
BETR.US,D,20220624,000000,9.81,9.83,9.81,9.83,413,0
BETR.US,D,20220627,000000,9.8,9.8114,9.8,9.8114,201,0
BETR.US,D,20220628,000000,9.83,9.83,9.83,9.83,226,0
BETR.US,D,20220629,000000,9.8102,9.8102,9.8102,9.8102,153,0
BETR.US,D,20220630,000000,9.81,9.81,9.78,9.79,40982,0
BETR.US,D,20220701,000000,9.8,9.8,9.8,9.8,3573,0
BETR.US,D,20220705,000000,9.8,9.805,9.79,9.805,2845,0
BETR.US,D,20220706,000000,9.8,9.8,9.8,9.8,667,0
BETR.US,D,20220708,000000,9.8,9.8,9.8,9.8,262,0
BETR.US,D,20220711,000000,9.8,9.8,9.795,9.8,30215,0
BETR.US,D,20220712,000000,9.8,9.8,9.79,9.79,10648,0
BETR.US,D,20220713,000000,9.8,9.81,9.8,9.81,201506,0
BETR.US,D,20220714,000000,9.81,9.825,9.81,9.825,15491,0
BETR.US,D,20220715,000000,9.83,9.83,9.825,9.83,10989,0
BETR.US,D,20220718,000000,9.82,9.82,9.8,9.8,825756,0
BETR.US,D,20220719,000000,9.81,9.82,9.8,9.82,1037704,0
BETR.US,D,20220720,000000,9.82,9.825,9.82,9.82,8938,0
BETR.US,D,20220721,000000,9.81,9.81,9.81,9.81,2947,0
BETR.US,D,20220722,000000,9.8205,9.8205,9.8205,9.8205,1143,0
BETR.US,D,20220725,000000,9.82,9.82,9.82,9.82,391,0
BETR.US,D,20220728,000000,9.83,9.83,9.83,9.83,1231,0
BETR.US,D,20220801,000000,9.835,9.835,9.83,9.83,2654,0
BETR.US,D,20220802,000000,9.8301,9.8301,9.83,9.83,368,0
BETR.US,D,20220804,000000,9.83,9.8499,9.83,9.8499,595669,0
BETR.US,D,20220805,000000,9.85,9.85,9.85,9.85,2060,0
BETR.US,D,20220808,000000,9.85,9.8501,9.85,9.85,3741,0
BETR.US,D,20220810,000000,9.86,9.86,9.86,9.86,1401,0
BETR.US,D,20220815,000000,9.86,9.86,9.859,9.86,4547,0
BETR.US,D,20220816,000000,9.85,9.85,9.85,9.85,225,0
BETR.US,D,20220818,000000,9.85,9.8573,9.85,9.85,202,0
BETR.US,D,20220819,000000,9.85,9.85,9.85,9.85,5151,0
BETR.US,D,20220822,000000,9.85,9.85,9.85,9.85,159,0
BETR.US,D,20220823,000000,9.86,9.86,9.86,9.86,290,0
BETR.US,D,20220824,000000,9.85,9.8712,9.85,9.85,5868,0
BETR.US,D,20220825,000000,9.89,9.99,9.86,9.89,1920,0
BETR.US,D,20220826,000000,9.85,9.87,9.85,9.87,1707,0
BETR.US,D,20220829,000000,9.86,9.87,9.85,9.864,207156,0
BETR.US,D,20220830,000000,9.87,9.87,9.865,9.865,9428,0
BETR.US,D,20220831,000000,9.89,9.89,9.86,9.89,180404,0
BETR.US,D,20220901,000000,9.89,9.89,9.87,9.88,421846,0
BETR.US,D,20220902,000000,9.88,9.88,9.88,9.88,200,0
BETR.US,D,20220906,000000,9.88,9.88,9.8716,9.8716,151569,0
BETR.US,D,20220907,000000,9.88,9.89,9.88,9.88,151695,0
BETR.US,D,20220908,000000,9.88,9.88,9.87,9.87,325466,0
BETR.US,D,20220912,000000,9.87,9.87,9.87,9.87,601,0
BETR.US,D,20220919,000000,9.88,9.89,9.88,9.885,59393,0
BETR.US,D,20220920,000000,9.89,9.89,9.88,9.89,57564,0
BETR.US,D,20220921,000000,9.88,9.89,9.88,9.88,47684,0
BETR.US,D,20220922,000000,9.88,9.88,9.88,9.88,20436,0
BETR.US,D,20220923,000000,9.888,9.9,9.885,9.9,13210,0
BETR.US,D,20220927,000000,9.94,9.94,9.88,9.88,362,0
BETR.US,D,20220929,000000,9.9,9.9,9.9,9.9,1050,0
BETR.US,D,20220930,000000,9.89,9.89,9.89,9.89,19109,0
BETR.US,D,20221003,000000,9.89,9.89,9.89,9.89,1120,0
BETR.US,D,20221004,000000,9.89,9.9,9.89,9.89,251766,0
BETR.US,D,20221007,000000,9.89,9.89,9.89,9.89,823,0
BETR.US,D,20221010,000000,9.9,9.91,9.9,9.91,20714,0
BETR.US,D,20221011,000000,9.91,9.915,9.91,9.915,1488,0
BETR.US,D,20221013,000000,9.9,9.9,9.9,9.9,532,0
BETR.US,D,20221017,000000,9.91,9.91,9.91,9.91,204,0
BETR.US,D,20221018,000000,9.91,9.91,9.91,9.91,2795,0
BETR.US,D,20221019,000000,9.91,9.91,9.91,9.91,101,0
BETR.US,D,20221020,000000,9.91,9.9141,9.91,9.9141,412,0
BETR.US,D,20221021,000000,9.9201,9.9201,9.9201,9.9201,265,0
BETR.US,D,20221024,000000,9.92,9.92,9.92,9.92,105,0
BETR.US,D,20221025,000000,9.92,9.92,9.92,9.92,738,0
BETR.US,D,20221026,000000,9.9232,9.9232,9.9232,9.9232,201,0
BETR.US,D,20221027,000000,9.92,9.92,9.92,9.92,1162,0
BETR.US,D,20221028,000000,9.9201,9.9201,9.92,9.92,200,0
BETR.US,D,20221031,000000,9.92,9.93,9.92,9.93,65100,0
BETR.US,D,20221101,000000,9.935,9.935,9.935,9.935,15515,0
BETR.US,D,20221102,000000,9.935,9.94,9.935,9.94,2515,0
BETR.US,D,20221103,000000,9.94,9.94,9.94,9.94,415,0
BETR.US,D,20221104,000000,9.94,9.9401,9.94,9.9401,726,0
BETR.US,D,20221107,000000,9.94,9.955,9.94,9.955,658,0
BETR.US,D,20221109,000000,9.95,9.9662,9.95,9.9662,221,0
BETR.US,D,20221110,000000,9.96,9.965,9.96,9.965,1212,0
BETR.US,D,20221111,000000,9.96,9.96,9.95,9.95,251167,0
BETR.US,D,20221114,000000,9.95,9.95,9.95,9.95,53217,0
BETR.US,D,20221115,000000,9.95,9.95,9.95,9.95,76231,0
BETR.US,D,20221116,000000,9.95,9.95,9.945,9.95,63412,0
BETR.US,D,20221117,000000,9.95,9.95,9.95,9.95,133593,0
BETR.US,D,20221118,000000,9.95,9.96,9.95,9.95,64479,0
BETR.US,D,20221121,000000,9.95,9.95,9.95,9.95,15428,0
BETR.US,D,20221122,000000,9.96,9.965,9.96,9.965,52895,0
BETR.US,D,20221123,000000,9.97,9.97,9.97,9.97,31100,0
BETR.US,D,20221125,000000,9.96,9.97,9.96,9.97,28567,0
BETR.US,D,20221129,000000,9.97,9.97,9.97,9.97,135,0
BETR.US,D,20221202,000000,9.975,9.975,9.975,9.975,450,0
BETR.US,D,20221205,000000,9.98,9.99,9.98,9.98,1584,0
BETR.US,D,20221206,000000,9.99,10.005,9.99,10.005,2868,0
BETR.US,D,20221207,000000,10.01,10.01,10.01,10.01,103,0
BETR.US,D,20221208,000000,10.01,10.02,10.01,10.02,12417,0
BETR.US,D,20221212,000000,10.02,10.035,10.02,10.035,264,0
BETR.US,D,20221213,000000,10.01,10.05,9.97,10.02,9766,0
BETR.US,D,20221214,000000,10.02,10.02,10.02,10.02,4733,0
BETR.US,D,20221215,000000,10.02,10.03,10.02,10.03,8971,0
BETR.US,D,20221216,000000,10.02,10.02,10.02,10.02,108792,0
BETR.US,D,20221219,000000,10.02,10.02,10.02,10.02,5662,0
BETR.US,D,20221221,000000,10.03,10.035,10.025,10.035,22466,0
BETR.US,D,20221222,000000,10.045,10.06,10.045,10.06,20586,0
BETR.US,D,20221223,000000,10.07,10.07,10.065,10.07,13816,0
BETR.US,D,20221227,000000,10.03,10.0805,10.03,10.08,20888,0
BETR.US,D,20221228,000000,10.039,10.039,10.03,10.03,904,0
BETR.US,D,20221229,000000,10.03,10.08,10.03,10.075,20793,0
BETR.US,D,20221230,000000,10.08,10.09,10.08,10.09,27495,0
BETR.US,D,20230103,000000,10.09,10.09,10.075,10.09,40214,0
BETR.US,D,20230104,000000,10.1,10.105,10.1,10.1,3003,0
BETR.US,D,20230105,000000,10.13,10.13,10.1001,10.1001,417449,0
BETR.US,D,20230109,000000,10.11,10.115,10.11,10.115,3765,0
BETR.US,D,20230110,000000,10.115,10.115,10.11,10.115,11222,0
BETR.US,D,20230111,000000,10.09,10.115,10.09,10.115,456,0
BETR.US,D,20230112,000000,10.12,10.12,10.12,10.12,1431,0
BETR.US,D,20230113,000000,10.13,10.137,10.13,10.13,18822,0
BETR.US,D,20230117,000000,10.13,10.13,10.125,10.125,828,0
BETR.US,D,20230118,000000,10.13,10.14,10.13,10.14,34487,0
BETR.US,D,20230119,000000,10.14,10.14,10.14,10.14,304,0
BETR.US,D,20230120,000000,10.145,10.15,10.145,10.1499,256947,0
BETR.US,D,20230124,000000,10.15,10.15,10.145,10.145,10935,0
BETR.US,D,20230125,000000,10.15,10.15,10.14,10.14,153359,0
BETR.US,D,20230126,000000,10.14,10.14,10.14,10.14,10015,0
BETR.US,D,20230127,000000,10.15,10.16,10.15,10.16,1109974,0
BETR.US,D,20230130,000000,10.16,10.17,10.16,10.17,2998,0
BETR.US,D,20230131,000000,10.165,10.165,10.165,10.165,1102,0
BETR.US,D,20230201,000000,10.16,10.1647,10.16,10.16,390318,0
BETR.US,D,20230202,000000,10.16,10.16,10.16,10.16,385,0
BETR.US,D,20230203,000000,10.17,10.18,10.165,10.17,152033,0
BETR.US,D,20230206,000000,10.18,10.18,10.17,10.17,1025432,0
BETR.US,D,20230207,000000,10.17,10.175,10.17,10.17,385868,0
BETR.US,D,20230208,000000,10.17,10.175,10.17,10.175,100200,0
BETR.US,D,20230209,000000,10.175,10.18,10.17,10.17,307241,0
BETR.US,D,20230210,000000,10.17,10.175,10.17,10.17,61707,0
BETR.US,D,20230213,000000,10.175,10.175,10.175,10.175,7369,0
BETR.US,D,20230214,000000,10.17,10.18,10.17,10.1701,1506,0
BETR.US,D,20230216,000000,10.175,10.19,10.17,10.1801,377142,0
BETR.US,D,20230217,000000,10.19,10.19,10.18,10.185,27559,0
BETR.US,D,20230221,000000,10.11,10.15,10.11,10.12,3923,0
BETR.US,D,20230222,000000,10.17,10.17,10.09,10.16,2850,0
BETR.US,D,20230223,000000,10.05,10.11,10.05,10.05,1620,0
BETR.US,D,20230227,000000,10.08,10.0907,10.08,10.0907,2598,0
BETR.US,D,20230228,000000,10.0597,10.5,10.0528,10.2401,27613,0
BETR.US,D,20230301,000000,10.5,10.5,10.16,10.302,11001,0
BETR.US,D,20230302,000000,10.27,10.46,10.06,10.29,16072,0
BETR.US,D,20230303,000000,10.26,10.3,10.12,10.18,5857,0
BETR.US,D,20230306,000000,10.15,10.25,10.15,10.25,1468,0
BETR.US,D,20230307,000000,10.2,10.21,10.2,10.21,1179,0
BETR.US,D,20230308,000000,10.22,10.22,10.215,10.215,1072,0
BETR.US,D,20230309,000000,10.22,10.22,10.21,10.21,6016,0
BETR.US,D,20230310,000000,10.21,10.49,10.185,10.185,50872,0
BETR.US,D,20230313,000000,10.18,10.187,10.18,10.187,394,0
BETR.US,D,20230321,000000,10.18,10.18,10.18,10.18,217,0
BETR.US,D,20230322,000000,10.19,10.19,10.19,10.19,379,0
BETR.US,D,20230323,000000,10.2,10.2,10.2,10.2,102,0
BETR.US,D,20230324,000000,10.18,10.18,10.13,10.13,10723,0
BETR.US,D,20230327,000000,10.1019,10.1019,10.1019,10.1019,158,0
BETR.US,D,20230328,000000,10.11,10.11,10.11,10.11,201,0
BETR.US,D,20230403,000000,10.19,10.19,10.19,10.19,474,0
BETR.US,D,20230404,000000,10.18,10.19,10.15,10.15,1436,0
BETR.US,D,20230410,000000,10.15,10.15,10.14,10.15,1007,0
BETR.US,D,20230412,000000,10.14,10.14,10.13,10.13,3424,0
BETR.US,D,20230417,000000,10.135,10.135,10.13,10.13,511,0
BETR.US,D,20230418,000000,10.13,10.13,10.13,10.13,798,0
BETR.US,D,20230421,000000,10.13,10.13,10.13,10.13,116,0
BETR.US,D,20230426,000000,10.17,10.17,10.17,10.17,105,0
BETR.US,D,20230428,000000,10.13,10.13,10.13,10.13,885,0
BETR.US,D,20230504,000000,10.14,10.14,10.14,10.14,399,0
BETR.US,D,20230510,000000,10.16,10.18,10.16,10.18,12479,0
BETR.US,D,20230511,000000,10.1864,10.19,10.1864,10.19,2375,0
BETR.US,D,20230512,000000,10.17,10.1701,10.17,10.1701,1103,0
BETR.US,D,20230516,000000,10.19,10.19,10.19,10.19,378,0
BETR.US,D,20230523,000000,10.23,10.24,10.23,10.24,1507,0
BETR.US,D,20230525,000000,10.22,10.24,10.22,10.24,10584,0
BETR.US,D,20230530,000000,10.25,10.25,10.25,10.25,462,0
BETR.US,D,20230531,000000,10.25,10.5,10.25,10.5,10086,0
BETR.US,D,20230602,000000,10.32,10.32,10.32,10.32,125,0
BETR.US,D,20230605,000000,10.32,10.3412,10.31,10.3412,1531,0
BETR.US,D,20230613,000000,10.33,10.3301,10.33,10.3301,623,0
BETR.US,D,20230616,000000,10.5,10.5,10.5,10.5,101,0
BETR.US,D,20230622,000000,10.33,10.3301,10.33,10.3301,4060,0
BETR.US,D,20230629,000000,10.45,10.45,10.45,10.45,100,0
BETR.US,D,20230710,000000,10.36,10.38,10.36,10.37,453,0
BETR.US,D,20230720,000000,10.38,10.38,10.38,10.38,101,0
BETR.US,D,20230721,000000,10.38,10.38,10.38,10.38,167,0
BETR.US,D,20230725,000000,14.9,38.95,14.25,33.53,8607867,0
BETR.US,D,20230726,000000,26.73,29.9,21,21.5,1113805,0
BETR.US,D,20230727,000000,19.9,23,17.72,20.66,278644,0
BETR.US,D,20230728,000000,20.22,62.91,19.45,44.05,3091901,0
BETR.US,D,20230731,000000,52.31,58.59,45.61,46.01,786063,0
BETR.US,D,20230801,000000,43,43.3,30.46,31,158867,0
BETR.US,D,20230802,000000,33,60.9,32.11,49.58,1448286,0
BETR.US,D,20230803,000000,58.24,58.24,40.73,44.175,258546,0
BETR.US,D,20230804,000000,43.23,46,36.01,43.69,173142,0
BETR.US,D,20230807,000000,38.93,45,37.01,43.87,145972,0
BETR.US,D,20230808,000000,41.27,50,39,42.27,202017,0
BETR.US,D,20230809,000000,41.82,48.68,40.1,40.5,186994,0
BETR.US,D,20230810,000000,40.07,43.4,38.51,40.21,94843,0
BETR.US,D,20230811,000000,36.44,37.7558,34,35.87,71389,0
BETR.US,D,20230814,000000,26.43,26.5767,21.6175,22.97,103779,0
BETR.US,D,20230815,000000,23.93,34.9899,21.26,25.01,194419,0
BETR.US,D,20230816,000000,27.22,33,27,32.15,260579,0
BETR.US,D,20230817,000000,29.9,30.37,26,26.77,121579,0
BETR.US,D,20230818,000000,25.8,27,23.72,23.87,55800,0
BETR.US,D,20230821,000000,21.12,24,20.5,21.98,68611,0
BETR.US,D,20230822,000000,23.03,24.92,19.75,24.55,88520,0
BETR.US,D,20230823,000000,22,23,17.01,17.4425,113626,0
BETR.US,D,20230824,000000,1.98,1.98,0.7711,1.15,48324700,0
BETR.US,D,20230825,000000,1.28,1.3398,1.1,1.19,59501904,0
BETR.US,D,20230828,000000,1.2,1.22,1,1.02,25545635,0
BETR.US,D,20230829,000000,0.9989,1,0.81,0.849,22452597,0
BETR.US,D,20230830,000000,0.88,0.95,0.86,0.87,17469004,0
BETR.US,D,20230831,000000,0.9244,1,0.871,0.925,18201717,0
BETR.US,D,20230901,000000,0.87,0.922,0.79,0.8049,18999248,0
BETR.US,D,20230905,000000,0.825,0.88,0.76,0.8101,8636243,0
BETR.US,D,20230906,000000,0.8101,0.82,0.76,0.7686,5511477,0
BETR.US,D,20230907,000000,0.75,0.753,0.605,0.6289,14080898,0
BETR.US,D,20230908,000000,0.64,0.6409,0.523,0.5843,11364610,0
BETR.US,D,20230911,000000,0.58,0.691,0.57,0.6408,5170206,0
BETR.US,D,20230912,000000,0.6426,0.7261,0.58,0.6908,5907271,0
BETR.US,D,20230913,000000,0.7,0.745,0.662,0.6763,4922700,0
BETR.US,D,20230914,000000,0.6813,0.6813,0.63,0.6437,3368004,0
BETR.US,D,20230915,000000,0.6254,0.6899,0.58,0.6421,4796718,0
BETR.US,D,20230918,000000,0.6397,0.679,0.604,0.665,2518657,0
BETR.US,D,20230919,000000,0.65,0.68,0.64,0.6499,3099985,0
BETR.US,D,20230920,000000,0.64,0.6724,0.62,0.6238,1819520,0
BETR.US,D,20230921,000000,0.62,0.62,0.55,0.5638,5298358,0
BETR.US,D,20230922,000000,0.5709,0.578,0.535,0.544599,2449077,0
BETR.US,D,20230925,000000,0.53,0.54,0.5101,0.5167,2824539,0
BETR.US,D,20230926,000000,0.5102,0.51455,0.4601,0.47,3956163,0
BETR.US,D,20230927,000000,0.4839,0.485,0.45,0.4602,2558502,0
BETR.US,D,20230928,000000,0.458,0.4645,0.4402,0.455,2192135,0
BETR.US,D,20230929,000000,0.4501,0.495,0.4501,0.479,2261369,0
BETR.US,D,20231002,000000,0.468,0.4723,0.451,0.4626,1468636,0
BETR.US,D,20231003,000000,0.4609,0.4609,0.4266,0.4394,1803818,0
BETR.US,D,20231004,000000,0.44,0.443,0.4101,0.4208,1703740,0
BETR.US,D,20231005,000000,0.4275,0.444,0.4123,0.426,1367591,0
BETR.US,D,20231006,000000,0.4253,0.444,0.415,0.426,1238266,0
BETR.US,D,20231009,000000,0.4111,0.424,0.4046,0.41,1555463,0
BETR.US,D,20231010,000000,0.419,0.4225,0.41,0.4115,1847939,0
BETR.US,D,20231011,000000,0.416,0.4287,0.41,0.411,1327621,0
BETR.US,D,20231012,000000,0.42,0.42,0.3973,0.3973,1185520,0
BETR.US,D,20231013,000000,0.3881,0.4096,0.341,0.3978,4919414,0
BETR.US,D,20231016,000000,0.391,0.3946,0.360194,0.3668,2508470,0
BETR.US,D,20231017,000000,0.38,0.42,0.38,0.405,2124182,0
BETR.US,D,20231018,000000,0.403,0.412999,0.3909,0.41,1206630,0
BETR.US,D,20231019,000000,0.43,0.4499,0.4255,0.44,1561447,0
BETR.US,D,20231020,000000,0.44,0.46099,0.4104,0.42,1221469,0
BETR.US,D,20231023,000000,0.429,0.4376,0.411101,0.4254,616423,0
BETR.US,D,20231024,000000,0.4207,0.424,0.4,0.42,796009,0
BETR.US,D,20231025,000000,0.4099,0.422,0.4019,0.42,772536,0
BETR.US,D,20231026,000000,0.4172,0.43,0.41,0.4297,694248,0
BETR.US,D,20231027,000000,0.4298,0.466,0.416,0.4639,1271015,0
BETR.US,D,20231030,000000,0.45,0.4867,0.447,0.4786,1600352,0
BETR.US,D,20231031,000000,0.4806,0.489,0.4668,0.4716,586123,0
BETR.US,D,20231101,000000,0.4821,0.4821,0.4559,0.4656,341324,0
BETR.US,D,20231102,000000,0.461,0.4791,0.4417,0.471,745045,0
BETR.US,D,20231103,000000,0.4796,0.486,0.46,0.48,756360,0
BETR.US,D,20231106,000000,0.485,0.485,0.455,0.4709,797831,0
BETR.US,D,20231107,000000,0.4686,0.4686,0.429,0.444,1348069,0
BETR.US,D,20231108,000000,0.44,0.469,0.435001,0.445,740886,0
BETR.US,D,20231109,000000,0.4673,0.4673,0.429,0.4398,688349,0
BETR.US,D,20231110,000000,0.4389,0.4454,0.4151,0.437,667764,0
BETR.US,D,20231113,000000,0.4379,0.4649,0.424,0.4638,911414,0
BETR.US,D,20231114,000000,0.4113,0.4574,0.405,0.4275,2628122,0
BETR.US,D,20231115,000000,0.42,0.451,0.42,0.44,894776,0
BETR.US,D,20231116,000000,0.41,0.4424,0.41,0.438,707528,0
BETR.US,D,20231117,000000,0.4399,0.4444,0.422,0.4306,508785,0
BETR.US,D,20231120,000000,0.43,0.4389,0.4033,0.413,840502,0
BETR.US,D,20231121,000000,0.421,0.421,0.3851,0.403,1166978,0
BETR.US,D,20231122,000000,0.403,0.41,0.3805,0.402,909540,0
BETR.US,D,20231124,000000,0.4038,0.4306,0.401701,0.4274,491382,0
BETR.US,D,20231127,000000,0.4106,0.45,0.4106,0.4444,1117289,0
BETR.US,D,20231128,000000,0.438,0.44,0.4151,0.4299,803379,0
BETR.US,D,20231129,000000,0.417,0.48,0.41,0.451,1907137,0
BETR.US,D,20231130,000000,0.42,0.462,0.42,0.458,620818,0
BETR.US,D,20231201,000000,0.4361,0.4699,0.4361,0.4531,799465,0
BETR.US,D,20231204,000000,0.4699,0.5334,0.458101,0.4865,3562208,0
BETR.US,D,20231205,000000,0.5,0.5,0.463,0.474,1394964,0
BETR.US,D,20231206,000000,0.4689,0.4982,0.423,0.4499,2968571,0
BETR.US,D,20231207,000000,0.4469,0.4529,0.425,0.425,1529255,0
BETR.US,D,20231208,000000,0.4258,0.453,0.4255,0.429,930042,0
BETR.US,D,20231211,000000,0.4346,0.4603,0.4245,0.449,1235296,0
BETR.US,D,20231212,000000,0.45,0.478,0.431,0.4686,1082310,0
BETR.US,D,20231213,000000,0.4698,0.53,0.4601,0.511,3551418,0
BETR.US,D,20231214,000000,0.5347,0.5578,0.501,0.5361,4542149,0
BETR.US,D,20231215,000000,0.569,0.6899,0.5331,0.6494,21917571,0
BETR.US,D,20231218,000000,0.6586,0.68,0.5671,0.6003,6454782,0
BETR.US,D,20231219,000000,0.5952,0.6474,0.5952,0.647,3056371,0
BETR.US,D,20231220,000000,0.6436,0.68,0.5994,0.6227,3008517,0
BETR.US,D,20231221,000000,0.62,0.6347,0.6027,0.62,1137907,0
BETR.US,D,20231222,000000,0.63,0.6398,0.5901,0.639,1898049,0
BETR.US,D,20231226,000000,0.64,0.716,0.63,0.702,3481608,0
BETR.US,D,20231227,000000,0.71,0.755,0.6963,0.7213,3087125,0
BETR.US,D,20231228,000000,0.734,0.8799,0.725,0.86,8961950,0
BETR.US,D,20231229,000000,0.9,0.9099,0.78,0.8165,4641597,0
BETR.US,D,20240102,000000,0.79,0.8381,0.7374,0.7879,2151203,0
BETR.US,D,20240103,000000,0.769,0.799899,0.7,0.7249,2059423,0
BETR.US,D,20240104,000000,0.7149,0.7571,0.6625,0.6786,2622714,0
BETR.US,D,20240105,000000,0.6615,0.7283,0.6615,0.6716,1362821,0
BETR.US,D,20240108,000000,0.6893,0.7598,0.661701,0.748,1827524,0
BETR.US,D,20240109,000000,0.7371,0.74,0.7,0.7194,736939,0
BETR.US,D,20240110,000000,0.7145,0.718,0.683,0.6883,827299,0
BETR.US,D,20240111,000000,0.69,0.72,0.651,0.67,1195852,0
BETR.US,D,20240112,000000,0.66,0.7,0.655,0.66,1135898,0
BETR.US,D,20240116,000000,0.65,0.6637,0.6119,0.6496,1365049,0
BETR.US,D,20240117,000000,0.6341,0.643,0.594,0.5979,1185224,0
BETR.US,D,20240118,000000,0.61,0.61,0.561,0.578,873402,0
BETR.US,D,20240119,000000,0.58,0.5998,0.56,0.577,785871,0
BETR.US,D,20240122,000000,0.5857,0.61,0.5747,0.5857,847795,0
BETR.US,D,20240123,000000,0.5852,0.6199,0.58,0.5903,721439,0
BETR.US,D,20240124,000000,0.595,0.627,0.5801,0.5946,670668,0
BETR.US,D,20240125,000000,0.63,0.63,0.58,0.5821,1246816,0
BETR.US,D,20240126,000000,0.5817,0.61,0.5816,0.5942,736903,0
BETR.US,D,20240129,000000,0.6,0.61,0.58,0.6057,906954,0
BETR.US,D,20240130,000000,0.592,0.6039,0.583,0.595,1258876,0
BETR.US,D,20240131,000000,0.5927,0.65,0.585,0.615,647153,0
BETR.US,D,20240201,000000,0.6388,0.64,0.606,0.62,511629,0
BETR.US,D,20240202,000000,0.6144,0.6402,0.605,0.6226,448179,0
BETR.US,D,20240205,000000,0.6133,0.6325,0.604,0.6128,333092,0
BETR.US,D,20240206,000000,0.6071,0.62,0.5655,0.6,1821930,0
BETR.US,D,20240207,000000,0.5875,0.5915,0.54,0.5649,1502650,0
BETR.US,D,20240208,000000,0.56,0.569,0.53,0.5308,1182849,0
BETR.US,D,20240209,000000,0.5381,0.5975,0.525,0.551,1818214,0
BETR.US,D,20240212,000000,0.5563,0.5688,0.5459,0.5501,629127,0
BETR.US,D,20240213,000000,0.5347,0.5499,0.5232,0.5369,1009995,0
BETR.US,D,20240214,000000,0.52,0.535,0.4906,0.527,2110167,0
BETR.US,D,20240215,000000,0.531,0.5793,0.5203,0.5702,1600339,0
BETR.US,D,20240216,000000,0.59,0.5939,0.5701,0.573,878256,0
BETR.US,D,20240220,000000,0.57,0.59,0.5425,0.5516,935753,0
BETR.US,D,20240221,000000,0.536,0.54205,0.4952,0.5066,1869717,0
BETR.US,D,20240222,000000,0.51,0.527999,0.48695,0.495,1920832,0
BETR.US,D,20240223,000000,0.48,0.517599,0.470201,0.495,1430600,0
BETR.US,D,20240226,000000,0.4748,0.516,0.46755,0.5,834447,0
BETR.US,D,20240227,000000,0.494,0.516,0.494,0.5,1038534,0
BETR.US,D,20240228,000000,0.5355,0.55899,0.5082,0.51,977496,0
BETR.US,D,20240229,000000,0.51,0.539999,0.51,0.5349,1102159,0
BETR.US,D,20240301,000000,0.5404,0.5404,0.4752,0.514,1079270,0
BETR.US,D,20240304,000000,0.514,0.52,0.48,0.4918,1270193,0
BETR.US,D,20240305,000000,0.4907,0.4907,0.477,0.4868,744475,0
BETR.US,D,20240306,000000,0.49,0.509,0.4763,0.486,747191,0
BETR.US,D,20240307,000000,0.5065,0.5065,0.4838,0.4991,745330,0
BETR.US,D,20240308,000000,0.4939,0.5,0.4599,0.4797,1572352,0
BETR.US,D,20240311,000000,0.49,0.49,0.445,0.475,1195065,0
BETR.US,D,20240312,000000,0.4812,0.4812,0.455,0.4678,836807,0
BETR.US,D,20240313,000000,0.455,0.469,0.452,0.46,706377,0
BETR.US,D,20240314,000000,0.452,0.46,0.445,0.45,732601,0
BETR.US,D,20240315,000000,0.4446,0.541,0.441,0.5353,2843416,0
BETR.US,D,20240318,000000,0.52,0.52,0.4765,0.4783,582246,0
BETR.US,D,20240319,000000,0.485,0.4899,0.47,0.4721,381712,0
BETR.US,D,20240320,000000,0.4704,0.4878,0.45,0.464,791334,0
BETR.US,D,20240321,000000,0.48,0.5,0.4651,0.472,730232,0
BETR.US,D,20240322,000000,0.478,0.491,0.4701,0.4894,653629,0
BETR.US,D,20240325,000000,0.49,0.49,0.463,0.4708,512055,0
BETR.US,D,20240326,000000,0.47,0.53,0.465,0.52,849858,0
BETR.US,D,20240327,000000,0.5044,0.58,0.493,0.544,1319176,0
BETR.US,D,20240328,000000,0.51,0.551,0.47,0.4967,2149699,0
BETR.US,D,20240401,000000,0.51,0.51,0.45,0.45,1103449,0
BETR.US,D,20240402,000000,0.4525,0.469,0.4261,0.4587,747212,0
BETR.US,D,20240403,000000,0.4543,0.4587,0.4416,0.45,580249,0
BETR.US,D,20240404,000000,0.46,0.4988,0.4437,0.453,687554,0
BETR.US,D,20240405,000000,0.4557,0.4775,0.4357,0.4627,388418,0
BETR.US,D,20240408,000000,0.4613,0.47,0.44,0.462,318857,0
BETR.US,D,20240409,000000,0.47,0.47,0.447,0.4695,475184,0
BETR.US,D,20240410,000000,0.444,0.4639,0.4385,0.4534,526062,0
BETR.US,D,20240411,000000,0.458,0.4629,0.445,0.4554,248579,0
BETR.US,D,20240412,000000,0.4537,0.4695,0.44,0.4454,734700,0
BETR.US,D,20240415,000000,0.44,0.446,0.41,0.4206,848246,0
BETR.US,D,20240416,000000,0.415,0.43,0.4125,0.4299,755351,0
BETR.US,D,20240417,000000,0.43,0.459,0.4175,0.4523,382133,0
BETR.US,D,20240418,000000,0.4482,0.4569,0.43,0.4504,526432,0
BETR.US,D,20240419,000000,0.4462,0.4518,0.43,0.4399,681810,0
BETR.US,D,20240422,000000,0.4403,0.458,0.42,0.421,591852,0
BETR.US,D,20240423,000000,0.4175,0.4393,0.41,0.416,530384,0
BETR.US,D,20240424,000000,0.411,0.427,0.41,0.4226,413524,0
BETR.US,D,20240425,000000,0.4242,0.4319,0.4127,0.4198,464928,0
BETR.US,D,20240426,000000,0.412,0.425,0.381,0.3965,1205374,0
BETR.US,D,20240429,000000,0.388,0.4327,0.388,0.4175,677797,0
BETR.US,D,20240430,000000,0.414,0.42,0.393,0.397,420350,0
BETR.US,D,20240501,000000,0.3929,0.406,0.3853,0.388,524205,0
BETR.US,D,20240502,000000,0.4,0.4117,0.38,0.4117,822587,0
BETR.US,D,20240503,000000,0.403,0.423,0.3866,0.388,716359,0
BETR.US,D,20240506,000000,0.4,0.425,0.386,0.386,833798,0
BETR.US,D,20240507,000000,0.38,0.4096,0.3737,0.3822,616426,0
BETR.US,D,20240508,000000,0.381,0.4096,0.381,0.4074,570769,0
BETR.US,D,20240509,000000,0.4058,0.426,0.4,0.416,353840,0
BETR.US,D,20240510,000000,0.4125,0.434,0.4125,0.43,368329,0
BETR.US,D,20240513,000000,0.424,0.457,0.42,0.445,646657,0
BETR.US,D,20240514,000000,0.465,0.465,0.371,0.417,2913412,0
BETR.US,D,20240515,000000,0.4262,0.43,0.39,0.3951,941150,0
BETR.US,D,20240516,000000,0.3905,0.405,0.389,0.3924,860051,0
BETR.US,D,20240517,000000,0.3973,0.401,0.375,0.3852,1843088,0
BETR.US,D,20240520,000000,0.3924,0.4106,0.3875,0.3999,967571,0
BETR.US,D,20240521,000000,0.404,0.4049,0.3802,0.3899,1099486,0
BETR.US,D,20240522,000000,0.389,0.3899,0.371,0.381,1171774,0
BETR.US,D,20240523,000000,0.3722,0.3838,0.3517,0.367,2540251,0
BETR.US,D,20240524,000000,0.369,0.3799,0.3003,0.318,2241164,0
BETR.US,D,20240528,000000,0.355,0.3555,0.3391,0.3441,1530617,0
BETR.US,D,20240529,000000,0.339,0.354,0.32,0.3505,1911402,0
BETR.US,D,20240530,000000,0.3505,0.355,0.321,0.3215,2427879,0
BETR.US,D,20240531,000000,0.3378,0.3418,0.322,0.33,1576003,0
BETR.US,D,20240603,000000,0.331,0.355,0.3301,0.3439,956810,0
BETR.US,D,20240604,000000,0.3434,0.3434,0.329,0.331,536932,0
BETR.US,D,20240605,000000,0.3332,0.365,0.3332,0.3506,1094858,0
BETR.US,D,20240606,000000,0.3494,0.359,0.3204,0.3431,2051157,0
BETR.US,D,20240607,000000,0.34,0.343,0.321,0.34,1679953,0
BETR.US,D,20240610,000000,0.3442,0.3525,0.331,0.3452,850082,0
BETR.US,D,20240611,000000,0.35,0.359,0.326,0.335,1429622,0
BETR.US,D,20240612,000000,0.33,0.3523,0.3245,0.3441,2239600,0
BETR.US,D,20240613,000000,0.3422,0.3504,0.336,0.3448,910435,0
BETR.US,D,20240614,000000,0.3481,0.35,0.3324,0.3401,1159286,0
BETR.US,D,20240617,000000,0.345,0.35,0.3276,0.33,987345,0
BETR.US,D,20240618,000000,0.3337,0.3575,0.32,0.3574,4962239,0
BETR.US,D,20240620,000000,0.3495,0.4399,0.345,0.4109,3917551,0
BETR.US,D,20240621,000000,0.4051,0.4329,0.392,0.4135,2311625,0
BETR.US,D,20240624,000000,0.4174,0.4723,0.4,0.4723,3487924,0
BETR.US,D,20240625,000000,0.4699,0.4965,0.4449,0.462,2262958,0
BETR.US,D,20240626,000000,0.4677,0.47,0.4415,0.4601,706326,0
BETR.US,D,20240627,000000,0.4676,0.475,0.4538,0.4741,678622,0
BETR.US,D,20240628,000000,0.48,0.4891,0.455,0.459,918873,0
BETR.US,D,20240701,000000,0.469,0.4695,0.4241,0.453,799879,0
BETR.US,D,20240702,000000,0.446,0.462,0.4281,0.444,423115,0
BETR.US,D,20240703,000000,0.4421,0.475,0.4421,0.4549,554574,0
BETR.US,D,20240705,000000,0.4431,0.469,0.4431,0.4634,382002,0
BETR.US,D,20240708,000000,0.4651,0.5,0.4525,0.5,2636578,0
BETR.US,D,20240709,000000,0.5,0.5508,0.4901,0.5424,1918924,0
BETR.US,D,20240710,000000,0.5424,0.5783,0.5039,0.567,2251606,0
BETR.US,D,20240711,000000,0.5636,0.59,0.54,0.54,743471,0
BETR.US,D,20240712,000000,0.55,0.5586,0.526,0.5451,659999,0
BETR.US,D,20240715,000000,0.545,0.58,0.536,0.5793,3495663,0
BETR.US,D,20240716,000000,0.599,0.6,0.5622,0.5806,869419,0
BETR.US,D,20240717,000000,0.596,0.596,0.5442,0.5641,1060193,0
BETR.US,D,20240718,000000,0.5631,0.5698,0.525,0.529,552123,0
BETR.US,D,20240719,000000,0.525,0.5788,0.524,0.5602,849156,0
BETR.US,D,20240722,000000,0.56,0.5845,0.526,0.5369,881201,0
BETR.US,D,20240723,000000,0.5317,0.5598,0.525,0.5293,500258,0
BETR.US,D,20240724,000000,0.526,0.54545,0.4859,0.504,1122394,0
BETR.US,D,20240725,000000,0.5059,0.5315,0.5,0.511,232534,0
BETR.US,D,20240726,000000,0.521,0.556,0.514,0.553,931787,0
BETR.US,D,20240729,000000,0.5617,0.5617,0.5308,0.5471,177857,0
BETR.US,D,20240730,000000,0.5307,0.549,0.5107,0.5107,751358,0
BETR.US,D,20240731,000000,0.5178,0.541,0.5041,0.5088,450072,0
BETR.US,D,20240801,000000,0.5119,0.5179,0.4667,0.4809,882289,0
BETR.US,D,20240802,000000,0.48,0.48,0.4263,0.46045,540116,0
BETR.US,D,20240805,000000,0.4402,0.4859,0.435,0.4773,1303195,0
BETR.US,D,20240806,000000,0.4859,0.5043,0.4668,0.4791,472791,0
BETR.US,D,20240807,000000,0.48,0.4982,0.4625,0.477,757769,0
BETR.US,D,20240808,000000,0.41,0.4126,0.3188,0.3878,4464920,0
BETR.US,D,20240809,000000,0.3901,0.429,0.3867,0.4142,1065392,0
BETR.US,D,20240812,000000,0.4093,0.414,0.372,0.3849,1125257,0
BETR.US,D,20240813,000000,0.3873,0.3992,0.3727,0.3779,721206,0
BETR.US,D,20240814,000000,0.39,0.399,0.375,0.389,496481,0
BETR.US,D,20240815,000000,0.39,0.4141,0.375,0.3829,846475,0
BETR.US,D,20240816,000000,0.374,0.41,0.374,0.398,1149216,0
BETR.US,D,20240819,000000,19.96,22.66,17.5965,20.28,43314,0
BETR.US,D,20240820,000000,19.99,20.14,19.15,20.05,23671,0
BETR.US,D,20240821,000000,20.19,21.7499,19.59,21.02,33914,0
BETR.US,D,20240822,000000,20.13,21.1,19.37,19.41,20867,0
BETR.US,D,20240823,000000,19.47,20.1,18.79,18.95,50572,0
BETR.US,D,20240826,000000,18.87,19.1737,17.21,17.25,60386,0
BETR.US,D,20240827,000000,17.2,17.6756,16.75,16.84,27640,0
BETR.US,D,20240828,000000,16.79,16.8537,16.06,16.34,39553,0
BETR.US,D,20240829,000000,16.38,16.8251,15.39,16.1,79796,0
BETR.US,D,20240830,000000,16.5,16.815,15.4354,15.74,102699,0
BETR.US,D,20240903,000000,15.72,15.965,14.86,15.62,37917,0
BETR.US,D,20240904,000000,15.02,16.5,15.02,16.4,75756,0
BETR.US,D,20240905,000000,16.01,17.5,16.01,16.96,30162,0
BETR.US,D,20240906,000000,16.55,17,16.28,16.98,19845,0
BETR.US,D,20240909,000000,17.06,17.755,16.43,16.9,27997,0
BETR.US,D,20240910,000000,16.97,17.44,16.97,17.06,9067,0
BETR.US,D,20240911,000000,16.865,17.175,16.02,16.3,47734,0
BETR.US,D,20240912,000000,16.3,17.12,15.84,16.33,30366,0
BETR.US,D,20240913,000000,16.3166,17.1,16.05,16.38,14583,0
BETR.US,D,20240916,000000,16.69,17.2699,15.88,16.2,14165,0
BETR.US,D,20240917,000000,16.53,16.53,15.95,16.43,18602,0
BETR.US,D,20240918,000000,16.12,18.4,15.5533,17.45,67627,0
BETR.US,D,20240919,000000,18.23,21.8,18.14,20.06,103284,0
BETR.US,D,20240920,000000,20.74,20.74,18.9488,19.25,69717,0
BETR.US,D,20240923,000000,19.1943,19.81,18.77,19.42,56146,0
BETR.US,D,20240924,000000,19.42,19.66,18.486,18.5,43282,0
BETR.US,D,20240925,000000,18.51,18.51,17.44,18.06,39262,0
BETR.US,D,20240926,000000,18.39,18.52,17.744915,18.22,17926,0
BETR.US,D,20240927,000000,18.47,19.4599,18.3,18.3,15512,0
BETR.US,D,20240930,000000,18.24,18.71,17.65,17.81,20033,0
BETR.US,D,20241001,000000,17.58,18.365,17.455,18.16,65591,0
BETR.US,D,20241002,000000,18.18,18.2,16.38,16.7,36990,0
BETR.US,D,20241003,000000,17.295,17.295,15.61,15.89,64522,0
BETR.US,D,20241004,000000,16.62,16.64,15.78,16.07,31764,0
BETR.US,D,20241007,000000,16,16.82,15.47,15.74,136386,0
BETR.US,D,20241008,000000,15.71,15.825,15.1,15.15,16438,0
BETR.US,D,20241009,000000,15.86,15.86,14.78,14.9,30379,0
BETR.US,D,20241010,000000,14.51,15.08,14.2,14.925,21555,0
BETR.US,D,20241011,000000,15.22,16.6071,14.89,16.04,65950,0
BETR.US,D,20241014,000000,16.62,16.62,15.31,15.41,47416,0
BETR.US,D,20241015,000000,15.43,15.7272,14.8,15.42,44239,0
BETR.US,D,20241016,000000,15.7316,16.12,15.21,15.26,56561,0
BETR.US,D,20241017,000000,15.43,15.575,14.635,14.75,74786,0
BETR.US,D,20241018,000000,15.15,16.235,15.01,15.31,42166,0
BETR.US,D,20241021,000000,15.01,15.28,14.8855,15.28,8808,0
BETR.US,D,20241022,000000,15.35,15.55,14.76,15.18,44421,0
BETR.US,D,20241023,000000,14.78,15.174,14.4,14.83,51203,0
BETR.US,D,20241024,000000,14.95,15.04,14.5,14.97,12401,0
BETR.US,D,20241025,000000,14.79,15.3,14.38,14.81,63460,0
BETR.US,D,20241028,000000,15.02,16.16,14.82,16.16,66829,0
BETR.US,D,20241029,000000,15.98,15.98,15.21,15.61,52133,0
