<TICKER>,<PER>,<DATE>,<TIME>,<OPEN>,<HIGH>,<LOW>,<CLOSE>,<VOL>,<OPENINT>
BIOR.US,D,20200619,000000,3777.5,3980,3162.5,3280,12092.752,0
BIOR.US,D,20200622,000000,3472.5,3487.5,2940,2992.5,2320.444,0
BIOR.US,D,20200623,000000,2990,3093.5,2650,2825,2226.288,0
BIOR.US,D,20200624,000000,2840,2946.5,2757.5,2880,1254.024,0
BIOR.US,D,20200625,000000,2875,2875,2562.5,2625,1478.788,0
BIOR.US,D,20200626,000000,2627.5,2650,2385,2495,836.284,0
BIOR.US,D,20200629,000000,2457.5,2545,2290,2437.5,770.32,0
BIOR.US,D,20200630,000000,2400,2452.5,2202.5,2250,1036.4,0
BIOR.US,D,20200701,000000,2267.5,2267.5,1907.5,1995,3309.828,0
BIOR.US,D,20200702,000000,2097.5,2250,1975,2200,1562.784,0
BIOR.US,D,20200706,000000,2187.5,2247.5,2152.52,2182.5,1087.436,0
BIOR.US,D,20200707,000000,2127.5,2447.5,2127.5,2355,1208.636,0
BIOR.US,D,20200708,000000,2407.5,2605.02,2295,2512.5,975.556,0
BIOR.US,D,20200709,000000,2505,2505,2247.5,2312.5,492.468,0
BIOR.US,D,20200710,000000,2297.5,2407.5,2210.02,2382.5,205.908,0
BIOR.US,D,20200713,000000,2400,2402.5,2180,2185,335.736,0
BIOR.US,D,20200714,000000,2125,2384.12,2017.5,2322.5,412.364,0
BIOR.US,D,20200715,000000,2362.5,2625,2287.5,2550,1076.644,0
BIOR.US,D,20200716,000000,2545,2725,2427.5,2697.5,582.464,0
BIOR.US,D,20200717,000000,2745,2749.98,2567.5,2677.5,336.344,0
BIOR.US,D,20200720,000000,2652.5,2652.5,2517.5,2572.5,178.344,0
BIOR.US,D,20200721,000000,2532.5,2630,2215,2262.5,800.684,0
BIOR.US,D,20200722,000000,2265,2370,2147.5,2260,364.916,0
BIOR.US,D,20200723,000000,2202.5,2326.25,2200,2252.5,504.32,0
BIOR.US,D,20200724,000000,2315,2320,2225,2235,195.676,0
BIOR.US,D,20200727,000000,2255,2255,2162.5,2175,176.392,0
BIOR.US,D,20200728,000000,2145,2210,2090.02,2130,252.748,0
BIOR.US,D,20200729,000000,2115,2155.08,2040,2072.5,233.276,0
BIOR.US,D,20200730,000000,2160,2212.28,2100.15,2192.5,108.784,0
BIOR.US,D,20200731,000000,2132.5,2277.5,2112.5,2277.5,302.66,0
BIOR.US,D,20200803,000000,2307.5,2307.5,2200,2270,119.2,0
BIOR.US,D,20200804,000000,2257.5,2310,2232.5,2272.5,130.984,0
BIOR.US,D,20200805,000000,2262.5,2272.5,2172.5,2185,196.236,0
BIOR.US,D,20200806,000000,2155,2285,2155,2250,114.484,0
BIOR.US,D,20200807,000000,2247.5,2274.38,2160,2272.5,70.62,0
BIOR.US,D,20200810,000000,2222.5,2284.98,2222.5,2275,167.544,0
BIOR.US,D,20200811,000000,2255,2267.5,2200,2240,96.504,0
BIOR.US,D,20200812,000000,2250,2327.5,2207.52,2282.5,140.98,0
BIOR.US,D,20200813,000000,2260,2343.75,2212.5,2237.5,162.884,0
BIOR.US,D,20200814,000000,2077.5,2125,1927.5,1927.5,406.98,0
BIOR.US,D,20200817,000000,1970,2385,1962.5,2385,525.64,0
BIOR.US,D,20200818,000000,2255.02,2567.5,2237.5,2390,609.672,0
BIOR.US,D,20200819,000000,2390,2418.75,2200,2212.5,290.564,0
BIOR.US,D,20200820,000000,2212.5,2387.5,2130,2387.5,177.384,0
BIOR.US,D,20200821,000000,2432.5,2437.5,2232.52,2267.5,114.076,0
BIOR.US,D,20200824,000000,2425,2427.5,2167.5,2287.5,126.92,0
BIOR.US,D,20200825,000000,2257.5,2298.75,2165,2195,91.304,0
BIOR.US,D,20200826,000000,2195,2257.5,2195,2245,72.12,0
BIOR.US,D,20200827,000000,2245,2310,2200,2225,56.1,0
BIOR.US,D,20200828,000000,2197.5,2362.5,2197.5,2275,203.8,0
BIOR.US,D,20200831,000000,2212.5,2312.5,2205,2307.5,144.484,0
BIOR.US,D,20200901,000000,2305,2305,2127.5,2262.5,133.032,0
BIOR.US,D,20200902,000000,2188.75,2250,2127.5,2247.5,143.988,0
BIOR.US,D,20200903,000000,2230,2245,2027.5,2072.5,301.072,0
BIOR.US,D,20200904,000000,2082.5,2245,2025,2225,266.852,0
BIOR.US,D,20200908,000000,2320,2405,2090,2247.5,375.2,0
BIOR.US,D,20200909,000000,2245,2416.25,2245,2400,279.976,0
BIOR.US,D,20200910,000000,2350,2350,2130,2160,144.104,0
BIOR.US,D,20200911,000000,2170,2302.5,2145,2230,272.244,0
BIOR.US,D,20200914,000000,2247.5,2382.5,2102.5,2362.5,897.908,0
BIOR.US,D,20200915,000000,2382.5,2437.5,2260.25,2290,987.116,0
BIOR.US,D,20200916,000000,2325,2415,2292.5,2302.5,166.784,0
BIOR.US,D,20200917,000000,2270,2382.5,2252.5,2297.5,304.728,0
BIOR.US,D,20200918,000000,2310,2350,2107.5,2120,1993.384,0
BIOR.US,D,20200921,000000,2112.5,2325,2012.5,2077.5,192.216,0
BIOR.US,D,20200922,000000,2112.5,2140,2055,2075,110.724,0
BIOR.US,D,20200923,000000,2062.5,2242.5,2030,2177.5,605.1,0
BIOR.US,D,20200924,000000,2230,2230,2062.5,2132.5,352.66,0
BIOR.US,D,20200925,000000,2187.5,2202.5,2132.52,2187.5,222.46,0
BIOR.US,D,20200928,000000,2205,2275,2157.5,2212.5,304.328,0
BIOR.US,D,20200929,000000,2212.5,2250,2157.52,2217.5,140.928,0
BIOR.US,D,20200930,000000,2227.5,2267.5,2167.5,2255,228.412,0
BIOR.US,D,20201001,000000,2255,2375,2255,2337.5,254.692,0
BIOR.US,D,20201002,000000,2272.5,2325,2190,2322.5,196.328,0
BIOR.US,D,20201005,000000,2342.5,2342.5,2206.05,2275,106.816,0
BIOR.US,D,20201006,000000,2322.5,2322.5,2260,2272.5,99.532,0
BIOR.US,D,20201007,000000,2275,2390,2252.5,2305,110.956,0
BIOR.US,D,20201008,000000,2320,2385,2320,2370,175.588,0
BIOR.US,D,20201009,000000,2363.75,2377.5,2282.5,2315,63.844,0
BIOR.US,D,20201012,000000,2315,2330.42,2250,2282.5,91.74,0
BIOR.US,D,20201013,000000,2292.5,2292.5,2185,2285,202.588,0
BIOR.US,D,20201014,000000,2332.5,2370,2225,2245,75.864,0
BIOR.US,D,20201015,000000,2210,2287.5,2210,2250,50.6,0
BIOR.US,D,20201016,000000,2242.5,2352.5,2210,2257.5,78.632,0
BIOR.US,D,20201019,000000,2285,2291.25,2207.5,2240,44.592,0
BIOR.US,D,20201020,000000,2225,2290,2032.5,2032.5,293.772,0
BIOR.US,D,20201021,000000,2065,2141.42,1980,1997.5,229.664,0
BIOR.US,D,20201022,000000,1987.5,2045,1950,1950,82.288,0
BIOR.US,D,20201023,000000,2002.5,2060,1962.5,1977.5,59.016,0
BIOR.US,D,20201026,000000,1990,2008.75,1960,1987.5,57.096,0
BIOR.US,D,20201027,000000,2030,2050,1976.25,1977.5,98.592,0
BIOR.US,D,20201028,000000,1967.5,1982.5,1900,1922.5,292.848,0
BIOR.US,D,20201029,000000,1930,1930,1480,1490,1874.376,0
BIOR.US,D,20201030,000000,1512.5,1512.5,1247.5,1247.5,796.18,0
BIOR.US,D,20201102,000000,1295,1295,1060,1067.5,810.804,0
BIOR.US,D,20201103,000000,1130,1173.6,1065,1075,290.988,0
BIOR.US,D,20201104,000000,1077.5,1132.5,1000,1080,529.344,0
BIOR.US,D,20201105,000000,1065,1285,1055,1275,481.184,0
BIOR.US,D,20201106,000000,1337.5,1337.5,1182.5,1220,339.056,0
BIOR.US,D,20201109,000000,1275,1312.5,1145,1217.5,460.012,0
BIOR.US,D,20201110,000000,1220,1297.5,1140,1150,591.044,0
BIOR.US,D,20201111,000000,1150,1222.5,1150,1180,567.512,0
BIOR.US,D,20201112,000000,1197.5,1223.75,1075,1097.5,270.356,0
BIOR.US,D,20201113,000000,1122.5,1210,1097.5,1117.5,522.616,0
BIOR.US,D,20201116,000000,1162.5,1190,1080,1097.5,304.412,0
BIOR.US,D,20201117,000000,1115,1133.58,1045,1052.5,416.064,0
BIOR.US,D,20201118,000000,1052.5,1105,1002.5,1040,540.556,0
BIOR.US,D,20201119,000000,1027.5,1060,992.5,1000,633.744,0
BIOR.US,D,20201120,000000,1007.5,1026.68,965,980,1070.528,0
BIOR.US,D,20201123,000000,1002.5,1007.32,910,910,1754.616,0
BIOR.US,D,20201124,000000,950,1050,915,975,1809.396,0
BIOR.US,D,20201125,000000,1007.85,1037.5,960,977.5,1172.744,0
BIOR.US,D,20201127,000000,987.5,1000,947.5,975,680.092,0
BIOR.US,D,20201130,000000,995,1037.5,977.5,1002.5,1439.464,0
BIOR.US,D,20201201,000000,919.7,962.5,892.5,907.5,4283.24,0
BIOR.US,D,20201202,000000,917.5,920,817.5,821.25,2837.9,0
BIOR.US,D,20201203,000000,795,827.5,770,816.25,11762.432,0
BIOR.US,D,20201204,000000,825,837.5,795,817.5,3844.736,0
BIOR.US,D,20201207,000000,875,927.5,842.5,875,6448.324,0
BIOR.US,D,20201208,000000,945,972.5,825,855,4196.796,0
BIOR.US,D,20201209,000000,890,890,835,867.5,4409.736,0
BIOR.US,D,20201210,000000,935.45,1002.5,890,992.5,12318.856,0
BIOR.US,D,20201211,000000,1050,1220,1017.5,1182.5,16255.844,0
BIOR.US,D,20201214,000000,1250,1265.7,1005,1032.5,8796.976,0
BIOR.US,D,20201215,000000,1050,1085,977.5,1040,3766,0
BIOR.US,D,20201216,000000,1082.5,1197.5,1025,1162.5,6949.512,0
BIOR.US,D,20201217,000000,1250,1417.5,1235,1360,10292.384,0
BIOR.US,D,20201218,000000,1385,1605,1375,1580,13774.74,0
BIOR.US,D,20201221,000000,1570,1730,1302.5,1712.5,8057.536,0
BIOR.US,D,20201222,000000,1700,1887.5,1625,1670,8033.588,0
BIOR.US,D,20201223,000000,1700,1735.27,1572.5,1685,4283.424,0
BIOR.US,D,20201224,000000,1665,1687.5,1450,1500,3231.548,0
BIOR.US,D,20201228,000000,1522.5,1600,1315,1337.5,4776.848,0
BIOR.US,D,20201229,000000,1352.5,1362.22,1175,1192.5,4936.728,0
BIOR.US,D,20201230,000000,1195,1375,1167.5,1312.5,3592.048,0
BIOR.US,D,20201231,000000,1292.5,1345,1237.5,1327.5,1672.732,0
BIOR.US,D,20210104,000000,1377.5,1407.7,1190,1305,3139.824,0
BIOR.US,D,20210105,000000,1317.5,1556.25,1250,1497.5,8075.784,0
BIOR.US,D,20210106,000000,1547.5,1587.5,1402.5,1460,3576.62,0
BIOR.US,D,20210107,000000,1525,1617.5,1495,1525,2987.364,0
BIOR.US,D,20210108,000000,1512.5,1595,1463.75,1570,1513.304,0
BIOR.US,D,20210111,000000,1550,1685,1550,1570,1666.732,0
BIOR.US,D,20210112,000000,1582.5,1587.9,1475,1510,2102.084,0
BIOR.US,D,20210113,000000,1502.5,1525,1407.5,1440,1977.748,0
BIOR.US,D,20210114,000000,1490,1495.75,1330,1350,3360.868,0
BIOR.US,D,20210115,000000,1357.5,1425,1304.98,1355,2131.516,0
BIOR.US,D,20210119,000000,1380,1587.5,1379.5,1580,3630.78,0
BIOR.US,D,20210120,000000,1590,1695,1512.5,1527.5,2146.48,0
BIOR.US,D,20210121,000000,1560,1583.58,1492.5,1555,1835.108,0
BIOR.US,D,20210122,000000,1520,1565,1487.5,1550,1724.432,0
BIOR.US,D,20210125,000000,1585,1620,1525,1595,1929.94,0
BIOR.US,D,20210126,000000,1602.5,1867.45,1555,1817.5,7078.06,0
BIOR.US,D,20210127,000000,1802.5,1965,1787.5,1815,3213.808,0
BIOR.US,D,20210128,000000,1815,1860,1605,1827.5,2854.18,0
BIOR.US,D,20210129,000000,1805,1815,1687.5,1720,1075.352,0
BIOR.US,D,20210201,000000,1715,1805,1712.52,1750,873.988,0
BIOR.US,D,20210202,000000,1762.5,1812.5,1687.5,1770,1051.536,0
BIOR.US,D,20210203,000000,1775,1791.15,1575,1600,3140.164,0
BIOR.US,D,20210204,000000,1637.5,1669.6,1555,1562.5,1641.744,0
BIOR.US,D,20210205,000000,1587.5,1609.65,1502.5,1552.5,1918.396,0
BIOR.US,D,20210208,000000,1502.5,1532.5,1412.5,1447.5,5923.124,0
BIOR.US,D,20210209,000000,1462.5,1557.5,1395,1530,3137.472,0
BIOR.US,D,20210210,000000,1562.5,1583.08,1450,1495,1819.3,0
BIOR.US,D,20210211,000000,1507.5,1537.25,1395,1405,1765.752,0
BIOR.US,D,20210212,000000,1442.5,1467.5,1380,1400,1498.516,0
BIOR.US,D,20210216,000000,1412.5,1447.5,1385,1415,1410.468,0
BIOR.US,D,20210217,000000,1417.5,1461.3,1400,1425,1413.94,0
BIOR.US,D,20210218,000000,1422.5,1440,1330,1335,1530.12,0
BIOR.US,D,20210219,000000,1345,1437.5,1340,1397.5,1107.54,0
BIOR.US,D,20210222,000000,1400,1545,1375,1512.5,2339.468,0
BIOR.US,D,20210223,000000,1455,1491.15,1312.5,1390,2306.488,0
BIOR.US,D,20210224,000000,1437.5,1497.5,1380,1467.5,1107.312,0
BIOR.US,D,20210225,000000,1472.5,1477.5,1317.5,1392.5,2004.364,0
BIOR.US,D,20210226,000000,1352.5,1402.5,1350,1367.5,1279.516,0
BIOR.US,D,20210301,000000,1365,1450,1365,1372.5,1259.256,0
BIOR.US,D,20210302,000000,1390,1410,1332.5,1335,1044.74,0
BIOR.US,D,20210303,000000,1352.5,1352.5,1182.5,1192.5,3795.388,0
BIOR.US,D,20210304,000000,1200,1234.97,977.5,1012.5,3163.468,0
BIOR.US,D,20210305,000000,1025,1033.75,900,997.5,2118.052,0
BIOR.US,D,20210308,000000,1015,1045,977.5,977.5,948.884,0
BIOR.US,D,20210309,000000,992.5,1067.5,987.5,1050,1400.924,0
BIOR.US,D,20210310,000000,1065,1115,1027.5,1037.5,2012.908,0
BIOR.US,D,20210311,000000,1062.5,1120,1037.5,1102.5,1389.084,0
BIOR.US,D,20210312,000000,1075,1217.5,1062.5,1210,1374.18,0
BIOR.US,D,20210315,000000,1215.88,1277.5,1162.5,1182.5,1760.368,0
BIOR.US,D,20210316,000000,1187.5,1225,1140,1215,1206.456,0
BIOR.US,D,20210317,000000,1177.5,1250,1171.2,1245,1011.276,0
BIOR.US,D,20210318,000000,1235,1244.97,1070,1097.5,2051.408,0
BIOR.US,D,20210319,000000,1112.5,1245,1062.5,1205,6885.6,0
BIOR.US,D,20210322,000000,1230,1247.5,1172.5,1225,777.82,0
BIOR.US,D,20210323,000000,1217.5,1222.5,1140,1170,565.82,0
BIOR.US,D,20210324,000000,1187.5,1187.5,1025,1030,1276.292,0
BIOR.US,D,20210325,000000,1045,1090,1005,1032.5,1262.932,0
BIOR.US,D,20210326,000000,1045,1147.5,1045,1107.5,1025.148,0
BIOR.US,D,20210329,000000,1082.5,1197.5,1075,1175,1341.952,0
BIOR.US,D,20210330,000000,1147.5,1170,1075,1155,1081.3,0
BIOR.US,D,20210331,000000,1177.5,1220,1137.5,1190,858.84,0
BIOR.US,D,20210401,000000,1200,1272.5,1175,1230,1172.084,0
BIOR.US,D,20210405,000000,1235,1282.5,1225.25,1233.75,1781.204,0
BIOR.US,D,20210406,000000,1242.5,1257.5,1110,1145,973.456,0
BIOR.US,D,20210407,000000,1152.5,1162.5,1052.5,1060,1143.916,0
BIOR.US,D,20210408,000000,1080,1082.5,992.5,1015,1320.608,0
BIOR.US,D,20210409,000000,1025,1025,960,967.5,1330.356,0
BIOR.US,D,20210412,000000,977.5,1000,930,937.5,2953.948,0
BIOR.US,D,20210413,000000,935,937.5,862.5,880,1326.748,0
BIOR.US,D,20210414,000000,887.5,945,862.5,875,1698.652,0
BIOR.US,D,20210415,000000,872.5,885,827.5,852.5,1282.544,0
BIOR.US,D,20210416,000000,862.5,875,806.45,842.5,1415.724,0
BIOR.US,D,20210419,000000,847.5,847.5,757.5,795,1370.812,0
BIOR.US,D,20210420,000000,780,815,747.5,752.5,1176.164,0
BIOR.US,D,20210421,000000,752.5,791.25,732.5,747.5,1781.116,0
BIOR.US,D,20210422,000000,775,795,745,755,1555.428,0
BIOR.US,D,20210423,000000,757.5,772.5,745,760,1480.268,0
BIOR.US,D,20210426,000000,765,790,735,785,1965.976,0
BIOR.US,D,20210427,000000,785,812.5,755,787.5,1448.132,0
BIOR.US,D,20210428,000000,790,797.5,750,755,1108.048,0
BIOR.US,D,20210429,000000,765,775,750,762.5,1618.456,0
BIOR.US,D,20210430,000000,765,792.5,765,790,1306.416,0
BIOR.US,D,20210503,000000,797.5,887.5,797.5,845,2492.22,0
BIOR.US,D,20210504,000000,832.5,837.5,757.05,782.5,1642.348,0
BIOR.US,D,20210505,000000,782.525,801.05,762.5,772.5,1146.892,0
BIOR.US,D,20210506,000000,762.5,762.5,687.5,715,2983.852,0
BIOR.US,D,20210507,000000,717.5,742.5,672.5,680,1558.84,0
BIOR.US,D,20210510,000000,687.5,692.5,585,587.5,4405.224,0
BIOR.US,D,20210511,000000,582.5,650,550,625,2296.56,0
BIOR.US,D,20210512,000000,620,667.5,595,597.5,1720.596,0
BIOR.US,D,20210513,000000,610,610,567.5,587.5,1970.912,0
BIOR.US,D,20210514,000000,612.5,640,570,590,2552.076,0
BIOR.US,D,20210517,000000,592.5,605,550,565,2072.436,0
BIOR.US,D,20210518,000000,567.5,587.5,547.5,550,3336.888,0
BIOR.US,D,20210519,000000,550,562.5,527.5,560,5051.916,0
BIOR.US,D,20210520,000000,575,705,575,662.5,7948.356,0
BIOR.US,D,20210521,000000,675,695,602.5,612.5,2605.044,0
BIOR.US,D,20210524,000000,622.5,625,567.5,622.5,2072.112,0
BIOR.US,D,20210525,000000,620,640,597.5,605,1018.756,0
BIOR.US,D,20210526,000000,600,625,590,617.5,1395.584,0
BIOR.US,D,20210527,000000,617.5,665,602.4,662.5,1380.728,0
BIOR.US,D,20210528,000000,665,687.5,620.75,647.5,1481.8,0
BIOR.US,D,20210601,000000,672.5,715,652.5,715,2187.52,0
BIOR.US,D,20210602,000000,650,660,537.5,547.5,13810.964,0
BIOR.US,D,20210603,000000,547.5,550,510,527.5,17053.48,0
BIOR.US,D,20210604,000000,594,612.5,522.5,550,23739.084,0
BIOR.US,D,20210607,000000,552.5,595,550,592.5,16455.18,0
BIOR.US,D,20210608,000000,592.5,605,570,590,8476.756,0
BIOR.US,D,20210609,000000,615,700,590,670,17671.268,0
BIOR.US,D,20210610,000000,610,630,592.5,622.5,16332.656,0
BIOR.US,D,20210611,000000,652.5,850,650,802.5,90627.804,0
BIOR.US,D,20210614,000000,810.875,922.475,755,792.5,43615.172,0
BIOR.US,D,20210615,000000,807.5,820,726.25,785,12860.3,0
BIOR.US,D,20210616,000000,762.5,785,730,785,7953.916,0
BIOR.US,D,20210617,000000,767.5,807.5,752.5,770,3981.696,0
BIOR.US,D,20210618,000000,762.5,762.5,732.5,752.5,5093.524,0
BIOR.US,D,20210621,000000,752.5,812.5,702.5,812.5,9850.02,0
BIOR.US,D,20210622,000000,832.25,845,777.5,812.5,5578.808,0
BIOR.US,D,20210623,000000,800,850,777.5,842.5,7302.072,0
BIOR.US,D,20210624,000000,852.125,935,817.5,887.5,20785.592,0
BIOR.US,D,20210625,000000,912.5,987.5,867.5,987.5,22780.428,0
BIOR.US,D,20210628,000000,965,975,912.5,935,7084.396,0
BIOR.US,D,20210629,000000,937.5,950,855,890,6963.132,0
BIOR.US,D,20210630,000000,857.5,920,852.5,892.5,3726.16,0
BIOR.US,D,20210701,000000,887.5,892.5,830,852.5,4831.8,0
BIOR.US,D,20210702,000000,857.5,860,800,847.5,8752.708,0
BIOR.US,D,20210706,000000,845,845,782.5,800,5196.012,0
BIOR.US,D,20210707,000000,803.65,825,727.5,772.5,6480.992,0
BIOR.US,D,20210708,000000,750,765,732.5,740,4722.588,0
BIOR.US,D,20210709,000000,752.5,800,740,757.5,9284.912,0
BIOR.US,D,20210712,000000,770,782.5,740,752.5,4219.284,0
BIOR.US,D,20210713,000000,752.5,767.5,712.5,720,6690.924,0
BIOR.US,D,20210714,000000,712.5,725,650,657.5,5232.776,0
BIOR.US,D,20210715,000000,660,662.475,627.5,642.5,2855.388,0
BIOR.US,D,20210716,000000,655,655,593.75,605,20518.424,0
BIOR.US,D,20210719,000000,592.5,650,585,642.5,9082.156,0
BIOR.US,D,20210720,000000,635,657.5,597.5,597.5,13935.492,0
BIOR.US,D,20210721,000000,600,670,600,637.5,6608.488,0
BIOR.US,D,20210722,000000,622.5,665,615,645,6272.964,0
BIOR.US,D,20210723,000000,645,660,610,625,3677.848,0
BIOR.US,D,20210726,000000,615,677.5,615,640,4075.54,0
BIOR.US,D,20210727,000000,631.375,650,591,605,5930.136,0
BIOR.US,D,20210728,000000,600,640,600,612.5,3973.8,0
BIOR.US,D,20210729,000000,620,645,545,552.5,15791.676,0
BIOR.US,D,20210730,000000,570,585,547.5,562.5,4507.052,0
BIOR.US,D,20210802,000000,550,551.25,495,525,15073.46,0
BIOR.US,D,20210803,000000,512.5,515,490,492.5,5783.196,0
BIOR.US,D,20210804,000000,492.5,497.5,467.5,470,8224.464,0
BIOR.US,D,20210805,000000,472.5,494.975,452.5,487.5,8225.136,0
BIOR.US,D,20210806,000000,480,488.475,470,485,3562.42,0
BIOR.US,D,20210809,000000,487.5,495,460,470,6733.208,0
BIOR.US,D,20210810,000000,467.7,477.275,437.5,457.5,8602.268,0
BIOR.US,D,20210811,000000,462.5,462.5,442.5,452.5,3314.64,0
BIOR.US,D,20210812,000000,455,460,430,435,5819.656,0
BIOR.US,D,20210813,000000,420,427.5,377.5,415,7154.272,0
BIOR.US,D,20210816,000000,412.5,415,387.5,392.5,3631.124,0
BIOR.US,D,20210817,000000,380,437.5,375,420,6738.788,0
BIOR.US,D,20210818,000000,417.5,425,400,400,2091.24,0
BIOR.US,D,20210819,000000,400,412.5,367.5,372.5,12552.036,0
BIOR.US,D,20210820,000000,176.3,181.95,164.25,168.475,184859.472,0
BIOR.US,D,20210823,000000,173.475,189.375,171.375,189.3,83190.256,0
BIOR.US,D,20210824,000000,185,210,180,204.95,62783.86,0
BIOR.US,D,20210825,000000,208.75,208.75,190.25,202.35,37589.528,0
BIOR.US,D,20210826,000000,198.85,199.425,183.275,191.7,31444.972,0
BIOR.US,D,20210827,000000,194.975,194.975,186.25,188.7,32600.68,0
BIOR.US,D,20210830,000000,195,215.85,188.75,200,73136.132,0
BIOR.US,D,20210831,000000,202.9,228.45,198.75,222.425,74626.436,0
BIOR.US,D,20210901,000000,232.35,267.5,227.5,244.35,140732.34,0
BIOR.US,D,20210902,000000,246.075,269.525,231.625,262.5,64283.504,0
BIOR.US,D,20210903,000000,265,312.5,262.5,277.5,106970.468,0
BIOR.US,D,20210907,000000,293.75,297.5,265,267.5,49843.912,0
BIOR.US,D,20210908,000000,262.75,272.5,241.6,265,42472.324,0
BIOR.US,D,20210909,000000,247.5,270,247.5,265,26344.852,0
BIOR.US,D,20210910,000000,262.5,265,252.125,255,19608.368,0
BIOR.US,D,20210913,000000,248.475,252.5,232.875,235.025,36223.84,0
BIOR.US,D,20210914,000000,277.5,300,247.55,255,217346.968,0
BIOR.US,D,20210915,000000,252.5,257.5,238.75,241.425,46618.592,0
BIOR.US,D,20210916,000000,241.3,272.5,235.25,257.5,64256.072,0
BIOR.US,D,20210917,000000,259.675,262.5,250,252.5,24677.152,0
BIOR.US,D,20210920,000000,239.35,255,234.025,236.15,45176.532,0
BIOR.US,D,20210921,000000,237.5,242.225,229.875,230.2,27249.964,0
BIOR.US,D,20210922,000000,232.5,233,222.2,226.2,25561.488,0
BIOR.US,D,20210923,000000,225,243.725,222.2,238.6,21553.668,0
BIOR.US,D,20210924,000000,240.225,240.225,225,225,15974.548,0
BIOR.US,D,20210927,000000,227.4,232.179,216.375,225.55,15305.092,0
BIOR.US,D,20210928,000000,226.925,227.5,215.625,221.7,23076.364,0
BIOR.US,D,20210929,000000,223.425,270,222.5,270,88217.244,0
BIOR.US,D,20210930,000000,307.5,395,305,380,428423.288,0
BIOR.US,D,20211001,000000,472.5,550,390,447.5,996901.848,0
BIOR.US,D,20211004,000000,435,542.5,335,350,957276.612,0
BIOR.US,D,20211005,000000,387.5,390,302.5,340,397349.484,0
BIOR.US,D,20211006,000000,355,382.5,347.5,357.5,224488.04,0
BIOR.US,D,20211007,000000,375,380,332.5,350,192846.344,0
BIOR.US,D,20211008,000000,340,347.5,320,337.5,190725.52,0
BIOR.US,D,20211011,000000,342.5,537.5,340,535,818418.24,0
BIOR.US,D,20211012,000000,525,675,485,555,1384722.46,0
BIOR.US,D,20211013,000000,607.5,622.5,497.5,510,644193.98,0
BIOR.US,D,20211014,000000,532.5,587.5,512.5,522.5,372136.772,0
BIOR.US,D,20211015,000000,530,567.5,515,535,287317.792,0
BIOR.US,D,20211018,000000,577.5,770,562.5,747.5,1408363.08,0
BIOR.US,D,20211019,000000,805,887.5,690,750,1091562.292,0
BIOR.US,D,20211020,000000,712.5,730,665,680,288883.876,0
BIOR.US,D,20211021,000000,684.425,710,575,625,272202.12,0
BIOR.US,D,20211022,000000,585,832.5,557.5,740,753442.552,0
BIOR.US,D,20211025,000000,762.5,870,742.5,845,558651.624,0
BIOR.US,D,20211026,000000,1000,1087.5,827.5,997.5,1015584.216,0
BIOR.US,D,20211027,000000,962.5,1107.5,902.5,937.5,483728.616,0
BIOR.US,D,20211028,000000,920,992.5,835,967.5,239084.172,0
BIOR.US,D,20211029,000000,942.5,980,866.25,900,136370.1,0
BIOR.US,D,20211101,000000,895,937.5,835,867.5,141638.96,0
BIOR.US,D,20211102,000000,835,875,712.5,850,235203.804,0
BIOR.US,D,20211103,000000,782.5,832.5,750,777.5,104858.44,0
BIOR.US,D,20211104,000000,782.5,930,780,900,281513.412,0
BIOR.US,D,20211105,000000,921.25,1021.25,845,880,298672.524,0
BIOR.US,D,20211108,000000,897.5,930,838.95,885,111888.748,0
BIOR.US,D,20211109,000000,882.5,885,820,852.5,78210.668,0
BIOR.US,D,20211110,000000,867.5,960,845,880,207545.416,0
BIOR.US,D,20211111,000000,770,837.5,752.5,775,94591.856,0
BIOR.US,D,20211112,000000,757.5,762.5,715,742.5,92230.684,0
BIOR.US,D,20211115,000000,762.5,882.5,761.975,867.5,187970.3,0
BIOR.US,D,20211116,000000,990,1282.5,957.5,1210,1414060.54,0
BIOR.US,D,20211117,000000,1452.5,1550,1142.5,1220,885487.68,0
BIOR.US,D,20211118,000000,1152.5,1162.5,985,1075,316632.488,0
BIOR.US,D,20211119,000000,1010,1287.5,992.5,1222.5,493435.456,0
BIOR.US,D,20211122,000000,1217.5,1307.5,1092.5,1112.5,333924.188,0
BIOR.US,D,20211123,000000,1050,1182.5,921.25,997.5,230789.856,0
BIOR.US,D,20211124,000000,937.5,970,900,937.5,108975.012,0
BIOR.US,D,20211126,000000,882.5,945,858.55,910,85116.792,0
BIOR.US,D,20211129,000000,907.5,917.5,762.5,780,157382.196,0
BIOR.US,D,20211130,000000,780,912.5,767.5,782.5,206574.132,0
BIOR.US,D,20211201,000000,802.5,807.5,675,680,159740.12,0
BIOR.US,D,20211202,000000,676.25,747.5,645,680,133678.868,0
BIOR.US,D,20211203,000000,670,677.5,567.5,590,161055.84,0
BIOR.US,D,20211206,000000,560,719.85,532.5,705,175334.396,0
BIOR.US,D,20211207,000000,747.5,762.5,660,682.5,151288.664,0
BIOR.US,D,20211208,000000,664.425,713.75,637.5,697.5,75499.36,0
BIOR.US,D,20211209,000000,687.5,707.5,627.5,635,57420.62,0
BIOR.US,D,20211210,000000,637.5,662.5,602.5,615,50585.648,0
BIOR.US,D,20211213,000000,612.5,657.5,580,630,56341,0
BIOR.US,D,20211214,000000,602.5,685,595,622.5,87351.56,0
BIOR.US,D,20211215,000000,627.5,655,582.5,650,55743.408,0
BIOR.US,D,20211216,000000,646.95,675,622.5,635,42881.156,0
BIOR.US,D,20211217,000000,632.5,680,603.75,672.5,75976.024,0
BIOR.US,D,20211220,000000,642.5,667.475,602.5,610,51976.484,0
BIOR.US,D,20211221,000000,620,622.5,592.5,607.5,38858.028,0
BIOR.US,D,20211222,000000,600,602.5,542.5,560,63316.084,0
BIOR.US,D,20211223,000000,560.775,580,537.5,557.5,37157.052,0
BIOR.US,D,20211227,000000,550,554.4,500,500,54975.768,0
BIOR.US,D,20211228,000000,502.5,555,497.5,497.5,63557.888,0
BIOR.US,D,20211229,000000,492.5,510,447.5,492.5,71956.972,0
BIOR.US,D,20211230,000000,477.5,567.5,475,532.5,80332.336,0
BIOR.US,D,20211231,000000,520,597.5,520,522.5,70545.264,0
BIOR.US,D,20220103,000000,522.5,575,502.5,562.5,64745.704,0
BIOR.US,D,20220104,000000,555,577.5,540,562.5,34508.512,0
BIOR.US,D,20220105,000000,565,567.5,505,520,32517.832,0
BIOR.US,D,20220106,000000,508.75,522.5,477.825,495,32593.896,0
BIOR.US,D,20220107,000000,492.5,512.5,477.5,480,25041.832,0
BIOR.US,D,20220110,000000,475,487.5,447.5,477.5,48642.548,0
BIOR.US,D,20220111,000000,482.5,491.975,460,462.5,32413.088,0
BIOR.US,D,20220112,000000,467.5,473.75,445,447.5,33154.316,0
BIOR.US,D,20220113,000000,442.5,445.4,400,402.5,54506.328,0
BIOR.US,D,20220114,000000,394.25,430,377.525,422.5,47409.952,0
BIOR.US,D,20220118,000000,397.5,402.5,375,377.5,44771.472,0
BIOR.US,D,20220119,000000,382.5,390,340,341.25,40353.388,0
BIOR.US,D,20220120,000000,342.5,375,330,332.5,53833.412,0
BIOR.US,D,20220121,000000,326.5,340,307.5,310,46161.632,0
BIOR.US,D,20220124,000000,292.5,322.5,277.5,320,59158.344,0
BIOR.US,D,20220125,000000,305,405,305,385,95409.868,0
BIOR.US,D,20220126,000000,387.5,415,345,357.5,68571.412,0
BIOR.US,D,20220127,000000,360,365,317.5,320,31593.92,0
BIOR.US,D,20220128,000000,320,337.5,302.5,337.5,28679.052,0
BIOR.US,D,20220131,000000,332.5,370,330,357.5,29619.88,0
BIOR.US,D,20220201,000000,365,412.5,362.5,395,49982.824,0
BIOR.US,D,20220202,000000,405,408.525,365,375,25597.3,0
BIOR.US,D,20220203,000000,361.25,377.5,355,372.5,21614.308,0
BIOR.US,D,20220204,000000,372.5,392.5,357.5,382.5,23543.32,0
BIOR.US,D,20220207,000000,382.5,414.975,375,392.5,28406.104,0
BIOR.US,D,20220208,000000,395.6,452.5,390,445,56830.148,0
BIOR.US,D,20220209,000000,453.75,516.925,447.5,490,83837.744,0
BIOR.US,D,20220210,000000,472.5,527.5,453.1,475,53350.528,0
BIOR.US,D,20220211,000000,477.5,492.5,427.5,432.5,38179.76,0
BIOR.US,D,20220214,000000,440,497.5,432.5,462.5,50564.44,0
BIOR.US,D,20220215,000000,482.5,482.5,445,475,55073.788,0
BIOR.US,D,20220216,000000,466.3,467.5,432.5,445,34096.228,0
BIOR.US,D,20220217,000000,437.5,440,400,410,39396.128,0
BIOR.US,D,20220218,000000,405,407.5,375,385,29889.972,0
BIOR.US,D,20220222,000000,357.025,382.5,345.025,347.5,43661.868,0
BIOR.US,D,20220223,000000,357.5,362.475,308.75,310,47308.848,0
BIOR.US,D,20220224,000000,285,345,282.5,342.5,39737.932,0
BIOR.US,D,20220225,000000,338,340,315,337.5,29788.06,0
BIOR.US,D,20220228,000000,330,367.5,327.5,337.5,37032.944,0
BIOR.US,D,20220301,000000,342.5,344.525,317.5,320,18419.656,0
BIOR.US,D,20220302,000000,320,332.2,305,320,27974.368,0
BIOR.US,D,20220303,000000,322.5,325,300,302.5,24138.244,0
BIOR.US,D,20220304,000000,302.5,312.5,295,300,18336.608,0
BIOR.US,D,20220307,000000,300,302.5,280,280,25306.332,0
BIOR.US,D,20220308,000000,275,310,260,302.5,37179.552,0
BIOR.US,D,20220309,000000,312.5,327.5,302.5,317.5,23032.648,0
BIOR.US,D,20220310,000000,310,330,305,315,14513.436,0
BIOR.US,D,20220311,000000,315,317.5,292.5,295,12977.776,0
BIOR.US,D,20220314,000000,295,302.5,265,277.5,22792.84,0
BIOR.US,D,20220315,000000,292.5,300,277.5,297.5,15453.52,0
BIOR.US,D,20220316,000000,300,317.5,288.75,315,24351.828,0
BIOR.US,D,20220317,000000,315,330,305.075,325,20041.58,0
BIOR.US,D,20220318,000000,322.5,387.5,317.675,362.5,51945.588,0
BIOR.US,D,20220321,000000,422.5,425,355,357.5,68341.248,0
BIOR.US,D,20220322,000000,380,417.5,365,400,51050.972,0
BIOR.US,D,20220323,000000,395,445,382.5,412.5,60603.016,0
BIOR.US,D,20220324,000000,425,430,405,422.5,20306.908,0
BIOR.US,D,20220325,000000,422.5,462.5,407.5,422.5,42036.772,0
BIOR.US,D,20220328,000000,437.5,437.5,382.5,402.5,63873.076,0
BIOR.US,D,20220329,000000,307.5,317.5,290,310,90851.044,0
BIOR.US,D,20220330,000000,307.5,337.5,290,292.5,63313.364,0
BIOR.US,D,20220331,000000,298.75,305,282.5,290,40144.332,0
BIOR.US,D,20220401,000000,287.5,302.5,280,285,30444.376,0
BIOR.US,D,20220404,000000,288.75,312.5,285,305,36135.28,0
BIOR.US,D,20220405,000000,300,307.5,287.5,292.5,23097.82,0
BIOR.US,D,20220406,000000,290,305,280,302.5,22671.3,0
BIOR.US,D,20220407,000000,295,300,277.5,297.5,25072.888,0
BIOR.US,D,20220408,000000,287.5,292.5,277.5,290,16667.42,0
BIOR.US,D,20220411,000000,280,285,270,272.5,25852.704,0
BIOR.US,D,20220412,000000,277.5,287.5,250,257.5,28157.708,0
BIOR.US,D,20220413,000000,257.5,265,250,262.5,19284.1,0
BIOR.US,D,20220414,000000,262.5,262.5,250,250,13669.844,0
BIOR.US,D,20220418,000000,255,255,237.725,247.9,22445.448,0
BIOR.US,D,20220419,000000,247.5,255,238.05,252.5,18065.132,0
BIOR.US,D,20220420,000000,245.5,265,240,255,16372.856,0
BIOR.US,D,20220421,000000,255,265,243.975,245.025,12957.512,0
BIOR.US,D,20220422,000000,242.75,252.5,233.65,240.475,10683.324,0
BIOR.US,D,20220425,000000,237.5,252.5,232.725,248.325,10239.776,0
BIOR.US,D,20220426,000000,252.5,252.5,225,225.575,16647.96,0
BIOR.US,D,20220427,000000,219.8,230,212.525,214.375,10789.712,0
BIOR.US,D,20220428,000000,218.75,220,196.25,213.25,13003.736,0
BIOR.US,D,20220429,000000,208.05,230,205.975,209.3,7482.18,0
BIOR.US,D,20220502,000000,218.65,218.65,197.5,210.5,14471.676,0
BIOR.US,D,20220503,000000,212.5,217.5,205,214.45,9167.828,0
BIOR.US,D,20220504,000000,213.925,252.5,206.25,243.575,32568.364,0
BIOR.US,D,20220505,000000,242.725,244.9,220.775,229.075,13570.084,0
BIOR.US,D,20220506,000000,225.125,230,210,221.125,11118.452,0
BIOR.US,D,20220509,000000,215,222.475,186.25,190,12345.584,0
BIOR.US,D,20220510,000000,209.475,209.475,175.025,192.725,14109.392,0
BIOR.US,D,20220511,000000,188,188,167.5,172.5,13323.044,0
BIOR.US,D,20220512,000000,164.775,180.525,157.525,172.975,9784.156,0
BIOR.US,D,20220513,000000,187.15,191,177.5,186.25,6620.076,0
BIOR.US,D,20220516,000000,178.15,194.375,177.5,185.025,9511.696,0
BIOR.US,D,20220517,000000,187.5,205,187.5,201.6,9667.036,0
BIOR.US,D,20220518,000000,202.5,237.5,197.95,217.7,17230.036,0
BIOR.US,D,20220519,000000,230,237.95,209.875,217.3,8036.912,0
BIOR.US,D,20220520,000000,219.05,221.375,192.75,211.875,8709.912,0
BIOR.US,D,20220523,000000,203.125,218.75,200.05,209.9,4918.2,0
BIOR.US,D,20220524,000000,207.5,208.75,191.725,191.725,6120.028,0
BIOR.US,D,20220525,000000,190.675,202.5,189.025,197.75,4696.2,0
BIOR.US,D,20220526,000000,198.85,215,192.5,200,6147.72,0
BIOR.US,D,20220527,000000,205.325,212.5,201.275,208.7,5447.364,0
BIOR.US,D,20220531,000000,207.5,217.2,207.5,210.05,5743.232,0
BIOR.US,D,20220601,000000,215,217.125,200.575,201.7,5359.7,0
BIOR.US,D,20220602,000000,200,209.5,197.5,200.825,6289.744,0
BIOR.US,D,20220603,000000,204.95,204.95,191.275,200,6224.572,0
BIOR.US,D,20220606,000000,200,205.35,190.25,193.275,5515.44,0
BIOR.US,D,20220607,000000,187.5,197.425,187.5,190,4674.032,0
BIOR.US,D,20220608,000000,190,197.25,188.05,191.6,4230.224,0
BIOR.US,D,20220609,000000,190,193.725,175.55,175.925,7395.412,0
BIOR.US,D,20220610,000000,168.575,175,167.5,171.05,6931.216,0
BIOR.US,D,20220613,000000,160,166.625,147.5,150.5,9693.424,0
BIOR.US,D,20220614,000000,155,155.725,140,141.225,7191.276,0
BIOR.US,D,20220615,000000,142.5,162.475,142.5,160,8891.236,0
BIOR.US,D,20220616,000000,156.6,157.5,141.775,147.5,6605.108,0
BIOR.US,D,20220617,000000,142.5,157.325,142.5,152.55,5948.76,0
BIOR.US,D,20220621,000000,155,157.5,147.525,154.125,6331.724,0
BIOR.US,D,20220622,000000,147.5,154.85,145,154.85,2960.024,0
BIOR.US,D,20220623,000000,148.625,154.725,147.875,151.725,5770.06,0
BIOR.US,D,20220624,000000,155,191.15,150.575,171.75,24673.856,0
BIOR.US,D,20220627,000000,182.5,185,160,176.125,12373.308,0
BIOR.US,D,20220628,000000,178.575,195.975,177.5,187.5,13674.988,0
BIOR.US,D,20220629,000000,190,191.625,167.5,172.8,10375.216,0
BIOR.US,D,20220630,000000,177.525,179.45,167.5,175,4546.408,0
BIOR.US,D,20220701,000000,172.5,182.5,172.5,174.7,3003.568,0
BIOR.US,D,20220705,000000,169.875,170,150,156.175,14084.968,0
BIOR.US,D,20220706,000000,150.475,163.75,150.475,157.725,4056.848,0
BIOR.US,D,20220707,000000,160,191.35,160,172.475,12437.976,0
BIOR.US,D,20220708,000000,172.7,177.575,169.4,172.5,6135.632,0
BIOR.US,D,20220711,000000,174.75,190,164.575,177.525,8572.216,0
BIOR.US,D,20220712,000000,175,186.25,171,171.625,3974.412,0
BIOR.US,D,20220713,000000,168.75,177.5,166.75,172.75,2789.996,0
BIOR.US,D,20220714,000000,170.625,179.4,164.35,177.2,7496.672,0
BIOR.US,D,20220715,000000,176.25,187.35,172.525,175.5,5147.172,0
BIOR.US,D,20220718,000000,175,183.875,171.75,172.5,5417.58,0
BIOR.US,D,20220719,000000,171.25,175.025,167.525,172.775,4809.316,0
BIOR.US,D,20220720,000000,172.5,179.975,172.5,178.125,4715.316,0
BIOR.US,D,20220721,000000,172.5,186.5,172.5,182.925,5746.692,0
BIOR.US,D,20220722,000000,182.925,187.5,176,178.25,4215.26,0
BIOR.US,D,20220725,000000,175,177.5,170.3,174.425,4467.428,0
BIOR.US,D,20220726,000000,170,173.225,167.65,168.925,3218.196,0
BIOR.US,D,20220727,000000,167.775,169.975,155.275,168.35,3577.884,0
BIOR.US,D,20220728,000000,165.275,192.5,165,179.2,11201.684,0
BIOR.US,D,20220729,000000,187,187,169.725,175,5206.092,0
BIOR.US,D,20220801,000000,172.5,182.5,170,175.025,3685.68,0
BIOR.US,D,20220802,000000,172.55,180,170.75,175.075,3631.32,0
BIOR.US,D,20220803,000000,177.625,181.175,175,177.65,3343.356,0
BIOR.US,D,20220804,000000,175.325,192.475,172.5,187.5,6688.116,0
BIOR.US,D,20220805,000000,185.45,210,185.45,208.25,7707.98,0
BIOR.US,D,20220808,000000,220.025,222.5,200.25,201.525,7140.112,0
BIOR.US,D,20220809,000000,200,203.75,188.575,192.5,3499.972,0
BIOR.US,D,20220810,000000,220,287.5,209.225,252.5,124103.372,0
BIOR.US,D,20220811,000000,275,280,227.816,232.5,19130.22,0
BIOR.US,D,20220812,000000,242.5,257.5,240,250,10107.06,0
BIOR.US,D,20220815,000000,257.5,260,250,260,9569.432,0
BIOR.US,D,20220816,000000,252.5,257.05,230,244.4,9004.492,0
BIOR.US,D,20220817,000000,240.175,242.5,235,235.775,4126.372,0
BIOR.US,D,20220818,000000,229.425,232.5,207.525,217.5,8826.312,0
BIOR.US,D,20220819,000000,217.5,232.5,207.55,227.5,5676.952,0
BIOR.US,D,20220822,000000,221.5,221.575,207.5,208.575,5130,0
BIOR.US,D,20220823,000000,205,210,200.325,206.025,4178.772,0
BIOR.US,D,20220824,000000,205.3,222.5,202.5,215.975,4656.688,0
BIOR.US,D,20220825,000000,215.05,215.05,205,208.75,4131.612,0
BIOR.US,D,20220826,000000,205.025,206.475,196.7,197.55,5007.716,0
BIOR.US,D,20220829,000000,195,196.825,182.5,185,3522.616,0
BIOR.US,D,20220830,000000,187.5,193.1,175,176.9,4190.064,0
BIOR.US,D,20220831,000000,175,183.7,175,180.575,3527.772,0
BIOR.US,D,20220901,000000,175.75,179.25,170,172.75,4243.784,0
BIOR.US,D,20220902,000000,172.5,180,170.05,174.25,3218.864,0
BIOR.US,D,20220906,000000,170,173.625,167.5,170.25,2566.112,0
BIOR.US,D,20220907,000000,170,170.375,162.75,169.375,3774.244,0
BIOR.US,D,20220908,000000,167.775,170,163.15,167.625,2096.512,0
BIOR.US,D,20220909,000000,170,177.5,170,175.15,3868.588,0
BIOR.US,D,20220912,000000,177.5,180,167.5,172.5,2706.112,0
BIOR.US,D,20220913,000000,170.25,175.025,167.525,172.5,3063.724,0
BIOR.US,D,20220914,000000,172.5,180,168.275,168.275,3263.316,0
BIOR.US,D,20220915,000000,170,174.975,163.75,168.825,3738.668,0
BIOR.US,D,20220916,000000,167.5,168.75,160,162.5,3314.984,0
BIOR.US,D,20220919,000000,162.5,165,152.575,153.975,4807.556,0
BIOR.US,D,20220920,000000,153.975,160.05,150,151.25,3506.888,0
BIOR.US,D,20220921,000000,152.75,162.5,145.75,155,3970.612,0
BIOR.US,D,20220922,000000,150.025,154.975,145.3,148.75,4013.228,0
BIOR.US,D,20220923,000000,146.5,147.5,125,133.325,8266.04,0
BIOR.US,D,20220926,000000,132.5,139.75,130,132.95,3767.244,0
BIOR.US,D,20220927,000000,127.525,134.15,122.5,124.95,6425.908,0
BIOR.US,D,20220928,000000,125,132.5,122.5,123.55,9138.76,0
BIOR.US,D,20220929,000000,125,127.825,120,124.525,3759.964,0
BIOR.US,D,20220930,000000,126.375,126.7,120,121.225,2793.624,0
BIOR.US,D,20221003,000000,124.175,125,117.775,120.225,3146.168,0
BIOR.US,D,20221004,000000,120,124.5,115.375,119.95,5960.992,0
BIOR.US,D,20221005,000000,120.975,120.975,115,117.9,4748.116,0
BIOR.US,D,20221006,000000,117.5,117.5,110,110.95,6384.652,0
BIOR.US,D,20221007,000000,112.5,112.5,103.75,108.5,3466.996,0
BIOR.US,D,20221010,000000,109.45,109.45,97.5,100.95,5574.288,0
BIOR.US,D,20221011,000000,100,109.2,95,100,3966.684,0
BIOR.US,D,20221012,000000,107.975,107.975,97.525,102.5,3479.188,0
BIOR.US,D,20221013,000000,99.975,102.5,95,102.4,4695.468,0
BIOR.US,D,20221014,000000,102.225,104.975,99.975,101.25,3223.148,0
BIOR.US,D,20221017,000000,101.25,111.975,98.75,108.25,5565.472,0
BIOR.US,D,20221018,000000,110.65,112,106.5,110,3026.508,0
BIOR.US,D,20221019,000000,112.5,120,108.35,110.75,5277.596,0
BIOR.US,D,20221020,000000,112.5,112.5,107.05,107.5,3122,0
BIOR.US,D,20221021,000000,107.5,112.475,103.05,103.725,3042.42,0
BIOR.US,D,20221024,000000,102.5,104.975,97.5,100,4216.016,0
BIOR.US,D,20221025,000000,98.75,108.85,96.35,106.025,4108.472,0
BIOR.US,D,20221026,000000,106.025,107.5,102.5,102.5,2819.68,0
BIOR.US,D,20221027,000000,106.15,112.5,103.475,105,4568.66,0
BIOR.US,D,20221028,000000,105.275,107.5,100,100,4251,0
BIOR.US,D,20221031,000000,103.15,103.625,95.15,95.3,3562.248,0
BIOR.US,D,20221101,000000,97.625,100,92.775,93,5025.76,0
BIOR.US,D,20221102,000000,92.5,95.25,85,85,6762.856,0
BIOR.US,D,20221103,000000,86.775,86.775,75.375,80.2,6624.32,0
BIOR.US,D,20221104,000000,83.75,85.25,80.8,82.175,4610.696,0
BIOR.US,D,20221107,000000,79.05,79.275,68.775,72.275,17284.316,0
BIOR.US,D,20221108,000000,74.75,75,66.25,67.35,6800.196,0
BIOR.US,D,20221109,000000,68.15,68.75,59.025,60.35,7855.444,0
BIOR.US,D,20221110,000000,65,70,62.5,65.025,7983.304,0
BIOR.US,D,20221111,000000,62.75,76.5,62.75,69.75,7578.632,0
BIOR.US,D,20221114,000000,72.5,75,66.25,70.275,7172.656,0
BIOR.US,D,20221115,000000,65,72.5,60.125,66.775,9811.828,0
BIOR.US,D,20221116,000000,66.25,67.5,62.65,62.675,5052.688,0
BIOR.US,D,20221117,000000,63.025,65,55,57.5,8163.42,0
BIOR.US,D,20221118,000000,57.7,66.85,57.7,65.225,6648.852,0
BIOR.US,D,20221121,000000,67,69.05,62.625,66,6108.712,0
BIOR.US,D,20221122,000000,67.5,67.5,57.5,58.675,7529.692,0
BIOR.US,D,20221123,000000,58.175,61.225,55.25,59.8,4547.06,0
BIOR.US,D,20221125,000000,60,62.45,57.5,60.5,1817.672,0
BIOR.US,D,20221128,000000,57.825,59.9748,52.5,56.525,5517.368,0
BIOR.US,D,20221129,000000,56.525,62.5,54.95,62.5,6950.388,0
BIOR.US,D,20221130,000000,62.5,63.75,58.75,61.25,5280.408,0
BIOR.US,D,20221201,000000,60.85,63.75,60,60.525,2993.664,0
BIOR.US,D,20221202,000000,62.5,65,60.75,63.675,4184.492,0
BIOR.US,D,20221205,000000,62.75,62.75,56.65,58.725,6520.436,0
BIOR.US,D,20221206,000000,58.275,60.875,53.75,53.8,5486.132,0
BIOR.US,D,20221207,000000,55,55.425,47.5,47.525,13149.54,0
BIOR.US,D,20221208,000000,47.5,50,46.2738,49.325,5321.388,0
BIOR.US,D,20221209,000000,48,50,40.425,45,8965.232,0
BIOR.US,D,20221212,000000,42.625,46.325,40.775,44.275,6792.408,0
BIOR.US,D,20221213,000000,46,47.5,43.675,45.85,6303.46,0
BIOR.US,D,20221214,000000,47.5,48.475,44.75,45.7,6363.112,0
BIOR.US,D,20221215,000000,48.125,48.125,42.775,43.725,5126.168,0
BIOR.US,D,20221216,000000,44,46.025,40.65,40.65,4555.02,0
BIOR.US,D,20221219,000000,42.5,43.725,37.275,37.875,7823.364,0
BIOR.US,D,20221220,000000,37.5,40.5,37.5,38.55,5425.584,0
BIOR.US,D,20221221,000000,40.5,42.5,37.2,41.25,5554.8,0
BIOR.US,D,20221222,000000,41.25,41.775,35.5,37,7503.008,0
BIOR.US,D,20221223,000000,39.6,41.125,37.45,39.75,8623.052,0
BIOR.US,D,20221227,000000,38.775,41.25,36.775,36.775,6114.856,0
BIOR.US,D,20221228,000000,38.7,39.85,35.5718,37.5,6381.284,0
BIOR.US,D,20221229,000000,37.5,39.75,37.5,37.775,5969.552,0
BIOR.US,D,20221230,000000,36.65,37,32.75,32.925,22469.824,0
BIOR.US,D,20230103,000000,32.8,36.7,22.801,23.5,51049.1,0
BIOR.US,D,20230104,000000,23.2,25.6,23,23.4,35881.4,0
BIOR.US,D,20230105,000000,23.7,23.7,20.2,20.4,28881.3,0
BIOR.US,D,20230106,000000,20.9,22.195,19.5,20.6,29447.6,0
BIOR.US,D,20230109,000000,21.2,22.5,19.6,21.1,38946.3,0
BIOR.US,D,20230110,000000,24.1,56.3,21.3,54,5563016.3,0
BIOR.US,D,20230111,000000,64.8,76.8,51.7,67,5665403.4,0
BIOR.US,D,20230112,000000,59.2,63.2,52.801,53,548529.6,0
BIOR.US,D,20230113,000000,49.3,49.3,41.6,42.7,260808.6,0
BIOR.US,D,20230117,000000,44,58.7,44,45.4,566027.1,0
BIOR.US,D,20230118,000000,45.4,49.5,42.5,46.6,161816.3,0
BIOR.US,D,20230119,000000,44.5,50,40.6,41.7,173719.4,0
BIOR.US,D,20230120,000000,42.6,43.6,39.3,40.3,122654.8,0
BIOR.US,D,20230123,000000,41.4,44.8,39.231,42,110279.2,0
BIOR.US,D,20230124,000000,42,45.6,42,44.1,74978.7,0
BIOR.US,D,20230125,000000,43.2,48,42.612,46.2,105508.7,0
BIOR.US,D,20230126,000000,45.8,46.6,43.3,44.3,62905.8,0
BIOR.US,D,20230127,000000,44,48.7,43.6,47.7,65784.7,0
BIOR.US,D,20230130,000000,47.7,52.5,43.8,44,85177.9,0
BIOR.US,D,20230131,000000,44.4,45,41.2,41.7,79168.9,0
BIOR.US,D,20230201,000000,41.3,41.7,37.5,40.5,60209.5,0
BIOR.US,D,20230202,000000,40.2,41.5,40,40.8,59083.4,0
BIOR.US,D,20230203,000000,40.5,40.6,39,39.2,43731.8,0
BIOR.US,D,20230206,000000,39.4,42.99,38.6,40.6,66506,0
BIOR.US,D,20230207,000000,40,41.1,39.1,40.5,50312,0
BIOR.US,D,20230208,000000,40,41,38.1,38.7,29824.1,0
BIOR.US,D,20230209,000000,39.1,39.1,34.164,35.1,53693.7,0
BIOR.US,D,20230210,000000,34,35.6,34,34.8,15148.9,0
BIOR.US,D,20230213,000000,35,35,31.25,31.75,29937.7,0
BIOR.US,D,20230214,000000,31,34.8,31,33.6,20615.7,0
BIOR.US,D,20230215,000000,34.1,35,33.2,34.6,14222.2,0
BIOR.US,D,20230216,000000,34.3,34.4,32.1,32.8,16091.1,0
BIOR.US,D,20230217,000000,33.9,33.9,31.9,32.2,10484.7,0
BIOR.US,D,20230221,000000,31.9,31.918,29.6,30.5,24907.5,0
BIOR.US,D,20230222,000000,30.3,30.9,28.82,29,21475.3,0
BIOR.US,D,20230223,000000,28.7,30.3,27.7,30.3,24556.4,0
BIOR.US,D,20230224,000000,30,31,28.4,28.7,14221.7,0
BIOR.US,D,20230227,000000,28.8,29.5,28.203,29.5,11348.8,0
BIOR.US,D,20230228,000000,29.7,30.95,29,30.6,14224.4,0
BIOR.US,D,20230301,000000,29.9,31.799,29.5,29.5,12196.8,0
BIOR.US,D,20230302,000000,29.1,31.588,28.5,31.5,11557.6,0
BIOR.US,D,20230303,000000,31.4,31.4,29.5,29.7,10252.3,0
BIOR.US,D,20230306,000000,29.9,30.6,29,30,10387.7,0
BIOR.US,D,20230307,000000,29.8,30.45,29.166,30.3,9495.4,0
BIOR.US,D,20230308,000000,30.3,30.3,28.7,28.9,7000.7,0
BIOR.US,D,20230309,000000,28.7,29.5,27.1,27.2,15270.5,0
BIOR.US,D,20230310,000000,27.5,27.5,24.1,25.6,17457.5,0
BIOR.US,D,20230313,000000,24.6,27.5,23.3,27.15,11071.1,0
BIOR.US,D,20230314,000000,27.6,28.3,25.671,25.9,8139,0
BIOR.US,D,20230315,000000,25.8,26,24.3,25.6,18948.9,0
BIOR.US,D,20230316,000000,27,29.413,26.048,26.8,27557.8,0
BIOR.US,D,20230317,000000,26.2,28.7,25.5,27.7,14239.8,0
BIOR.US,D,20230320,000000,27.5,28.5,26,27.3,7926.9,0
BIOR.US,D,20230321,000000,27.6,28.5,27.3,28.5,7113.7,0
BIOR.US,D,20230322,000000,28.6,28.7,27.2,27.5,6185.9,0
BIOR.US,D,20230323,000000,27.6,30,27.6,28.8,12320.6,0
BIOR.US,D,20230324,000000,27.3,28,25.8,27.4,13278.3,0
BIOR.US,D,20230327,000000,27,28.998,26.6,26.7,12473.3,0
BIOR.US,D,20230328,000000,27,27.4,24.8,25.8,19327.8,0
BIOR.US,D,20230329,000000,26,27.2,25.7,26.5,5613.9,0
BIOR.US,D,20230330,000000,26.9,29.4,26.5,26.7,19574.2,0
BIOR.US,D,20230331,000000,25.6,27.7,25.4,27.7,18059.7,0
BIOR.US,D,20230403,000000,27.7,29.4,27.5,28.4,11930.7,0
BIOR.US,D,20230404,000000,28.4,29.5,28.05,29.1,7511.7,0
BIOR.US,D,20230405,000000,29.1,29.1,27.5,27.9,4629.5,0
BIOR.US,D,20230406,000000,28,28.1,26.6,26.8,5027.1,0
BIOR.US,D,20230410,000000,27,27.5,26.1,26.6,2796.1,0
BIOR.US,D,20230411,000000,26.7,27.1,25.9,26.1,5609.3,0
BIOR.US,D,20230412,000000,26.8,27,25.1,25.6,5528,0
BIOR.US,D,20230413,000000,25.6,27,25.5,26,5779.2,0
BIOR.US,D,20230414,000000,26,26.283,25.6,26,3943.9,0
BIOR.US,D,20230417,000000,25.9,27.289,25.8,27,4990.4,0
BIOR.US,D,20230418,000000,27.2,27.2,26.601,27.2,3492.5,0
BIOR.US,D,20230419,000000,26.6,27.7,26.6,27,6671,0
BIOR.US,D,20230420,000000,26.8,27,26.1,26.2,5401,0
BIOR.US,D,20230421,000000,26.5,26.549,25.6,25.7,4411.5,0
BIOR.US,D,20230424,000000,25.9,26.4,25.1,25.3,4486,0
BIOR.US,D,20230425,000000,25.5,26.1,25.1,25.3,4755.8,0
BIOR.US,D,20230426,000000,25.7,25.7,22.6,23.1,10584.9,0
BIOR.US,D,20230427,000000,23.5,24,23.247,23.5,4326.9,0
BIOR.US,D,20230428,000000,24,26.5,23.715,24.3,11545.6,0
BIOR.US,D,20230501,000000,24,25,23.3,23.3,4630.9,0
BIOR.US,D,20230502,000000,23.5,23.8,23.1,23.1,5317.1,0
BIOR.US,D,20230503,000000,23.4,24.7,23.3,23.4,9131.1,0
BIOR.US,D,20230504,000000,23.1,24.6,23.1,24.6,5084.8,0
BIOR.US,D,20230505,000000,25.3,26,24.5,25.7,5190.5,0
BIOR.US,D,20230508,000000,25.6,27.5,25.221,26.6,11694.5,0
BIOR.US,D,20230509,000000,26.2,29.8,26.2,28.4,19630.7,0
BIOR.US,D,20230510,000000,28.8,30.383,27.9,29.7,12934.2,0
BIOR.US,D,20230511,000000,29.7,34.5,29.3,32.9,24877.8,0
BIOR.US,D,20230512,000000,34.7,38.1,32.3,37.6,28635.7,0
BIOR.US,D,20230515,000000,36.6,37.4,33.127,33.5,21172.7,0
BIOR.US,D,20230516,000000,32.7,36.9,30.6,34.3,23791.5,0
BIOR.US,D,20230517,000000,34.2,34.6,31.014,33.2,12372.6,0
BIOR.US,D,20230518,000000,32.8,34.2,32.5,33.5,5276.4,0
BIOR.US,D,20230519,000000,35,37.5,33.5,37,15521.6,0
BIOR.US,D,20230522,000000,37.4,51,36.5,48.5,153886.5,0
BIOR.US,D,20230523,000000,48.7,49.8,38.901,39.7,44529.6,0
BIOR.US,D,20230524,000000,40.9,48.5,40.5,47,41664.5,0
BIOR.US,D,20230525,000000,49.3,51.5,43.201,44.6,37407.1,0
BIOR.US,D,20230526,000000,45.5,46.152,39,42.6,31335.7,0
BIOR.US,D,20230530,000000,44.8,47.449,42.001,45.8,18660.5,0
BIOR.US,D,20230531,000000,45,45.9,43.5,44.8,10080.4,0
BIOR.US,D,20230601,000000,44.6,44.999,42.9,44.2,6837.6,0
BIOR.US,D,20230602,000000,44.8,47.8,44.116,44.9,12420.1,0
BIOR.US,D,20230605,000000,44,45,41.766,42.6,7179.5,0
BIOR.US,D,20230606,000000,41.7,45.981,41.5,45.8,8903.1,0
BIOR.US,D,20230607,000000,45.4,51.7,44.6,51,44971.7,0
BIOR.US,D,20230608,000000,51.4,54.5,48.3,52.9,31486.4,0
BIOR.US,D,20230609,000000,54.1,67,53.001,59.8,89551.5,0
BIOR.US,D,20230612,000000,62.9,62.9,55.5,62.3,38250.2,0
BIOR.US,D,20230613,000000,50,53.1,48.9,50.9,69751.1,0
BIOR.US,D,20230614,000000,50.8,50.955,46,46.95,38548.7,0
BIOR.US,D,20230615,000000,46.2,46.92,41.3,42.8,32463.2,0
BIOR.US,D,20230616,000000,43.1,44,42.2,42.9,16584.2,0
BIOR.US,D,20230620,000000,42.3,43.499,40.5,40.7,17495.7,0
BIOR.US,D,20230621,000000,40.7,40.8,37.7,38.3,14886.7,0
BIOR.US,D,20230622,000000,38.5,39.6,38,39,11746.7,0
BIOR.US,D,20230623,000000,38.2,39.037,37.6,38.1,6906.3,0
BIOR.US,D,20230626,000000,38.4,38.7,35.9,36.2,8815,0
BIOR.US,D,20230627,000000,36.4,36.9,35,35.5,5743.4,0
BIOR.US,D,20230628,000000,35.5,38.4,35,37.6,15989.6,0
BIOR.US,D,20230629,000000,37.8,39.399,37.085,39,9544.8,0
BIOR.US,D,20230630,000000,39,39.349,37.7,38.5,8743.7,0
BIOR.US,D,20230703,000000,38.7,38.9,38,38.1,2997.1,0
BIOR.US,D,20230705,000000,37.2,39.6,37,39.4,9877.7,0
BIOR.US,D,20230706,000000,39,39.3,37.2,38.8,6516.3,0
BIOR.US,D,20230707,000000,38.8,39.9,37.7,38.9,5627,0
BIOR.US,D,20230710,000000,38.8,39.8,37.6,39.3,6570.3,0
BIOR.US,D,20230711,000000,39.4,41.2,38.502,39.3,9072.3,0
BIOR.US,D,20230712,000000,39.6,41.4,38.62,40.877,12206.6,0
BIOR.US,D,20230713,000000,40.9,42.199,39.886,40.3,9493.3,0
BIOR.US,D,20230714,000000,41.4,41.4,38.713,40,5689.3,0
BIOR.US,D,20230717,000000,40.1,40.9,39.8,40.2,4974.4,0
BIOR.US,D,20230718,000000,40,40.9,39.4,40,6667.2,0
BIOR.US,D,20230719,000000,40.2,41,39.171,40.6,8625.1,0
BIOR.US,D,20230720,000000,40.4,40.5,38.1,38.7,5940.8,0
BIOR.US,D,20230721,000000,38.9,39.8,38,38.4,7258.5,0
BIOR.US,D,20230724,000000,38.4,38.9,36.7,38.3,10637.1,0
BIOR.US,D,20230725,000000,37.9,38.4,35.5,35.8,8335.4,0
BIOR.US,D,20230726,000000,35.4,37.5,35.4,36.6,5089.7,0
BIOR.US,D,20230727,000000,36.3,37.7,36.2,36.8,8060.1,0
BIOR.US,D,20230728,000000,37.1,38.4,36.601,38.1,5528.6,0
BIOR.US,D,20230731,000000,38.4,39.4,38,38.3,8055,0
BIOR.US,D,20230801,000000,38.3,39.5,37.51,39.4,6504.8,0
BIOR.US,D,20230802,000000,39.4,39.4,37.3,38.5,5039.6,0
BIOR.US,D,20230803,000000,38.3,39,37.5,38.5,3810.3,0
BIOR.US,D,20230804,000000,38.1,39,37.601,38.2,4299.8,0
BIOR.US,D,20230807,000000,38.2,39,36.501,37.6,4630.2,0
BIOR.US,D,20230808,000000,37.5,38,36.3,36.9,4736.2,0
BIOR.US,D,20230809,000000,36.8,36.8,33.92,34.7,8299.3,0
BIOR.US,D,20230810,000000,35.7,36.499,34.6,35.3,3786.5,0
BIOR.US,D,20230811,000000,35.2,36.4,34,34.6,4190.8,0
BIOR.US,D,20230814,000000,34.4,34.4,31.4,31.7,10018.9,0
BIOR.US,D,20230815,000000,31.5,34.1,30.2,31.4,6753.4,0
BIOR.US,D,20230816,000000,31.4,31.693,30,31.2,6644.7,0
BIOR.US,D,20230817,000000,31.2,31.3,29.7,30.1,8050.9,0
BIOR.US,D,20230818,000000,29.8,30.9,29,30.7,3786.7,0
BIOR.US,D,20230821,000000,30.3,31.9,30.1,30.6,5034.6,0
BIOR.US,D,20230822,000000,30.5,31.2,29.4,29.55,3455.8,0
BIOR.US,D,20230823,000000,29.6,31.6,28.3,29.4,14104.7,0
BIOR.US,D,20230824,000000,29.1,29.5,26.1,27,6074.9,0
BIOR.US,D,20230825,000000,26.8,28.197,26.2,26.8,3951.7,0
BIOR.US,D,20230828,000000,26.8,28.1,26.5,27.1,3710.4,0
BIOR.US,D,20230829,000000,27.2,27.9,27.1,27.5,2605.2,0
BIOR.US,D,20230830,000000,27.7,29.5,27,28.7,3604.5,0
BIOR.US,D,20230831,000000,28.5,31.4,28,29.7,5123.1,0
BIOR.US,D,20230901,000000,30.2,30.92,29.4,29.8,2410.8,0
BIOR.US,D,20230905,000000,31.8,33.8,30.8,32.9,18772.4,0
BIOR.US,D,20230906,000000,32.8,32.8,29.5,30.7,13654.5,0
BIOR.US,D,20230907,000000,30.7,30.7,29.531,30.4,3466,0
BIOR.US,D,20230908,000000,30.3,30.3,28.2,28.7,6482.1,0
BIOR.US,D,20230911,000000,29.2,30.4,28.2,29.5,6192.5,0
BIOR.US,D,20230912,000000,29.5,29.5,27,27.5,11623.3,0
BIOR.US,D,20230913,000000,28,28.5,25.21,25.4,17992.3,0
BIOR.US,D,20230914,000000,25.6,26.908,22.81,23.7,22669.3,0
BIOR.US,D,20230915,000000,24.2,24.2,22.2,22.6,12990.8,0
BIOR.US,D,20230918,000000,22.8,23,20.9,20.9,14960,0
BIOR.US,D,20230919,000000,22.1,26.8,20,20.7,90797.7,0
BIOR.US,D,20230920,000000,21.4,23.6,20.8,22.9,12377.9,0
BIOR.US,D,20230921,000000,23.1,23.1,21.3,21.9,6320.1,0
BIOR.US,D,20230922,000000,21.8,22.384,21,21.3,5361.6,0
BIOR.US,D,20230925,000000,21.3,22.3,20.915,21.6,8440,0
BIOR.US,D,20230926,000000,22.4,22.4,21.5,22,7986.9,0
BIOR.US,D,20230927,000000,22.1,22.248,20.9,21.9,6000.5,0
BIOR.US,D,20230928,000000,22,22.1,21.001,21.4,6393.8,0
BIOR.US,D,20230929,000000,21.7,21.899,21.4,21.7,3281,0
BIOR.US,D,20231002,000000,22,22.7,21.6,22,12408.8,0
BIOR.US,D,20231003,000000,22.2,22.4,21.301,21.8,5752.5,0
BIOR.US,D,20231004,000000,22,22,21.5,21.8,5217.7,0
BIOR.US,D,20231005,000000,21.9,22,20.7,20.8,7967.9,0
BIOR.US,D,20231006,000000,20.8,21.296,20.4,20.7,9903.8,0
BIOR.US,D,20231009,000000,20.9,21.5,20.1,20.6,7353.9,0
BIOR.US,D,20231010,000000,20,20.6,19.3,19.3,15393,0
BIOR.US,D,20231011,000000,19.4,20.1,18.8,18.8,8486.6,0
BIOR.US,D,20231012,000000,18.9,19.9,18.3,18.7,9501.1,0
BIOR.US,D,20231013,000000,18.7,19.8,18.3,18.3,3682.1,0
BIOR.US,D,20231016,000000,19,19,17.6,17.9,6350.2,0
BIOR.US,D,20231017,000000,17.9,19.43,17.663,18,8559.8,0
BIOR.US,D,20231018,000000,18.2,24,18.043,21,37393.5,0
BIOR.US,D,20231019,000000,22,26.6,21.8,23.5,67578.7,0
BIOR.US,D,20231020,000000,23.5,27.129,23.1,26.2,50393.2,0
BIOR.US,D,20231023,000000,25.1,25.3,23.03,24.4,20221.4,0
BIOR.US,D,20231024,000000,24.4,25.2,20.2,21,23355,0
BIOR.US,D,20231025,000000,20.5,21.3,19.5,20.3,8890,0
BIOR.US,D,20231026,000000,20.2,21.1,19.2,19.6,11944.9,0
BIOR.US,D,20231027,000000,20,20.6,19.1,19.5,6419.1,0
BIOR.US,D,20231030,000000,19.6,20.8,19.6,20.3,4759.5,0
BIOR.US,D,20231031,000000,20.5,20.71,19,19.45,5418,0
BIOR.US,D,20231101,000000,19.4,20,19.102,19.9,9276.5,0
BIOR.US,D,20231102,000000,20,20.5,19.05,19.7,25439.1,0
BIOR.US,D,20231103,000000,19.7,19.9,18.6,18.9,43170.1,0
BIOR.US,D,20231106,000000,19.1,19.7,17.1,17.1,25156.4,0
BIOR.US,D,20231107,000000,18.5,18.6,16.1,16.8,43083.8,0
BIOR.US,D,20231108,000000,18.4,18.4,15.5,15.8,17486.5,0
BIOR.US,D,20231109,000000,16,16.599,14.7,14.9,34351.5,0
BIOR.US,D,20231110,000000,15.4,15.407,13.8,14.2,25207,0
BIOR.US,D,20231113,000000,14.6,14.7,13.2,13.7,29598.4,0
BIOR.US,D,20231114,000000,14.3,15.2,12.622,13.4,53853.2,0
BIOR.US,D,20231115,000000,13.7,14.1,12.9,13.4,27177.2,0
BIOR.US,D,20231116,000000,14.2,14.2,12.592,12.9,60330.7,0
BIOR.US,D,20231117,000000,13.1,13.799,12.9,13.6,10686.6,0
BIOR.US,D,20231120,000000,13.7,13.85,13.2,13.4,12903.2,0
BIOR.US,D,20231121,000000,13.6,14.1,13.3,13.3,12507.8,0
BIOR.US,D,20231122,000000,13.7,13.722,13.4,13.7,7058.9,0
BIOR.US,D,20231124,000000,13.7,13.85,13.4,13.5,4567.1,0
BIOR.US,D,20231127,000000,13.5,14,13.4,13.7,16531.6,0
BIOR.US,D,20231128,000000,14,14.1,13,13.1,32436.3,0
BIOR.US,D,20231129,000000,13.5,13.5,11.8,12.1,49504.9,0
BIOR.US,D,20231130,000000,12.5,12.8,12.1,12.4,380245.5,0
BIOR.US,D,20231201,000000,15.8,16.1,12.4,13.5,1232796.6,0
BIOR.US,D,20231204,000000,12.5,13.5,11.7,12.5,168783.7,0
BIOR.US,D,20231205,000000,12.2,12.2,11.315,11.7,64855.5,0
BIOR.US,D,20231206,000000,11.8,12.1,11.2,11.5,39397.9,0
BIOR.US,D,20231207,000000,11.6,11.9,10.5,11.6,65617.6,0
BIOR.US,D,20231208,000000,11.6,11.8,11.2,11.7,30745.5,0
BIOR.US,D,20231211,000000,12,14.5,11.8,14.3,90128.4,0
BIOR.US,D,20231212,000000,14,14.091,12.7,13.9,30102.1,0
BIOR.US,D,20231213,000000,13.7,14.999,13.5,14.1,32848.7,0
BIOR.US,D,20231214,000000,13.9,14.599,13.711,14.3,38155.3,0
BIOR.US,D,20231215,000000,14.2,14.8,13.6,13.6,20896.8,0
BIOR.US,D,20231218,000000,12.3,12.7,11.9,11.9,52005.6,0
BIOR.US,D,20231219,000000,12.1,12.4,11.7,11.7,32713.8,0
BIOR.US,D,20231220,000000,12.2,12.4,11.7,12.05,23968.8,0
BIOR.US,D,20231221,000000,12.1,12.92,11.921,12.8,25618.7,0
BIOR.US,D,20231222,000000,13.1,13.7,12.7,12.8,63027.6,0
BIOR.US,D,20231226,000000,13,13.4,12.6,12.9,82531.1,0
BIOR.US,D,20231227,000000,13,13.6,13,13.3,66058.6,0
BIOR.US,D,20231228,000000,13.6,15,13.55,14,67700,0
BIOR.US,D,20231229,000000,14.7,14.7,13,13.5,55381.4,0
BIOR.US,D,20240102,000000,14.1,14.518,13,13.3,45622.5,0
BIOR.US,D,20240103,000000,13.5,13.6,12.789,13.1,65011,0
BIOR.US,D,20240104,000000,13.4,13.6,13.1,13.5,29004.8,0
BIOR.US,D,20240105,000000,13.7,13.9,13.4,13.5,56441.6,0
BIOR.US,D,20240108,000000,13.8,13.8,12.6,12.8,53554.6,0
BIOR.US,D,20240109,000000,13.2,13.299,12.502,12.8,33114.8,0
BIOR.US,D,20240110,000000,12.9,13,12.4,12.6,12420.5,0
BIOR.US,D,20240111,000000,12.6,12.8,12.1,12.5,21045.2,0
BIOR.US,D,20240112,000000,12.7,12.7,12.3,12.6,8338.7,0
BIOR.US,D,20240116,000000,12.7,12.7,12.2,12.5,80673.7,0
BIOR.US,D,20240117,000000,12.3,12.4,10.601,10.9,43865.7,0
BIOR.US,D,20240118,000000,11.1,11.19,8.79,9.738,79251,0
BIOR.US,D,20240119,000000,10.2,10.2,8.7,9.12,58868.9,0
BIOR.US,D,20240122,000000,8.978,9.036,7.56,8.948,51683.9,0
BIOR.US,D,20240123,000000,9.3,11,9.3,9.71,44928,0
BIOR.US,D,20240124,000000,10.1,10.2,9.05,9.051,13743.3,0
BIOR.US,D,20240125,000000,9.212,9.871,8.9,9.17,25538.3,0
BIOR.US,D,20240126,000000,9,9.89,9,9.4,11162.4,0
BIOR.US,D,20240129,000000,9.85,10.1,9.5,9.958,15887.7,0
BIOR.US,D,20240130,000000,9.725,10.1,9.6,9.604,5325.8,0
BIOR.US,D,20240131,000000,9.628,10,9.204,9.4,14897,0
BIOR.US,D,20240201,000000,9.4,9.967,9.2,9.392,13155.9,0
BIOR.US,D,20240202,000000,9.5,9.548,8.7,9.395,15444.5,0
BIOR.US,D,20240205,000000,9.087,9.5,8.565,9,13567.9,0
BIOR.US,D,20240206,000000,8.904,9.425,8.804,9.2,18891.3,0
BIOR.US,D,20240207,000000,9.2,9.38,8.275,8.574,21435.2,0
BIOR.US,D,20240208,000000,8.4,8.62,7.999,8.351,37592.7,0
BIOR.US,D,20240209,000000,8.624,8.898,8.3,8.55,15256.2,0
BIOR.US,D,20240212,000000,8.5,8.782,8.4,8.41,17610.5,0
BIOR.US,D,20240213,000000,8.3,8.5,7.677,8.062,22007.5,0
BIOR.US,D,20240214,000000,8,8.38,7.8,8.22,17307.4,0
BIOR.US,D,20240215,000000,8.1,8.33,8,8.09,20180.6,0
BIOR.US,D,20240216,000000,8,8.49,7.7265,8.3,24614.3,0
BIOR.US,D,20240220,000000,8.781,8.884,8.5,8.884,23062.3,0
BIOR.US,D,20240221,000000,9,9,8.145,8.4,12142.6,0
BIOR.US,D,20240222,000000,8.3,8.879,7.9,8.191,16011.5,0
BIOR.US,D,20240223,000000,8.3,8.5,7.8,8.488,12643.5,0
BIOR.US,D,20240226,000000,8.82,10.9,8.7001,10.5,65766.7,0
BIOR.US,D,20240227,000000,10.9,15.4,10.9,15.4,238759.6,0
BIOR.US,D,20240228,000000,16.5,19.9,13.5,14.2,194860,0
BIOR.US,D,20240229,000000,15,15.4,12.5,13.1,51740.9,0
BIOR.US,D,20240301,000000,13.7,13.7,10.6,11.5,60522.6,0
BIOR.US,D,20240304,000000,11.7,13.073,11.5,12.4,87283.9,0
BIOR.US,D,20240305,000000,12.6,12.7,10.9,11,49949,0
BIOR.US,D,20240306,000000,10.8,12,10.701,11.75,32765.8,0
BIOR.US,D,20240307,000000,11.7,12.1,11.3,11.6,37260.2,0
BIOR.US,D,20240308,000000,11.7,12,11.404,11.9,21132.2,0
BIOR.US,D,20240311,000000,12.9,13.1,12.5,12.7,55743.4,0
BIOR.US,D,20240312,000000,12.4,12.6,11.2,11.3,36722.7,0
BIOR.US,D,20240313,000000,11.8,12,11.2,11.5,24403.2,0
BIOR.US,D,20240314,000000,11.2,11.4,10.1,10.8,28269.7,0
BIOR.US,D,20240315,000000,10.8,11.9,10.8,11.2,34383,0
BIOR.US,D,20240318,000000,11.3,11.8,10.901,11.5,16391.2,0
BIOR.US,D,20240319,000000,11.3,12.3,11.2,11.9,17678.1,0
BIOR.US,D,20240320,000000,11.9,12.2,11.5,12.1,28595.6,0
BIOR.US,D,20240321,000000,12.1,12.1,11.55,11.9,15897.1,0
BIOR.US,D,20240322,000000,11.8,12.3,11.6,12,18978.2,0
BIOR.US,D,20240325,000000,12.2,12.3,11.6,12.2,19695.5,0
BIOR.US,D,20240326,000000,12.6,13.3,12.201,13.3,39513.3,0
BIOR.US,D,20240327,000000,12.3,12.4,11.6,11.7,70537.5,0
BIOR.US,D,20240328,000000,11.6,11.7,10.8,11,35725.6,0
BIOR.US,D,20240401,000000,8.081,8.194,6.7,7.353,431876.4,0
BIOR.US,D,20240402,000000,7.41,7.5,7.073,7.402,61019.2,0
BIOR.US,D,20240403,000000,7.4,7.744,7.3,7.45,80636.5,0
BIOR.US,D,20240404,000000,7.5,7.5,6.71,7.184,115941.9,0
BIOR.US,D,20240405,000000,7.3,7.4,7.1,7.21,34359.2,0
BIOR.US,D,20240408,000000,7.1,7.4,7.009,7.257,29752.7,0
BIOR.US,D,20240409,000000,7.246,7.246,6.825,7,50959.7,0
BIOR.US,D,20240410,000000,7,7.059,6.713,6.99,30231.9,0
BIOR.US,D,20240411,000000,6.9,7.14999,6.805,7.049,16280.8,0
BIOR.US,D,20240412,000000,6.902,7,6.61,6.71,30007.1,0
BIOR.US,D,20240415,000000,6.733,6.733,6.1,6.2,45275.9,0
BIOR.US,D,20240416,000000,6.1,6.5,6.099,6.21,24416.8,0
BIOR.US,D,20240417,000000,6.4,6.7,6.2,6.421,31778.9,0
BIOR.US,D,20240418,000000,6.5,6.79,5.85,5.995,51954.3,0
BIOR.US,D,20240419,000000,6,6.2,6,6.15,10450.6,0
BIOR.US,D,20240422,000000,6.01,6.13,5.928,6.061,16021.8,0
BIOR.US,D,20240423,000000,6.3,6.609,6.15,6.39,38330.4,0
BIOR.US,D,20240424,000000,6.39,6.5,6,6.199,18441.1,0
BIOR.US,D,20240425,000000,6.11,6.32001,5.999,6.07,15152.1,0
BIOR.US,D,20240426,000000,6.334,6.334,6.018,6.277,13368.6,0
BIOR.US,D,20240429,000000,6.25,6.396,6.12,6.225,12804.1,0
BIOR.US,D,20240430,000000,6.39,6.6,6.2,6.554,25490.7,0
BIOR.US,D,20240501,000000,6.49,6.545,6.225,6.42,29034.2,0
BIOR.US,D,20240502,000000,6.42,7.2,6.31,7.128,42780.1,0
BIOR.US,D,20240503,000000,7,7.48,6.7,7.31,26918.5,0
BIOR.US,D,20240506,000000,7.489,7.698,7.181,7.513,27253.5,0
BIOR.US,D,20240507,000000,7.6,7.6,7.3,7.404,11456.5,0
BIOR.US,D,20240508,000000,7.48,7.495,7.15,7.161,13366.7,0
BIOR.US,D,20240509,000000,7.2,7.584,7.2,7.477,12649.9,0
BIOR.US,D,20240510,000000,7.472,7.6,7.292,7.328,10760,0
BIOR.US,D,20240513,000000,7.5,7.5,7.328,7.4,10559,0
BIOR.US,D,20240514,000000,7.1,7.499,6.812,7.379,23325,0
BIOR.US,D,20240515,000000,7.4,7.5,7.125,7.15,32827.5,0
BIOR.US,D,20240516,000000,7.3,7.465,6.826,7.373,31537.7,0
BIOR.US,D,20240517,000000,7.4,7.5,7.001,7.297,22045.3,0
BIOR.US,D,20240520,000000,7.3,7.5,7.114,7.303,23564,0
BIOR.US,D,20240521,000000,7.343,7.343,7.014,7.12,26360.5,0
BIOR.US,D,20240522,000000,7,7.199,6.701,6.899,17473.6,0
BIOR.US,D,20240523,000000,7,7.199,4.75,4.97,167089.7,0
BIOR.US,D,20240524,000000,5.43,6.1,5.43,5.936,85312.5,0
BIOR.US,D,20240528,000000,6.1,6.2,5.927,6.06,21570,0
BIOR.US,D,20240529,000000,6,6.096,5.801,5.915,19603.1,0
BIOR.US,D,20240530,000000,6,6.296,5.863,6.081,12703.9,0
BIOR.US,D,20240531,000000,6.1,6.55,5.825,6.398,25735.8,0
BIOR.US,D,20240603,000000,6.4,6.527,6.239,6.426,11941.7,0
BIOR.US,D,20240604,000000,6.458,6.539,6.30399,6.437,15301.8,0
BIOR.US,D,20240605,000000,6.26,7.162,6.211,6.99,34597.6,0
BIOR.US,D,20240606,000000,7.3,7.9,6.9,7.602,64300.9,0
BIOR.US,D,20240607,000000,7.569,7.6,7,7.12,30043.7,0
BIOR.US,D,20240610,000000,7.265,7.749,7.2,7.363,17134,0
BIOR.US,D,20240611,000000,7.3,7.4,7.002,7.068,13549.1,0
BIOR.US,D,20240612,000000,7.5,7.5,7,7.1,17279,0
BIOR.US,D,20240613,000000,7.13,7.499,7.001,7.201,8053.8,0
BIOR.US,D,20240614,000000,7.2,7.5175,7.05,7.474,15084.3,0
BIOR.US,D,20240617,000000,7.3,7.6,6.71,6.718,39010,0
BIOR.US,D,20240618,000000,6.72,7.038,6.72,6.849,9306.8,0
BIOR.US,D,20240620,000000,6.946,7.26555,6.849,6.92,12797.6,0
BIOR.US,D,20240621,000000,7,7.25,6.7,6.8,13814.6,0
BIOR.US,D,20240624,000000,6.964,7.08504,6.8,6.902,13186.5,0
BIOR.US,D,20240625,000000,6.801,6.9,6.549,6.757,14518.4,0
BIOR.US,D,20240626,000000,6.6,6.7428,6.094,6.375,20556.9,0
BIOR.US,D,20240627,000000,6.428,6.596,6.308,6.447,13550,0
BIOR.US,D,20240628,000000,6.5,6.6,6.3,6.6,17115.8,0
BIOR.US,D,20240701,000000,6.6,6.66499,5.803,6.299,36871.8,0
BIOR.US,D,20240702,000000,6.479,6.479,5.917,6.099,22496.3,0
BIOR.US,D,20240703,000000,6.177,6.45,6.177,6.271,16033,0
BIOR.US,D,20240705,000000,6.2,6.816,6.2,6.759,22569.6,0
BIOR.US,D,20240708,000000,6.7,6.9,6.55,6.55,22596.5,0
BIOR.US,D,20240709,000000,6.58,6.875,6.456,6.6,11008.4,0
BIOR.US,D,20240710,000000,6.89,7,6.47,6.51,22656.2,0
BIOR.US,D,20240711,000000,6.7,6.771,6.3,6.636,38525.1,0
BIOR.US,D,20240712,000000,6.636,6.82,6.61,6.775,8766.9,0
BIOR.US,D,20240715,000000,6.735,7.45,6.7,7.133,38086.6,0
BIOR.US,D,20240716,000000,7.06,7.496,7.06,7.3,37779,0
BIOR.US,D,20240717,000000,7.45,7.9,7.2,7.57,53422.6,0
BIOR.US,D,20240718,000000,7.8,7.8,6.951,7.013,31725.1,0
BIOR.US,D,20240719,000000,7.1,7.1,6.6,6.6,20663.2,0
BIOR.US,D,20240722,000000,6.8,7,6.6,6.977,18477.2,0
BIOR.US,D,20240723,000000,7.007,7.075,6.858,6.9,10160.8,0
BIOR.US,D,20240724,000000,7.05,7.096,6.216,6.532,26075.5,0
BIOR.US,D,20240725,000000,6.564,7,6.502,6.55,11703.5,0
BIOR.US,D,20240726,000000,6.61,6.788,6.55,6.677,6149.3,0
BIOR.US,D,20240729,000000,6.95,6.95,6.60501,6.735,13424,0
BIOR.US,D,20240730,000000,6.7,6.998,6.6,6.798,18029.6,0
BIOR.US,D,20240731,000000,6.8,6.914,6.522,6.702,20520.6,0
BIOR.US,D,20240801,000000,6.9,6.9,6.402,6.543,9452.7,0
BIOR.US,D,20240802,000000,6.447,6.596,5.915,6.11,32202.9,0
BIOR.US,D,20240805,000000,5.95,6.247,5.55,6.247,21839.2,0
BIOR.US,D,20240806,000000,6.32,6.4,6,6.223,14608.5,0
BIOR.US,D,20240807,000000,6.258,6.258,5.733,5.918,25588.2,0
BIOR.US,D,20240808,000000,5.9,6.001,5.63,5.89,21859.9,0
BIOR.US,D,20240809,000000,5.9,5.999,5.8,5.913,16941.3,0
BIOR.US,D,20240812,000000,6.355,6.355,5.72,5.833,19160.1,0
BIOR.US,D,20240813,000000,5.85,6.946,5.85,6.697,100155.4,0
BIOR.US,D,20240814,000000,6.8,6.894,6.303,6.669,19986.4,0
BIOR.US,D,20240815,000000,6.7,6.9,6.62349,6.655,13757.6,0
BIOR.US,D,20240816,000000,6.68,6.9,6.5,6.587,10915.4,0
BIOR.US,D,20240819,000000,6.55,7,6.5001,6.99,20904.9,0
BIOR.US,D,20240820,000000,6.9,7.093,6.9,7.008,10870.7,0
BIOR.US,D,20240821,000000,7.1,7.1,6.828,6.911,11091,0
BIOR.US,D,20240822,000000,6.9,6.999,6.5,6.58,9733.1,0
BIOR.US,D,20240823,000000,6.6,6.8,6.53,6.78,17963.2,0
BIOR.US,D,20240826,000000,6.9,6.98,6.701,6.857,9736.1,0
BIOR.US,D,20240827,000000,6.9,6.98,6.8,6.857,6882.6,0
BIOR.US,D,20240828,000000,6.8,6.98,6.62,6.749,22752.2,0
BIOR.US,D,20240829,000000,6.7,6.977,6.7,6.858,12571.2,0
BIOR.US,D,20240830,000000,7.09,7.09,6.858,6.969,8710.9,0
BIOR.US,D,20240903,000000,7,7.1,6.84,7.013,15635.6,0
BIOR.US,D,20240904,000000,6.81,6.9,6.51,6.591,20618.7,0
BIOR.US,D,20240905,000000,6.6,6.699,6.345,6.404,10728.4,0
BIOR.US,D,20240906,000000,6.419,6.7,6.3,6.489,20615.7,0
BIOR.US,D,20240909,000000,6.5,6.5,6.311,6.498,8409.8,0
BIOR.US,D,20240910,000000,6.46,6.699,6.36,6.492,11100.1,0
BIOR.US,D,20240911,000000,6.413,6.7,6.41,6.592,5400.9,0
BIOR.US,D,20240912,000000,6.5,6.7,6.5,6.675,18295.2,0
BIOR.US,D,20240913,000000,6.656,6.8,6.375,6.501,28059.7,0
BIOR.US,D,20240916,000000,6.6,6.603,6.401,6.499,4685.1,0
BIOR.US,D,20240917,000000,6.5,6.79,6.408,6.442,7245.3,0
BIOR.US,D,20240918,000000,6.418,6.558,6.329,6.509,10919.1,0
BIOR.US,D,20240919,000000,6.45,6.598,6.351,6.498,18319.6,0
BIOR.US,D,20240920,000000,6.345,6.35,5.401,5.872,70231.8,0
BIOR.US,D,20240923,000000,5.668,5.867,5.24,5.678,35859.6,0
BIOR.US,D,20240924,000000,5.645,5.787,5.605,5.758,16629.3,0
BIOR.US,D,20240925,000000,5.745,5.798,5.528,5.65,19329.1,0
BIOR.US,D,20240926,000000,5.55,5.696,4.921,5.343,66348.3,0
BIOR.US,D,20240927,000000,5.21,5.279,5.005,5.139,30088.9,0
BIOR.US,D,20240930,000000,5.2,5.34,5.00801,5.016,13480.5,0
BIOR.US,D,20241001,000000,5.206,5.206,4.9,4.965,9575.6,0
BIOR.US,D,20241002,000000,5,5.1,4.7,5,49996.2,0
BIOR.US,D,20241003,000000,5,5.349,5,5.24,9630.4,0
BIOR.US,D,20241004,000000,5.3,5.883,5.3,5.737,26381.2,0
BIOR.US,D,20241007,000000,5.64,5.801,5.501,5.68,13527.8,0
BIOR.US,D,20241008,000000,5.6,5.6,5.277,5.407,23325.9,0
BIOR.US,D,20241009,000000,5.5,5.5,5.208,5.303,22049.8,0
BIOR.US,D,20241010,000000,5.303,5.568,5.3,5.519,15364.1,0
BIOR.US,D,20241011,000000,5,5.653,4.9,5.518,60040.9,0
BIOR.US,D,20241014,000000,5.34,5.5,5.211,5.271,16220.8,0
BIOR.US,D,20241015,000000,5.3,5.584,5.3,5.534,22443.6,0
BIOR.US,D,20241016,000000,5.599,5.97,5.455,5.9,27204,0
BIOR.US,D,20241017,000000,5.77,5.77,5.308,5.538,38512.6,0
BIOR.US,D,20241018,000000,5.2,5.6892,4.1291,4.3,300729,0
BIOR.US,D,20241021,000000,4.31,4.79,4.15,4.54,116475,0
BIOR.US,D,20241022,000000,4.48,4.6952,4.33,4.47,47686,0
BIOR.US,D,20241023,000000,4.45,4.6,3.7,3.86,117677,0
BIOR.US,D,20241024,000000,3.55,3.7,3.38,3.5,127732,0
BIOR.US,D,20241025,000000,3.57,4.24,3.561,3.9,217844,0
BIOR.US,D,20241028,000000,4.3,4.42,4.07,4.42,84561,0
BIOR.US,D,20241029,000000,3.85,3.85,3.41,3.49,171882,0
