<TICKER>,<PER>,<DATE>,<TIME>,<OPEN>,<HIGH>,<LOW>,<CLOSE>,<VOL>,<OPENINT>
BNZI.US,D,20210216,000000,10.15,10.25,10.1,10.17,375077,0
BNZI.US,D,20210217,000000,10.19,10.19,10.15,10.15,349211,0
BNZI.US,D,20210218,000000,10.15,10.31,10.15,10.21,111770,0
BNZI.US,D,20210219,000000,10.28,10.37,10.2,10.24,265775,0
BNZI.US,D,20210222,000000,10.29,10.29,10.18,10.2,111171,0
BNZI.US,D,20210223,000000,10.17,10.25,10.11,10.18,126791,0
BNZI.US,D,20210224,000000,10.18,10.42,10.15,10.37,219473,0
BNZI.US,D,20210225,000000,10.3045,10.39,10.18,10.22,70281,0
BNZI.US,D,20210226,000000,10.25,10.25,10.09,10.21,128884,0
BNZI.US,D,20210301,000000,10.26,10.26,10.12,10.13,31179,0
BNZI.US,D,20210302,000000,10.13,10.14,10.06,10.1,115798,0
BNZI.US,D,20210303,000000,10.13,10.13,9.91,10,105534,0
BNZI.US,D,20210304,000000,10.04,10.04,9.95,9.98,107360,0
BNZI.US,D,20210305,000000,10.08,10.08,9.81,9.92,127952,0
BNZI.US,D,20210308,000000,9.96,10.04,9.85,9.87,122277,0
BNZI.US,D,20210309,000000,9.9,9.92,9.87,9.91,15151,0
BNZI.US,D,20210310,000000,9.9,9.92,9.83,9.92,176688,0
BNZI.US,D,20210311,000000,9.88,9.92,9.88,9.92,13273,0
BNZI.US,D,20210312,000000,9.9,9.94,9.85,9.9,262502,0
BNZI.US,D,20210316,000000,9.86,9.86,9.85,9.86,25938,0
BNZI.US,D,20210317,000000,9.91,9.91,9.8,9.85,79725,0
BNZI.US,D,20210318,000000,9.85,9.87,9.8,9.86,153643,0
BNZI.US,D,20210319,000000,9.82,9.86,9.8,9.8,6371,0
BNZI.US,D,20210322,000000,9.8,9.85,9.8,9.83,8227,0
BNZI.US,D,20210323,000000,9.8,9.835,9.7,9.77,111246,0
BNZI.US,D,20210324,000000,9.71,9.71,9.63,9.66,138212,0
BNZI.US,D,20210325,000000,9.61,9.68,9.61,9.68,16162,0
BNZI.US,D,20210326,000000,9.69,9.8,9.65,9.77,26267,0
BNZI.US,D,20210329,000000,9.7,9.755,9.61,9.7,5304,0
BNZI.US,D,20210330,000000,9.8299,9.8299,9.8299,9.8299,296,0
BNZI.US,D,20210331,000000,9.725,10.1,9.67,9.89,418590,0
BNZI.US,D,20210401,000000,9.98,9.98,9.8176,9.88,41961,0
BNZI.US,D,20210405,000000,9.94,9.94,9.83,9.85,84704,0
BNZI.US,D,20210406,000000,9.85,9.885,9.83,9.83,85343,0
BNZI.US,D,20210407,000000,9.83,9.83,9.78,9.78,15915,0
BNZI.US,D,20210408,000000,9.8,9.93,9.8,9.93,26066,0
BNZI.US,D,20210409,000000,9.8722,9.935,9.85,9.93,41251,0
BNZI.US,D,20210412,000000,9.865,9.865,9.7601,9.835,1772,0
BNZI.US,D,20210413,000000,9.85,9.905,9.85,9.905,25580,0
BNZI.US,D,20210414,000000,9.86,9.9,9.85,9.9,3615,0
BNZI.US,D,20210415,000000,9.8712,9.94,9.86,9.86,8754,0
BNZI.US,D,20210416,000000,9.85,9.87,9.81,9.86,7848,0
BNZI.US,D,20210419,000000,9.81,9.85,9.8,9.85,16377,0
BNZI.US,D,20210420,000000,9.8691,9.8691,9.77,9.77,4229,0
BNZI.US,D,20210421,000000,9.78,9.81,9.77,9.81,65806,0
BNZI.US,D,20210422,000000,9.8098,9.93,9.8098,9.85,19652,0
BNZI.US,D,20210423,000000,9.85,9.905,9.79,9.88,20137,0
BNZI.US,D,20210426,000000,9.82,9.835,9.82,9.835,613,0
BNZI.US,D,20210427,000000,9.85,9.85,9.69,9.7,471542,0
BNZI.US,D,20210428,000000,9.72,9.75,9.72,9.75,179029,0
BNZI.US,D,20210429,000000,9.79,9.8,9.73,9.8,33529,0
BNZI.US,D,20210430,000000,9.837,9.89,9.837,9.86,3158,0
BNZI.US,D,20210503,000000,9.77,9.88,9.76,9.82,18776,0
BNZI.US,D,20210504,000000,9.73,9.8,9.72,9.79,266113,0
BNZI.US,D,20210505,000000,9.77,9.84,9.77,9.83,23815,0
BNZI.US,D,20210506,000000,9.8,9.85,9.8,9.84,199128,0
BNZI.US,D,20210507,000000,9.77,9.86,9.76,9.86,28383,0
BNZI.US,D,20210510,000000,9.87,9.87,9.7726,9.86,242382,0
BNZI.US,D,20210511,000000,9.84,9.85,9.75,9.8,139429,0
BNZI.US,D,20210512,000000,9.79,9.84,9.77,9.83,49647,0
BNZI.US,D,20210513,000000,9.76,9.83,9.76,9.82,41062,0
BNZI.US,D,20210514,000000,9.78,9.8284,9.77,9.8,60109,0
BNZI.US,D,20210517,000000,9.8,9.8,9.78,9.8,31076,0
BNZI.US,D,20210519,000000,9.782,9.8,9.78,9.78,1383,0
BNZI.US,D,20210520,000000,9.75,9.7777,9.75,9.7623,2675,0
BNZI.US,D,20210521,000000,9.73,9.8,9.73,9.8,55953,0
BNZI.US,D,20210524,000000,9.7407,9.75,9.7407,9.75,374,0
BNZI.US,D,20210525,000000,9.775,9.775,9.74,9.77,3421,0
BNZI.US,D,20210526,000000,9.79,9.79,9.7401,9.76,2552,0
BNZI.US,D,20210527,000000,9.76,9.76,9.7324,9.7324,1876,0
BNZI.US,D,20210528,000000,9.73,9.76,9.73,9.76,13596,0
BNZI.US,D,20210601,000000,9.76,9.76,9.73,9.73,1643,0
BNZI.US,D,20210602,000000,9.745,9.745,9.73,9.73,829,0
BNZI.US,D,20210603,000000,9.7355,9.74,9.73,9.74,1240,0
BNZI.US,D,20210604,000000,9.75,9.75,9.75,9.75,223,0
BNZI.US,D,20210607,000000,9.75,9.8103,9.735,9.77,6782,0
BNZI.US,D,20210608,000000,9.73,9.7306,9.73,9.7306,379,0
BNZI.US,D,20210609,000000,9.81,9.81,9.75,9.75,497,0
BNZI.US,D,20210610,000000,9.7601,9.81,9.76,9.79,23537,0
BNZI.US,D,20210611,000000,9.8,9.81,9.77,9.77,13622,0
BNZI.US,D,20210614,000000,9.791,9.8,9.72,9.74,39999,0
BNZI.US,D,20210615,000000,9.7301,9.7301,9.7,9.73,1782,0
BNZI.US,D,20210616,000000,9.73,9.73,9.73,9.73,406,0
BNZI.US,D,20210617,000000,9.73,9.74,9.73,9.74,1898,0
BNZI.US,D,20210618,000000,9.75,9.75,9.74,9.74,18809,0
BNZI.US,D,20210621,000000,9.74,9.74,9.74,9.74,238,0
BNZI.US,D,20210622,000000,9.73,9.82,9.73,9.7502,32506,0
BNZI.US,D,20210624,000000,9.775,9.7931,9.75,9.775,2012,0
BNZI.US,D,20210625,000000,9.75,9.78,9.735,9.75,4733,0
BNZI.US,D,20210628,000000,9.74,9.75,9.68,9.72,5618,0
BNZI.US,D,20210629,000000,9.755,9.755,9.69,9.71,1668,0
BNZI.US,D,20210630,000000,9.68,9.69,9.68,9.68,10867,0
BNZI.US,D,20210701,000000,9.725,9.725,9.68,9.68,2639,0
BNZI.US,D,20210702,000000,9.7,9.7,9.68,9.68,1590,0
BNZI.US,D,20210706,000000,9.7,9.715,9.68,9.68,5025,0
BNZI.US,D,20210707,000000,9.7,9.71,9.68,9.69,4206,0
BNZI.US,D,20210708,000000,9.68,9.68,9.68,9.68,1168,0
BNZI.US,D,20210709,000000,9.68,9.69,9.68,9.69,10832,0
BNZI.US,D,20210712,000000,9.69,9.69,9.68,9.68,670,0
BNZI.US,D,20210713,000000,9.71,9.71,9.68,9.69,2403,0
BNZI.US,D,20210714,000000,9.71,9.71,9.68,9.7001,1326,0
BNZI.US,D,20210716,000000,9.69,9.71,9.69,9.69,2959,0
BNZI.US,D,20210719,000000,9.6865,9.71,9.68,9.68,5212,0
BNZI.US,D,20210720,000000,9.68,9.68,9.66,9.68,3168,0
BNZI.US,D,20210721,000000,9.68,9.71,9.67,9.7,7230,0
BNZI.US,D,20210722,000000,9.72,9.72,9.68,9.68,892,0
BNZI.US,D,20210723,000000,9.7,9.7238,9.7,9.7,654,0
BNZI.US,D,20210726,000000,9.68,9.68,9.66,9.68,4045,0
BNZI.US,D,20210727,000000,9.72,9.72,9.72,9.72,165,0
BNZI.US,D,20210728,000000,9.69,9.69,9.69,9.69,154,0
BNZI.US,D,20210729,000000,9.69,9.715,9.69,9.6901,4206,0
BNZI.US,D,20210730,000000,9.715,9.7188,9.69,9.7067,2472,0
BNZI.US,D,20210802,000000,9.63,9.71,9.63,9.7,2351,0
BNZI.US,D,20210803,000000,9.72,9.72,9.7,9.71,1004,0
BNZI.US,D,20210804,000000,9.6772,9.6772,9.67,9.67,1058,0
BNZI.US,D,20210805,000000,9.68,9.69,9.68,9.69,8702,0
BNZI.US,D,20210806,000000,9.8,9.8,9.79,9.79,523,0
BNZI.US,D,20210809,000000,9.68,9.68,9.68,9.68,207,0
BNZI.US,D,20210811,000000,9.7799,9.7799,9.7799,9.7799,320,0
BNZI.US,D,20210812,000000,9.7599,9.7599,9.7599,9.7599,102,0
BNZI.US,D,20210813,000000,9.74,9.78,9.67,9.78,924,0
BNZI.US,D,20210816,000000,9.78,9.78,9.65,9.65,1745,0
BNZI.US,D,20210817,000000,9.63,9.64,9.61,9.63,1802,0
BNZI.US,D,20210818,000000,9.63,9.63,9.63,9.63,237,0
BNZI.US,D,20210819,000000,9.69,9.69,9.665,9.68,4518,0
BNZI.US,D,20210820,000000,9.7,9.74,9.7,9.7,16639,0
BNZI.US,D,20210823,000000,9.63,9.63,9.63,9.63,4898,0
BNZI.US,D,20210824,000000,9.68,9.68,9.68,9.68,142,0
BNZI.US,D,20210825,000000,9.73,9.73,9.73,9.73,83248,0
BNZI.US,D,20210826,000000,9.7599,9.7599,9.7428,9.7428,1121,0
BNZI.US,D,20210830,000000,9.655,9.655,9.65,9.65,1250,0
BNZI.US,D,20210831,000000,9.6599,9.77,9.6599,9.75,1844,0
BNZI.US,D,20210901,000000,9.62,9.62,9.62,9.62,652,0
BNZI.US,D,20210902,000000,9.65,9.65,9.64,9.65,2739,0
BNZI.US,D,20210903,000000,9.65,9.71,9.64,9.71,4471,0
BNZI.US,D,20210907,000000,9.65,9.7012,9.65,9.7012,402,0
BNZI.US,D,20210913,000000,9.68,9.68,9.68,9.68,416,0
BNZI.US,D,20210914,000000,9.72,9.7432,9.69,9.69,1681,0
BNZI.US,D,20210915,000000,9.69,9.72,9.69,9.7,14906,0
BNZI.US,D,20210916,000000,9.75,9.75,9.6801,9.6801,3579,0
BNZI.US,D,20210920,000000,9.7,9.75,9.67,9.7437,26209,0
BNZI.US,D,20210922,000000,9.704,9.704,9.704,9.704,1127,0
BNZI.US,D,20210923,000000,9.7333,9.7333,9.6926,9.6926,2343,0
BNZI.US,D,20210924,000000,9.69,9.74,9.69,9.74,271,0
BNZI.US,D,20210927,000000,9.7,9.74,9.7,9.74,318,0
BNZI.US,D,20210928,000000,9.7,9.7,9.7,9.7,373,0
BNZI.US,D,20210929,000000,9.7,9.74,9.7,9.73,4752,0
BNZI.US,D,20210930,000000,9.7228,9.735,9.7228,9.73,752024,0
BNZI.US,D,20211001,000000,9.75,9.76,9.715,9.73,186074,0
BNZI.US,D,20211004,000000,9.75,9.75,9.73,9.73,2568,0
BNZI.US,D,20211005,000000,9.72,9.78,9.72,9.72,2025,0
BNZI.US,D,20211006,000000,9.735,9.76,9.735,9.75,7386,0
BNZI.US,D,20211007,000000,9.74,9.77,9.74,9.77,1785,0
BNZI.US,D,20211008,000000,9.72,9.72,9.72,9.72,508,0
BNZI.US,D,20211011,000000,9.77,9.77,9.76,9.76,650,0
BNZI.US,D,20211012,000000,9.75,9.77,9.75,9.77,1318,0
BNZI.US,D,20211013,000000,9.77,9.78,9.72,9.78,224373,0
BNZI.US,D,20211014,000000,9.756,9.77,9.756,9.77,3016,0
BNZI.US,D,20211015,000000,9.7502,9.78,9.7501,9.78,1422,0
BNZI.US,D,20211018,000000,9.75,9.78,9.75,9.75,1346,0
BNZI.US,D,20211022,000000,9.75,9.78,9.75,9.78,95408,0
BNZI.US,D,20211026,000000,9.7741,9.78,9.76,9.78,1728,0
BNZI.US,D,20211027,000000,9.75,9.78,9.75,9.78,5781,0
BNZI.US,D,20211028,000000,9.7501,9.78,9.7501,9.78,455,0
BNZI.US,D,20211029,000000,9.76,9.78,9.76,9.76,2164,0
BNZI.US,D,20211101,000000,9.7775,9.78,9.7775,9.78,919,0
BNZI.US,D,20211102,000000,9.764,9.77,9.764,9.77,718,0
BNZI.US,D,20211103,000000,9.76,9.78,9.76,9.78,1224,0
BNZI.US,D,20211105,000000,9.774,9.78,9.77,9.78,430,0
BNZI.US,D,20211108,000000,9.78,9.78,9.78,9.78,301,0
BNZI.US,D,20211110,000000,9.77,9.78,9.76,9.77,4956,0
BNZI.US,D,20211111,000000,9.76,9.78,9.75,9.78,2035,0
BNZI.US,D,20211112,000000,9.77,9.78,9.77,9.78,370,0
BNZI.US,D,20211115,000000,9.77,9.78,9.77,9.78,1376,0
BNZI.US,D,20211116,000000,9.77,9.79,9.76,9.79,22439,0
BNZI.US,D,20211117,000000,9.78,9.79,9.76,9.79,461543,0
BNZI.US,D,20211122,000000,9.75,9.78,9.75,9.78,14349,0
BNZI.US,D,20211123,000000,9.79,9.8,9.7601,9.8,9974,0
BNZI.US,D,20211126,000000,9.73,9.8,9.73,9.8,3121,0
BNZI.US,D,20211129,000000,9.74,9.8,9.74,9.8,172639,0
BNZI.US,D,20211130,000000,9.77,9.8,9.77,9.8,109680,0
BNZI.US,D,20211201,000000,9.8,9.8,9.75,9.8,85324,0
BNZI.US,D,20211202,000000,9.79,9.82,9.75,9.82,92219,0
BNZI.US,D,20211203,000000,9.76,9.79,9.73,9.78,2544,0
BNZI.US,D,20211206,000000,9.78,9.78,9.78,9.78,501,0
BNZI.US,D,20211207,000000,9.79,9.79,9.79,9.79,2056,0
BNZI.US,D,20211208,000000,9.78,9.8,9.78,9.79,1750,0
BNZI.US,D,20211209,000000,9.8,9.82,9.79,9.82,5016,0
BNZI.US,D,20211210,000000,9.77,9.81,9.77,9.81,1038,0
BNZI.US,D,20211213,000000,9.76,9.76,9.76,9.76,644,0
BNZI.US,D,20211214,000000,9.77,9.8,9.77,9.8,570767,0
BNZI.US,D,20211216,000000,9.8,9.8,9.7,9.76,9202,0
BNZI.US,D,20211217,000000,9.75,9.8,9.75,9.8,3155,0
BNZI.US,D,20211220,000000,9.7,9.7,9.7,9.7,257,0
BNZI.US,D,20211228,000000,9.72,9.79,9.72,9.72,6810,0
BNZI.US,D,20211229,000000,9.72,9.78,9.72,9.78,1144,0
BNZI.US,D,20211230,000000,9.75,9.75,9.75,9.75,660,0
BNZI.US,D,20211231,000000,9.74,9.78,9.74,9.76,1943,0
BNZI.US,D,20220103,000000,9.77,9.83,9.77,9.83,46923,0
BNZI.US,D,20220104,000000,9.77,9.77,9.77,9.77,168,0
BNZI.US,D,20220106,000000,9.76,9.76,9.76,9.76,76514,0
BNZI.US,D,20220107,000000,9.75,9.79,9.75,9.79,2501,0
BNZI.US,D,20220112,000000,9.7601,9.7601,9.7601,9.7601,129,0
BNZI.US,D,20220119,000000,9.74,9.7467,9.73,9.7467,1370,0
BNZI.US,D,20220120,000000,9.75,9.75,9.75,9.75,5625,0
BNZI.US,D,20220121,000000,9.72,9.72,9.72,9.72,7172,0
BNZI.US,D,20220124,000000,9.72,9.721,9.72,9.72,11896,0
BNZI.US,D,20220125,000000,9.72,9.7701,9.72,9.7701,7185,0
BNZI.US,D,20220127,000000,9.71,9.77,9.71,9.712,6229,0
BNZI.US,D,20220128,000000,9.72,9.75,9.72,9.734,5796,0
BNZI.US,D,20220131,000000,9.73,9.77,9.73,9.745,9015,0
BNZI.US,D,20220201,000000,9.76,9.77,9.755,9.755,14103,0
BNZI.US,D,20220202,000000,9.74,9.74,9.74,9.74,349,0
BNZI.US,D,20220203,000000,9.74,9.75,9.74,9.75,65931,0
BNZI.US,D,20220204,000000,9.75,9.75,9.73,9.74,20600,0
BNZI.US,D,20220207,000000,9.76,9.77,9.75,9.77,81411,0
BNZI.US,D,20220209,000000,9.74,9.77,9.74,9.77,681,0
BNZI.US,D,20220210,000000,9.78,9.78,9.77,9.77,11383,0
BNZI.US,D,20220214,000000,9.7688,9.7688,9.763,9.763,443,0
BNZI.US,D,20220215,000000,9.78,9.78,9.78,9.78,5203,0
BNZI.US,D,20220216,000000,9.78,9.78,9.78,9.78,24413,0
BNZI.US,D,20220217,000000,9.77,9.8,9.77,9.8,7657,0
BNZI.US,D,20220218,000000,9.78,9.78,9.77,9.78,85299,0
BNZI.US,D,20220222,000000,9.77,9.81,9.77,9.7796,15077,0
BNZI.US,D,20220223,000000,9.77,9.77,9.77,9.77,801150,0
BNZI.US,D,20220224,000000,9.7799,9.7799,9.7799,9.7799,268,0
BNZI.US,D,20220225,000000,9.77,9.78,9.77,9.77,302051,0
BNZI.US,D,20220228,000000,9.77,9.77,9.77,9.77,5949,0
BNZI.US,D,20220301,000000,9.78,9.79,9.77,9.77,170075,0
BNZI.US,D,20220302,000000,9.77,9.77,9.77,9.77,164945,0
BNZI.US,D,20220303,000000,9.79,9.79,9.79,9.79,5138,0
BNZI.US,D,20220304,000000,9.79,9.79,9.79,9.79,5010,0
BNZI.US,D,20220307,000000,9.78,9.78,9.78,9.78,1244,0
BNZI.US,D,20220309,000000,9.79,9.79,9.78,9.79,81305,0
BNZI.US,D,20220310,000000,9.79,9.79,9.79,9.79,716698,0
BNZI.US,D,20220311,000000,9.8,9.81,9.79,9.79,1053,0
BNZI.US,D,20220315,000000,9.78,9.8,9.75,9.77,468501,0
BNZI.US,D,20220316,000000,9.77,9.78,9.77,9.78,1785,0
BNZI.US,D,20220317,000000,9.78,9.78,9.78,9.78,274,0
BNZI.US,D,20220318,000000,9.79,9.8,9.79,9.79,6705,0
BNZI.US,D,20220321,000000,9.81,9.81,9.78,9.79,24836,0
BNZI.US,D,20220322,000000,9.79,9.79,9.79,9.79,1008,0
BNZI.US,D,20220325,000000,9.8,9.8,9.8,9.8,25001,0
BNZI.US,D,20220328,000000,9.78,9.8,9.78,9.8,201670,0
BNZI.US,D,20220329,000000,9.81,9.82,9.79,9.8,6081,0
BNZI.US,D,20220330,000000,9.83,9.83,9.79,9.79,200674,0
BNZI.US,D,20220331,000000,9.79,9.8,9.79,9.8,2834,0
BNZI.US,D,20220401,000000,9.8,9.8,9.8,9.8,101,0
BNZI.US,D,20220405,000000,9.8,9.8299,9.8,9.8299,3720,0
BNZI.US,D,20220406,000000,9.8,9.81,9.8,9.81,1556,0
BNZI.US,D,20220407,000000,9.81,9.81,9.81,9.81,575,0
BNZI.US,D,20220408,000000,9.84,9.84,9.825,9.84,170079,0
BNZI.US,D,20220411,000000,9.83,9.84,9.82,9.82,5687,0
BNZI.US,D,20220412,000000,9.87,9.87,9.82,9.82,9221,0
BNZI.US,D,20220414,000000,9.8452,9.8452,9.83,9.84,1854,0
BNZI.US,D,20220418,000000,9.835,9.835,9.835,9.835,236,0
BNZI.US,D,20220421,000000,9.85,9.85,9.83,9.8322,15237,0
BNZI.US,D,20220422,000000,9.83,9.835,9.83,9.835,41372,0
BNZI.US,D,20220425,000000,9.8301,9.8306,9.83,9.83,520,0
BNZI.US,D,20220426,000000,9.83,9.84,9.83,9.84,993,0
BNZI.US,D,20220428,000000,9.845,9.845,9.845,9.845,103,0
BNZI.US,D,20220429,000000,9.83,9.83,9.83,9.83,1892,0
BNZI.US,D,20220502,000000,9.85,9.85,9.85,9.85,3851,0
BNZI.US,D,20220503,000000,9.83,9.83,9.83,9.83,2880,0
BNZI.US,D,20220504,000000,9.85,9.85,9.84,9.84,6403,0
BNZI.US,D,20220505,000000,9.84,9.84,9.83,9.83,750001,0
BNZI.US,D,20220509,000000,9.83,9.83,9.83,9.83,621,0
BNZI.US,D,20220510,000000,9.83,9.83,9.82,9.82,6357,0
BNZI.US,D,20220511,000000,9.81,9.81,9.8,9.8,22251,0
BNZI.US,D,20220512,000000,9.8,9.82,9.8,9.82,26360,0
BNZI.US,D,20220513,000000,9.82,9.83,9.82,9.83,2631,0
BNZI.US,D,20220516,000000,9.82,9.82,9.82,9.82,223,0
BNZI.US,D,20220517,000000,9.82,9.82,9.81,9.81,29513,0
BNZI.US,D,20220518,000000,9.81,9.81,9.81,9.81,141,0
BNZI.US,D,20220519,000000,9.81,9.81,9.81,9.81,140,0
BNZI.US,D,20220523,000000,9.82,9.82,9.82,9.82,100,0
BNZI.US,D,20220524,000000,9.82,9.82,9.81,9.82,913717,0
BNZI.US,D,20220526,000000,9.82,9.82,9.82,9.82,303,0
BNZI.US,D,20220527,000000,9.82,9.825,9.82,9.825,209434,0
BNZI.US,D,20220531,000000,9.82,9.83,9.82,9.83,29079,0
BNZI.US,D,20220601,000000,9.83,9.83,9.81,9.82,99236,0
BNZI.US,D,20220606,000000,9.88,9.88,9.82,9.82,1612,0
BNZI.US,D,20220607,000000,9.83,9.83,9.83,9.83,531,0
BNZI.US,D,20220609,000000,9.844,9.844,9.844,9.844,167,0
BNZI.US,D,20220610,000000,9.84,9.85,9.84,9.84,3707,0
BNZI.US,D,20220613,000000,9.83,9.84,9.825,9.84,121477,0
BNZI.US,D,20220614,000000,9.84,9.84,9.8318,9.84,2916,0
BNZI.US,D,20220615,000000,9.84,9.84,9.83,9.8392,1427,0
BNZI.US,D,20220616,000000,9.83,9.8301,9.83,9.83,21407,0
BNZI.US,D,20220617,000000,9.84,9.87,9.82,9.87,29809,0
BNZI.US,D,20220621,000000,9.89,9.89,9.89,9.89,257,0
BNZI.US,D,20220622,000000,9.82,9.82,9.82,9.82,10383,0
BNZI.US,D,20220623,000000,9.82,9.84,9.82,9.83,6268,0
BNZI.US,D,20220628,000000,9.85,9.86,9.85,9.85,548,0
BNZI.US,D,20220629,000000,9.85,9.85,9.84,9.84,402,0
BNZI.US,D,20220630,000000,9.85,9.85,9.84,9.84,1928,0
BNZI.US,D,20220705,000000,9.85,9.87,9.83,9.84,151070,0
BNZI.US,D,20220706,000000,9.85,9.85,9.85,9.85,112,0
BNZI.US,D,20220707,000000,9.8446,9.8446,9.83,9.83,1232,0
BNZI.US,D,20220712,000000,9.85,9.85,9.85,9.85,916,0
BNZI.US,D,20220715,000000,9.85,9.85,9.85,9.85,800004,0
BNZI.US,D,20220718,000000,9.85,9.87,9.85,9.85,437,0
BNZI.US,D,20220719,000000,9.87,9.87,9.87,9.87,522,0
BNZI.US,D,20220720,000000,9.85,9.87,9.85,9.865,53100,0
BNZI.US,D,20220722,000000,9.86,9.89,9.86,9.87,24390,0
BNZI.US,D,20220726,000000,9.87,9.88,9.87,9.88,6302,0
BNZI.US,D,20220727,000000,9.87,9.89,9.87,9.89,219700,0
BNZI.US,D,20220728,000000,9.87,9.89,9.87,9.89,5567,0
BNZI.US,D,20220729,000000,9.89,9.89,9.89,9.89,1045,0
BNZI.US,D,20220801,000000,9.87,9.885,9.87,9.885,358,0
BNZI.US,D,20220802,000000,9.9,9.9,9.87,9.87,9456,0
BNZI.US,D,20220803,000000,9.87,9.89,9.87,9.87,8751,0
BNZI.US,D,20220805,000000,9.88,9.885,9.88,9.88,1375,0
BNZI.US,D,20220809,000000,9.88,9.88,9.88,9.88,24373,0
BNZI.US,D,20220810,000000,9.91,9.91,9.91,9.91,634,0
BNZI.US,D,20220811,000000,9.89,9.89,9.89,9.89,207,0
BNZI.US,D,20220816,000000,9.89,9.9,9.89,9.9,1624642,0
BNZI.US,D,20220818,000000,9.9042,9.9042,9.89,9.89,18596,0
BNZI.US,D,20220822,000000,9.91,9.92,9.91,9.92,5364,0
BNZI.US,D,20220825,000000,9.91,9.925,9.91,9.91,58021,0
BNZI.US,D,20220826,000000,9.9,9.9083,9.9,9.9083,2008,0
BNZI.US,D,20220830,000000,9.91,9.91,9.91,9.91,182,0
BNZI.US,D,20220831,000000,9.915,9.92,9.91,9.92,3063,0
BNZI.US,D,20220901,000000,9.925,9.925,9.915,9.92,108613,0
BNZI.US,D,20220902,000000,9.91,9.915,9.91,9.91,6494,0
BNZI.US,D,20220907,000000,9.91,9.91,9.91,9.91,729,0
BNZI.US,D,20220909,000000,9.91,9.91,9.91,9.91,33828,0
BNZI.US,D,20220914,000000,9.92,9.92,9.92,9.92,209,0
BNZI.US,D,20220915,000000,9.925,9.925,9.92,9.92,2185,0
BNZI.US,D,20220916,000000,9.92,9.92,9.92,9.92,1340,0
BNZI.US,D,20220919,000000,9.92,9.92,9.92,9.92,5092,0
BNZI.US,D,20220920,000000,9.92,9.92,9.92,9.92,4009,0
BNZI.US,D,20220921,000000,9.93,9.93,9.915,9.92,39984,0
BNZI.US,D,20220922,000000,9.93,9.93,9.93,9.93,4074,0
BNZI.US,D,20220926,000000,9.95,9.95,9.93,9.93,393,0
BNZI.US,D,20220927,000000,9.935,9.935,9.935,9.935,205,0
BNZI.US,D,20220930,000000,9.94,9.94,9.93,9.93,194536,0
BNZI.US,D,20221003,000000,9.94,9.945,9.93,9.94,133741,0
BNZI.US,D,20221004,000000,9.94,9.95,9.9396,9.94,335303,0
BNZI.US,D,20221005,000000,9.95,9.96,9.95,9.95,69826,0
BNZI.US,D,20221006,000000,9.95,9.955,9.94,9.955,92898,0
BNZI.US,D,20221007,000000,9.96,9.96,9.96,9.96,144,0
BNZI.US,D,20221010,000000,9.95,9.97,9.95,9.97,14065,0
BNZI.US,D,20221011,000000,9.96,9.97,9.96,9.96,13559,0
BNZI.US,D,20221012,000000,9.965,9.965,9.96,9.96,8143,0
BNZI.US,D,20221013,000000,9.96,9.965,9.96,9.965,102058,0
BNZI.US,D,20221017,000000,9.97,9.975,9.97,9.97,3197,0
BNZI.US,D,20221018,000000,9.97,9.97,9.97,9.97,1839,0
BNZI.US,D,20221019,000000,9.97,9.98,9.9696,9.98,4049,0
BNZI.US,D,20221020,000000,9.975,9.975,9.975,9.975,111,0
BNZI.US,D,20221021,000000,9.98,9.985,9.97,9.97,102149,0
BNZI.US,D,20221024,000000,9.975,9.98,9.97,9.98,221689,0
BNZI.US,D,20221025,000000,9.99,9.99,9.985,9.99,17918,0
BNZI.US,D,20221028,000000,9.995,10,9.99,9.995,5851,0
BNZI.US,D,20221031,000000,9.99,9.99,9.99,9.99,200,0
BNZI.US,D,20221101,000000,9.99,10,9.985,9.99,240256,0
BNZI.US,D,20221102,000000,10,10,10,10,158,0
BNZI.US,D,20221107,000000,10,10.01,10,10.01,1103,0
BNZI.US,D,20221109,000000,10.015,10.015,10.015,10.015,1042,0
BNZI.US,D,20221110,000000,10.0196,10.02,10.01,10.01,177474,0
BNZI.US,D,20221111,000000,10.02,10.02,10.02,10.02,3506,0
BNZI.US,D,20221114,000000,10.01,10.02,10.01,10.0183,2257,0
BNZI.US,D,20221115,000000,10.02,10.02,10.01,10.02,152000,0
BNZI.US,D,20221122,000000,10.03,10.03,10.03,10.03,209,0
BNZI.US,D,20221123,000000,10.03,10.03,10.03,10.03,149,0
BNZI.US,D,20221125,000000,10.04,10.04,10.04,10.04,1607,0
BNZI.US,D,20221130,000000,10.035,10.035,10.03,10.03,5000,0
BNZI.US,D,20221201,000000,10.03,10.03,10.03,10.03,916613,0
BNZI.US,D,20221202,000000,10.04,10.04,10.035,10.04,23895,0
BNZI.US,D,20221205,000000,10.045,10.045,10.045,10.045,40408,0
BNZI.US,D,20221206,000000,10.04,10.0499,10.04,10.045,20539,0
BNZI.US,D,20221207,000000,10.045,10.045,10.04,10.04,2696,0
BNZI.US,D,20221208,000000,10.05,10.0501,10.05,10.05,218848,0
BNZI.US,D,20221209,000000,10.055,10.06,10.05,10.055,299661,0
BNZI.US,D,20221212,000000,10.0527,10.055,10.05,10.055,3170,0
BNZI.US,D,20221213,000000,10.07,10.07,10.05,10.07,1651,0
BNZI.US,D,20221214,000000,10.05,10.055,10.05,10.05,54510,0
BNZI.US,D,20221215,000000,10.0518,10.0518,10.05,10.05,10103,0
BNZI.US,D,20221216,000000,10.05,10.05,10.04,10.04,11788,0
BNZI.US,D,20221219,000000,10.04,10.04,9.1901,9.95,2652,0
BNZI.US,D,20221220,000000,10.05,10.065,10.025,10.06,518563,0
BNZI.US,D,20221221,000000,10.07,10.1,10.07,10.07,8905,0
BNZI.US,D,20221222,000000,10.1,10.1,10.085,10.0872,403788,0
BNZI.US,D,20221223,000000,10.1,10.1,10.1,10.1,225,0
BNZI.US,D,20221227,000000,10.1,10.11,10.095,10.1,31920,0
BNZI.US,D,20221228,000000,10.115,10.115,10.115,10.115,113,0
BNZI.US,D,20221229,000000,10.1052,10.13,10.1052,10.12,5307,0
BNZI.US,D,20221230,000000,10.13,10.13,10.12,10.12,3897,0
BNZI.US,D,20230103,000000,10.1,10.1,10.1,10.1,1742,0
BNZI.US,D,20230104,000000,10.1,10.1201,10.08,10.12,15112,0
BNZI.US,D,20230105,000000,10.05,10.12,10.05,10.07,14292,0
BNZI.US,D,20230106,000000,10.082,10.13,10.082,10.125,27681,0
BNZI.US,D,20230109,000000,10.08,10.1118,10.08,10.11,8235,0
BNZI.US,D,20230110,000000,10.22,10.22,10.22,10.22,687,0
BNZI.US,D,20230113,000000,10.09,10.1,10.09,10.09,2582,0
BNZI.US,D,20230123,000000,10.09,10.15,10.09,10.11,5961,0
BNZI.US,D,20230124,000000,10.1,10.12,10.09,10.12,4925,0
BNZI.US,D,20230125,000000,10.13,10.15,10.11,10.15,17401,0
BNZI.US,D,20230126,000000,10.16,10.16,10.16,10.16,102,0
BNZI.US,D,20230127,000000,10.16,10.1807,10.16,10.18,13323,0
BNZI.US,D,20230131,000000,10.17,10.18,10.17,10.1795,1600,0
BNZI.US,D,20230201,000000,10.24,10.24,10.24,10.24,840,0
BNZI.US,D,20230202,000000,10.19,10.21,10.19,10.2099,4203,0
BNZI.US,D,20230206,000000,10.22,10.22,10.1999,10.1999,3285,0
BNZI.US,D,20230208,000000,10.25,10.25,10.25,10.25,521,0
BNZI.US,D,20230210,000000,10.16,10.16,10.16,10.16,549,0
BNZI.US,D,20230215,000000,10.16,10.16,10.16,10.16,711,0
BNZI.US,D,20230221,000000,10.16,10.17,10.16,10.165,3892,0
BNZI.US,D,20230222,000000,10.21,10.21,10.21,10.21,153,0
BNZI.US,D,20230223,000000,10.16,10.16,10.16,10.16,307,0
BNZI.US,D,20230227,000000,10.29,10.29,10.205,10.205,6645,0
BNZI.US,D,20230301,000000,10.2,10.2,10.2,10.2,202,0
BNZI.US,D,20230302,000000,10.3,10.3,10.3,10.3,560,0
BNZI.US,D,20230308,000000,10.23,10.23,10.23,10.23,201,0
BNZI.US,D,20230309,000000,10.25,10.27,10.25,10.27,17283,0
BNZI.US,D,20230310,000000,10.29,10.3057,10.28,10.28,6384,0
BNZI.US,D,20230313,000000,10.2994,10.2994,10.2994,10.2994,107,0
BNZI.US,D,20230314,000000,10.35,10.35,10.35,10.35,231,0
BNZI.US,D,20230315,000000,10.35,10.35,10.33,10.33,411,0
BNZI.US,D,20230320,000000,10.35,10.35,10.35,10.35,303,0
BNZI.US,D,20230327,000000,10.24,10.24,10.24,10.24,17060,0
BNZI.US,D,20230329,000000,10.28,10.28,10.28,10.28,100,0
BNZI.US,D,20230331,000000,10.28,10.28,10.28,10.28,201,0
BNZI.US,D,20230403,000000,10.28,10.2801,10.28,10.28,2756,0
BNZI.US,D,20230404,000000,10.27,10.345,10.27,10.345,3607,0
BNZI.US,D,20230405,000000,10.3499,10.35,10.3499,10.3499,3354,0
BNZI.US,D,20230411,000000,10.35,10.35,10.345,10.345,206,0
BNZI.US,D,20230412,000000,10.34,10.34,10.31,10.31,8579,0
BNZI.US,D,20230419,000000,10.33,10.33,10.33,10.33,101,0
BNZI.US,D,20230420,000000,10.4,10.41,10.4,10.405,19673,0
BNZI.US,D,20230421,000000,10.41,10.41,10.405,10.405,3850,0
BNZI.US,D,20230424,000000,10.41,10.41,10.41,10.41,1984,0
BNZI.US,D,20230425,000000,10.41,10.41,10.41,10.41,2307,0
BNZI.US,D,20230426,000000,10.43,10.43,10.4,10.405,407,0
BNZI.US,D,20230427,000000,10.4,10.4,10.4,10.4,101,0
BNZI.US,D,20230501,000000,10.45,10.45,10.4,10.4,15148,0
BNZI.US,D,20230502,000000,10.4324,10.4324,10.4324,10.4324,107,0
BNZI.US,D,20230505,000000,10.69,10.69,10.69,10.69,252,0
BNZI.US,D,20230508,000000,10.49,10.5,10.4899,10.5,3415,0
BNZI.US,D,20230510,000000,10.35,10.35,10.35,10.35,132,0
BNZI.US,D,20230511,000000,10.42,10.42,10.42,10.42,1550,0
BNZI.US,D,20230516,000000,10.5,10.51,10.5,10.51,12300,0
BNZI.US,D,20230517,000000,10.51,10.53,10.51,10.53,9677,0
BNZI.US,D,20230518,000000,10.53,10.53,10.53,10.53,400,0
BNZI.US,D,20230519,000000,10.53,10.53,10.53,10.53,100,0
BNZI.US,D,20230522,000000,10.53,10.53,10.52,10.53,1357,0
BNZI.US,D,20230523,000000,10.525,10.525,10.51,10.51,22767,0
BNZI.US,D,20230531,000000,10.51,10.51,10.45,10.46,652401,0
BNZI.US,D,20230601,000000,10.46,10.46,10.425,10.45,92046,0
BNZI.US,D,20230602,000000,10.44,10.44,10.44,10.44,34300,0
BNZI.US,D,20230605,000000,10.45,10.45,10.45,10.45,18884,0
BNZI.US,D,20230606,000000,10.4699,10.4699,10.4699,10.4699,218,0
BNZI.US,D,20230612,000000,10.45,10.47,10.45,10.46,7517,0
BNZI.US,D,20230613,000000,10.47,10.47,10.45,10.4501,64728,0
BNZI.US,D,20230614,000000,10.3313,10.45,9.32,10.22,7619,0
BNZI.US,D,20230615,000000,10.45,10.45,10.34,10.42,11823,0
BNZI.US,D,20230616,000000,10.43,10.46,10.415,10.435,49031,0
BNZI.US,D,20230620,000000,10.44,10.5,10.44,10.5,103893,0
BNZI.US,D,20230621,000000,10.5,10.53,10.5,10.53,8315,0
BNZI.US,D,20230622,000000,10.54,11.15,10.51,10.55,1659045,0
BNZI.US,D,20230623,000000,10.5,10.7,10.5,10.55,500372,0
BNZI.US,D,20230626,000000,11.15,11.2,10.54,10.65,58563,0
BNZI.US,D,20230627,000000,10.57,10.57,10.52,10.5201,865396,0
BNZI.US,D,20230628,000000,10.37,10.45,10.325,10.4,393821,0
BNZI.US,D,20230629,000000,10.3256,10.35,10.3,10.33,14984,0
BNZI.US,D,20230630,000000,10.4,10.55,10.35,10.52,13129,0
BNZI.US,D,20230703,000000,10.55,10.55,10.52,10.52,9388,0
BNZI.US,D,20230705,000000,10.55,10.55,10.46,10.5,41247,0
BNZI.US,D,20230706,000000,10.47,10.5,10.47,10.48,19074,0
BNZI.US,D,20230707,000000,10.49,10.5,10.49,10.5,3945,0
BNZI.US,D,20230710,000000,10.48,10.5335,10.48,10.48,24508,0
BNZI.US,D,20230711,000000,10.45,10.52,10.45,10.49,306960,0
BNZI.US,D,20230712,000000,10.47,10.48,10.47,10.48,350420,0
BNZI.US,D,20230713,000000,10.505,10.53,10.48,10.49,6907,0
BNZI.US,D,20230714,000000,10.5404,10.5404,10.48,10.48,3664,0
BNZI.US,D,20230717,000000,10.48,10.48,10.48,10.48,5726,0
BNZI.US,D,20230718,000000,10.49,10.49,10.49,10.49,3252,0
BNZI.US,D,20230719,000000,10.5389,10.5389,10.48,10.48,51025,0
BNZI.US,D,20230720,000000,10.48,10.48,10.48,10.48,128,0
BNZI.US,D,20230724,000000,10.48,10.48,10.46,10.47,54285,0
BNZI.US,D,20230725,000000,10.48,10.48,10.47,10.47,5663,0
BNZI.US,D,20230726,000000,10.48,10.5,10.46,10.4698,22983,0
BNZI.US,D,20230727,000000,10.47,10.48,10.45,10.45,13237,0
BNZI.US,D,20230728,000000,10.47,10.48,10.46,10.47,932,0
BNZI.US,D,20230731,000000,10.47,10.48,10.47,10.47,2139,0
BNZI.US,D,20230801,000000,10.47,10.47,10.47,10.47,1467,0
BNZI.US,D,20230802,000000,10.47,10.48,10.47,10.48,613,0
BNZI.US,D,20230803,000000,10.475,10.485,10.475,10.485,105996,0
BNZI.US,D,20230804,000000,10.47,10.49,10.47,10.49,686,0
BNZI.US,D,20230807,000000,10.48,10.5,10.48,10.5,5902,0
BNZI.US,D,20230808,000000,10.49,10.5,10.49,10.5,9812,0
BNZI.US,D,20230810,000000,10.525,10.53,10.49,10.49,2868,0
BNZI.US,D,20230811,000000,10.5,10.5,10.47,10.47,2255,0
BNZI.US,D,20230814,000000,10.49,10.49,10.49,10.49,64332,0
BNZI.US,D,20230818,000000,10.49,10.49,10.49,10.49,214,0
BNZI.US,D,20230821,000000,10.49,10.5,10.49,10.5,212,0
BNZI.US,D,20230822,000000,10.5,10.5,10.5,10.5,3404,0
BNZI.US,D,20230823,000000,10.51,10.51,10.51,10.51,50273,0
BNZI.US,D,20230824,000000,10.51,10.51,10.51,10.51,337,0
BNZI.US,D,20230825,000000,10.51,10.5299,10.51,10.51,412,0
BNZI.US,D,20230828,000000,10.5,10.51,10.5,10.5,1673,0
BNZI.US,D,20230829,000000,10.52,10.52,10.51,10.51,5060,0
BNZI.US,D,20230830,000000,10.51,10.51,10.49,10.49,823,0
BNZI.US,D,20230831,000000,10.51,10.51,10.48,10.48,2333,0
BNZI.US,D,20230901,000000,10.52,10.523,10.49,10.49,1702,0
BNZI.US,D,20230907,000000,10.5,10.53,10.5,10.52,5530,0
BNZI.US,D,20230908,000000,10.52,10.52,10.52,10.52,5014,0
BNZI.US,D,20230912,000000,10.53,10.53,10.53,10.53,419,0
BNZI.US,D,20230913,000000,10.55,10.55,10.55,10.55,7643,0
BNZI.US,D,20230914,000000,10.55,10.55,10.55,10.55,878,0
BNZI.US,D,20230918,000000,10.57,10.57,10.57,10.57,388,0
BNZI.US,D,20230919,000000,10.55,10.55,10.55,10.55,308,0
BNZI.US,D,20230920,000000,10.57,10.57,10.57,10.57,210,0
BNZI.US,D,20230921,000000,10.57,10.57,10.565,10.57,13511,0
BNZI.US,D,20230922,000000,10.59,10.59,10.5606,10.58,2063,0
BNZI.US,D,20230925,000000,10.57,10.57,10.56,10.565,36064,0
BNZI.US,D,20230926,000000,10.57,10.57,10.56,10.56,3368,0
BNZI.US,D,20230928,000000,10.58,10.58,10.57,10.57,1522,0
BNZI.US,D,20230929,000000,10.58,10.58,10.57,10.57,13347,0
BNZI.US,D,20231002,000000,10.6,10.6,10.57,10.57,5331,0
BNZI.US,D,20231004,000000,10.58,10.59,10.58,10.58,34906,0
BNZI.US,D,20231005,000000,10.6,10.6,10.5814,10.6,438,0
BNZI.US,D,20231009,000000,10.5996,10.5996,10.5927,10.5927,598,0
BNZI.US,D,20231010,000000,10.6,10.6,10.6,10.6,401,0
BNZI.US,D,20231011,000000,10.5938,10.6,10.5938,10.5982,600,0
BNZI.US,D,20231016,000000,10.58,10.6,10.58,10.6,882,0
BNZI.US,D,20231017,000000,10.5844,10.5844,10.5844,10.5844,269,0
BNZI.US,D,20231018,000000,10.6,10.6,10.6,10.6,606,0
BNZI.US,D,20231020,000000,10.59,10.59,10.59,10.59,74160,0
BNZI.US,D,20231023,000000,10.59,10.59,10.59,10.59,288,0
BNZI.US,D,20231024,000000,10.6,10.6,10.59,10.59,1805,0
BNZI.US,D,20231025,000000,10.59,10.6,10.59,10.6,516,0
BNZI.US,D,20231031,000000,10.58,10.59,10.58,10.58,5361,0
BNZI.US,D,20231101,000000,10.6,10.6,10.6,10.6,174,0
BNZI.US,D,20231102,000000,10.6,10.6,10.6,10.6,61434,0
BNZI.US,D,20231103,000000,10.61,10.61,10.6,10.6,20125,0
BNZI.US,D,20231106,000000,10.591,10.61,10.591,10.61,341,0
BNZI.US,D,20231107,000000,10.59,10.59,10.59,10.59,6209,0
BNZI.US,D,20231109,000000,10.61,10.61,10.61,10.61,364,0
BNZI.US,D,20231110,000000,10.61,10.6102,10.605,10.6102,12575,0
BNZI.US,D,20231114,000000,10.61,10.62,10.61,10.62,96667,0
BNZI.US,D,20231115,000000,10.63,10.64,10.63,10.64,21774,0
BNZI.US,D,20231116,000000,10.65,10.65,10.65,10.65,26663,0
BNZI.US,D,20231120,000000,10.67,10.67,10.67,10.67,114,0
BNZI.US,D,20231121,000000,10.6601,10.6601,10.6601,10.6601,308,0
BNZI.US,D,20231124,000000,10.68,10.68,10.68,10.68,13425,0
BNZI.US,D,20231128,000000,10.68,10.71,10.67,10.71,38634,0
BNZI.US,D,20231129,000000,10.71,10.71,10.69,10.69,4547,0
BNZI.US,D,20231130,000000,10.68,10.7094,10.68,10.7094,2700,0
BNZI.US,D,20231201,000000,10.26,11.135,10.26,10.65,3173,0
BNZI.US,D,20231204,000000,11.03,11.17,10.75,10.76,4407,0
BNZI.US,D,20231205,000000,10.8,11.3894,10.45,10.79,5300,0
BNZI.US,D,20231207,000000,9.69,9.69,9,9.59,1499,0
BNZI.US,D,20231208,000000,10.9,11.67,10.9,11.39,4079,0
BNZI.US,D,20231211,000000,11.39,13.1987,10.95,10.9994,4668,0
BNZI.US,D,20231212,000000,11.02,11.02,10.5,10.5,25061,0
BNZI.US,D,20231213,000000,10.5,11.01,9.75,10.88,45245,0
BNZI.US,D,20231214,000000,11.99,16.57,10.5,10.96,28284,0
BNZI.US,D,20231215,000000,7.5,8.14,5.9,6.49,81700,0
BNZI.US,D,20231218,000000,7,7.2,5.56,6.13,461565,0
BNZI.US,D,20231219,000000,5,6.32,4.5,4.665,117209,0
BNZI.US,D,20231220,000000,4.19,4.4472,3.19,3.78,83379,0
BNZI.US,D,20231221,000000,3.27,4.35,3.27,3.6,313894,0
BNZI.US,D,20231222,000000,3.63,3.88,3.35,3.47,202939,0
BNZI.US,D,20231226,000000,3.35,3.35,2.34,2.635,241239,0
BNZI.US,D,20231227,000000,2.71,2.73,2.11,2.17,321470,0
BNZI.US,D,20231228,000000,2.2,2.34,2.05,2.16,209124,0
BNZI.US,D,20231229,000000,2.03,2.21,1.85,1.88,241151,0
BNZI.US,D,20240102,000000,1.95,2,1.58,1.6,133915,0
BNZI.US,D,20240103,000000,1.6,2.24,1.46,1.65,1583985,0
BNZI.US,D,20240104,000000,1.47,1.76,1.47,1.66,300761,0
BNZI.US,D,20240105,000000,3.07,3.55,2.33,2.57,72096887,0
BNZI.US,D,20240108,000000,2.2,2.29,1.93,2.12,1042179,0
BNZI.US,D,20240109,000000,1.97,2.13,1.83,1.99,405101,0
BNZI.US,D,20240110,000000,2,2.05,1.76,1.96,253734,0
BNZI.US,D,20240111,000000,2,2.39,1.87,2.27,848779,0
BNZI.US,D,20240112,000000,2.21,2.34,2.03,2.0401,181873,0
BNZI.US,D,20240116,000000,2.14,2.14,1.86,1.92,164783,0
BNZI.US,D,20240117,000000,1.86,1.86,1.62,1.65,146818,0
BNZI.US,D,20240118,000000,1.63,1.84,1.55,1.71,691323,0
BNZI.US,D,20240119,000000,1.71,1.8032,1.58,1.61,414462,0
BNZI.US,D,20240122,000000,1.69,1.69,1.6,1.62,118107,0
BNZI.US,D,20240123,000000,1.58,1.6699,1.55,1.57,48009,0
BNZI.US,D,20240124,000000,1.59,1.63,1.55,1.58,68581,0
BNZI.US,D,20240125,000000,1.65,1.65,1.56,1.61,60851,0
BNZI.US,D,20240126,000000,1.59,1.64,1.55,1.578,49854,0
BNZI.US,D,20240129,000000,1.61,1.6397,1.566,1.6,28765,0
BNZI.US,D,20240130,000000,1.7,1.7105,1.5781,1.62,62191,0
BNZI.US,D,20240131,000000,1.5701,1.6514,1.5701,1.6,20002,0
BNZI.US,D,20240201,000000,1.61,1.67,1.5701,1.58,114099,0
BNZI.US,D,20240202,000000,1.65,1.67,1.55,1.56,155501,0
BNZI.US,D,20240205,000000,1.55,1.61,1.55,1.552,36535,0
BNZI.US,D,20240206,000000,1.51,1.6,1.4342,1.46,94153,0
BNZI.US,D,20240207,000000,1.46,1.5,1.46,1.4621,20103,0
BNZI.US,D,20240208,000000,1.5,1.5999,1.44,1.45,72175,0
BNZI.US,D,20240209,000000,1.47,1.4911,1.4,1.45,64537,0
BNZI.US,D,20240212,000000,1.52,1.52,1.41,1.4699,54260,0
BNZI.US,D,20240213,000000,1.43,1.51,1.3174,1.4,73768,0
BNZI.US,D,20240214,000000,1.41,1.41,1.33,1.34,38745,0
BNZI.US,D,20240215,000000,1.33,1.4229,1.3197,1.3228,28874,0
BNZI.US,D,20240216,000000,1.33,1.3532,1.27,1.27,20607,0
BNZI.US,D,20240220,000000,1.33,1.33,0.97,0.97,194221,0
BNZI.US,D,20240221,000000,0.92,0.961,0.76,0.83,215879,0
BNZI.US,D,20240222,000000,0.87,1.03,0.81,0.9841,591791,0
BNZI.US,D,20240223,000000,0.8985,0.9242,0.765,0.8,253281,0
BNZI.US,D,20240226,000000,0.75,0.8,0.73,0.751,1155344,0
BNZI.US,D,20240227,000000,0.7277,0.7491,0.672,0.688,264940,0
BNZI.US,D,20240228,000000,0.7015,0.74,0.68,0.729,164449,0
BNZI.US,D,20240229,000000,0.718,0.75,0.68,0.721,141785,0
BNZI.US,D,20240301,000000,0.772,0.772,0.701,0.711,93263,0
BNZI.US,D,20240304,000000,0.7268,0.74,0.7,0.7,109847,0
BNZI.US,D,20240305,000000,0.7242,0.85,0.7125,0.811,439107,0
BNZI.US,D,20240306,000000,0.87,0.95,0.76,0.789,1653018,0
BNZI.US,D,20240307,000000,0.81,0.83,0.7001,0.745,783112,0
BNZI.US,D,20240308,000000,0.7236,0.8,0.7207,0.741,1266097,0
BNZI.US,D,20240311,000000,0.74,0.75,0.6515,0.696,1252792,0
BNZI.US,D,20240312,000000,0.717,0.7998,0.68,0.69,1019771,0
BNZI.US,D,20240313,000000,0.67,0.76,0.6055,0.69,1006232,0
BNZI.US,D,20240314,000000,0.67,0.7499,0.6558,0.699,920335,0
BNZI.US,D,20240315,000000,0.6801,0.72,0.623,0.6618,702502,0
BNZI.US,D,20240318,000000,0.6513,0.66,0.5901,0.624,519837,0
BNZI.US,D,20240319,000000,0.6175,0.625,0.59111,0.6164,611233,0
BNZI.US,D,20240320,000000,0.612,0.6792,0.5971,0.6575,1406869,0
BNZI.US,D,20240321,000000,0.7407,0.75,0.617,0.669,1094190,0
BNZI.US,D,20240322,000000,0.6757,0.69,0.6129,0.63,380444,0
BNZI.US,D,20240325,000000,0.5972,0.603,0.5624,0.583,585157,0
BNZI.US,D,20240326,000000,0.5687,0.65,0.568,0.62,291750,0
BNZI.US,D,20240327,000000,0.6145,0.64,0.58,0.61,114215,0
BNZI.US,D,20240328,000000,0.629,0.641,0.592059,0.611,206286,0
BNZI.US,D,20240401,000000,0.611,0.611,0.52,0.539,754451,0
BNZI.US,D,20240402,000000,0.537,0.545849,0.4593,0.505,485162,0
BNZI.US,D,20240403,000000,0.4899,0.495,0.465,0.477449,146503,0
BNZI.US,D,20240404,000000,0.48,0.55,0.4774,0.509,230567,0
BNZI.US,D,20240405,000000,0.5199,0.5199,0.47,0.5099,95756,0
BNZI.US,D,20240408,000000,0.5223,0.5459,0.4901,0.5103,159034,0
BNZI.US,D,20240409,000000,0.529,0.529,0.5,0.509,88445,0
BNZI.US,D,20240410,000000,0.5,0.509,0.4808,0.4999,119829,0
BNZI.US,D,20240411,000000,0.4849,0.49,0.4621,0.4681,87449,0
BNZI.US,D,20240412,000000,0.466,0.48,0.4212,0.4373,386197,0
BNZI.US,D,20240415,000000,0.4397,0.4397,0.38,0.395,164310,0
BNZI.US,D,20240416,000000,0.399,0.3999,0.3601,0.3765,162698,0
BNZI.US,D,20240417,000000,0.39,0.4,0.37,0.389,131824,0
BNZI.US,D,20240418,000000,0.388,0.4,0.3641,0.37,172426,0
BNZI.US,D,20240419,000000,0.3651,0.3989,0.3511,0.3656,93100,0
BNZI.US,D,20240422,000000,0.374,0.398799,0.36,0.365,284938,0
BNZI.US,D,20240423,000000,0.3417,0.35,0.306,0.347,988966,0
BNZI.US,D,20240424,000000,0.3366,0.35,0.3133,0.3297,157068,0
BNZI.US,D,20240425,000000,0.3202,0.36,0.3202,0.35,186180,0
BNZI.US,D,20240426,000000,0.35,0.3595,0.33,0.3572,259772,0
BNZI.US,D,20240429,000000,0.3581,0.41,0.3312,0.3866,327529,0
BNZI.US,D,20240430,000000,0.3778,0.398,0.355,0.398,110090,0
BNZI.US,D,20240501,000000,0.3722,0.3951,0.35,0.393,211952,0
BNZI.US,D,20240502,000000,0.3798,0.3799,0.36,0.368651,363706,0
BNZI.US,D,20240503,000000,0.386,0.386,0.3312,0.3405,230659,0
BNZI.US,D,20240506,000000,0.338,0.3494,0.315,0.3212,197236,0
BNZI.US,D,20240507,000000,0.3116,0.3299,0.308,0.3093,65290,0
BNZI.US,D,20240508,000000,0.319,0.3223,0.29,0.3012,234234,0
BNZI.US,D,20240509,000000,0.317,0.329,0.3,0.3112,90250,0
BNZI.US,D,20240510,000000,0.307449,0.3591,0.285,0.336,394962,0
BNZI.US,D,20240513,000000,0.33,0.3591,0.3,0.314,486918,0
BNZI.US,D,20240514,000000,0.315,0.3286,0.2919,0.293,539362,0
BNZI.US,D,20240515,000000,0.305,0.325,0.29,0.318,310128,0
BNZI.US,D,20240516,000000,0.32,0.339,0.311,0.316,133036,0
BNZI.US,D,20240517,000000,0.334,0.334,0.3044,0.3092,245403,0
BNZI.US,D,20240520,000000,0.329,0.329,0.295,0.2994,125792,0
BNZI.US,D,20240521,000000,0.3026,0.3125,0.2601,0.2602,523145,0
BNZI.US,D,20240522,000000,0.267,0.2895,0.2301,0.2302,2261208,0
BNZI.US,D,20240523,000000,0.222,0.222,0.1622,0.1695,6831918,0
BNZI.US,D,20240524,000000,0.181,0.24,0.165,0.1915,6167117,0
BNZI.US,D,20240528,000000,0.1934,0.2198,0.1696,0.1752,19586602,0
BNZI.US,D,20240529,000000,0.2065,0.2393,0.185,0.213,76159739,0
BNZI.US,D,20240530,000000,0.213,0.215,0.192,0.1979,9859140,0
BNZI.US,D,20240531,000000,0.2093,0.225,0.191,0.2063,14257860,0
BNZI.US,D,20240603,000000,0.2,0.2078,0.188,0.1902,7094221,0
BNZI.US,D,20240604,000000,0.218,0.229,0.191,0.219,24426150,0
BNZI.US,D,20240605,000000,0.197,0.2036,0.1814,0.1931,7655283,0
BNZI.US,D,20240606,000000,0.198,0.198,0.1661,0.1717,6777624,0
BNZI.US,D,20240607,000000,0.17,0.205,0.17,0.1811,11518744,0
BNZI.US,D,20240610,000000,0.1755,0.18,0.166,0.176,2107084,0
BNZI.US,D,20240611,000000,0.1925,0.194999,0.18,0.191,4770451,0
BNZI.US,D,20240612,000000,0.19,0.19,0.174,0.1804,2544299,0
BNZI.US,D,20240613,000000,0.1809,0.187,0.166,0.1835,1989605,0
BNZI.US,D,20240614,000000,0.178,0.185,0.1705,0.172,764266,0
BNZI.US,D,20240617,000000,0.172,0.176,0.1681,0.1681,1368691,0
BNZI.US,D,20240618,000000,0.18,0.19,0.175,0.185,8265168,0
BNZI.US,D,20240620,000000,0.185,0.185,0.1708,0.179,2704068,0
BNZI.US,D,20240621,000000,0.1769,0.179,0.1675,0.179,1056457,0
BNZI.US,D,20240624,000000,0.169,0.1779,0.1673,0.1724,1025214,0
BNZI.US,D,20240625,000000,0.1701,0.1789,0.1701,0.1707,703840,0
BNZI.US,D,20240626,000000,0.1729,0.188,0.1661,0.174,2351082,0
BNZI.US,D,20240627,000000,0.1755,0.179,0.1708,0.1752,1234792,0
BNZI.US,D,20240628,000000,0.166,0.1749,0.1653,0.17,666339,0
BNZI.US,D,20240701,000000,0.1699,0.1718,0.1461,0.1507,1890694,0
BNZI.US,D,20240702,000000,0.156,0.158,0.146,0.1534,749903,0
BNZI.US,D,20240703,000000,0.1533,0.1663,0.153,0.163,580374,0
BNZI.US,D,20240705,000000,0.1581,0.1629,0.1538,0.1585,545692,0
BNZI.US,D,20240708,000000,0.156,0.16,0.149,0.1519,1055982,0
BNZI.US,D,20240709,000000,0.15,0.1515,0.146,0.148,778502,0
BNZI.US,D,20240710,000000,0.1479,0.16,0.1461,0.1551,1019402,0
BNZI.US,D,20240711,000000,0.155,0.155,0.1501,0.154,839023,0
BNZI.US,D,20240712,000000,0.1528,0.168,0.1505,0.165,1633132,0
BNZI.US,D,20240715,000000,0.1649,0.17,0.1556,0.163,676000,0
BNZI.US,D,20240716,000000,0.1629,0.1663,0.1556,0.1628,911508,0
BNZI.US,D,20240717,000000,0.1627,0.1649,0.1558,0.16,481133,0
BNZI.US,D,20240718,000000,0.1593,0.1633,0.1505,0.154,774814,0
BNZI.US,D,20240719,000000,0.153,0.1547,0.141,0.1413,708557,0
BNZI.US,D,20240722,000000,0.1468,0.1508,0.141,0.1441,713262,0
BNZI.US,D,20240723,000000,0.1504,0.16,0.1454,0.1538,3588852,0
BNZI.US,D,20240724,000000,0.1476,0.1549,0.1476,0.1524,983256,0
BNZI.US,D,20240725,000000,0.1615,0.1718,0.1569,0.1642,2415517,0
BNZI.US,D,20240726,000000,0.159,0.178,0.1575,0.1665,2098341,0
BNZI.US,D,20240729,000000,0.1615,0.1679,0.1552,0.157399,519663,0
BNZI.US,D,20240730,000000,0.1562,0.158,0.144,0.1441,1067335,0
BNZI.US,D,20240731,000000,0.141,0.141,0.1156,0.128,2455531,0
BNZI.US,D,20240801,000000,0.1287,0.135,0.1233,0.1274,541564,0
BNZI.US,D,20240802,000000,0.126,0.12655,0.1065,0.1101,1506460,0
BNZI.US,D,20240805,000000,0.107,0.107,0.0881,0.0981,1285660,0
BNZI.US,D,20240806,000000,0.1052,0.142,0.1052,0.1129,8947275,0
BNZI.US,D,20240807,000000,0.11,0.1257,0.1021,0.1185,4869906,0
BNZI.US,D,20240808,000000,0.12,0.134,0.12,0.129999,3939698,0
BNZI.US,D,20240809,000000,0.13,0.1322,0.115,0.1228,1149139,0
BNZI.US,D,20240812,000000,0.1191,0.1191,0.1105,0.1127,886879,0
BNZI.US,D,20240813,000000,0.103,0.132,0.103,0.121,1294121,0
BNZI.US,D,20240814,000000,0.12,0.121,0.1111,0.1183,480399,0
BNZI.US,D,20240815,000000,0.1148,0.121,0.1125,0.1159,625705,0
BNZI.US,D,20240816,000000,0.1152,0.1187,0.11,0.1115,483557,0
BNZI.US,D,20240819,000000,0.122,0.122,0.1105,0.115,503556,0
BNZI.US,D,20240820,000000,0.1164,0.124,0.1141,0.1172,758525,0
BNZI.US,D,20240821,000000,0.1195,0.129,0.114,0.1234,1356631,0
BNZI.US,D,20240822,000000,0.125,0.144,0.1213,0.1305,3044119,0
BNZI.US,D,20240823,000000,0.13,0.137,0.1193,0.121,1048738,0
BNZI.US,D,20240826,000000,0.1256,0.1282,0.1185,0.12,575294,0
BNZI.US,D,20240827,000000,0.1204,0.1257,0.1014,0.1099,1612110,0
BNZI.US,D,20240828,000000,0.1273,0.1278,0.092,0.0947,30488598,0
BNZI.US,D,20240829,000000,0.098,0.098,0.085,0.0889,2086499,0
BNZI.US,D,20240830,000000,0.0893,0.0898,0.0822,0.0846,1078305,0
BNZI.US,D,20240903,000000,0.09,0.09,0.0824,0.086,1304724,0
BNZI.US,D,20240904,000000,0.086,0.0881,0.085,0.0856,943287,0
BNZI.US,D,20240905,000000,0.083,0.085,0.083,0.084,353113,0
BNZI.US,D,20240906,000000,0.084,0.084,0.08,0.0804,814060,0
BNZI.US,D,20240909,000000,0.084,0.084,0.0745,0.0791,623930,0
BNZI.US,D,20240910,000000,0.0791,0.0892,0.0774,0.0842,820047,0
BNZI.US,D,20240911,000000,0.088,0.088,0.075,0.0819,581366,0
BNZI.US,D,20240912,000000,0.082,0.082,0.076,0.0776,601203,0
BNZI.US,D,20240913,000000,0.077,0.082,0.077,0.0799,823742,0
BNZI.US,D,20240916,000000,0.0838,0.0838,0.0721,0.073,616490,0
BNZI.US,D,20240917,000000,0.074,0.08,0.0651,0.0745,3842161,0
BNZI.US,D,20240918,000000,0.075,0.0895,0.067,0.07,8574499,0
BNZI.US,D,20240919,000000,3.02,3.22,2.42,2.88,608498,0
BNZI.US,D,20240920,000000,5.1,7.5,4.71,5.69,61385735,0
BNZI.US,D,20240923,000000,4.94,5.2699,4.01,4.2,1542244,0
BNZI.US,D,20240924,000000,6.71,11.2,6.15,8.24,62372654,0
BNZI.US,D,20240925,000000,5.34,6.5,5.03,6,2815139,0
BNZI.US,D,20240926,000000,5.81,6.4,5.5301,6.08,942541,0
BNZI.US,D,20240927,000000,6.15,6.7681,5.5,5.73,707657,0
BNZI.US,D,20240930,000000,5.6,5.6,4.9005,4.97,263026,0
BNZI.US,D,20241001,000000,4.68,4.84,4.35,4.68,340979,0
BNZI.US,D,20241002,000000,5.04,5.04,4.35,4.78,972071,0
BNZI.US,D,20241003,000000,4.8152,4.8152,4.14,4.17,231522,0
BNZI.US,D,20241004,000000,4.05,4.1499,3.39,3.56,299654,0
BNZI.US,D,20241007,000000,3.44,3.514,2.99,3.06,162434,0
BNZI.US,D,20241008,000000,2.98,3.1,2.67,2.76,208417,0
BNZI.US,D,20241009,000000,6,6.89,4.24,5.02,37099755,0
BNZI.US,D,20241010,000000,4.97,5.19,4.55,5.09,1286798,0
BNZI.US,D,20241011,000000,4.7,5.05,4.22,4.43,385821,0
BNZI.US,D,20241014,000000,4.25,4.34,3.56,3.7,352385,0
BNZI.US,D,20241015,000000,5.19,5.19,3.4108,3.66,11533461,0
BNZI.US,D,20241016,000000,3.67,3.7,3.34,3.35,686607,0
BNZI.US,D,20241017,000000,3.54,3.65,3.21,3.35,1108441,0
BNZI.US,D,20241018,000000,3.3,3.45,3.22,3.31,199423,0
BNZI.US,D,20241021,000000,3.33,3.4,3.19,3.26,217589,0
BNZI.US,D,20241022,000000,3.07,3.8,2.89,3.02,1037492,0
BNZI.US,D,20241023,000000,3.03,3.03,2.85,2.93,274599,0
BNZI.US,D,20241024,000000,2.87,2.96,2.795,2.88,189841,0
BNZI.US,D,20241025,000000,2.87,2.99,2.78,2.88,146242,0
BNZI.US,D,20241028,000000,2.81,2.8898,2.65,2.74,219021,0
BNZI.US,D,20241029,000000,2.68,2.68,2.45,2.48,252166,0
