<TICKER>,<PER>,<DATE>,<TIME>,<OPEN>,<HIGH>,<LOW>,<CLOSE>,<VOL>,<OPENINT>
CMAX.US,D,20200930,000000,306,325.2,304.5,315,507.4666661592,0
CMAX.US,D,20201001,000000,330.6,333.15,315,318.6,739.6333325937,0
CMAX.US,D,20201002,000000,306,312,306,306.3,48.999999951,0
CMAX.US,D,20201005,000000,306,318.6,306,318.6,76.333333257,0
CMAX.US,D,20201006,000000,307.5,315.6,306,315.6,140.0999998599,0
CMAX.US,D,20201007,000000,316.5,332.85,311.25,313.35,323.4999996765,0
CMAX.US,D,20201008,000000,319.5,319.5,319.5,319.5,5.0666666616,0
CMAX.US,D,20201009,000000,316.497,316.497,316.497,316.497,5.5333333278,0
CMAX.US,D,20201013,000000,306,306,306,306,651.2666660154,0
CMAX.US,D,20201014,000000,306.6,306.6,306,306,87.8333332455,0
CMAX.US,D,20201015,000000,307.5,315.3,306,308.1,431.1666662355,0
CMAX.US,D,20201019,000000,319.5,319.5,307.5,307.5,51.5999999484,0
CMAX.US,D,20201021,000000,322.5,322.5,306.15,306.15,27.6999999723,0
CMAX.US,D,20201023,000000,306,307.5,304.8,306,188.2333331451,0
CMAX.US,D,20201026,000000,304.5,304.5,304.5,304.5,50.6999999493,0
CMAX.US,D,20201027,000000,307.5,307.8,307.5,307.5,31.1999999688,0
CMAX.US,D,20201028,000000,309,309,309,309,13.3999999866,0
CMAX.US,D,20201030,000000,306,306,303,303,630.3999993696,0
CMAX.US,D,20201102,000000,304.8,304.8,303,303.6,7015.666659651,0
CMAX.US,D,20201103,000000,310.5,310.5,310.5,310.5,3.4999999965,0
CMAX.US,D,20201104,000000,306,307.5,304.5,307.5,50.1666666165,0
CMAX.US,D,20201105,000000,307.5,307.5,307.5,307.5,70.0333332633,0
CMAX.US,D,20201106,000000,306.15,306.45,306,306,77.666666589,0
CMAX.US,D,20201110,000000,304.5,304.5,304.5,304.5,400.4666662662,0
CMAX.US,D,20201111,000000,304.8,304.8,304.5,304.5,1343.5999986564,0
CMAX.US,D,20201112,000000,304.5,306,304.5,306,166.6666665,0
CMAX.US,D,20201113,000000,306,306,306,306,82.2333332511,0
CMAX.US,D,20201116,000000,304.5,304.5,304.5,304.5,17.999999982,0
CMAX.US,D,20201117,000000,304.5,304.5,304.5,304.5,14.5999999854,0
CMAX.US,D,20201118,000000,304.5,304.8,304.5,304.8,66.333333267,0
CMAX.US,D,20201120,000000,304.8,307.5,304.8,307.5,43.4999999565,0
CMAX.US,D,20201123,000000,307.5,310.5,307.5,310.5,438.3999995616,0
CMAX.US,D,20201124,000000,308.7,308.7,307.5,307.5,84.5666665821,0
CMAX.US,D,20201125,000000,310.5,313.5,310.5,313.5,727.8999992721,0
CMAX.US,D,20201127,000000,310.5,310.5,307.884,310.5,78.5666665881,0
CMAX.US,D,20201130,000000,313.2,338.1,312.6,321,1194.999998805,0
CMAX.US,D,20201201,000000,325.5,330,324.9,330,491.5666661751,0
CMAX.US,D,20201202,000000,330,340.2,330,337.5,1227.2999987727,0
CMAX.US,D,20201203,000000,339,340.5,325.2,331.5,130.2333332031,0
CMAX.US,D,20201204,000000,339.3,340.5,327.9,339.9,1100.2333322331,0
CMAX.US,D,20201207,000000,339.9,339.9,330,331.5,418.7333329146,0
CMAX.US,D,20201208,000000,330,337.8,330,330,455.7999995442,0
CMAX.US,D,20201209,000000,330,334.2,330,331.5,125.0333332083,0
CMAX.US,D,20201210,000000,334.65,334.65,318,330,581.1333327522,0
CMAX.US,D,20201211,000000,333.9,337.5,333,333,472.5999995274,0
CMAX.US,D,20201214,000000,334.2,342.327,321.3,328.8,1058.8333322745,0
CMAX.US,D,20201215,000000,330.3,330.3,321,321,17.333333316,0
CMAX.US,D,20201216,000000,335.7,340.5,334.5,337.8,875.333332458,0
CMAX.US,D,20201217,000000,337.8,337.8,337.8,337.8,14.6333333187,0
CMAX.US,D,20201218,000000,339,433.5,325.287,430.5,82134.633251199,0
CMAX.US,D,20201221,000000,420,442.5,415.509,426.6,13039.89998696,0
CMAX.US,D,20201222,000000,440.4,440.4,414.6,433.2,17850.39998215,0
CMAX.US,D,20201223,000000,435,456,429,444.6,2952.3999970476,0
CMAX.US,D,20201224,000000,447.9,467.1,441.9,450,2772.0999972279,0
CMAX.US,D,20201228,000000,450,480,450,458.1,2848.7999971512,0
CMAX.US,D,20201229,000000,450,472.5,439.2,447,4006.4999959935,0
CMAX.US,D,20201230,000000,457.5,465,445.5,459,5718.8333276145,0
CMAX.US,D,20201231,000000,466.5,509.1,449.7,468,5050.5666616161,0
CMAX.US,D,20210104,000000,467.7,508.5,459,481.5,9606.6333237267,0
CMAX.US,D,20210105,000000,481.5,498.9,466.8,470.1,9147.4666575192,0
CMAX.US,D,20210106,000000,480,481.8,464.7,480,2647.0999973529,0
CMAX.US,D,20210107,000000,482.4,504,482.4,492.6,11923.63332141,0
CMAX.US,D,20210108,000000,489,494.7,483.3,488.7,3068.4333302649,0
CMAX.US,D,20210111,000000,495,552.6,484.35,509.4,9213.0333241203,0
CMAX.US,D,20210112,000000,507.6,517.5,495,495,6270.4666603962,0
CMAX.US,D,20210113,000000,498.9,516,478.2,488.4,8583.4999914165,0
CMAX.US,D,20210114,000000,495.3,505.8,465.6,470.4,4828.2666618384,0
CMAX.US,D,20210115,000000,477,491.7,450,480.6,3195.0999968049,0
CMAX.US,D,20210119,000000,493.2,502.5,481.8,494.1,12742.266653924,0
CMAX.US,D,20210120,000000,488.1,501,470.4,475.5,1130.7666655359,0
CMAX.US,D,20210121,000000,476.7,480.9,456,474,11425.399988575,0
CMAX.US,D,20210122,000000,477.6,500.4,470.7,487.2,5167.8333281655,0
CMAX.US,D,20210125,000000,495.9,498,465.3,465.6,10001.899989998,0
CMAX.US,D,20210126,000000,465,465,438,451.2,5635.1333276982,0
CMAX.US,D,20210127,000000,445.5,464.7,399,413.4,10832.366655834,0
CMAX.US,D,20210128,000000,410.7,451.8,402.444,411,13375.466653291,0
CMAX.US,D,20210129,000000,411,421.5,404.106,419.1,4110.7999958892,0
CMAX.US,D,20210201,000000,419.7,449.7,399,412.5,2907.9666637587,0
CMAX.US,D,20210202,000000,417.3,417.3,402,402,472.5999995274,0
CMAX.US,D,20210203,000000,402.6,414,400.65,405.3,1113.1666655535,0
CMAX.US,D,20210204,000000,415.2,415.2,392.4,393.9,2953.4999970465,0
CMAX.US,D,20210205,000000,392.4,402,390.6,401.7,841.5666658251,0
CMAX.US,D,20210208,000000,407.1,417.297,402.6,404.4,2541.4666641252,0
CMAX.US,D,20210209,000000,399.6,406.8,392.4,393.3,764.8666659018,0
CMAX.US,D,20210210,000000,400.2,414.6,386.1,387.3,7374.999992625,0
CMAX.US,D,20210211,000000,400.5,414.9,387,406.5,10824.299989176,0
CMAX.US,D,20210212,000000,410.4,437.397,410.4,432,4071.4999959285,0
CMAX.US,D,20210216,000000,436.8,453,420.903,435,802.8333325305,0
CMAX.US,D,20210217,000000,430.8,431.4,415.8,420.3,615.666666051,0
CMAX.US,D,20210218,000000,419.7,444,391.5,435,3533.5333297998,0
CMAX.US,D,20210219,000000,431.4,437.874,410.1,424.8,3009.2333303241,0
CMAX.US,D,20210222,000000,427.5,427.5,409.818,420.6,922.666665744,0
CMAX.US,D,20210223,000000,402.3,402.3,393,402.3,3163.2999968367,0
CMAX.US,D,20210224,000000,401.1,410.82,388.5,397.8,5767.7999942322,0
CMAX.US,D,20210225,000000,403.5,403.5,383.1,387.3,1841.3999981586,0
CMAX.US,D,20210226,000000,392.1,409.62,376.2,380.7,1891.7666647749,0
CMAX.US,D,20210301,000000,389.4,414.72,381,393.9,6338.7666603279,0
CMAX.US,D,20210302,000000,393,402.759,379.5,379.5,712.1666659545,0
CMAX.US,D,20210303,000000,400.5,406.8,384,398.7,9385.3666572813,0
CMAX.US,D,20210304,000000,393,393,367.8,371.7,6889.0333264443,0
CMAX.US,D,20210305,000000,371.4,378,320.4,351.3,18754.433314579,0
CMAX.US,D,20210308,000000,349.5,382.2,348,367.2,6020.7333273126,0
CMAX.US,D,20210309,000000,369.9,387,364.2,372,2577.1666640895,0
CMAX.US,D,20210310,000000,367.8,375,347.1,366.9,2623.3999973766,0
CMAX.US,D,20210311,000000,368.1,375.6,353.1,365.1,1894.9333314384,0
CMAX.US,D,20210312,000000,367.65,385.8,359.4,385.5,1916.7666647499,0
CMAX.US,D,20210315,000000,381.3,442.8,378,435,6037.4333272959,0
CMAX.US,D,20210316,000000,430.5,449.4,414.744,423.6,3288.2999967117,0
CMAX.US,D,20210317,000000,420.6,435,405.9,425.7,1731.0333316023,0
CMAX.US,D,20210318,000000,420,444.6,416.496,438.6,1303.9666653627,0
CMAX.US,D,20210319,000000,433.5,438,419.7,421.5,2304.7999976952,0
CMAX.US,D,20210322,000000,423,440.1,423,424.5,481.666666185,0
CMAX.US,D,20210323,000000,427.2,444,420.9,420.9,3268.6333300647,0
CMAX.US,D,20210324,000000,423.996,427.5,400.8,414.6,1417.4666652492,0
CMAX.US,D,20210325,000000,413.4,418.8,391.2,405.9,536.0333327973,0
CMAX.US,D,20210326,000000,404.4,404.4,375.3,391.5,1342.0666653246,0
CMAX.US,D,20210329,000000,394.2,394.2,366,378,1179.4333321539,0
CMAX.US,D,20210330,000000,364.503,377.4,360,375.9,1397.333331936,0
CMAX.US,D,20210331,000000,367.35,377.7,358.2,363.6,1881.1666647855,0
CMAX.US,D,20210401,000000,363,373.2,351,364.2,5296.999994703,0
CMAX.US,D,20210405,000000,374.85,379.5,359.7,378.6,405.0333329283,0
CMAX.US,D,20210406,000000,373.5,400.8,373.5,381,277.8999997221,0
CMAX.US,D,20210407,000000,375.3,402.9,357.6,399,6134.2999938657,0
CMAX.US,D,20210408,000000,403.2,403.2,377.691,402,1660.4999983395,0
CMAX.US,D,20210409,000000,405.9,420,405.9,419.1,2160.1666645065,0
CMAX.US,D,20210412,000000,419.7,435.3,419.7,420,6576.6999934233,0
CMAX.US,D,20210413,000000,424.8,427.8,392.4,405,10391.133322942,0
CMAX.US,D,20210414,000000,409.5,419.7,401.7,405,2735.9333305974,0
CMAX.US,D,20210415,000000,416.733,416.733,386.4,402.3,805.6333325277,0
CMAX.US,D,20210416,000000,401.4,401.4,375.3,395.7,1265.5333320678,0
CMAX.US,D,20210419,000000,380.304,394.2,380.304,390.9,955.2999990447,0
CMAX.US,D,20210420,000000,364.8,390,364.8,375,2593.2999974067,0
CMAX.US,D,20210421,000000,378.6,383.4,374.1,376.5,3025.7666636409,0
CMAX.US,D,20210422,000000,393.3,393.3,370.335,378.6,856.8333324765,0
CMAX.US,D,20210423,000000,387.3,387.3,371.4,375.3,1206.7333321266,0
CMAX.US,D,20210426,000000,373.8,383.478,368.967,378.9,3071.9666635947,0
CMAX.US,D,20210427,000000,373.2,407.25,367.5,394.2,4054.1999959458,0
CMAX.US,D,20210428,000000,387.6,397.5,377.4,390,2720.4666639462,0
CMAX.US,D,20210429,000000,376.2,385.5,375,375,950.666665716,0
CMAX.US,D,20210430,000000,375,397.5,375,383.1,5159.4333281739,0
CMAX.US,D,20210503,000000,383.7,404.4,375,390,5065.2999949347,0
CMAX.US,D,20210504,000000,387.6,400.2,381,391.2,2528.7333308046,0
CMAX.US,D,20210505,000000,393,396.3,390.6,390.6,130.4666665362,0
CMAX.US,D,20210506,000000,390.003,394.5,388.8,390,730.666665936,0
CMAX.US,D,20210507,000000,384.9,394.5,375.45,382.5,841.7999991582,0
CMAX.US,D,20210510,000000,388.2,388.428,376.5,376.5,115.1999998848,0
CMAX.US,D,20210511,000000,375,382.35,375,375.3,395.1666662715,0
CMAX.US,D,20210512,000000,376.5,381,359.85,374.4,2016.8999979831,0
CMAX.US,D,20210513,000000,374.07,388.2,360,388.2,834.9666658317,0
CMAX.US,D,20210514,000000,389.697,393,357.6,387.3,1980.2333313531,0
CMAX.US,D,20210517,000000,378.6,390,376.5,378.9,2378.6333309547,0
CMAX.US,D,20210518,000000,384,389.7,382.5,382.5,600.7333327326,0
CMAX.US,D,20210519,000000,382.5,388.341,375.3,382.5,516.5666661501,0
CMAX.US,D,20210520,000000,381.6,387.6,381.6,381.6,1014.4333323189,0
CMAX.US,D,20210521,000000,384.75,386.7,381.9,382.2,622.0333327113,0
CMAX.US,D,20210524,000000,382.8,387.75,376.815,385.35,1311.2999986887,0
CMAX.US,D,20210525,000000,379.8,393.3,375.3,393.3,453.1333328802,0
CMAX.US,D,20210526,000000,384.6,396,384,387,4013.5999959864,0
CMAX.US,D,20210527,000000,389.7,390.6,381.3,385.5,3400.999996599,0
CMAX.US,D,20210528,000000,390,400.5,385.5,385.5,5670.0999943299,0
CMAX.US,D,20210601,000000,389.4,480,389.4,435,10428.166656238,0
CMAX.US,D,20210602,000000,433.5,468.3,431.1,445.5,3957.9333293754,0
CMAX.US,D,20210603,000000,435.75,458.1,427.5,453.6,2569.1333307642,0
CMAX.US,D,20210604,000000,443.1,454.5,443.1,447.6,1237.5999987624,0
CMAX.US,D,20210607,000000,447.3,459,442.2,448.5,3036.2666636304,0
CMAX.US,D,20210608,000000,450,451.5,444.3,447.6,2436.1666642305,0
CMAX.US,D,20210609,000000,443.4,477.417,402.9,445.2,3820.7333295126,0
CMAX.US,D,20210610,000000,443.1,453,425.7,444,4042.0333292913,0
CMAX.US,D,20210611,000000,441.6,442.5,420.9,442.5,2954.0999970459,0
CMAX.US,D,20210614,000000,433.8,451.8,433.8,450,1872.1666647945,0
CMAX.US,D,20210615,000000,446.1,450.9,424.8,435,2141.6333311917,0
CMAX.US,D,20210616,000000,441,447.3,399.6,413.7,2339.1999976608,0
CMAX.US,D,20210617,000000,405.102,406.2,382.5,390,4787.0999952129,0
CMAX.US,D,20210618,000000,396.3,413.7,370.5,392.1,12046.833321286,0
CMAX.US,D,20210621,000000,390.3,411,366.3,368.55,3637.1999963628,0
CMAX.US,D,20210622,000000,372.3,385.5,372.3,379.5,3814.5333295188,0
CMAX.US,D,20210623,000000,376.5,385.5,367.5,374.7,1770.2666648964,0
CMAX.US,D,20210624,000000,383.1,383.7,367.5,369,1630.1333317032,0
CMAX.US,D,20210625,000000,372.3,403.8,369.54,398.1,9181.0333241523,0
CMAX.US,D,20210628,000000,389.1,390,370.8,384.3,2294.1666643725,0
CMAX.US,D,20210629,000000,389.7,391.5,376.95,380.7,4852.666661814,0
CMAX.US,D,20210630,000000,378,389.697,369.06,387,2886.999997113,0
CMAX.US,D,20210701,000000,380.7,387,364.8,373.2,4281.0666623856,0
CMAX.US,D,20210702,000000,369.9,385.8,369.9,382.5,5479.7333278536,0
CMAX.US,D,20210706,000000,390,390,369.3,377.4,2805.4999971945,0
CMAX.US,D,20210707,000000,380.1,428.7,380.1,414,11005.666655661,0
CMAX.US,D,20210708,000000,416.1,425.25,382.5,398.1,4879.0999951209,0
CMAX.US,D,20210709,000000,398.4,427.5,396,422.7,4229.8333291035,0
CMAX.US,D,20210712,000000,425.7,425.7,398.4,399.6,7359.1999926408,0
CMAX.US,D,20210713,000000,419.7,419.7,393.6,399,4065.3666626013,0
CMAX.US,D,20210714,000000,398.1,398.7,353.4,360.3,12838.799987161,0
CMAX.US,D,20210715,000000,366.3,381,358.5,372.6,6783.0999932169,0
CMAX.US,D,20210716,000000,361.5,374.7,324.6,337.5,68365.366598301,0
CMAX.US,D,20210719,000000,340.2,344.997,313.5,318.9,56183.766610483,0
CMAX.US,D,20210720,000000,320.1,327.6,306.3,317.7,44755.699955244,0
CMAX.US,D,20210721,000000,314.4,330.3,314.4,327,12131.899987868,0
CMAX.US,D,20210722,000000,329.1,329.1,314.1,314.1,9926.9666567397,0
CMAX.US,D,20210723,000000,314.4,345,314.4,327.6,23920.966642746,0
CMAX.US,D,20210726,000000,329.1,341.55,311.28,315,11704.799988295,0
CMAX.US,D,20210727,000000,310.2,323.4,289.8,299.4,11287.099988713,0
CMAX.US,D,20210728,000000,297.3,316.8,276,291.9,26398.966640268,0
CMAX.US,D,20210729,000000,293.7,304.2,291.3,298.8,22657.299977343,0
CMAX.US,D,20210730,000000,299.4,305.4,295.5,302.4,18335.866648331,0
CMAX.US,D,20210802,000000,305.1,317.1,286.8,298.5,28401.766638265,0
CMAX.US,D,20210803,000000,300,316.2,286.5,290.1,7160.7666595059,0
CMAX.US,D,20210804,000000,286.8,301.65,269.472,273.3,9453.999990546,0
CMAX.US,D,20210805,000000,274.5,288.9,273.3,279.9,3850.3999961496,0
CMAX.US,D,20210806,000000,280.2,291,265.2,276.9,5507.8999944921,0
CMAX.US,D,20210809,000000,272.4,285.45,270,284.7,6586.4666600802,0
CMAX.US,D,20210810,000000,280.5,281.4,249.3,250.5,20595.399979405,0
CMAX.US,D,20210811,000000,250.8,259.35,208.5,236.4,24958.333308375,0
CMAX.US,D,20210812,000000,236.4,256.8,230.4,251.4,29972.966636694,0
CMAX.US,D,20210813,000000,210,284.4,195.9,250.8,46309.533287024,0
CMAX.US,D,20210816,000000,255,255,240.6,249,14428.099985572,0
CMAX.US,D,20210817,000000,249,251.1,214.5,228.9,31488.533301845,0
CMAX.US,D,20210818,000000,227.4,236.1,225,225.3,12676.133320657,0
CMAX.US,D,20210819,000000,225,243.3,224.7,229.2,9698.5666569681,0
CMAX.US,D,20210820,000000,229.2,238.5,225,227.7,14966.599985033,0
CMAX.US,D,20210823,000000,228,235.2,223.35,227.1,5186.1333281472,0
CMAX.US,D,20210824,000000,228.3,232.5,222.3,226.5,24411.133308922,0
CMAX.US,D,20210825,000000,226.5,227.1,216.3,224.1,10490.566656176,0
CMAX.US,D,20210826,000000,225,230.097,221.7,226.2,11328.066655339,0
CMAX.US,D,20210827,000000,227.7,245.4,226.2,245.4,10753.53332258,0
CMAX.US,D,20210830,000000,246.3,250.2,237.9,249,12669.199987331,0
CMAX.US,D,20210831,000000,250.2,275.4,249.75,270.6,13909.89998609,0
CMAX.US,D,20210901,000000,268.8,292.8,260.811,285.3,21345.766645321,0
CMAX.US,D,20210902,000000,286.8,288.6,277.8,286.5,10569.566656097,0
CMAX.US,D,20210903,000000,285.3,297,274.2,292.2,8850.0666578166,0
CMAX.US,D,20210907,000000,295.2,297.6,272.4,274.2,16967.933316365,0
CMAX.US,D,20210908,000000,274.5,277.5,255,256.2,16144.533317189,0
CMAX.US,D,20210909,000000,258.9,275.1,250.8,254.4,17761.266648905,0
CMAX.US,D,20210910,000000,265.2,296.4,260.1,282.3,30785.133302548,0
CMAX.US,D,20210913,000000,301.8,330,299.1,309.6,35683.566630983,0
CMAX.US,D,20210914,000000,305.7,330,300,303.9,17873.299982127,0
CMAX.US,D,20210915,000000,307.2,307.8,288.3,288.3,17762.93331557,0
CMAX.US,D,20210916,000000,287.7,301.5,283.2,288,26369.033306964,0
CMAX.US,D,20210917,000000,288,291.6,268.2,283.8,130001.19987,0
CMAX.US,D,20210920,000000,282.9,302.7,276.9,277.8,19993.399980007,0
CMAX.US,D,20210921,000000,279.3,297.6,278.7,290.7,20064.833313268,0
CMAX.US,D,20210922,000000,296.4,296.4,276.6,278.4,10788.799989211,0
CMAX.US,D,20210923,000000,277.5,278.7,266.4,273.3,15463.399984537,0
CMAX.US,D,20210924,000000,272.7,275.7,260.7,268.5,11194.566655472,0
CMAX.US,D,20210927,000000,267.6,285.6,261,282.9,16314.366650352,0
CMAX.US,D,20210928,000000,286.2,301.8,258.6,297.9,13879.466652787,0
CMAX.US,D,20210929,000000,296.1,308.4,291.9,295.8,21073.799978926,0
CMAX.US,D,20210930,000000,295.8,300,281.4,289.8,10517.533322816,0
CMAX.US,D,20211001,000000,281.4,307.95,281.4,304.5,17441.799982558,0
CMAX.US,D,20211004,000000,304.8,304.8,284.103,286.5,14847.833318485,0
CMAX.US,D,20211005,000000,287.1,292.5,278.436,286.8,13705.166652961,0
CMAX.US,D,20211006,000000,285.6,288.6,271.5,281.4,9244.6333240887,0
CMAX.US,D,20211007,000000,287.1,287.1,263.1,264.3,17076.86664959,0
CMAX.US,D,20211008,000000,263.7,264,229.5,232.5,29908.033303425,0
CMAX.US,D,20211011,000000,231.3,234.234,225.075,232.5,14078.366652588,0
CMAX.US,D,20211012,000000,231.3,245.4,231.3,243.9,8003.5999919964,0
CMAX.US,D,20211013,000000,244.2,253.8,238.5,242.4,6748.1999932518,0
CMAX.US,D,20211014,000000,245.4,267,245.4,259.8,12991.033320342,0
CMAX.US,D,20211015,000000,261,264.3,252.9,257.7,6146.9666605197,0
CMAX.US,D,20211018,000000,256.5,256.5,234,234,20878.399979122,0
CMAX.US,D,20211019,000000,235.5,240.6,230.7,238.8,5593.0999944069,0
CMAX.US,D,20211020,000000,254.4,272.4,252.6,257.1,16832.899983167,0
CMAX.US,D,20211021,000000,252.3,263.1,246.975,262.5,4311.4333290219,0
CMAX.US,D,20211022,000000,262.2,262.2,249.6,255,3193.6999968063,0
CMAX.US,D,20211025,000000,255,265.8,254.1,260.7,3328.1666633385,0
CMAX.US,D,20211026,000000,261.6,270.306,258,267.9,5027.7666616389,0
CMAX.US,D,20211027,000000,266.7,270.9,261.6,262.8,2743.4999972565,0
CMAX.US,D,20211028,000000,267.6,269.1,263.1,266.1,2354.4666643122,0
CMAX.US,D,20211029,000000,266.1,281.4,264.6,278.1,3350.8666633158,0
CMAX.US,D,20211101,000000,278.4,287.7,267.9,276.9,4224.6999957753,0
CMAX.US,D,20211102,000000,279.6,289.35,271.2,275.1,2342.5666643241,0
CMAX.US,D,20211103,000000,275.1,282,271.2,278.1,3418.1333299152,0
CMAX.US,D,20211104,000000,279.6,281.1,271.5,279,5195.3666614713,0
CMAX.US,D,20211105,000000,282.3,290.7,276.003,281.7,8201.3999917986,0
CMAX.US,D,20211108,000000,281.4,281.4,263.4,266.4,9418.5333239148,0
CMAX.US,D,20211109,000000,270,270.3,255,257.1,9085.666657581,0
CMAX.US,D,20211110,000000,255.9,275.7,250.5,260.4,6730.9333266024,0
CMAX.US,D,20211111,000000,262.5,262.5,250.392,254.1,4829.3666618373,0
CMAX.US,D,20211112,000000,255.3,265.2,246.6,255,13380.666653286,0
CMAX.US,D,20211115,000000,270,289.5,260.4,268.5,11758.433321575,0
CMAX.US,D,20211116,000000,267.6,270.3,252.3,263.1,9847.1666568195,0
CMAX.US,D,20211117,000000,261.9,263.7,250.8,252.6,5327.3666613393,0
CMAX.US,D,20211118,000000,252.6,252.6,230.4,231.6,12982.566653684,0
CMAX.US,D,20211119,000000,234.3,239.4,228.3,230.1,5587.5333277458,0
CMAX.US,D,20211122,000000,228.6,230.4,207.6,218.1,12360.966654306,0
CMAX.US,D,20211123,000000,219.3,224.4,210,213,4921.0333284123,0
CMAX.US,D,20211124,000000,222.3,223.5,203.4,217.8,6478.4999935215,0
CMAX.US,D,20211126,000000,209.7,215.85,208.65,211.5,2424.3999975756,0
CMAX.US,D,20211129,000000,213.6,231.75,206.28,208.5,6216.5666604501,0
CMAX.US,D,20211130,000000,205.8,208.8,196.803,201,12144.633321189,0
CMAX.US,D,20211201,000000,207,215.4,198.6,199.5,9538.7999904612,0
CMAX.US,D,20211202,000000,201,206.7,197.1,204,13811.366652855,0
CMAX.US,D,20211203,000000,201.6,205.2,185.7,186,6024.2666606424,0
CMAX.US,D,20211206,000000,184.5,189.9,177.45,186.9,7823.0666588436,0
CMAX.US,D,20211207,000000,189.3,210.9,185.1,193.8,6303.0999936969,0
CMAX.US,D,20211208,000000,193.8,201.6,180.6,201,5340.0666613266,0
CMAX.US,D,20211209,000000,197.7,212.85,196.35,198.9,5701.4333276319,0
CMAX.US,D,20211210,000000,195,199.5,194.7,196.2,3493.999996506,0
CMAX.US,D,20211213,000000,195.6,205.5,189.9,196.2,4829.0333285043,0
CMAX.US,D,20211214,000000,192,204.3,188.7,192,12704.833320628,0
CMAX.US,D,20211215,000000,189.3,204.6,188.25,203.7,13589.99998641,0
CMAX.US,D,20211216,000000,204,213.894,197.7,198.9,7404.0999925959,0
CMAX.US,D,20211217,000000,197.4,205.8,192.9,204,15534.266651132,0
CMAX.US,D,20211220,000000,204,217.2,197.25,202.2,4990.333328343,0
CMAX.US,D,20211221,000000,206.1,215.1,203.1,207.6,4913.6333284197,0
CMAX.US,D,20211222,000000,207.6,231.6,205.8,227.7,6302.4999936975,0
CMAX.US,D,20211223,000000,228.3,234.9,224.1,234.6,5070.9333282624,0
CMAX.US,D,20211227,000000,236.1,236.1,222.3,223.8,6250.8333270825,0
CMAX.US,D,20211228,000000,223.8,229.5,215.1,220.2,5013.666661653,0
CMAX.US,D,20211229,000000,219.9,222.6,212.1,215.7,5907.0333274263,0
CMAX.US,D,20211230,000000,215.4,225.3,214.8,223.8,3535.5999964644,0
CMAX.US,D,20211231,000000,223.5,233.7,223.5,230.4,2106.8999978931,0
CMAX.US,D,20220103,000000,231,249.3,225.6,247.8,14440.833318892,0
CMAX.US,D,20220104,000000,252,252,238.8,239.7,4077.9666625887,0
CMAX.US,D,20220105,000000,238.8,238.8,222,223.2,5716.7999942832,0
CMAX.US,D,20220106,000000,221.4,231.3,204.3,207.3,5046.4333282869,0
CMAX.US,D,20220107,000000,212.1,232.8,207,231,6868.5333264648,0
CMAX.US,D,20220110,000000,227.7,229.8,218.1,225,3769.1999962308,0
CMAX.US,D,20220111,000000,222.9,234.6,219.975,232.8,8287.1333250462,0
CMAX.US,D,20220112,000000,234,234,221.7,223.5,3135.3999968646,0
CMAX.US,D,20220113,000000,222,224.7,219.3,222.3,1688.4333316449,0
CMAX.US,D,20220114,000000,218.1,223.8,213.3,219.6,4807.8333285255,0
CMAX.US,D,20220118,000000,214.8,214.8,197.1,197.7,5840.0333274933,0
CMAX.US,D,20220119,000000,202.5,210.9,197.85,206.7,4866.1333284672,0
CMAX.US,D,20220120,000000,206.7,213,202.2,203.1,4277.4666623892,0
CMAX.US,D,20220121,000000,201.6,202.35,189.3,192,11188.699988811,0
CMAX.US,D,20220124,000000,188.4,192.9,176.1,188.4,16575.866650091,0
CMAX.US,D,20220125,000000,185.4,185.4,178.2,179.1,6506.9333268264,0
CMAX.US,D,20220126,000000,182.4,186.6,171,171.9,9793.8333235395,0
CMAX.US,D,20220127,000000,171.6,191.1,165.9,167.7,2836.9666638297,0
CMAX.US,D,20220128,000000,166.5,178.8,165.3,177.3,2615.2666640514,0
CMAX.US,D,20220131,000000,176.4,186,171,186,8947.8999910521,0
CMAX.US,D,20220201,000000,186.3,194.4,177.45,194.4,8672.7333246606,0
CMAX.US,D,20220202,000000,193.8,200.7,191.1,195,5953.7999940462,0
CMAX.US,D,20220203,000000,189.6,195.6,183,188.1,2515.5666641511,0
CMAX.US,D,20220204,000000,188.1,192.147,183.9,189.6,5403.1333279302,0
CMAX.US,D,20220207,000000,190.2,195.6,186.603,187.5,5894.2666607724,0
CMAX.US,D,20220208,000000,185.7,188.4,182.7,185.4,5909.9666607567,0
CMAX.US,D,20220209,000000,188.1,191.997,186,189.6,4712.1666619545,0
CMAX.US,D,20220210,000000,184.5,195.3,184.5,187.5,6339.8999936601,0
CMAX.US,D,20220211,000000,187.2,193.65,186.3,188.1,3031.6333303017,0
CMAX.US,D,20220214,000000,187.8,193.2,181.5,181.5,3044.8999969551,0
CMAX.US,D,20220215,000000,184.2,188.7,180.3,187.2,4159.1333291742,0
CMAX.US,D,20220216,000000,186.3,195.3,183.3,192.9,3073.33333026,0
CMAX.US,D,20220217,000000,191.1,191.1,184.8,185.4,2742.1999972578,0
CMAX.US,D,20220218,000000,184.8,189.6,179.1,179.4,3830.8333295025,0
CMAX.US,D,20220222,000000,177,181.5,175.8,176.7,4594.8333287385,0
CMAX.US,D,20220223,000000,178.2,179.7,171.6,171.9,5841.999994158,0
CMAX.US,D,20220224,000000,165,178.2,158.601,177.9,5298.1666613685,0
CMAX.US,D,20220225,000000,178.8,192.3,174,191.4,7317.7666593489,0
CMAX.US,D,20220228,000000,190.5,191.4,171.75,173.7,11723.166654943,0
CMAX.US,D,20220301,000000,171.6,191.4,169.8,189.9,11679.166654987,0
CMAX.US,D,20220302,000000,188.4,189.6,178.8,180.9,6913.2666597534,0
CMAX.US,D,20220303,000000,186,186,174.6,179.7,4027.8999959721,0
CMAX.US,D,20220304,000000,178.2,181.35,176.1,180.6,2915.0999970849,0
CMAX.US,D,20220307,000000,180.6,189.15,180.6,183.3,12208.499987791,0
CMAX.US,D,20220308,000000,176.7,190.8,169.71,180,18820.499981179,0
CMAX.US,D,20220309,000000,186,224.4,181.8,217.8,31002.633302331,0
CMAX.US,D,20220310,000000,213.6,229.2,204,222,9548.8999904511,0
CMAX.US,D,20220311,000000,225.9,235.2,225.6,233.7,10715.966655951,0
CMAX.US,D,20220314,000000,236.1,253.8,231.9,234.3,14830.666651836,0
CMAX.US,D,20220315,000000,234.9,248.7,233.4,240,14575.366652091,0
CMAX.US,D,20220316,000000,240,259.8,240,256.2,26240.09997376,0
CMAX.US,D,20220317,000000,252.9,276.9,252.6,268.8,39590.133293743,0
CMAX.US,D,20220318,000000,265.2,273,254.1,254.1,29278.133304055,0
CMAX.US,D,20220321,000000,258.3,258.3,239.4,241.2,30554.233302779,0
CMAX.US,D,20220322,000000,242.4,264.6,242.4,252.6,46958.633286375,0
CMAX.US,D,20220323,000000,247.2,249,237.6,240.3,9952.0666567146,0
CMAX.US,D,20220324,000000,242.1,255.3,236.7,251.4,6172.0666604946,0
CMAX.US,D,20220325,000000,248.1,251.4,240,241.2,6949.4666597172,0
CMAX.US,D,20220328,000000,241.8,242.4,236.7,240.9,7619.5666590471,0
CMAX.US,D,20220329,000000,240.9,249.9,236.4,241.2,9311.0333240223,0
CMAX.US,D,20220330,000000,241.2,249.3,237.15,241.2,9143.3999908566,0
CMAX.US,D,20220331,000000,241.2,247.65,222,224.1,12887.999987112,0
CMAX.US,D,20220401,000000,227.1,250.2,227.1,250.2,21163.33331217,0
CMAX.US,D,20220404,000000,250.2,253.2,243.9,247.5,6547.333326786,0
CMAX.US,D,20220405,000000,246,249,235.8,239.4,7786.4999922135,0
CMAX.US,D,20220406,000000,235.2,235.2,222.3,228.3,7533.0666591336,0
CMAX.US,D,20220407,000000,226.8,226.8,214.5,214.8,7637.1666590295,0
CMAX.US,D,20220408,000000,215.7,219.9,206.4,207,16632.8333167,0
CMAX.US,D,20220411,000000,204.6,208.2,197.4,201.6,10628.833322704,0
CMAX.US,D,20220412,000000,203.7,219.9,197.4,210,38254.699961745,0
CMAX.US,D,20220413,000000,209.1,220.2,209.1,219.9,12719.166653947,0
CMAX.US,D,20220414,000000,220.8,232.8,216,223.8,9570.9666570957,0
CMAX.US,D,20220418,000000,220.2,228.195,214.5,217.2,6180.4999938195,0
CMAX.US,D,20220419,000000,218.4,227.4,206.4,225.3,5312.7999946872,0
CMAX.US,D,20220420,000000,226.5,237.3,222.6,234.3,8170.4999918295,0
CMAX.US,D,20220421,000000,234,240,228.3,228.9,7090.333326243,0
CMAX.US,D,20220422,000000,228.6,231.3,212.7,217.2,7448.8333258845,0
CMAX.US,D,20220425,000000,215.1,233.4,213.9,231.3,8986.5999910134,0
CMAX.US,D,20220426,000000,228,228,210.9,217.5,9833.4666568332,0
CMAX.US,D,20220427,000000,217.2,221.55,207.9,208.8,23348.733309985,0
CMAX.US,D,20220428,000000,210.3,216.3,198.15,213.3,11915.266654751,0
CMAX.US,D,20220429,000000,209.4,215.4,197.1,197.7,10348.833322984,0
CMAX.US,D,20220502,000000,196.5,202.2,189,191.7,27391.599972608,0
CMAX.US,D,20220503,000000,193.2,196.8,183.3,184.5,10204.233323129,0
CMAX.US,D,20220504,000000,184.2,193.5,175.026,193.2,16013.23331732,0
CMAX.US,D,20220505,000000,190.8,191.85,176.1,178.8,7530.6333258027,0
CMAX.US,D,20220506,000000,177,178.95,167.7,168.6,8577.2333247561,0
CMAX.US,D,20220509,000000,166.8,166.8,138.9,141.3,15479.766651187,0
CMAX.US,D,20220510,000000,149.1,155.7,107.4,118.5,34869.733298464,0
CMAX.US,D,20220511,000000,117.6,121.5,111.3,113.4,14963.73331837,0
CMAX.US,D,20220512,000000,111.3,121.2,105.9,118.2,30113.03330322,0
CMAX.US,D,20220513,000000,121.2,140.4,120.3,135,18575.366648091,0
CMAX.US,D,20220516,000000,132.9,139.8,127.5,128.1,12134.733321199,0
CMAX.US,D,20220517,000000,128.7,145.8,128.7,144.9,14096.399985904,0
CMAX.US,D,20220518,000000,140.4,150.9,140.4,144,9034.666657632,0
CMAX.US,D,20220519,000000,141.9,150.9,141.9,148.5,6664.3999933356,0
CMAX.US,D,20220520,000000,150.3,152.94,141.435,146.7,8670.5333246628,0
CMAX.US,D,20220523,000000,149.7,153.6,141.9,152.1,12858.533320475,0
CMAX.US,D,20220524,000000,150.9,155.1,143.4,144,11436.66665523,0
CMAX.US,D,20220525,000000,144,153.3,141.3,148.2,20514.966646152,0
CMAX.US,D,20220526,000000,149.1,152.1,143.4,144.3,8687.0999913129,0
CMAX.US,D,20220527,000000,145.8,150,141.6,145.5,10507.166656159,0
CMAX.US,D,20220531,000000,146.7,150,136.2,140.4,42406.633290927,0
CMAX.US,D,20220601,000000,147.6,165,147.3,162.6,84196.133249137,0
CMAX.US,D,20220602,000000,161.7,189,159.75,185.1,24362.066642305,0
CMAX.US,D,20220603,000000,182.4,184.65,166.2,167.7,21814.033311519,0
CMAX.US,D,20220606,000000,168.6,173.4,159.3,166.2,23432.266643234,0
CMAX.US,D,20220607,000000,164.4,167.7,137.4,156.3,47620.633285713,0
CMAX.US,D,20220608,000000,154.8,169.65,148.2,167.7,18500.433314833,0
CMAX.US,D,20220609,000000,165.9,165.9,144.75,148.8,22919.666643747,0
CMAX.US,D,20220610,000000,143.4,149.7,141,144.9,12562.499987437,0
CMAX.US,D,20220613,000000,137.1,139.8,128.85,130.2,11673.099988327,0
CMAX.US,D,20220614,000000,131.4,136.2,123,132.3,15622.799984377,0
CMAX.US,D,20220615,000000,133.2,145.35,132.9,140.7,12447.966654219,0
CMAX.US,D,20220616,000000,135.3,140.1,131.4,138.6,12631.466654035,0
CMAX.US,D,20220617,000000,140.1,155.7,140.1,153.9,19665.299980335,0
CMAX.US,D,20220621,000000,156.3,167.7,152.4,155.1,18772.233314561,0
CMAX.US,D,20220622,000000,151.5,161.4,150.9,155.1,16991.799983008,0
CMAX.US,D,20220623,000000,155.1,159.3,140.4,144.6,22660.766644006,0
CMAX.US,D,20220624,000000,148.8,157.2,137.1,144.9,238824.03309451,0
CMAX.US,D,20220627,000000,145.5,149.7,130.2,131.4,16191.133317142,0
CMAX.US,D,20220628,000000,130.8,135.6,121.95,122.7,12914.199987086,0
CMAX.US,D,20220629,000000,121.2,125.1,108.3,108.6,20096.199979904,0
CMAX.US,D,20220630,000000,106.5,111.9,103.542,108.9,14696.499985303,0
CMAX.US,D,20220701,000000,108,121.8,107.4,121.5,19029.49998097,0
CMAX.US,D,20220705,000000,118.2,131.7,115.8,131.7,10466.699989533,0
CMAX.US,D,20220706,000000,131.4,144,131.07,143.1,12402.233320931,0
CMAX.US,D,20220707,000000,144.6,161.7,142.8,160.2,18452.499981547,0
CMAX.US,D,20220708,000000,156.6,167.7,156.6,162.3,7746.1666589205,0
CMAX.US,D,20220711,000000,158.1,162,150.9,151.5,5604.3666610623,0
CMAX.US,D,20220712,000000,152.4,161.997,147.45,155.4,12886.633320447,0
CMAX.US,D,20220713,000000,152.7,161.7,152.7,155.4,3849.5333294838,0
CMAX.US,D,20220714,000000,151.8,162.3,150,161.4,18798.899981201,0
CMAX.US,D,20220715,000000,166.2,176.7,161.1,175.8,18629.99998137,0
CMAX.US,D,20220718,000000,178.5,181.5,169.8,172.5,6686.8333266465,0
CMAX.US,D,20220719,000000,176.7,193.8,175.65,192.6,8343.6999916563,0
CMAX.US,D,20220720,000000,192,193.5,167.496,173.4,9004.1666576625,0
CMAX.US,D,20220721,000000,173.4,204.9,171.75,194.4,16673.63331666,0
CMAX.US,D,20220722,000000,194.7,197.7,181.5,188.7,8709.5333246238,0
CMAX.US,D,20220725,000000,189.6,197.25,184.8,194.4,10880.266655786,0
CMAX.US,D,20220726,000000,194.4,199.8,188.574,192.6,4371.1666622955,0
CMAX.US,D,20220727,000000,195.3,209.7,185.4,208.8,8158.8999918411,0
CMAX.US,D,20220728,000000,209.7,212.7,198.9,212.1,5669.666660997,0
CMAX.US,D,20220729,000000,213.9,220.2,210,214.5,5187.666661479,0
CMAX.US,D,20220801,000000,210.3,212.4,203.7,206.4,7007.8999929921,0
CMAX.US,D,20220802,000000,204.3,226.134,204.3,216.3,8247.999991752,0
CMAX.US,D,20220803,000000,221.7,224.7,217.2,217.8,5897.2999941027,0
CMAX.US,D,20220804,000000,218.1,218.1,208.5,213,7215.2999927847,0
CMAX.US,D,20220805,000000,208.5,218.7,207,216.9,8326.4999916735,0
CMAX.US,D,20220808,000000,221.1,224.1,206.1,207,9670.9333236624,0
CMAX.US,D,20220809,000000,227.7,248.4,215.7,238.5,26689.099973311,0
CMAX.US,D,20220810,000000,242.4,244.5,225.3,231,8548.2999914517,0
CMAX.US,D,20220811,000000,237,254.1,235.8,240.3,13322.93332001,0
CMAX.US,D,20220812,000000,240.3,247.5,234.3,241.2,7912.9666587537,0
CMAX.US,D,20220815,000000,240,244.2,231.3,240,7656.4999923435,0
CMAX.US,D,20220816,000000,240.9,240.9,222.6,225.9,8515.333324818,0
CMAX.US,D,20220817,000000,222.6,233.7,218.4,232.2,7059.5333262738,0
CMAX.US,D,20220818,000000,230.4,235.05,218.7,219,5129.6333282037,0
CMAX.US,D,20220819,000000,216.3,223.5,210,216.9,7325.1666593415,0
CMAX.US,D,20220822,000000,213.9,226.8,213,221.7,8019.99999198,0
CMAX.US,D,20220823,000000,222.9,226.5,220.2,221.1,4183.0333291503,0
CMAX.US,D,20220824,000000,221.4,237.15,220.5,236.1,8278.3666583883,0
CMAX.US,D,20220825,000000,240.3,240.9,223.8,230.1,10839.099989161,0
CMAX.US,D,20220826,000000,230.4,230.4,214.5,223.5,4047.9666626187,0
CMAX.US,D,20220829,000000,219.9,224.7,211.5,215.7,2124.7666645419,0
CMAX.US,D,20220830,000000,219,231,213,217.05,4665.0333286683,0
CMAX.US,D,20220831,000000,216.6,217.5,196.8,205.2,25902.566640764,0
CMAX.US,D,20220901,000000,201.6,201.6,183.9,198.6,9420.999990579,0
CMAX.US,D,20220902,000000,201.9,206.4,196.5,197.4,3494.3666631723,0
CMAX.US,D,20220906,000000,195.3,198,190.833,192.3,5231.6333281017,0
CMAX.US,D,20220907,000000,187.8,189.3,180.6,186.3,7094.0666595726,0
CMAX.US,D,20220908,000000,183.6,204.3,180.9,202.8,8179.2666584874,0
CMAX.US,D,20220909,000000,201.9,206.1,192.3,203.4,6803.8666598628,0
CMAX.US,D,20220912,000000,205.2,211.2,202.8,209.7,5901.1333274322,0
CMAX.US,D,20220913,000000,201.6,206.1,190.05,200.1,6458.2999935417,0
CMAX.US,D,20220914,000000,197.7,198.9,187.2,198.3,12409.233320924,0
CMAX.US,D,20220915,000000,197.1,212.4,184.008,207.6,5748.5666609181,0
CMAX.US,D,20220916,000000,204,210,199.2,209.7,18516.133314817,0
CMAX.US,D,20220919,000000,208.8,210,196.8,205.2,7808.4666588582,0
CMAX.US,D,20220920,000000,201.6,214.8,198.6,206.7,5303.2999946967,0
CMAX.US,D,20220921,000000,207.6,207.6,193.5,193.8,5901.4333274319,0
CMAX.US,D,20220922,000000,191.7,220.5,184.8,217.5,23176.633310157,0
CMAX.US,D,20220923,000000,218.4,223.44,196.5,217.5,17522.466649144,0
CMAX.US,D,20220926,000000,217.5,229.5,214.2,215.4,10283.799989716,0
CMAX.US,D,20220927,000000,216,222.3,207.9,213.9,12176.86665449,0
CMAX.US,D,20220928,000000,216.9,222,215.4,219.3,15934.599984065,0
CMAX.US,D,20220929,000000,215.1,228.6,210.6,228,9173.4333241599,0
CMAX.US,D,20220930,000000,226.2,234.9,212.4,212.7,7255.5999927444,0
CMAX.US,D,20221003,000000,214.8,214.8,195.3,198.9,10869.099989131,0
CMAX.US,D,20221004,000000,202.2,216.9,201.3,215.7,6309.99999369,0
CMAX.US,D,20221005,000000,210.9,213.6,201.6,213,5011.8333283215,0
CMAX.US,D,20221006,000000,212.1,216.45,203.4,204.6,4226.1333291072,0
CMAX.US,D,20221007,000000,201.6,215.1,192.6,210.9,8724.0333246093,0
CMAX.US,D,20221010,000000,208.5,210,198.3,201,3914.7666627519,0
CMAX.US,D,20221011,000000,201,203.7,190.8,202.5,5794.9666608717,0
CMAX.US,D,20221012,000000,203.7,206.7,196.2,203.4,4871.9333284614,0
CMAX.US,D,20221013,000000,197.7,211.8,189.3,207.3,5894.7666607719,0
CMAX.US,D,20221014,000000,207.9,208.65,186,188.85,8822.0333245113,0
CMAX.US,D,20221017,000000,193.5,203.4,180.3,186,9320.7999906792,0
CMAX.US,D,20221018,000000,192.6,196.8,189.9,191.1,5454.0666612126,0
CMAX.US,D,20221019,000000,189.3,189.3,173.7,179.4,8232.2999917677,0
CMAX.US,D,20221020,000000,180.3,192.6,175.5,181.8,4985.1333283482,0
CMAX.US,D,20221021,000000,183.9,186.75,175.5,186.3,6420.0999935799,0
CMAX.US,D,20221024,000000,184.5,186.6,180,184.2,5068.8666615978,0
CMAX.US,D,20221025,000000,183,193.8,183,186,6781.333326552,0
CMAX.US,D,20221026,000000,186.9,201.9,185.4,188.7,6608.333326725,0
CMAX.US,D,20221027,000000,190.5,204.6,186.9,195.9,4124.666662542,0
CMAX.US,D,20221028,000000,196.5,212.7,189.6,208.8,5036.0666616306,0
CMAX.US,D,20221031,000000,207.9,213,204.3,211.2,6133.0333272003,0
CMAX.US,D,20221101,000000,214.5,221.1,201.6,205.5,6754.666659912,0
CMAX.US,D,20221102,000000,203.7,207.3,195.6,195.6,5164.4999948355,0
CMAX.US,D,20221103,000000,192,195.9,186.3,186.9,3289.4666633772,0
CMAX.US,D,20221104,000000,189.9,189.9,180,182.4,6939.4999930605,0
CMAX.US,D,20221107,000000,183.9,187.8,174.9,176.7,9211.9666574547,0
CMAX.US,D,20221108,000000,178.5,179.7,168.3,176.1,15639.966651027,0
CMAX.US,D,20221109,000000,176.1,178.5,163.8,171,10312.199989688,0
CMAX.US,D,20221110,000000,177.9,178.8,160.5,171.6,23158.633310175,0
CMAX.US,D,20221111,000000,188.1,188.1,160.8,163.5,16346.96665032,0
CMAX.US,D,20221114,000000,161.4,162,135,137.1,28096.56663857,0
CMAX.US,D,20221115,000000,137.1,150,126.75,147.9,31595.033301738,0
CMAX.US,D,20221116,000000,150,156.3,143.4,150.9,53570.766613096,0
CMAX.US,D,20221117,000000,147.6,155.4,135.75,139.5,88361.199911639,0
CMAX.US,D,20221118,000000,144.3,150.9,137.4,138.6,11318.799988681,0
CMAX.US,D,20221121,000000,131.7,135.45,125.1,127.8,13331.399986669,0
CMAX.US,D,20221122,000000,127.8,130.5,120.6,123.6,13437.466653229,0
CMAX.US,D,20221123,000000,123.6,126,120.6,123.3,7664.4666590022,0
CMAX.US,D,20221125,000000,122.4,124.5,119.7,123.6,2090.4666645762,0
CMAX.US,D,20221128,000000,123.6,123.6,114,114.6,9090.4333242429,0
CMAX.US,D,20221129,000000,115.8,117.075,112.2,114.3,8166.6333251667,0
CMAX.US,D,20221130,000000,115.2,119.4,113.4,118.8,13924.166652742,0
CMAX.US,D,20221201,000000,118.2,120.15,111,112.5,17373.966649293,0
CMAX.US,D,20221202,000000,110.7,114.75,108,111.9,8642.5999913574,0
CMAX.US,D,20221205,000000,111.6,111.6,102.6,104.7,9238.9333240944,0
CMAX.US,D,20221206,000000,104.4,108.75,94.8,97.5,9677.4333236559,0
CMAX.US,D,20221207,000000,97.2,99,94.2,94.5,6564.8333267685,0
CMAX.US,D,20221208,000000,94.8,95.4,88.5,91.8,7729.5333256038,0
CMAX.US,D,20221209,000000,90.3,96.081,89.55,93,11726.799988273,0
CMAX.US,D,20221212,000000,93.3,93.3,87.6,87.9,7449.6333258837,0
CMAX.US,D,20221213,000000,90.9,93.6,86.1,88.5,10575.766656091,0
CMAX.US,D,20221214,000000,86.1,95.7,83.115,94.2,43313.03329002,0
CMAX.US,D,20221215,000000,91.8,94.5,89.4,92.1,20613.199979387,0
CMAX.US,D,20221216,000000,90.3,93.9,89.4,93.9,26002.93330733,0
CMAX.US,D,20221219,000000,93.6,96,85.2,91.2,67684.233265649,0
CMAX.US,D,20221220,000000,90.6,101.4,88.2,100.2,39445.633293888,0
CMAX.US,D,20221221,000000,101.1,109.65,100.2,102.6,14752.566651914,0
CMAX.US,D,20221222,000000,102.6,107.7,101.7,105.6,8593.6333247397,0
CMAX.US,D,20221223,000000,105.6,106.5,101.4,105.6,18265.899981734,0
CMAX.US,D,20221227,000000,101.7,108.45,95.4,100.5,14212.533319121,0
CMAX.US,D,20221228,000000,99.9,102.9,96,100.5,10124.566656542,0
CMAX.US,D,20221229,000000,100.8,108.9,97.8,104.7,6307.0999936929,0
CMAX.US,D,20221230,000000,104.4,111.15,102.9,109.5,7237.333326096,0
CMAX.US,D,20230103,000000,110.1,112.797,105,108,11429.49998857,0
CMAX.US,D,20230104,000000,109.5,113.1,103.227,111,15989.59998401,0
CMAX.US,D,20230105,000000,111,111,104.97,105,5735.5999942644,0
CMAX.US,D,20230106,000000,102.6,114.6,102.6,107.1,14458.899985541,0
CMAX.US,D,20230109,000000,108.3,111.9,105,106.8,6126.4999938735,0
CMAX.US,D,20230110,000000,106.2,116.7,105.6,116.1,47924.833285408,0
CMAX.US,D,20230111,000000,116.1,128.7,116.1,122.4,45951.366620715,0
CMAX.US,D,20230112,000000,122.7,129,120,125.4,21577.199978423,0
CMAX.US,D,20230113,000000,124.2,136.2,124.2,135.3,8155.0666585116,0
CMAX.US,D,20230117,000000,136.2,143.34,133.2,135.6,37518.066629149,0
CMAX.US,D,20230118,000000,137.1,142.8,135,135.45,19352.433313981,0
CMAX.US,D,20230119,000000,135,138.6,125.4,135.3,11494.833321838,0
CMAX.US,D,20230120,000000,138,138,123.9,125.7,50045.999949954,0
CMAX.US,D,20230123,000000,126.6,133.5,123,131.1,17652.799982347,0
CMAX.US,D,20230124,000000,130.2,143.1,128.1,131.4,17152.266649514,0
CMAX.US,D,20230125,000000,129.6,131.4,125.4,127.8,4888.9333284444,0
CMAX.US,D,20230126,000000,127.8,128.7,122.1,123.3,6978.333326355,0
CMAX.US,D,20230127,000000,123.3,133.05,121.8,129.9,4626.8999953731,0
CMAX.US,D,20230130,000000,128.1,131.7,124.5,130.8,4286.2666623804,0
CMAX.US,D,20230131,000000,132,141.6,131.7,140.7,8989.5666576771,0
CMAX.US,D,20230201,000000,140.4,140.85,130.8,139.2,6549.8999934501,0
CMAX.US,D,20230202,000000,140.4,146.625,138.3,141.9,10974.633322359,0
CMAX.US,D,20230203,000000,139.5,144,133.8,135.9,4685.8666619808,0
CMAX.US,D,20230206,000000,134.4,138,128.4,131.7,3882.2333294511,0
CMAX.US,D,20230207,000000,132.9,134.1,126.6,133.8,6601.1999933988,0
CMAX.US,D,20230208,000000,132.3,136.8,125.85,127.8,6829.333326504,0
CMAX.US,D,20230209,000000,128.1,129,120,126.9,7584.9333257484,0
CMAX.US,D,20230210,000000,127.2,139.05,126.6,137.7,10087.699989912,0
CMAX.US,D,20230213,000000,137.1,137.1,125.1,128.1,5157.1999948428,0
CMAX.US,D,20230214,000000,126.6,133.8,123.6,129.3,6089.2999939107,0
CMAX.US,D,20230215,000000,129.3,130.5,127.2,127.8,9361.8666573048,0
CMAX.US,D,20230216,000000,126.6,128.4,120.6,121.2,23300.599976699,0
CMAX.US,D,20230217,000000,122.4,140.697,119.529,136.2,34422.93329891,0
CMAX.US,D,20230221,000000,133.8,135,124.5,125.7,5349.8333279835,0
CMAX.US,D,20230222,000000,126.6,129.9,120,121.2,4874.3999951256,0
CMAX.US,D,20230223,000000,123.3,126.6,120,126.3,4426.8666622398,0
CMAX.US,D,20230224,000000,124.5,128.4,119.4,123,7146.999992853,0
CMAX.US,D,20230227,000000,123,125.1,121.5,123.3,5834.0666608326,0
CMAX.US,D,20230228,000000,123.3,133.8,120,129,58041.999941958,0
CMAX.US,D,20230301,000000,129,134.55,120.3,123.6,111391.66655527,0
CMAX.US,D,20230302,000000,123.9,123.9,109.2,120.6,58473.23327486,0
CMAX.US,D,20230303,000000,121.2,125.85,116.7,123.3,11152.999988847,0
CMAX.US,D,20230306,000000,123,128.4,117.3,122.1,105104.06656156,0
CMAX.US,D,20230307,000000,121.5,128.55,120.9,126.3,14420.633318913,0
CMAX.US,D,20230308,000000,126.6,129.6,123.3,123.3,17693.266648973,0
CMAX.US,D,20230309,000000,126.6,140.4,117,117.6,28667.599971332,0
CMAX.US,D,20230310,000000,114.9,119.304,86.25,90.3,74827.399925173,0
CMAX.US,D,20230313,000000,87.3,105,87,97.65,101579.19989842,0
CMAX.US,D,20230314,000000,101.7,105.75,98.1,104.7,31314.633302019,0
CMAX.US,D,20230315,000000,101.4,108.9,101.4,106.8,22918.433310415,0
CMAX.US,D,20230316,000000,105.9,113.4,104.7,109.2,14303.799985696,0
CMAX.US,D,20230317,000000,98.4,98.4,84.6,91.95,56413.999943586,0
CMAX.US,D,20230320,000000,92.7,92.7,72.3,83.7,54616.633278717,0
CMAX.US,D,20230321,000000,83.7,102.3,78.75,100.8,45862.133287471,0
CMAX.US,D,20230322,000000,100.8,100.8,92.4,92.7,19971.766646695,0
CMAX.US,D,20230323,000000,92.4,95.1,86.4,87.3,15847.099984153,0
CMAX.US,D,20230324,000000,87.9,87.9,82.5,84,11533.2333218,0
CMAX.US,D,20230327,000000,84.3,85.5,78.15,81,15028.399984972,0
CMAX.US,D,20230328,000000,80.4,84,77.1,77.1,12420.266654246,0
CMAX.US,D,20230329,000000,77.7,81.9,74.1,75.9,11574.833321758,0
CMAX.US,D,20230330,000000,77.1,77.85,72.9,73.8,14723.13331861,0
CMAX.US,D,20230331,000000,75.3,84.9,73.2,80.1,39205.299960795,0
CMAX.US,D,20230403,000000,81,85.2,80.1,83.7,19736.299980264,0
CMAX.US,D,20230404,000000,83.4,87.9,82.35,87.3,12308.899987691,0
CMAX.US,D,20230405,000000,86.1,87.9,84.753,85.5,7007.2666596594,0
CMAX.US,D,20230406,000000,86.1,87.3,84,84.9,5350.8999946491,0
CMAX.US,D,20230410,000000,84.3,87.15,83.1,85.2,28245.233305088,0
CMAX.US,D,20230411,000000,85.8,88.2,78.6,84.75,7068.1666595985,0
CMAX.US,D,20230412,000000,86.4,89.4,83.55,84,13035.466653631,0
CMAX.US,D,20230413,000000,84.6,87,84.3,86.1,4674.4333286589,0
CMAX.US,D,20230414,000000,86.4,86.7,77.4,81,5568.2333277651,0
CMAX.US,D,20230417,000000,81,81.75,77.4,81.6,7772.5333255608,0
CMAX.US,D,20230418,000000,82.2,82.2,74.7,76.5,30255.699969744,0
CMAX.US,D,20230419,000000,75.6,75.6,68.85,72,8559.9666581067,0
CMAX.US,D,20230420,000000,71.1,71.7,70.356,71.4,5331.2333280021,0
CMAX.US,D,20230421,000000,70.5,70.8,64.2,65.4,8033.6333252997,0
CMAX.US,D,20230424,000000,66.3,80.7,65.7,71.4,119122.43321421,0
CMAX.US,D,20230425,000000,66.3,72,65.7,71.4,28972.533304361,0
CMAX.US,D,20230426,000000,70.8,74.4,70.8,72,9738.666656928,0
CMAX.US,D,20230427,000000,72,76.2,72,75.3,8027.4999919725,0
CMAX.US,D,20230428,000000,75.6,77.4,73.8,75.6,9037.8999909621,0
CMAX.US,D,20230501,000000,75.6,75.75,70.5,72.6,12480.633320853,0
CMAX.US,D,20230502,000000,71.1,76.5,69.6,73.5,25568.999974431,0
CMAX.US,D,20230503,000000,73.5,78.75,72,75.3,9156.999990843,0
CMAX.US,D,20230504,000000,74.7,75.3,71.7,72.9,10812.399989188,0
CMAX.US,D,20230505,000000,74.7,79.2,72.75,78.6,9639.5333236938,0
CMAX.US,D,20230508,000000,79.2,84.3,78.3,84,6198.0333271353,0
CMAX.US,D,20230509,000000,82.8,82.8,74.7,76.2,9429.9666572367,0
CMAX.US,D,20230510,000000,78.6,93.45,78.6,84,10091.999989908,0
CMAX.US,D,20230511,000000,83.4,85.8,78,78.6,11501.766655165,0
CMAX.US,D,20230512,000000,77.1,78.6,72.15,72.6,7692.2999923077,0
CMAX.US,D,20230515,000000,72.6,77.4,72,77.1,8533.3666581333,0
CMAX.US,D,20230516,000000,75.3,77.4,73.35,75,5386.9666612797,0
CMAX.US,D,20230517,000000,75,79.5,73.2,78.9,10095.733323238,0
CMAX.US,D,20230518,000000,80.1,84.45,78.3,82.8,7676.3999923236,0
CMAX.US,D,20230519,000000,83.7,86.25,79.8,85.8,40546.933292786,0
CMAX.US,D,20230522,000000,84.6,90.3,82.8,87,13969.033319364,0
CMAX.US,D,20230523,000000,85.2,98.4,85.2,91.5,11749.866654917,0
CMAX.US,D,20230524,000000,90.9,92.4,84.6,87.3,5544.5999944554,0
CMAX.US,D,20230525,000000,85.2,85.2,74.1,76.05,6603.7333267296,0
CMAX.US,D,20230526,000000,76.8,77.1,75,76.2,5279.666661387,0
CMAX.US,D,20230530,000000,75.6,78.75,75.15,77.7,7271.2999927287,0
CMAX.US,D,20230531,000000,77.4,79.95,75.45,78.9,47939.433285394,0
CMAX.US,D,20230601,000000,79.8,92.1,78.9,91.2,28109.266638557,0
CMAX.US,D,20230602,000000,93,107.1,93,106.5,21731.766644935,0
CMAX.US,D,20230605,000000,105.6,115.05,104.925,113.4,10558.399989442,0
CMAX.US,D,20230606,000000,112.8,122.55,111.852,121.5,20181.999979818,0
CMAX.US,D,20230607,000000,122.7,126,111.3,114.3,18970.766647696,0
CMAX.US,D,20230608,000000,113.7,116.4,110.85,111.6,13602.233319731,0
CMAX.US,D,20230609,000000,110.1,115.2,108.6,111,6894.1333264392,0
CMAX.US,D,20230612,000000,112.2,117,110.4,113.7,7052.3999929476,0
CMAX.US,D,20230613,000000,114.6,119.7,114,117,5839.7999941602,0
CMAX.US,D,20230614,000000,116.7,116.7,97.95,102,14589.433318744,0
CMAX.US,D,20230615,000000,102,107.4,100.2,105.3,11580.699988419,0
CMAX.US,D,20230616,000000,105.3,110.1,100.5,103.8,21924.533311409,0
CMAX.US,D,20230620,000000,102.3,111.9,101.4,111.3,10962.699989037,0
CMAX.US,D,20230621,000000,110.4,117.6,110.1,114,9110.6999908893,0
CMAX.US,D,20230622,000000,113.1,113.1,99.3,99.9,63541.599936458,0
CMAX.US,D,20230623,000000,97.5,105.6,97.2,101.85,106369.23322696,0
CMAX.US,D,20230626,000000,99.6,106.2,97.5,101.1,14592.999985407,0
CMAX.US,D,20230627,000000,101.1,102,95.7,99.3,15444.933317888,0
CMAX.US,D,20230628,000000,99.3,103.2,97.2,99.9,25990.733307343,0
CMAX.US,D,20230629,000000,100.2,104.1,92.7,93.3,9671.1666569955,0
CMAX.US,D,20230630,000000,95.1,96.9,92.7,93.3,10299.066656368,0
CMAX.US,D,20230703,000000,92.7,99.3,87.3,89.4,15695.033317638,0
CMAX.US,D,20230705,000000,89.4,91.5,84.45,84.9,16919.833316414,0
CMAX.US,D,20230706,000000,83.1,84,76.2,80.25,8071.5999919284,0
CMAX.US,D,20230707,000000,79.8,81.9,79.2,81.15,9162.8999908371,0
CMAX.US,D,20230710,000000,81,81.9,79.8,81.3,14197.733319136,0
CMAX.US,D,20230711,000000,81.6,85.05,80.7,83.7,7467.4999925325,0
CMAX.US,D,20230712,000000,85.5,89.7,81.9,82.8,6115.666660551,0
CMAX.US,D,20230713,000000,82.8,84.3,81.6,81.9,4041.4333292919,0
CMAX.US,D,20230714,000000,82.8,83.1,69.6,76.2,12748.966653918,0
CMAX.US,D,20230717,000000,77.7,81.9,76.5,80.7,4542.7999954572,0
CMAX.US,D,20230718,000000,80.1,85.95,76.5,77.4,9661.0666570056,0
CMAX.US,D,20230719,000000,77.7,99.9,77.1,78.6,38074.766628592,0
CMAX.US,D,20230720,000000,77.4,80.379,75,75.9,8556.2666581104,0
CMAX.US,D,20230721,000000,77.1,78.3,73.2,74.4,9195.6999908043,0
CMAX.US,D,20230724,000000,75.6,75.6,71.25,72,6083.8666605828,0
CMAX.US,D,20230725,000000,75.6,75.6,66.9,67.2,7368.0666592986,0
CMAX.US,D,20230726,000000,66.9,68.4,65.85,66,6020.4999939795,0
CMAX.US,D,20230727,000000,66.6,68.169,63.75,65.7,11441.433321892,0
CMAX.US,D,20230728,000000,66.3,69.9,65.07,69.6,46572.699953427,0
CMAX.US,D,20230731,000000,70.8,78.15,70.5,71.7,12778.399987222,0
CMAX.US,D,20230801,000000,72,76.2,69.3,75,19679.566646987,0
CMAX.US,D,20230802,000000,75,75.15,72.3,74.7,5074.7999949252,0
CMAX.US,D,20230803,000000,73.2,77.4,72.9,77.1,7548.6999924513,0
CMAX.US,D,20230804,000000,78.3,83.85,76.05,81.3,8902.3999910976,0
CMAX.US,D,20230807,000000,81.6,81.6,76.35,79.5,11296.199988704,0
CMAX.US,D,20230808,000000,78.9,83.1,76.5,82.5,5344.4666613222,0
CMAX.US,D,20230809,000000,85.8,85.8,74.1,80.1,7670.8666589958,0
CMAX.US,D,20230810,000000,81,81.3,71.55,76.2,7720.0666589466,0
CMAX.US,D,20230811,000000,70.2,75,66.9,67.65,7613.2666590534,0
CMAX.US,D,20230814,000000,66.3,67.8,54.9,66.3,20066.1666466,0
CMAX.US,D,20230815,000000,65.1,69,63.9,63.9,4505.5333288278,0
CMAX.US,D,20230816,000000,62.7,63.15,57.45,58.65,5726.3999942736,0
CMAX.US,D,20230817,000000,58.2,63.6,57.603,63.3,5350.9333279824,0
CMAX.US,D,20230818,000000,61.8,64.05,57.9,58.2,6841.2666598254,0
CMAX.US,D,20230821,000000,58.2,60.9,55.8,60.3,12966.399987034,0
CMAX.US,D,20230822,000000,61.5,62.55,59.7,60.3,45417.299954583,0
CMAX.US,D,20230823,000000,60.3,63.3,60,63.3,5754.0999942459,0
CMAX.US,D,20230824,000000,62.1,63.6,60,60,7498.7333258346,0
CMAX.US,D,20230825,000000,60.6,64.2,59.7,62.7,6056.7666606099,0
CMAX.US,D,20230828,000000,62.7,64.65,61.8,63.9,3392.5999966074,0
CMAX.US,D,20230829,000000,63.9,64.95,62.25,64.2,4032.2999959677,0
CMAX.US,D,20230830,000000,63.6,69.3,63.3,68.1,5264.5999947354,0
CMAX.US,D,20230831,000000,68.4,71.1,66.3,66.9,9647.0999903529,0
CMAX.US,D,20230901,000000,67.5,71.1,66.6,67.2,19647.699980352,0
CMAX.US,D,20230905,000000,66.6,69.3,66.3,66.9,7276.999992723,0
CMAX.US,D,20230906,000000,66.9,68.7,62.775,63.3,5578.6333277547,0
CMAX.US,D,20230907,000000,63.3,64.5,62.4,63,8901.8333244315,0
CMAX.US,D,20230908,000000,63.3,67.35,62.7,66.6,11290.633322043,0
CMAX.US,D,20230911,000000,67.5,67.8,62.7,65.1,6620.999993379,0
CMAX.US,D,20230912,000000,64.2,67.5,63.3,64.5,6133.0999938669,0
CMAX.US,D,20230913,000000,64.8,66.45,63,66.3,8058.4999919415,0
CMAX.US,D,20230914,000000,66.6,68.1,65.1,66.3,6061.9333272714,0
CMAX.US,D,20230915,000000,66.9,67.65,63.9,65.4,18668.399981332,0
CMAX.US,D,20230918,000000,65.4,65.4,62.7,64.2,15728.633317605,0
CMAX.US,D,20230919,000000,63.9,66.9,62.4,63.9,22168.133311165,0
CMAX.US,D,20230920,000000,64.5,64.5,63,63,9227.4666574392,0
CMAX.US,D,20230921,000000,62.4,63.9,61.2,63,7443.9333258894,0
CMAX.US,D,20230922,000000,63.3,64.2,62.85,63,5144.333328189,0
CMAX.US,D,20230925,000000,63,65.1,62.7,63.9,2922.666663744,0
CMAX.US,D,20230926,000000,63.6,64.8,63,63.9,3022.5666636441,0
CMAX.US,D,20230927,000000,64.8,67.5,64.5,66.6,5104.3999948956,0
CMAX.US,D,20230928,000000,66.6,67.8,64.8,65.7,4991.3999950086,0
CMAX.US,D,20230929,000000,66.3,67.2,63.27,63.6,4371.666662295,0
CMAX.US,D,20231002,000000,63.6,65.4,63,63.9,12527.399987473,0
CMAX.US,D,20231003,000000,63.9,64.8,62.7,63.9,8150.3666585163,0
CMAX.US,D,20231004,000000,63.6,69.3,63.3,67.2,8351.6999916483,0
CMAX.US,D,20231005,000000,66.6,75.3,66.219,73.8,9347.4999906525,0
CMAX.US,D,20231006,000000,72.6,75.3,68.7,73.8,4113.999995886,0
CMAX.US,D,20231009,000000,72.3,73.8,69,70.8,4220.5666624461,0
CMAX.US,D,20231010,000000,71.1,79.2,71.1,78.9,5843.6999941563,0
CMAX.US,D,20231011,000000,78.6,80.4,75.9,79.2,4604.5666620621,0
CMAX.US,D,20231012,000000,78.9,79.2,75,76.8,3817.666662849,0
CMAX.US,D,20231013,000000,77.4,80.4,72.858,79.8,4605.8666620608,0
CMAX.US,D,20231016,000000,80.7,85.2,70.5,71.1,9962.9333233704,0
CMAX.US,D,20231017,000000,70.2,73.2,67.5,69.3,6219.2666604474,0
CMAX.US,D,20231018,000000,67.8,69.15,67.5,67.5,7265.7666594009,0
CMAX.US,D,20231019,000000,67.5,68.85,67.5,67.8,4542.6999954573,0
CMAX.US,D,20231020,000000,67.8,71.1,67.5,68.4,3517.666663149,0
CMAX.US,D,20231023,000000,69.9,73.5,67.5,68.1,3151.2999968487,0
CMAX.US,D,20231024,000000,68.7,73.2,68.4,72.3,2815.1666638515,0
CMAX.US,D,20231025,000000,71.4,74.7,67.5,67.8,6399.5666602671,0
CMAX.US,D,20231026,000000,68.4,69.15,62.7,63.9,5079.333328254,0
CMAX.US,D,20231027,000000,63.9,64.5,60.6,60.9,3379.7999966202,0
CMAX.US,D,20231030,000000,61.8,63.3,58.5,60,2983.5666636831,0
CMAX.US,D,20231031,000000,65.4,65.4,59.25,60,2682.5666639841,0
CMAX.US,D,20231101,000000,58.5,61.284,53.7,54,19658.166647008,0
CMAX.US,D,20231102,000000,54,57.6,54,57.3,4748.7333285846,0
CMAX.US,D,20231103,000000,57.6,61.8,57.6,59.1,7933.2666587334,0
CMAX.US,D,20231106,000000,61.2,61.5,56.4,56.4,2338.7999976612,0
CMAX.US,D,20231107,000000,55.5,58.65,54.6,56.1,7040.1999929598,0
CMAX.US,D,20231108,000000,56.4,56.4,50.4,51.15,3484.333329849,0
CMAX.US,D,20231109,000000,54,54.9,43.8,43.95,6605.9666600607,0
CMAX.US,D,20231110,000000,42.6,43.128,37.5,37.65,7024.7999929752,0
CMAX.US,D,20231113,000000,38.1,38.349,31.5,34.2,8437.1666582295,0
CMAX.US,D,20231114,000000,33.6,36.9,32.241,36.9,70212.133263121,0
CMAX.US,D,20231115,000000,36.3,38.1,32.4,32.55,11744.399988256,0
CMAX.US,D,20231116,000000,31.5,32.1,27.429,28.221,23027.599976972,0
CMAX.US,D,20231117,000000,28.2,30,28.2,28.5,28208.366638458,0
CMAX.US,D,20231120,000000,28.5,28.983,25.566,28.8,12009.966654657,0
CMAX.US,D,20231121,000000,27.9,28.5,20.703,21.351,22189.333311144,0
CMAX.US,D,20231122,000000,20.916,23.1,20.739,22.44,15194.733318139,0
CMAX.US,D,20231124,000000,21.72,24.261,21,21.84,4560.8999954391,0
CMAX.US,D,20231127,000000,22.8,23.097,20.598,22.5,17645.299982355,0
CMAX.US,D,20231128,000000,23.1,23.4,19.2,21.9,61996.733271337,0
CMAX.US,D,20231129,000000,21.9,22.5,21.9,22.2,7654.0999923459,0
CMAX.US,D,20231130,000000,22.2,22.485,20.202,20.4,8758.3999912416,0
CMAX.US,D,20231201,000000,20.7,21.33,20.505,21.3,14192.899985807,0
CMAX.US,D,20231204,000000,21.3,23.625,21.3,22.47,11261.333322072,0
CMAX.US,D,20231205,000000,22.77,23.4,21.72,21.888,5109.5666615571,0
CMAX.US,D,20231206,000000,22.002,22.662,21.888,22.5,3361.5333299718,0
CMAX.US,D,20231207,000000,22.8,24.339,22.5,22.8,6570.5999934294,0
CMAX.US,D,20231208,000000,23.1,23.985,21.003,21.3,6368.3999936316,0
CMAX.US,D,20231211,000000,21.3,21.3,14.874,15,19435.399980565,0
CMAX.US,D,20231212,000000,15.021,15.3,14.319,15,10223.766656443,0
CMAX.US,D,20231213,000000,15.15,15.297,13.731,14.748,13037.133320296,0
CMAX.US,D,20231214,000000,15,16.329,14.763,15.234,11135.066655532,0
CMAX.US,D,20231215,000000,15,15.3,13.839,14.112,24523.599975476,0
CMAX.US,D,20231218,000000,14.1,14.61,13.35,13.5,10813.666655853,0
CMAX.US,D,20231219,000000,14.07,14.07,12.801,12.996,12895.066653772,0
CMAX.US,D,20231220,000000,13.527,14.709,12.9,13.281,16348.099983652,0
CMAX.US,D,20231221,000000,13.197,13.92,12.84,12.9,12733.933320599,0
CMAX.US,D,20231222,000000,13.047,14.397,12,12.555,72913.833260419,0
CMAX.US,D,20231226,000000,12.771,14.7,12.6,14.166,19298.366647368,0
CMAX.US,D,20231227,000000,14.4,17.4,14.4,15.87,17049.433316284,0
CMAX.US,D,20231228,000000,16.251,16.797,14.937,15.633,12518.133320815,0
CMAX.US,D,20231229,000000,15.9,15.9,14.4,14.946,15575.366651091,0
CMAX.US,D,20240102,000000,15.225,15.51,12.93,13.419,101976.13323136,0
CMAX.US,D,20240103,000000,12.984,13.059,12.057,12.492,10130.833323202,0
CMAX.US,D,20240104,000000,12.3,12.6,11.775,12.357,11598.999988401,0
CMAX.US,D,20240105,000000,12.477,12.597,11.55,12.048,10582.333322751,0
CMAX.US,D,20240108,000000,12.234,12.36,11.55,12.342,6881.8999931181,0
CMAX.US,D,20240109,000000,12,12.27,10.848,10.968,8378.4666582882,0
CMAX.US,D,20240110,000000,11.976,11.976,10.8,10.911,7110.2333262231,0
CMAX.US,D,20240111,000000,10.8,11.193,9.648,9.816,8982.7999910172,0
CMAX.US,D,20240112,000000,10.2,11.205,9.612,11.1,10470.39998953,0
CMAX.US,D,20240116,000000,11.7,11.715,9.831,9.831,6386.5999936134,0
CMAX.US,D,20240117,000000,9.753,9.792,9.624,9.627,3127.8999968721,0
CMAX.US,D,20240118,000000,9.573,9.672,9.036,9.417,4486.4999955135,0
CMAX.US,D,20240119,000000,9.9,11.793,9.03,11.4,12522.399987478,0
CMAX.US,D,20240122,000000,11.589,13.452,10.83,13.431,7323.0666593436,0
CMAX.US,D,20240123,000000,13.35,13.35,12.066,13.206,4865.2999951347,0
CMAX.US,D,20240124,000000,13.275,14.109,13.1475,13.509,8370.0333249633,0
CMAX.US,D,20240125,000000,14.184,14.184,12.315,12.45,3753.6999962463,0
CMAX.US,D,20240126,000000,12.45,12.9,12.3,12.3,2647.3999973526,0
CMAX.US,D,20240129,000000,12.159,13.47,11.4,11.73,4485.7666621809,0
CMAX.US,D,20240130,000000,12.3,14.4,11.418,12.975,34092.533299241,0
CMAX.US,D,20240131,000000,13.443,14.1,10.302,10.302,42200.2999578,0
CMAX.US,D,20240201,000000,7.89,9.0001,6.56,6.77,150159,0
CMAX.US,D,20240202,000000,6.75,11.8,6.15,7.55,914089,0
CMAX.US,D,20240205,000000,6.8,7.89,6.76,7.67,147089,0
CMAX.US,D,20240206,000000,7.47,7.74,7.22,7.23,53522,0
CMAX.US,D,20240207,000000,7.24,7.24,6.02,6.06,44662,0
CMAX.US,D,20240208,000000,6.23,6.3699,5.22,5.22,34642,0
CMAX.US,D,20240209,000000,5.38,5.58,4.88,5.04,36779,0
CMAX.US,D,20240212,000000,5.04,5.132,4.61,4.68,116713,0
CMAX.US,D,20240213,000000,4.58,4.6063,4.0869,4.13,39996,0
CMAX.US,D,20240214,000000,4.16,4.67,4.1,4.67,26676,0
CMAX.US,D,20240215,000000,4.68,4.81,4.39,4.43,29942,0
CMAX.US,D,20240216,000000,4.4,4.6558,4.31,4.4,14273,0
CMAX.US,D,20240220,000000,4.44,5.1099,4.44,4.89,78089,0
CMAX.US,D,20240221,000000,4.92,6.86,4.92,6.45,86351,0
CMAX.US,D,20240222,000000,6.44,7.68,5.8701,7.68,75622,0
CMAX.US,D,20240223,000000,7.46,7.95,7.21,7.69,29851,0
CMAX.US,D,20240226,000000,7.35,8.49,7.33,8.43,83746,0
CMAX.US,D,20240227,000000,8.36,8.388,6.88,7.17,65435,0
CMAX.US,D,20240228,000000,7.05,7.51,6.78,6.94,29790,0
CMAX.US,D,20240229,000000,7.09,8.0299,7.055,7.69,39828,0
CMAX.US,D,20240301,000000,7.946,7.946,7.42,7.68,20801,0
CMAX.US,D,20240304,000000,7.69,7.98,7.5488,7.71,17402,0
CMAX.US,D,20240305,000000,7.715,13.34,7.715,11.89,359158,0
CMAX.US,D,20240306,000000,11.89,16.32,11.6506,14.9,143600,0
CMAX.US,D,20240307,000000,15.28,15.86,13.42,13.96,92141,0
CMAX.US,D,20240308,000000,13.96,13.96,10.9201,11.2,45781,0
CMAX.US,D,20240311,000000,11.19,11.36,6.71,6.84,163841,0
CMAX.US,D,20240312,000000,7.34,8.86,5.48,6.54,237563,0
CMAX.US,D,20240313,000000,6.5,6.7899,5.71,5.81,47200,0
CMAX.US,D,20240314,000000,5.88,5.88,5.05,5.2,33999,0
CMAX.US,D,20240315,000000,5.26,5.58,5.05,5.54,53179,0
CMAX.US,D,20240318,000000,5,5.2201,3.72,4.24,173083,0
CMAX.US,D,20240319,000000,4.26,5.205,4.26,4.9,128390,0
CMAX.US,D,20240320,000000,5,5.92,4.5918,5.47,193233,0
CMAX.US,D,20240321,000000,5.83,6.57,5.5201,6.27,171430,0
CMAX.US,D,20240322,000000,6.47,6.8,5.7,5.87,198508,0
CMAX.US,D,20240325,000000,5.8,5.8,4.83,4.83,40480,0
CMAX.US,D,20240326,000000,4.94,5.185,3.92,4.06,91367,0
CMAX.US,D,20240327,000000,4.13,4.48,4,4.4,54776,0
CMAX.US,D,20240328,000000,4.47,5.17,4.47,4.82,33939,0
CMAX.US,D,20240401,000000,4.88,5.0899,4.5401,4.92,81135,0
CMAX.US,D,20240402,000000,4.81,5.41,4.55,4.62,97011,0
CMAX.US,D,20240403,000000,4.59,4.852,4.0602,4.42,41930,0
CMAX.US,D,20240404,000000,4.44,4.78,4.35,4.59,38009,0
CMAX.US,D,20240405,000000,4.51,4.78,4.23,4.34,31240,0
CMAX.US,D,20240408,000000,4.44,4.5385,3.87,4.02,99915,0
CMAX.US,D,20240409,000000,4.05,4.28,3.63,3.79,73296,0
CMAX.US,D,20240410,000000,3.7,3.73,3.09,3.19,61669,0
CMAX.US,D,20240411,000000,3.26,3.26,2.7452,2.88,50443,0
CMAX.US,D,20240412,000000,2.9,3.8902,2.88,3.21,296036,0
CMAX.US,D,20240415,000000,3.39,3.78,3.1411,3.25,81999,0
CMAX.US,D,20240416,000000,3.19,3.19,2.92,2.93,31558,0
CMAX.US,D,20240417,000000,2.93,3.09,2.48,2.51,79818,0
CMAX.US,D,20240418,000000,2.52,2.702,2.235,2.4,58364,0
CMAX.US,D,20240419,000000,2.35,2.74,2.35,2.57,53253,0
CMAX.US,D,20240422,000000,2.55,3.3,2.53,3.21,50414,0
CMAX.US,D,20240423,000000,3.3,4.22,3.225,3.49,162098,0
CMAX.US,D,20240424,000000,3.39,4.04,3.11,3.26,175555,0
CMAX.US,D,20240425,000000,3.18,3.34,2.85,2.865,16900,0
CMAX.US,D,20240426,000000,2.86,3.3,2.86,3.12,30117,0
CMAX.US,D,20240429,000000,3.12,3.52,2.98,3.3,16713,0
CMAX.US,D,20240430,000000,3.32,3.75,3.26,3.57,27915,0
CMAX.US,D,20240501,000000,3.59,4.05,3.49,3.96,48060,0
CMAX.US,D,20240502,000000,4.04,4.12,3.35,3.45,60173,0
CMAX.US,D,20240503,000000,3.58,3.609,3.25,3.31,16246,0
CMAX.US,D,20240506,000000,3.31,3.515,2.95,3.09,44210,0
CMAX.US,D,20240507,000000,3.05,3.475,3.05,3.25,22374,0
CMAX.US,D,20240508,000000,3.23,3.4235,3.1936,3.32,26594,0
CMAX.US,D,20240509,000000,3.36,3.3799,3.01,3.01,20281,0
CMAX.US,D,20240510,000000,3.07,3.2899,2.91,2.99,26143,0
CMAX.US,D,20240513,000000,2.99,3.25,2.9013,2.91,22027,0
CMAX.US,D,20240514,000000,2.93,3.14,2.78,2.78,46008,0
CMAX.US,D,20240515,000000,2.77,3.05,2.76,2.82,34858,0
CMAX.US,D,20240516,000000,2.96,3,2.67,2.77,34054,0
CMAX.US,D,20240517,000000,2.76,2.99,2.7,2.89,16060,0
CMAX.US,D,20240520,000000,2.76,3.0381,2.76,2.86,7513,0
CMAX.US,D,20240521,000000,2.84,3.5,2.82,3.41,55084,0
CMAX.US,D,20240522,000000,3.55,3.6594,3.12,3.25,27743,0
CMAX.US,D,20240523,000000,3.25,3.36,2.81,2.89,33564,0
CMAX.US,D,20240524,000000,2.84,2.97,2.71,2.74,15387,0
CMAX.US,D,20240528,000000,2.71,3.08,2.61,2.89,26490,0
CMAX.US,D,20240529,000000,2.82,3,2.82,2.91,11103,0
CMAX.US,D,20240530,000000,2.97,3.05,2.88,2.88,17898,0
CMAX.US,D,20240531,000000,2.8,2.98,2.76,2.93,15447,0
CMAX.US,D,20240603,000000,2.94,2.94,2.67,2.67,21424,0
CMAX.US,D,20240604,000000,2.67,2.7964,2.4516,2.57,31342,0
CMAX.US,D,20240605,000000,2.58,2.83,2.5768,2.83,14142,0
CMAX.US,D,20240606,000000,2.83,2.867,2.57,2.58,17566,0
CMAX.US,D,20240607,000000,2.5,2.66,2.45,2.66,40881,0
CMAX.US,D,20240610,000000,2.64,2.9893,2.61,2.93,21293,0
CMAX.US,D,20240611,000000,2.9,3.07,2.54,2.95,25521,0
CMAX.US,D,20240612,000000,2.91,3.4788,2.89,3.27,64670,0
CMAX.US,D,20240613,000000,3.21,3.28,2.815,2.945,23991,0
CMAX.US,D,20240614,000000,2.95,3.05,2.67,2.75,26754,0
CMAX.US,D,20240617,000000,2.8799,3.29,2.82,3.13,29732,0
CMAX.US,D,20240618,000000,3.06,3.1002,2.85,2.85,43841,0
CMAX.US,D,20240620,000000,2.87,3,2.49,2.56,59078,0
CMAX.US,D,20240621,000000,2.64,2.93,2.64,2.64,40216,0
CMAX.US,D,20240624,000000,2.65,2.9138,2.16,2.16,53002,0
CMAX.US,D,20240625,000000,2.36,2.36,1.88,1.9,78455,0
CMAX.US,D,20240626,000000,1.91,4.1199,1.91,3.41,13763230,0
CMAX.US,D,20240627,000000,3.12,3.49,2.72,3.35,716839,0
CMAX.US,D,20240628,000000,3.29,4.82,2.79,2.79,2980252,0
CMAX.US,D,20240701,000000,2.81,3.09,2.29,2.35,306251,0
CMAX.US,D,20240702,000000,2.28,2.34,1.9513,2.17,98711,0
CMAX.US,D,20240703,000000,2.14,2.35,2.08,2.35,73450,0
CMAX.US,D,20240705,000000,2.3,2.49,1.98,2.18,134352,0
CMAX.US,D,20240708,000000,2.17,2.36,2.09,2.27,89420,0
CMAX.US,D,20240709,000000,2.2,2.62,2,2.24,111861,0
CMAX.US,D,20240710,000000,2.18,2.34,2.18,2.34,54186,0
CMAX.US,D,20240711,000000,2.42,2.51,2.14,2.15,92172,0
CMAX.US,D,20240712,000000,2.18,2.315,2.05,2.15,135088,0
CMAX.US,D,20240715,000000,2.06,2.1695,1.95,1.95,91497,0
CMAX.US,D,20240716,000000,1.97,2.04,1.92,2.01,64123,0
CMAX.US,D,20240717,000000,1.97,2.03,1.94,1.96,74180,0
CMAX.US,D,20240718,000000,1.96,2.03,1.73,1.76,58532,0
CMAX.US,D,20240719,000000,1.78,1.82,1.55,1.58,64941,0
CMAX.US,D,20240722,000000,1.6,6.64,1.6,5.19,102642121,0
CMAX.US,D,20240723,000000,4.75,5,2.9,3.89,8797382,0
CMAX.US,D,20240724,000000,3.75,4.18,3.32,3.88,2172589,0
CMAX.US,D,20240725,000000,4.35,6.73,3.9,5.64,24812655,0
CMAX.US,D,20240726,000000,6.75,8.49,5.7801,6.39,22982898,0
CMAX.US,D,20240729,000000,6.08,6.38,5.46,6.29,1082795,0
CMAX.US,D,20240730,000000,6.11,8.0699,6,7.21,1892896,0
CMAX.US,D,20240731,000000,7.19,7.239,6.111,6.22,475679,0
CMAX.US,D,20240801,000000,6.26,6.3399,5.5,5.97,241395,0
CMAX.US,D,20240802,000000,5.84,5.84,4.295,4.5,294439,0
CMAX.US,D,20240805,000000,4.21,5.4,4.2,4.86,318915,0
CMAX.US,D,20240806,000000,4.76,4.948,4.4401,4.62,145895,0
CMAX.US,D,20240807,000000,4.67,4.86,3.854,3.87,189417,0
CMAX.US,D,20240808,000000,3.99,4.5316,3.8,4.46,188854,0
CMAX.US,D,20240809,000000,4.41,4.6622,4.1,4.54,200879,0
CMAX.US,D,20240812,000000,4.22,4.36,2.92,2.99,287997,0
CMAX.US,D,20240813,000000,2.96,3.61,2.96,3.51,256272,0
CMAX.US,D,20240814,000000,3.49,3.5764,3.11,3.36,152554,0
CMAX.US,D,20240815,000000,3.51,3.76,3.2581,3.46,85176,0
CMAX.US,D,20240816,000000,3.38,3.51,3.2,3.34,39519,0
CMAX.US,D,20240819,000000,3.39,3.62,3.34,3.46,75134,0
CMAX.US,D,20240820,000000,3.41,3.42,3.02,3.07,43034,0
CMAX.US,D,20240821,000000,3.05,3.3,2.875,3.03,414507,0
CMAX.US,D,20240822,000000,3.01,3.62,3.01,3.38,282641,0
CMAX.US,D,20240823,000000,3.42,3.75,3.32,3.7,115152,0
CMAX.US,D,20240826,000000,3.76,3.97,3.12,3.4,101596,0
CMAX.US,D,20240827,000000,3.34,3.34,3.13,3.17,65510,0
CMAX.US,D,20240828,000000,3.16,3.19,2.93,2.96,123260,0
CMAX.US,D,20240829,000000,2.94,3.11,2.73,2.78,184958,0
CMAX.US,D,20240830,000000,2.78,2.805,2.1,2.27,129018,0
CMAX.US,D,20240903,000000,2.23,2.3724,2.12,2.16,40176,0
CMAX.US,D,20240904,000000,2.18,2.43,2.16,2.28,331705,0
CMAX.US,D,20240905,000000,2.29,2.3152,2.06,2.24,67395,0
CMAX.US,D,20240906,000000,2.25,2.25,1.9665,1.99,148251,0
CMAX.US,D,20240909,000000,1.97,2.0966,1.85,1.92,49995,0
CMAX.US,D,20240910,000000,1.96,1.97,1.85,1.92,31709,0
CMAX.US,D,20240911,000000,1.88,1.92,1.75,1.82,46240,0
CMAX.US,D,20240912,000000,1.83,2.0734,1.76,2.05,70506,0
CMAX.US,D,20240913,000000,2.07,2.15,1.96,2.04,53974,0
CMAX.US,D,20240916,000000,2.08,2.29,2.02,2.28,123229,0
CMAX.US,D,20240917,000000,2.31,2.45,2.11,2.19,175830,0
CMAX.US,D,20240918,000000,2.23,2.36,2.105,2.18,55717,0
CMAX.US,D,20240919,000000,2.3,2.4,2.21,2.25,47226,0
CMAX.US,D,20240920,000000,2.28,2.3725,2,2.03,110728,0
CMAX.US,D,20240923,000000,2.01,2.058,1.83,1.88,66288,0
CMAX.US,D,20240924,000000,2.05,2.08,1.75,1.88,63345,0
CMAX.US,D,20240925,000000,1.76,1.83,1.66,1.7,133444,0
CMAX.US,D,20240926,000000,1.8298,1.83,1.71,1.78,39889,0
CMAX.US,D,20240927,000000,1.71,1.8199,1.7,1.74,41366,0
CMAX.US,D,20240930,000000,1.7,1.8499,1.65,1.7,65664,0
CMAX.US,D,20241001,000000,1.7,1.75,1.62,1.62,30495,0
CMAX.US,D,20241002,000000,1.6,1.7426,1.5901,1.64,25448,0
CMAX.US,D,20241003,000000,1.64,1.84,1.64,1.81,53003,0
CMAX.US,D,20241004,000000,1.75,1.8122,1.72,1.76,13896,0
CMAX.US,D,20241007,000000,1.76,1.8,1.6532,1.77,46851,0
CMAX.US,D,20241008,000000,1.84,1.84,1.75,1.79,28250,0
CMAX.US,D,20241009,000000,1.75,1.75,1.65,1.65,112183,0
CMAX.US,D,20241010,000000,1.66,1.7299,1.6,1.65,63801,0
CMAX.US,D,20241011,000000,1.74,1.7437,1.64,1.65,11501,0
CMAX.US,D,20241014,000000,1.69,1.73,1.65,1.72,7077,0
CMAX.US,D,20241015,000000,1.73,1.96,1.72,1.96,81705,0
CMAX.US,D,20241016,000000,1.96,2.25,1.89,1.93,156907,0
CMAX.US,D,20241017,000000,1.97,2.2,1.97,2.15,65402,0
CMAX.US,D,20241018,000000,2.19,2.39,1.86,1.9,92380,0
CMAX.US,D,20241021,000000,1.9,1.9318,1.79,1.89,34944,0
CMAX.US,D,20241022,000000,1.9,1.9,1.8,1.82,22518,0
CMAX.US,D,20241023,000000,1.8,1.81,1.18,1.39,326389,0
CMAX.US,D,20241024,000000,1.4,1.88,1.4,1.66,345132,0
CMAX.US,D,20241025,000000,1.57,1.7,1.56,1.62,33672,0
CMAX.US,D,20241028,000000,1.62,1.74,1.5,1.55,38714,0
CMAX.US,D,20241029,000000,1.52,1.52,1.5101,1.52,54439,0
