<TICKER>,<PER>,<DATE>,<TIME>,<OPEN>,<HIGH>,<LOW>,<CLOSE>,<VOL>,<OPENINT>
COEP.US,D,20201218,000000,9.86,9.9,9.85,9.9,5135,0
COEP.US,D,20201221,000000,9.85,10.15,9.8,9.9,105510,0
COEP.US,D,20201223,000000,9.9,9.9184,9.9,9.9184,3924,0
COEP.US,D,20201224,000000,9.94,10,9.93,9.975,6678,0
COEP.US,D,20201228,000000,10.02,10.18,10.02,10.08,35591,0
COEP.US,D,20201229,000000,11,11.1,10.46,10.74,1442825,0
COEP.US,D,20201230,000000,10.64,11.1899,10.31,10.44,1186485,0
COEP.US,D,20201231,000000,10.34,10.34,10.06,10.19,193756,0
COEP.US,D,20210104,000000,10.15,10.1619,9.96,10.06,181617,0
COEP.US,D,20210105,000000,10.06,10.2,9.98,10.11,91232,0
COEP.US,D,20210106,000000,10.06,10.2,10.05,10.15,104173,0
COEP.US,D,20210107,000000,10.0878,10.21,10.0701,10.18,76942,0
COEP.US,D,20210108,000000,10.19,10.33,10.18,10.23,243630,0
COEP.US,D,20210111,000000,10.2001,10.29,10.13,10.29,34039,0
COEP.US,D,20210112,000000,10.27,10.29,10.1501,10.21,173658,0
COEP.US,D,20210113,000000,10.18,10.33,10.15,10.22,41951,0
COEP.US,D,20210114,000000,10.21,10.27,10.16,10.27,130445,0
COEP.US,D,20210115,000000,10.24,10.27,10.15,10.21,45640,0
COEP.US,D,20210119,000000,10.22,10.27,10.16,10.22,67704,0
COEP.US,D,20210120,000000,10.2,10.23,10.16,10.2,55571,0
COEP.US,D,20210121,000000,10.175,10.2,10.1,10.13,115650,0
COEP.US,D,20210122,000000,10.14,10.2,10.14,10.19,75874,0
COEP.US,D,20210125,000000,10.21,10.2408,10.14,10.16,55125,0
COEP.US,D,20210126,000000,10.16,10.205,10.1,10.13,170304,0
COEP.US,D,20210127,000000,10.09,10.1,10,10.02,173209,0
COEP.US,D,20210128,000000,10.1,10.1899,10.03,10.11,66680,0
COEP.US,D,20210129,000000,10.14,10.14,10.06,10.08,52048,0
COEP.US,D,20210201,000000,10.09,10.18,10.0401,10.17,46385,0
COEP.US,D,20210202,000000,10.07,10.25,10.07,10.22,28218,0
COEP.US,D,20210203,000000,10.17,10.25,10.13,10.19,31806,0
COEP.US,D,20210204,000000,10.21,10.28,10.16,10.24,38879,0
COEP.US,D,20210205,000000,10.2499,10.25,10.11,10.14,54224,0
COEP.US,D,20210208,000000,10.14,10.2,10.09,10.16,83980,0
COEP.US,D,20210209,000000,10.17,10.17,10.13,10.16,22889,0
COEP.US,D,20210210,000000,10.145,10.15,10.08,10.15,30819,0
COEP.US,D,20210211,000000,10.15,10.17,10.1101,10.16,12203,0
COEP.US,D,20210212,000000,10.16,10.2,10.13,10.1897,33593,0
COEP.US,D,20210216,000000,10.19,10.22,10.12,10.19,55541,0
COEP.US,D,20210217,000000,10.15,10.33,10.12,10.27,73138,0
COEP.US,D,20210218,000000,10.25,10.26,10.2,10.23,27960,0
COEP.US,D,20210219,000000,10.28,10.3405,10.2,10.27,24885,0
COEP.US,D,20210222,000000,10.28,10.38,10.21,10.32,52986,0
COEP.US,D,20210223,000000,10.16,10.28,10.11,10.27,181838,0
COEP.US,D,20210224,000000,10.2363,10.35,10.1501,10.22,34229,0
COEP.US,D,20210225,000000,10.245,10.245,10.12,10.22,88400,0
COEP.US,D,20210226,000000,10.18,10.2199,10.17,10.2,55652,0
COEP.US,D,20210301,000000,10.26,10.26,10.06,10.17,77073,0
COEP.US,D,20210302,000000,10.19,10.19,9.81,9.96,69990,0
COEP.US,D,20210303,000000,10.06,10.07,9.91,10,34942,0
COEP.US,D,20210304,000000,10.01,10.01,9.63,9.9,25534,0
COEP.US,D,20210305,000000,9.89,9.96,9.85,9.92,32516,0
COEP.US,D,20210308,000000,9.9051,9.99,9.89,9.93,8672,0
COEP.US,D,20210309,000000,9.9201,9.98,9.89,9.9,26335,0
COEP.US,D,20210310,000000,9.9498,9.955,9.89,9.89,14723,0
COEP.US,D,20210311,000000,9.94,9.94,9.86,9.87,117889,0
COEP.US,D,20210312,000000,9.91,9.91,9.87,9.9,26462,0
COEP.US,D,20210315,000000,9.9,9.9439,9.89,9.9,9047,0
COEP.US,D,20210316,000000,9.87,9.9102,9.87,9.9,3618,0
COEP.US,D,20210317,000000,9.895,9.99,9.8501,9.99,10105,0
COEP.US,D,20210318,000000,9.99,9.99,9.95,9.95,1444,0
COEP.US,D,20210319,000000,9.98,9.9999,9.86,9.94,32423,0
COEP.US,D,20210322,000000,9.9014,9.925,9.86,9.86,6707,0
COEP.US,D,20210323,000000,9.8532,9.874,9.84,9.84,17791,0
COEP.US,D,20210324,000000,9.877,9.877,9.75,9.76,58766,0
COEP.US,D,20210325,000000,9.7786,9.7786,9.6639,9.76,22417,0
COEP.US,D,20210326,000000,9.8,9.97,9.8,9.97,27601,0
COEP.US,D,20210329,000000,9.88,9.96,9.82,9.82,8914,0
COEP.US,D,20210330,000000,9.8419,9.98,9.8419,9.86,2828,0
COEP.US,D,20210331,000000,9.83,9.8399,9.72,9.77,12580,0
COEP.US,D,20210401,000000,9.88,9.97,9.82,9.86,20645,0
COEP.US,D,20210405,000000,9.94,9.97,9.8201,9.8751,2715,0
COEP.US,D,20210406,000000,9.901,9.91,9.87,9.87,1405,0
COEP.US,D,20210407,000000,9.9273,9.95,9.86,9.95,7599,0
COEP.US,D,20210408,000000,9.97,9.98,9.88,9.98,24822,0
COEP.US,D,20210409,000000,9.98,9.9985,9.9701,9.9985,4764,0
COEP.US,D,20210412,000000,9.98,9.99,9.93,9.93,2403,0
COEP.US,D,20210413,000000,9.92,9.97,9.9,9.95,8316,0
COEP.US,D,20210414,000000,9.86,9.93,9.8518,9.93,17330,0
COEP.US,D,20210415,000000,9.86,9.91,9.85,9.9,11916,0
COEP.US,D,20210416,000000,9.8999,9.92,9.8901,9.9,5241,0
COEP.US,D,20210419,000000,9.9118,9.93,9.91,9.91,7634,0
COEP.US,D,20210420,000000,9.93,9.95,9.9,9.91,32846,0
COEP.US,D,20210421,000000,9.91,9.925,9.89,9.91,13890,0
COEP.US,D,20210422,000000,9.86,9.94,9.86,9.93,1530,0
COEP.US,D,20210423,000000,9.9,9.905,9.87,9.87,11804,0
COEP.US,D,20210426,000000,9.93,9.931,9.85,9.925,87805,0
COEP.US,D,20210427,000000,9.94,9.94,9.83,9.89,97717,0
COEP.US,D,20210428,000000,9.95,9.95,9.87,9.95,14380,0
COEP.US,D,20210429,000000,9.95,9.95,9.9,9.9001,2367,0
COEP.US,D,20210430,000000,9.92,9.92,9.87,9.91,13574,0
COEP.US,D,20210503,000000,9.89,9.94,9.89,9.9,4724,0
COEP.US,D,20210504,000000,9.98,10.04,9.93,9.93,8532,0
COEP.US,D,20210505,000000,9.93,9.93,9.88,9.9,1819,0
COEP.US,D,20210506,000000,9.9,9.915,9.9,9.9,13134,0
COEP.US,D,20210507,000000,9.8908,9.9,9.87,9.9,4610,0
COEP.US,D,20210510,000000,9.92,9.92,9.88,9.88,1776,0
COEP.US,D,20210511,000000,9.81,9.9,9.81,9.87,30543,0
COEP.US,D,20210512,000000,9.85,9.95,9.85,9.85,4364,0
COEP.US,D,20210513,000000,9.89,9.9,9.85,9.9,10244,0
COEP.US,D,20210514,000000,9.9,9.9,9.85,9.9,2313,0
COEP.US,D,20210517,000000,9.85,9.92,9.85,9.885,2039,0
COEP.US,D,20210518,000000,9.875,9.875,9.875,9.875,525,0
COEP.US,D,20210519,000000,9.875,9.875,9.85,9.85,43500,0
COEP.US,D,20210520,000000,9.86,9.86,9.85,9.85,5949,0
COEP.US,D,20210521,000000,9.85,9.8864,9.85,9.8864,1226,0
COEP.US,D,20210524,000000,9.871,9.89,9.85,9.86,11751,0
COEP.US,D,20210525,000000,9.87,9.87,9.83,9.85,109828,0
COEP.US,D,20210526,000000,9.86,9.87,9.8,9.86,26424,0
COEP.US,D,20210527,000000,9.85,9.85,9.84,9.84,13902,0
COEP.US,D,20210528,000000,9.85,9.8501,9.84,9.84,3621,0
COEP.US,D,20210601,000000,9.89,9.89,9.87,9.87,1916,0
COEP.US,D,20210602,000000,9.87,9.906,9.87,9.87,27384,0
COEP.US,D,20210603,000000,9.88,9.9,9.88,9.8901,18060,0
COEP.US,D,20210604,000000,9.88,9.88,9.88,9.88,1407,0
COEP.US,D,20210607,000000,9.88,9.88,9.88,9.88,1966,0
COEP.US,D,20210608,000000,9.8803,9.91,9.87,9.87,53494,0
COEP.US,D,20210609,000000,9.91,9.91,9.88,9.9,40015,0
COEP.US,D,20210610,000000,9.88,9.9,9.88,9.9,1339,0
COEP.US,D,20210611,000000,9.9136,9.92,9.91,9.92,1630,0
COEP.US,D,20210614,000000,9.86,9.92,9.86,9.92,2420,0
COEP.US,D,20210615,000000,9.92,9.9201,9.9079,9.9201,4292,0
COEP.US,D,20210616,000000,9.932,9.932,9.88,9.9,27070,0
COEP.US,D,20210617,000000,9.89,9.9,9.89,9.9,944,0
COEP.US,D,20210618,000000,9.9,9.91,9.8901,9.9,2114,0
COEP.US,D,20210621,000000,9.9001,9.9001,9.89,9.9,5040,0
COEP.US,D,20210622,000000,9.89,9.9,9.87,9.9,14495,0
COEP.US,D,20210623,000000,9.87,9.9,9.87,9.9,1847,0
COEP.US,D,20210624,000000,9.86,9.86,9.83,9.84,11093,0
COEP.US,D,20210625,000000,9.84,9.85,9.83,9.84,1896,0
COEP.US,D,20210628,000000,9.84,9.85,9.83,9.84,10370,0
COEP.US,D,20210629,000000,9.84,9.85,9.83,9.85,47174,0
COEP.US,D,20210630,000000,9.85,9.87,9.85,9.87,3087,0
COEP.US,D,20210701,000000,9.8504,9.87,9.8504,9.87,840,0
COEP.US,D,20210702,000000,9.8599,9.87,9.8599,9.87,705,0
COEP.US,D,20210707,000000,9.8594,9.89,9.842,9.86,8028,0
COEP.US,D,20210708,000000,9.86,9.86,9.86,9.86,471,0
COEP.US,D,20210709,000000,9.85,9.86,9.85,9.86,10942,0
COEP.US,D,20210712,000000,9.8615,9.8615,9.86,9.86,1735,0
COEP.US,D,20210713,000000,9.86,9.86,9.86,9.86,1466,0
COEP.US,D,20210714,000000,9.88,9.88,9.85,9.86,1303,0
COEP.US,D,20210715,000000,9.8404,9.868,9.8404,9.85,1351,0
COEP.US,D,20210716,000000,9.87,9.88,9.87,9.88,11865,0
COEP.US,D,20210719,000000,9.875,9.88,9.87,9.88,7614,0
COEP.US,D,20210720,000000,9.88,9.8806,9.88,9.8806,2452,0
COEP.US,D,20210721,000000,9.88,9.88,9.88,9.88,1348,0
COEP.US,D,20210722,000000,9.88,9.89,9.85,9.85,107993,0
COEP.US,D,20210726,000000,9.85,9.85,9.84,9.85,92101,0
COEP.US,D,20210727,000000,9.84,9.85,9.84,9.85,15587,0
COEP.US,D,20210728,000000,9.847,9.85,9.84,9.85,3907,0
COEP.US,D,20210729,000000,9.84,9.85,9.84,9.85,683,0
COEP.US,D,20210730,000000,9.85,9.85,9.85,9.85,1617,0
COEP.US,D,20210802,000000,9.84,9.85,9.84,9.85,2598,0
COEP.US,D,20210803,000000,9.84,9.85,9.84,9.85,3071,0
COEP.US,D,20210804,000000,9.845,9.8462,9.845,9.8462,1556,0
COEP.US,D,20210805,000000,9.85,9.86,9.85,9.86,169038,0
COEP.US,D,20210806,000000,9.8899,9.8899,9.84,9.85,58283,0
COEP.US,D,20210809,000000,9.86,9.86,9.86,9.86,111,0
COEP.US,D,20210810,000000,9.85,9.88,9.85,9.87,75827,0
COEP.US,D,20210811,000000,9.8654,9.87,9.86,9.86,2701,0
COEP.US,D,20210812,000000,9.8601,9.87,9.85,9.86,109979,0
COEP.US,D,20210813,000000,9.87,9.87,9.855,9.86,151193,0
COEP.US,D,20210816,000000,9.86,9.86,9.84,9.85,15454,0
COEP.US,D,20210817,000000,9.86,9.88,9.84,9.85,33656,0
COEP.US,D,20210818,000000,9.85,9.85,9.84,9.8402,179265,0
COEP.US,D,20210820,000000,9.85,9.85,9.84,9.84,6355,0
COEP.US,D,20210823,000000,9.8411,9.86,9.8411,9.86,22441,0
COEP.US,D,20210824,000000,9.84,9.87,9.84,9.87,46502,0
COEP.US,D,20210825,000000,9.84,9.87,9.84,9.87,190175,0
COEP.US,D,20210826,000000,9.8684,9.88,9.8684,9.88,49744,0
COEP.US,D,20210827,000000,9.87,9.9,9.84,9.9,82286,0
COEP.US,D,20210831,000000,9.88,9.91,9.88,9.9,55342,0
COEP.US,D,20210901,000000,9.9,9.9,9.895,9.895,428,0
COEP.US,D,20210902,000000,9.88,9.92,9.88,9.91,26236,0
COEP.US,D,20210907,000000,9.885,9.885,9.885,9.885,269,0
COEP.US,D,20210908,000000,9.91,9.91,9.8901,9.894,1633,0
COEP.US,D,20210909,000000,9.89,9.89,9.89,9.89,1367,0
COEP.US,D,20210910,000000,9.905,9.905,9.905,9.905,3128,0
COEP.US,D,20210913,000000,9.91,9.92,9.91,9.92,12395,0
COEP.US,D,20210914,000000,9.93,9.9301,9.93,9.9301,2012,0
COEP.US,D,20210915,000000,9.9301,9.9301,9.9301,9.9301,286,0
COEP.US,D,20210916,000000,9.94,9.94,9.91,9.94,3009,0
COEP.US,D,20210917,000000,9.89,9.92,9.89,9.92,3032,0
COEP.US,D,20210920,000000,9.93,9.94,9.89,9.94,11632,0
COEP.US,D,20210922,000000,9.94,9.9441,9.94,9.9407,2937,0
COEP.US,D,20210923,000000,9.94,9.94,9.94,9.94,3447,0
COEP.US,D,20210924,000000,9.9401,9.9401,9.9401,9.9401,273,0
COEP.US,D,20210928,000000,9.9353,9.9414,9.9353,9.94,2283,0
COEP.US,D,20210929,000000,9.941,9.95,9.93,9.93,86641,0
COEP.US,D,20210930,000000,9.92,9.95,9.9,9.95,173403,0
COEP.US,D,20211001,000000,9.95,9.96,9.95,9.9502,9786,0
COEP.US,D,20211004,000000,9.95,9.95,9.95,9.95,9104,0
COEP.US,D,20211005,000000,9.95,9.95,9.95,9.95,1011,0
COEP.US,D,20211006,000000,9.9599,9.96,9.952,9.952,1241,0
COEP.US,D,20211007,000000,9.96,9.97,9.945,9.945,6286,0
COEP.US,D,20211008,000000,9.95,9.96,9.91,9.96,159097,0
COEP.US,D,20211011,000000,9.93,9.97,9.93,9.97,15725,0
COEP.US,D,20211013,000000,9.97,9.9701,9.9567,9.9567,758,0
COEP.US,D,20211014,000000,9.97,9.97,9.96,9.96,950,0
COEP.US,D,20211015,000000,9.9691,9.9691,9.965,9.965,201,0
COEP.US,D,20211018,000000,9.98,9.98,9.97,9.9707,18907,0
COEP.US,D,20211019,000000,9.9727,9.9727,9.971,9.971,1072,0
COEP.US,D,20211020,000000,9.97,9.9707,9.97,9.9707,1505,0
COEP.US,D,20211021,000000,9.971,9.971,9.971,9.971,313,0
COEP.US,D,20211022,000000,9.9753,9.9753,9.9753,9.9753,172,0
COEP.US,D,20211025,000000,9.98,9.98,9.98,9.98,8581,0
COEP.US,D,20211026,000000,9.99,9.99,9.97,9.97,2606,0
COEP.US,D,20211027,000000,9.99,10,9.98,9.98,20299,0
COEP.US,D,20211028,000000,9.9899,9.99,9.98,9.9841,1601,0
COEP.US,D,20211029,000000,9.99,9.99,9.98,9.98,1913,0
COEP.US,D,20211101,000000,9.99,9.99,9.99,9.99,1531,0
COEP.US,D,20211103,000000,9.98,9.98,9.98,9.98,292,0
COEP.US,D,20211104,000000,9.99,9.99,9.95,9.96,895619,0
COEP.US,D,20211105,000000,9.97,9.97,9.9608,9.97,6450,0
COEP.US,D,20211108,000000,9.98,9.98,9.96,9.96,257428,0
COEP.US,D,20211109,000000,9.98,9.98,9.94,9.94,176716,0
COEP.US,D,20211110,000000,9.95,9.97,9.95,9.95,460784,0
COEP.US,D,20211111,000000,9.95,9.98,9.95,9.98,5241,0
COEP.US,D,20211112,000000,9.9601,9.9601,9.9601,9.9601,207,0
COEP.US,D,20211115,000000,9.96,9.96,9.96,9.96,470,0
COEP.US,D,20211116,000000,9.9601,9.9601,9.9601,9.9601,263,0
COEP.US,D,20211117,000000,9.96,9.96,9.96,9.96,169,0
COEP.US,D,20211118,000000,9.96,9.96,9.96,9.96,444,0
COEP.US,D,20211119,000000,9.9724,9.9724,9.9724,9.9724,186,0
COEP.US,D,20211122,000000,9.9719,9.983,9.9719,9.98,211700,0
COEP.US,D,20211123,000000,9.98,10.005,9.98,10,259038,0
COEP.US,D,20211124,000000,9.9901,9.9901,9.9901,9.9901,215,0
COEP.US,D,20211126,000000,9.99,10,9.99,10,831,0
COEP.US,D,20211129,000000,10,10,10,10,7903,0
COEP.US,D,20211130,000000,9.99,10.01,9.99,10.01,8650,0
COEP.US,D,20211201,000000,9.9901,9.9901,9.9901,9.9901,1174,0
COEP.US,D,20211202,000000,9.99,9.99,9.96,9.96,26909,0
COEP.US,D,20211206,000000,9.98,9.98,9.98,9.98,698,0
COEP.US,D,20211207,000000,9.9801,10,9.9801,10,5740,0
COEP.US,D,20211208,000000,9.99,9.99,9.99,9.99,180,0
COEP.US,D,20211209,000000,9.99,10,9.99,10,3360,0
COEP.US,D,20211210,000000,9.98,9.99,9.98,9.9895,555,0
COEP.US,D,20211213,000000,10,10,9.98,9.98,759,0
COEP.US,D,20211215,000000,9.98,9.98,9.98,9.98,123,0
COEP.US,D,20211220,000000,9.99,9.9909,9.99,9.9909,100220,0
COEP.US,D,20211222,000000,9.9837,10,9.98,9.99,38470,0
COEP.US,D,20211223,000000,10,10,9.99,9.99,8058,0
COEP.US,D,20211228,000000,9.97,9.99,9.97,9.98,10714,0
COEP.US,D,20211229,000000,9.96,10.005,9.96,10.005,5313,0
COEP.US,D,20211230,000000,9.9801,10,9.9801,10,1305,0
COEP.US,D,20211231,000000,10.0055,10.01,10,10,39895,0
COEP.US,D,20220103,000000,10.01,10.02,9.99,10,7929,0
COEP.US,D,20220104,000000,10,10,10,10,5111,0
COEP.US,D,20220105,000000,10.01,10.0162,10.01,10.0162,2319,0
COEP.US,D,20220106,000000,10.01,10.01,9.9918,10,23709,0
COEP.US,D,20220107,000000,10.0001,10.02,10.0001,10.01,7025,0
COEP.US,D,20220110,000000,10,10.03,10,10.015,9740,0
COEP.US,D,20220111,000000,10.02,10.02,10,10.015,150468,0
COEP.US,D,20220112,000000,10.03,10.03,10.03,10.03,152,0
COEP.US,D,20220113,000000,10,10,10,10,4010,0
COEP.US,D,20220114,000000,10.0054,10.01,10.0054,10.01,646,0
COEP.US,D,20220118,000000,10.01,10.01,10.01,10.01,1628,0
COEP.US,D,20220119,000000,10.025,10.025,10.02,10.02,40865,0
COEP.US,D,20220120,000000,10,10,10,10,120,0
COEP.US,D,20220121,000000,10.01,10.01,10,10.0003,3017,0
COEP.US,D,20220124,000000,10.0067,10.0067,9.99,9.99,47404,0
COEP.US,D,20220125,000000,10.01,10.01,10,10.01,26012,0
COEP.US,D,20220126,000000,10.01,10.03,10.01,10.0102,16198,0
COEP.US,D,20220127,000000,10.0085,10.03,10.0085,10.01,9345,0
COEP.US,D,20220128,000000,10.01,10.01,10.01,10.01,292,0
COEP.US,D,20220131,000000,10.01,10.04,10.01,10.04,103703,0
COEP.US,D,20220201,000000,10.04,10.04,10.0218,10.0218,6018,0
COEP.US,D,20220202,000000,10.0205,10.0205,10.0205,10.0205,368,0
COEP.US,D,20220203,000000,10.0219,10.0219,10.0219,10.0219,155,0
COEP.US,D,20220204,000000,10.0276,10.0276,10.02,10.02,201,0
COEP.US,D,20220207,000000,10.04,10.04,10.03,10.04,4213,0
COEP.US,D,20220209,000000,10.035,10.04,10.0301,10.04,559,0
COEP.US,D,20220210,000000,10.04,10.04,10.035,10.035,949,0
COEP.US,D,20220211,000000,10.03,10.03,10.03,10.03,427,0
COEP.US,D,20220214,000000,10.03,10.04,10.03,10.04,4705,0
COEP.US,D,20220215,000000,10.0312,10.0312,10.0312,10.0312,190,0
COEP.US,D,20220216,000000,10.04,10.04,10.04,10.04,185,0
COEP.US,D,20220217,000000,10.03,10.04,10.03,10.04,21314,0
COEP.US,D,20220222,000000,10.04,10.04,10.04,10.04,5808,0
COEP.US,D,20220223,000000,10.04,10.04,10.04,10.04,724,0
COEP.US,D,20220224,000000,10.03,10.03,10.03,10.03,1027,0
COEP.US,D,20220228,000000,10.04,10.05,10.04,10.05,10998,0
COEP.US,D,20220301,000000,10.04,10.05,10.04,10.05,3515,0
COEP.US,D,20220303,000000,10.04,10.05,10.04,10.04,22559,0
COEP.US,D,20220307,000000,10.04,10.04,10.04,10.04,237,0
COEP.US,D,20220308,000000,10.04,10.05,10.04,10.05,658,0
COEP.US,D,20220309,000000,10.05,10.0548,10.05,10.0548,2136,0
COEP.US,D,20220314,000000,10.05,10.055,10.05,10.05,23298,0
COEP.US,D,20220316,000000,10.06,10.0621,10.06,10.06,19854,0
COEP.US,D,20220318,000000,10.05,10.05,10.05,10.05,157,0
COEP.US,D,20220321,000000,10.065,10.065,10.06,10.06,758,0
COEP.US,D,20220322,000000,10.07,10.07,10.06,10.06,4151,0
COEP.US,D,20220323,000000,10.06,10.06,10.06,10.06,150012,0
COEP.US,D,20220325,000000,10.0665,10.0665,10.0665,10.0665,200,0
COEP.US,D,20220328,000000,10.0659,10.075,10.0659,10.0739,5654,0
COEP.US,D,20220330,000000,10.0799,10.0799,10.07,10.07,1182,0
COEP.US,D,20220331,000000,10.07,10.09,10.07,10.09,38343,0
COEP.US,D,20220404,000000,10.08,10.085,10.08,10.08,100049,0
COEP.US,D,20220405,000000,10.085,10.09,10.085,10.09,50643,0
COEP.US,D,20220406,000000,10.08,10.09,10.08,10.08,122660,0
COEP.US,D,20220407,000000,10.095,10.1,10.09,10.095,366798,0
COEP.US,D,20220408,000000,10.09,10.13,10.085,10.0985,594169,0
COEP.US,D,20220411,000000,10.09,10.105,10.09,10.095,793986,0
COEP.US,D,20220412,000000,10.09,10.1,10.09,10.09,96596,0
COEP.US,D,20220413,000000,10.09,10.1,10.09,10.1,40849,0
COEP.US,D,20220414,000000,10.1,10.1,10.08,10.09,67412,0
COEP.US,D,20220418,000000,10.1,10.1,10.08,10.08,10829,0
COEP.US,D,20220419,000000,10.1,10.11,10.09,10.09,200000,0
COEP.US,D,20220420,000000,10.09,10.11,10.09,10.0996,358179,0
COEP.US,D,20220421,000000,10.09,10.09,10.07,10.07,39166,0
COEP.US,D,20220422,000000,10.08,10.09,10.08,10.09,13095,0
COEP.US,D,20220425,000000,10.08,10.09,10.08,10.081,20845,0
COEP.US,D,20220426,000000,10.0799,10.29,10.075,10.15,166753,0
COEP.US,D,20220427,000000,10.15,10.1899,10.11,10.12,38224,0
COEP.US,D,20220428,000000,10.12,10.15,10.09,10.1001,127414,0
COEP.US,D,20220429,000000,10.11,10.11,10.1,10.1,18281,0
COEP.US,D,20220502,000000,10.107,10.11,10.1,10.1,19195,0
COEP.US,D,20220503,000000,10.1,10.13,10.1,10.13,25689,0
COEP.US,D,20220504,000000,10.11,10.1192,10.1,10.1001,108613,0
COEP.US,D,20220505,000000,10.102,10.102,10.09,10.1,3170,0
COEP.US,D,20220506,000000,10.0997,10.1,10.08,10.08,13148,0
COEP.US,D,20220509,000000,10.084,10.084,10.06,10.07,31065,0
COEP.US,D,20220510,000000,10.07,10.09,10.06,10.06,70689,0
COEP.US,D,20220511,000000,10.06,10.06,10.04,10.04,71711,0
COEP.US,D,20220512,000000,10.08,10.08,10.0201,10.08,28750,0
COEP.US,D,20220513,000000,10.0276,10.07,10.02,10.02,1350,0
COEP.US,D,20220517,000000,10.06,10.06,10.02,10.02,12755,0
COEP.US,D,20220518,000000,10.04,10.04,10.04,10.04,553,0
COEP.US,D,20220519,000000,10.04,10.05,10.03,10.04,9155,0
COEP.US,D,20220520,000000,10.0301,10.04,10.0284,10.0302,57325,0
COEP.US,D,20220523,000000,10.03,10.03,10.03,10.03,109,0
COEP.US,D,20220524,000000,10.0401,10.0401,10.035,10.04,10343,0
COEP.US,D,20220525,000000,10.04,10.08,10.04,10.05,23124,0
COEP.US,D,20220531,000000,10.06,10.075,10.06,10.06,5420,0
COEP.US,D,20220601,000000,10.06,10.06,10.06,10.06,1013,0
COEP.US,D,20220602,000000,10.075,10.075,10.075,10.075,432,0
COEP.US,D,20220603,000000,10.07,10.07,10.07,10.07,467,0
COEP.US,D,20220606,000000,10.07,10.08,10.07,10.07,1310,0
COEP.US,D,20220608,000000,10.09,10.09,10.07,10.07,6596,0
COEP.US,D,20220609,000000,10.07,10.07,10.07,10.07,792,0
COEP.US,D,20220613,000000,10.08,10.08,10.07,10.08,22062,0
COEP.US,D,20220614,000000,10.07,10.09,10.07,10.09,1857,0
COEP.US,D,20220615,000000,10.08,10.08,10.08,10.08,3690,0
COEP.US,D,20220616,000000,10.0728,10.0728,10.07,10.07,351,0
COEP.US,D,20220617,000000,10.07,10.09,10.07,10.09,616,0
COEP.US,D,20220622,000000,10.07,10.09,10.07,10.09,37574,0
COEP.US,D,20220623,000000,10.08,10.08,10.08,10.08,326,0
COEP.US,D,20220627,000000,10.08,10.08,10.08,10.08,10204,0
COEP.US,D,20220628,000000,10.0827,10.0827,10.0827,10.0827,1001,0
COEP.US,D,20220701,000000,10.09,10.09,10.09,10.09,77972,0
COEP.US,D,20220705,000000,10.095,10.1,10.09,10.1,80387,0
COEP.US,D,20220706,000000,10.1,10.1282,10.1,10.12,10415,0
COEP.US,D,20220707,000000,10.13,10.13,10.12,10.12,924,0
COEP.US,D,20220708,000000,10.12,10.125,10.12,10.125,1173,0
COEP.US,D,20220711,000000,10.13,10.15,10.13,10.15,6520,0
COEP.US,D,20220713,000000,10.15,10.15,10.14,10.14,408,0
COEP.US,D,20220719,000000,10.13,10.13,10.13,10.13,310,0
COEP.US,D,20220720,000000,10.13,10.13,10.13,10.13,693,0
COEP.US,D,20220721,000000,10.13,10.13,10.13,10.13,514,0
COEP.US,D,20220722,000000,10.15,10.15,10.15,10.15,135,0
COEP.US,D,20220725,000000,10.1354,10.1354,10.13,10.13,795,0
COEP.US,D,20220729,000000,10.14,10.14,10.14,10.14,534,0
COEP.US,D,20220802,000000,10.14,10.14,10.14,10.14,102,0
COEP.US,D,20220803,000000,10.15,10.16,10.15,10.15,7009,0
COEP.US,D,20220804,000000,10.17,10.17,10.17,10.17,501,0
COEP.US,D,20220805,000000,10.17,10.17,10.17,10.17,120,0
COEP.US,D,20220809,000000,10.14,10.14,10.115,10.13,30505,0
COEP.US,D,20220810,000000,10.16,10.16,10.16,10.16,513,0
COEP.US,D,20220811,000000,10.16,10.16,10.16,10.16,1622,0
COEP.US,D,20220812,000000,10.1604,10.1604,10.1604,10.1604,550,0
COEP.US,D,20220816,000000,10.18,10.18,10.18,10.18,121,0
COEP.US,D,20220817,000000,10.18,10.18,10.18,10.18,540,0
COEP.US,D,20220818,000000,10.19,10.2,10.19,10.19,5637,0
COEP.US,D,20220819,000000,10.19,10.19,10.185,10.185,1794,0
COEP.US,D,20220822,000000,10.19,10.19,10.19,10.19,1021,0
COEP.US,D,20220824,000000,10.19,10.19,10.185,10.19,19368,0
COEP.US,D,20220825,000000,10.2199,10.2199,10.2199,10.2199,1801,0
COEP.US,D,20220826,000000,10.18,10.18,10.18,10.18,2707,0
COEP.US,D,20220901,000000,10.24,10.24,10.2,10.2,700,0
COEP.US,D,20220906,000000,10.2,10.2,10.2,10.2,3177,0
COEP.US,D,20220908,000000,10.2,10.2,10.2,10.2,3674,0
COEP.US,D,20220909,000000,10.2054,10.2054,10.19,10.2,48523,0
COEP.US,D,20220912,000000,10.2,10.2,10.2,10.2,4006,0
COEP.US,D,20220913,000000,10.2012,10.2012,10.195,10.2,9925,0
COEP.US,D,20220914,000000,10.2,10.2,10.17,10.2,13888,0
COEP.US,D,20220916,000000,10.2,10.2,10.17,10.17,5000,0
COEP.US,D,20220919,000000,10.18,10.18,10.18,10.18,5507,0
COEP.US,D,20220920,000000,10.18,10.18,10.18,10.18,100,0
COEP.US,D,20220922,000000,10.18,10.18,10.18,10.18,3805,0
COEP.US,D,20220923,000000,10.1819,10.1819,10.1819,10.1819,1061,0
COEP.US,D,20220926,000000,10.18,10.185,10.18,10.185,5129,0
COEP.US,D,20220927,000000,10.19,10.19,10.18,10.18,5305,0
COEP.US,D,20220928,000000,10.17,10.17,10.17,10.17,6295,0
COEP.US,D,20220929,000000,10.17,10.17,10.17,10.17,300,0
COEP.US,D,20220930,000000,10.1901,10.1901,10.1901,10.1901,880,0
COEP.US,D,20221003,000000,10.19,10.19,10.17,10.19,7014,0
COEP.US,D,20221006,000000,10.19,10.2,10.19,10.2,1661,0
COEP.US,D,20221007,000000,10.19,10.19,10.19,10.19,900,0
COEP.US,D,20221011,000000,10.22,10.22,10.22,10.22,201,0
COEP.US,D,20221012,000000,10.23,10.238,10.23,10.23,5900,0
COEP.US,D,20221013,000000,10.25,10.25,10.225,10.225,1660,0
COEP.US,D,20221014,000000,10.23,10.23,10.23,10.23,1000,0
COEP.US,D,20221017,000000,10.23,10.23,10.23,10.23,2504,0
COEP.US,D,20221018,000000,10.2329,10.25,10.23,10.2485,21230,0
COEP.US,D,20221019,000000,10.2487,10.26,10.24,10.26,20770,0
COEP.US,D,20221020,000000,10.15,10.17,10.15,10.15,13901,0
COEP.US,D,20221021,000000,9.6,9.74,9.05,9.07,24594,0
COEP.US,D,20221024,000000,9.0289,9.0298,8.18,8.28,13507,0
COEP.US,D,20221025,000000,8.2,8.4,8.11,8.28,9156,0
COEP.US,D,20221026,000000,8.38,8.4,8.22,8.31,21312,0
COEP.US,D,20221027,000000,8.48,8.95,6.52,8.3,53087,0
COEP.US,D,20221028,000000,7.955,21.42,7.81,11.95,1176367,0
COEP.US,D,20221031,000000,9,12.13,6.48,6.5,215500,0
COEP.US,D,20221101,000000,6.57,7.5,4.75,5.11,121900,0
COEP.US,D,20221102,000000,5,5.307,4.45,4.66,40300,0
COEP.US,D,20221103,000000,4.66,4.98,3.61,3.625,72807,0
COEP.US,D,20221104,000000,3.8,4.15,3.12,3.19,85609,0
COEP.US,D,20221107,000000,3.9,3.9,2.45,2.86,154015,0
COEP.US,D,20221108,000000,3,3,2.18,2.37,94404,0
COEP.US,D,20221109,000000,2.66,2.74,2.27,2.29,38259,0
COEP.US,D,20221110,000000,2.25,2.6,2.25,2.5,197240,0
COEP.US,D,20221111,000000,2.66,2.66,2.18,2.2877,101260,0
COEP.US,D,20221114,000000,2.45,2.4832,2,2.1836,88340,0
COEP.US,D,20221115,000000,2.21,2.38,2.0787,2.1701,142756,0
COEP.US,D,20221116,000000,2.2,2.25,2.02,2.1916,54333,0
COEP.US,D,20221117,000000,2.1633,2.29,2.1,2.25,82782,0
COEP.US,D,20221118,000000,2.29,2.4399,2.2,2.3,89828,0
COEP.US,D,20221121,000000,2.37,2.6292,2.17,2.27,323738,0
COEP.US,D,20221122,000000,2.35,2.35,2.08,2.13,63686,0
COEP.US,D,20221123,000000,2.1,2.15,1.98,2.1201,114081,0
COEP.US,D,20221125,000000,2.15,2.15,2.01,2.1446,49176,0
COEP.US,D,20221128,000000,2.15,2.15,2.01,2.05,54656,0
COEP.US,D,20221129,000000,2.09,2.09,1.6855,1.73,197094,0
COEP.US,D,20221130,000000,1.83,1.8499,1.71,1.8499,46487,0
COEP.US,D,20221201,000000,1.84,2.09,1.8216,2.08,82667,0
COEP.US,D,20221202,000000,2.055,2.0961,1.85,1.95,41886,0
COEP.US,D,20221205,000000,2,2,1.75,1.78,57530,0
COEP.US,D,20221206,000000,1.8601,1.8601,1.6001,1.82,43685,0
COEP.US,D,20221207,000000,1.85,1.85,1.7676,1.77,12147,0
COEP.US,D,20221208,000000,1.92,1.92,1.76,1.8,44527,0
COEP.US,D,20221209,000000,1.78,1.9,1.78,1.84,20119,0
COEP.US,D,20221212,000000,1.955,1.96,1.73,1.75,20740,0
COEP.US,D,20221213,000000,1.78,1.96,1.63,1.71,44516,0
COEP.US,D,20221214,000000,1.71,1.82,1.71,1.77,11896,0
COEP.US,D,20221215,000000,1.8,1.83,1.61,1.61,30126,0
COEP.US,D,20221216,000000,1.9,1.9,1.03,1.03,90951,0
COEP.US,D,20221219,000000,1.16,1.2699,1.1,1.1,110060,0
COEP.US,D,20221220,000000,1.1899,1.3799,1.129,1.27,43228,0
COEP.US,D,20221221,000000,1.38,1.3899,1.31,1.32,21598,0
COEP.US,D,20221222,000000,1.5,1.5,1.23,1.24,35204,0
COEP.US,D,20221223,000000,1.2,1.47,1.2,1.39,42340,0
COEP.US,D,20221227,000000,1.63,1.63,1.45,1.5,30048,0
COEP.US,D,20221228,000000,1.44,1.55,1.3517,1.39,23863,0
COEP.US,D,20221229,000000,1.62,1.62,1.32,1.335,36342,0
COEP.US,D,20221230,000000,1.4,1.5999,1.35,1.5313,82647,0
COEP.US,D,20230103,000000,1.82,2,1.575,1.9819,91099,0
COEP.US,D,20230104,000000,2,2.03,1.7834,1.84,49907,0
COEP.US,D,20230105,000000,1.8181,1.99,1.71,1.94,37551,0
COEP.US,D,20230106,000000,1.95,1.98,1.76,1.92,35576,0
COEP.US,D,20230109,000000,1.9701,1.975,1.745,1.8301,56249,0
COEP.US,D,20230110,000000,1.88,1.93,1.7601,1.8701,41432,0
COEP.US,D,20230111,000000,1.9,1.9231,1.82,1.82,62958,0
COEP.US,D,20230112,000000,1.81,1.9,1.81,1.87,42951,0
COEP.US,D,20230113,000000,1.87,1.9,1.8132,1.83,44065,0
COEP.US,D,20230117,000000,1.88,1.93,1.8,1.91,59828,0
COEP.US,D,20230118,000000,1.9002,1.9002,1.8,1.87,35674,0
COEP.US,D,20230119,000000,1.8699,1.8699,1.76,1.84,27485,0
COEP.US,D,20230120,000000,1.7708,1.84,1.7601,1.8199,14555,0
COEP.US,D,20230123,000000,1.85,1.85,1.69,1.72,36827,0
COEP.US,D,20230124,000000,1.71,1.78,1.6201,1.68,30826,0
COEP.US,D,20230125,000000,1.6315,1.78,1.63,1.69,21686,0
COEP.US,D,20230126,000000,1.7,1.7435,1.55,1.6,54651,0
COEP.US,D,20230127,000000,1.57,1.69,1.55,1.58,37484,0
COEP.US,D,20230130,000000,1.57,1.69,1.515,1.65,74592,0
COEP.US,D,20230131,000000,1.87,1.95,1.75,1.86,338744,0
COEP.US,D,20230201,000000,1.87,1.87,1.65,1.65,133327,0
COEP.US,D,20230202,000000,1.65,1.65,1.49,1.5,79094,0
COEP.US,D,20230203,000000,1.61,1.61,1.4372,1.51,152394,0
COEP.US,D,20230206,000000,1.48,1.55,1.353,1.395,111771,0
COEP.US,D,20230207,000000,1.43,1.55,1.32,1.41,354166,0
COEP.US,D,20230208,000000,1.385,1.7,1.33,1.642,727251,0
COEP.US,D,20230209,000000,1.72,1.85,1.45,1.66,413895,0
COEP.US,D,20230210,000000,1.62,1.71,1.5,1.57,151311,0
COEP.US,D,20230213,000000,1.63,1.6678,1.5085,1.6,82593,0
COEP.US,D,20230214,000000,1.6,1.6,1.44,1.49,85882,0
COEP.US,D,20230215,000000,1.47,1.52,1.23,1.35,99284,0
COEP.US,D,20230216,000000,1.4,1.44,1.3001,1.44,95079,0
COEP.US,D,20230217,000000,1.4399,1.4899,1.36,1.4499,92916,0
COEP.US,D,20230221,000000,1.48,1.48,1.35,1.362,39136,0
COEP.US,D,20230222,000000,1.37,1.4825,1.3492,1.36,76367,0
COEP.US,D,20230223,000000,1.36,1.43,1.2501,1.3,128446,0
COEP.US,D,20230224,000000,1.3,1.32,1.22,1.3,86115,0
COEP.US,D,20230227,000000,1.4,1.54,1.3,1.53,187050,0
COEP.US,D,20230228,000000,1.469,1.65,1.405,1.65,203948,0
COEP.US,D,20230301,000000,1.66,1.8,1.59,1.78,272430,0
COEP.US,D,20230302,000000,1.8,1.8211,1.65,1.73,215619,0
COEP.US,D,20230303,000000,1.76,1.77,1.63,1.706,104780,0
COEP.US,D,20230306,000000,1.69,1.73,1.59,1.7,123024,0
COEP.US,D,20230307,000000,1.68,1.68,1.5,1.5501,106429,0
COEP.US,D,20230308,000000,1.5399,1.5399,1.3601,1.3601,172860,0
COEP.US,D,20230309,000000,1.36,1.4,1.33,1.3699,86152,0
COEP.US,D,20230310,000000,1.33,1.4099,1.31,1.33,82357,0
COEP.US,D,20230313,000000,1.34,1.5586,1.305,1.45,43444,0
COEP.US,D,20230314,000000,1.4365,1.55,1.4143,1.43,70871,0
COEP.US,D,20230315,000000,1.47,1.54,1.3,1.35,63876,0
COEP.US,D,20230316,000000,1.32,1.3299,1.19,1.2701,51513,0
COEP.US,D,20230317,000000,1.3,1.34,1.27,1.34,101579,0
COEP.US,D,20230320,000000,1.31,1.5199,1.31,1.4,111190,0
COEP.US,D,20230321,000000,1.5002,1.5099,1.36,1.44,120849,0
COEP.US,D,20230322,000000,1.4799,1.4799,1.37,1.37,45373,0
COEP.US,D,20230323,000000,1.47,1.47,1.37,1.3989,31224,0
COEP.US,D,20230324,000000,1.4,1.55,1.37,1.48,103902,0
COEP.US,D,20230327,000000,1.73,2.1,1.59,1.78,12393460,0
COEP.US,D,20230328,000000,1.8,1.94,1.62,1.69,807035,0
COEP.US,D,20230329,000000,1.71,1.84,1.51,1.67,615427,0
COEP.US,D,20230330,000000,1.67,1.7282,1.55,1.59,295698,0
COEP.US,D,20230331,000000,1.53,1.6249,1.3801,1.44,255463,0
COEP.US,D,20230403,000000,1.4,1.509,1.4,1.4801,83891,0
COEP.US,D,20230404,000000,1.5,1.5793,1.3464,1.4,148593,0
COEP.US,D,20230405,000000,1.44,1.4799,1.3008,1.34,132172,0
COEP.US,D,20230406,000000,1.34,1.35,1.2,1.3,141814,0
COEP.US,D,20230410,000000,1.42,1.43,1.3,1.32,130436,0
COEP.US,D,20230411,000000,1.286,1.316,1.25,1.2993,69560,0
COEP.US,D,20230412,000000,1.36,1.3699,1.25,1.25,38110,0
COEP.US,D,20230413,000000,1.34,1.34,1.21,1.29,102113,0
COEP.US,D,20230414,000000,1.26,1.3598,1.26,1.31,64244,0
COEP.US,D,20230417,000000,1.3,1.42,1.21,1.4199,165060,0
COEP.US,D,20230418,000000,1.49,1.58,1.33,1.55,2479398,0
COEP.US,D,20230419,000000,1.55,1.55,1.305,1.42,294419,0
COEP.US,D,20230420,000000,1.45,1.45,1.3001,1.4101,122222,0
COEP.US,D,20230421,000000,1.45,1.45,1.3,1.31,67556,0
COEP.US,D,20230424,000000,1.31,1.3599,1.2695,1.27,147625,0
COEP.US,D,20230425,000000,1.2716,1.35,1.2454,1.3294,77629,0
COEP.US,D,20230426,000000,1.31,1.32,1.2,1.27,77317,0
COEP.US,D,20230427,000000,1.19,1.23,1.11,1.165,101201,0
COEP.US,D,20230428,000000,1.14,1.24,1.04,1.19,173526,0
COEP.US,D,20230501,000000,1.17,1.27,1.1603,1.24,37918,0
COEP.US,D,20230502,000000,1.22,1.27,1.18,1.26,104639,0
COEP.US,D,20230503,000000,1.24,1.2499,1.18,1.19,32289,0
COEP.US,D,20230504,000000,1.18,1.27,1.15,1.25,44737,0
COEP.US,D,20230505,000000,1.21,1.42,1.21,1.41,69947,0
COEP.US,D,20230508,000000,1.43,1.5799,1.37,1.551,155361,0
COEP.US,D,20230509,000000,1.53,1.57,1.5,1.54,65847,0
COEP.US,D,20230510,000000,1.5,1.57,1.45,1.51,107572,0
COEP.US,D,20230511,000000,1.5011,1.56,1.5001,1.55,30837,0
COEP.US,D,20230512,000000,1.55,1.68,1.48,1.65,85507,0
COEP.US,D,20230515,000000,1.65,1.7,1.5302,1.66,111065,0
COEP.US,D,20230516,000000,1.7,1.7,1.59,1.68,32814,0
COEP.US,D,20230517,000000,1.7,1.73,1.64,1.73,148868,0
COEP.US,D,20230518,000000,1.69,1.85,1.65,1.83,232759,0
COEP.US,D,20230519,000000,1.8,2.02,1.7262,1.98,179945,0
COEP.US,D,20230522,000000,2,2.16,1.98,2.14,306542,0
COEP.US,D,20230523,000000,2.16,2.1899,1.75,1.86,165396,0
COEP.US,D,20230524,000000,1.83,1.985,1.8299,1.93,62408,0
COEP.US,D,20230525,000000,2,2.0999,1.94,2.01,106122,0
COEP.US,D,20230526,000000,1.98,1.9999,1.7601,1.97,137670,0
COEP.US,D,20230530,000000,1.98,2.1,1.9214,2.05,120888,0
COEP.US,D,20230531,000000,1.99,2.05,1.87,1.895,220049,0
COEP.US,D,20230601,000000,1.96,2.0236,1.68,1.69,141797,0
COEP.US,D,20230602,000000,1.74,1.74,1.5,1.52,263950,0
COEP.US,D,20230605,000000,1.55,1.93,1.55,1.71,954513,0
COEP.US,D,20230606,000000,1.86,1.9,1.72,1.83,1255306,0
COEP.US,D,20230607,000000,1.79,1.86,1.65,1.84,680281,0
COEP.US,D,20230608,000000,1.91,1.94,1.55,1.6,1063140,0
COEP.US,D,20230609,000000,1.57,1.66,1.51,1.525,554147,0
COEP.US,D,20230612,000000,1.52,1.65,1.52,1.6,327473,0
COEP.US,D,20230613,000000,1.53,1.74,1.52,1.65,307272,0
COEP.US,D,20230614,000000,1.49,1.87,1.399,1.75,1510654,0
COEP.US,D,20230615,000000,1.73,1.85,1.6701,1.79,228475,0
COEP.US,D,20230616,000000,1.75,1.8,1.6,1.79,304393,0
COEP.US,D,20230620,000000,1.76,1.7799,1.64,1.69,60810,0
COEP.US,D,20230621,000000,1.67,1.73,1.6,1.6,110950,0
COEP.US,D,20230622,000000,1.65,1.68,1.53,1.6,142473,0
COEP.US,D,20230623,000000,1.56,1.65,1.5,1.54,88825,0
COEP.US,D,20230626,000000,1.5559,1.6,1.42,1.54,85146,0
COEP.US,D,20230627,000000,1.54,1.56,1.43,1.49,44260,0
COEP.US,D,20230628,000000,1.52,1.5389,1.42,1.47,42971,0
COEP.US,D,20230629,000000,1.4633,1.5286,1.39,1.49,42821,0
COEP.US,D,20230630,000000,1.46,1.5887,1.4519,1.55,17911,0
COEP.US,D,20230703,000000,1.55,1.71,1.55,1.7,64222,0
COEP.US,D,20230705,000000,1.65,1.7,1.55,1.61,60198,0
COEP.US,D,20230706,000000,1.525,1.65,1.48,1.63,61987,0
COEP.US,D,20230707,000000,1.57,1.6199,1.5,1.59,22076,0
COEP.US,D,20230710,000000,1.55,1.58,1.39,1.4101,106429,0
COEP.US,D,20230711,000000,1.42,1.48,1.36,1.45,93642,0
COEP.US,D,20230712,000000,1.5,1.52,1.21,1.35,274829,0
COEP.US,D,20230713,000000,1.35,1.4122,1.23,1.34,183948,0
COEP.US,D,20230714,000000,1.27,1.37,1.26,1.31,62229,0
COEP.US,D,20230717,000000,1.3,1.3701,1.3,1.32,66359,0
COEP.US,D,20230718,000000,1.3,1.4,1.3,1.4,105648,0
COEP.US,D,20230719,000000,1.35,1.41,1.3,1.4,31304,0
COEP.US,D,20230720,000000,1.4,1.4,1.29,1.3,35213,0
COEP.US,D,20230721,000000,1.38,1.38,1.24,1.27,35383,0
COEP.US,D,20230724,000000,1.24,1.31,1.15,1.24,108850,0
COEP.US,D,20230725,000000,1.25,1.29,1.14,1.18,89057,0
COEP.US,D,20230726,000000,1.15,1.2254,1.12,1.17,58378,0
COEP.US,D,20230727,000000,1.2357,1.2357,1.12,1.18,42033,0
COEP.US,D,20230728,000000,1.1408,1.27,1.12,1.22,39919,0
COEP.US,D,20230731,000000,1.2445,1.27,1.181,1.23,14792,0
COEP.US,D,20230801,000000,1.21,1.2599,1.15,1.23,40400,0
COEP.US,D,20230802,000000,1.1777,1.26,1.15,1.24,25819,0
COEP.US,D,20230803,000000,1.2204,1.26,1.131,1.18,65642,0
COEP.US,D,20230804,000000,1.16,1.3199,1.15,1.23,106401,0
COEP.US,D,20230807,000000,1.2,1.23,1.15,1.15,98623,0
COEP.US,D,20230808,000000,1.19,1.1919,1.1,1.11,59682,0
COEP.US,D,20230809,000000,1.13,1.1599,1.0665,1.11,26015,0
COEP.US,D,20230810,000000,1.1,1.15,1.1,1.15,34367,0
COEP.US,D,20230811,000000,1.135,1.1899,1.11,1.11,31155,0
COEP.US,D,20230814,000000,1.135,1.155,1.08,1.11,76356,0
COEP.US,D,20230815,000000,1.11,1.1341,1.05,1.11,79615,0
COEP.US,D,20230816,000000,1.12,1.12,1.02,1.08,57025,0
COEP.US,D,20230817,000000,1.08,1.1199,1.05,1.1,55281,0
COEP.US,D,20230818,000000,1.0643,1.1,1.01,1.06,39144,0
COEP.US,D,20230821,000000,1.08,1.08,0.9611,0.99,21907,0
COEP.US,D,20230822,000000,0.96,1.0199,0.809,0.82,79983,0
COEP.US,D,20230823,000000,0.835,0.94,0.8306,0.89,67177,0
COEP.US,D,20230824,000000,0.92,0.98,0.92,0.96,25935,0
COEP.US,D,20230825,000000,0.94,1.03,0.93,1.0199,126730,0
COEP.US,D,20230828,000000,1,1.04,0.997,1.04,19754,0
COEP.US,D,20230829,000000,1.07,1.09,1.01,1.07,13291,0
COEP.US,D,20230830,000000,1.07,1.11,1.03,1.065,31417,0
COEP.US,D,20230831,000000,1.09,1.1,1.02,1.05,34308,0
COEP.US,D,20230901,000000,1.03,1.09,0.9925,1.06,30074,0
COEP.US,D,20230905,000000,1.08,1.08,0.975,1.01,46451,0
COEP.US,D,20230906,000000,0.99,1.01,0.92,0.97,20907,0
COEP.US,D,20230907,000000,1.03,1.11,0.94,1.08,21650,0
COEP.US,D,20230908,000000,1.06,1.1,0.9487,1.04,52803,0
COEP.US,D,20230911,000000,1.01,1.06,0.9745,0.985,46119,0
COEP.US,D,20230912,000000,0.95,1.0723,0.95,0.95,98236,0
COEP.US,D,20230913,000000,0.94,1.079,0.94,0.98,53832,0
COEP.US,D,20230914,000000,1.08,1.08,0.9696,1.02,49287,0
COEP.US,D,20230915,000000,1.04,1.07,0.91,1.07,87952,0
COEP.US,D,20230918,000000,1.05,1.05,0.9202,0.9969,60764,0
COEP.US,D,20230919,000000,0.967,1.04,0.921,0.99,17643,0
COEP.US,D,20230920,000000,0.95,1.02,0.9204,0.9451,24961,0
COEP.US,D,20230921,000000,0.93,0.9765,0.87,0.94,52135,0
COEP.US,D,20230922,000000,1.03,1.04,0.9029,0.936,99875,0
COEP.US,D,20230925,000000,0.9731,1,0.91,0.9494,21755,0
COEP.US,D,20230926,000000,0.95,0.9841,0.93,0.97,21789,0
COEP.US,D,20230927,000000,0.98,1.08,0.92,1.07,117878,0
COEP.US,D,20230928,000000,1.08,1.12,1.03,1.07,96832,0
COEP.US,D,20230929,000000,1.02,1.1999,1,1.16,151863,0
COEP.US,D,20231002,000000,1.13,1.1999,1.08,1.15,60524,0
COEP.US,D,20231003,000000,1.09,1.2,1.08,1.2,51916,0
COEP.US,D,20231004,000000,1.18,1.2,1.1041,1.2,57311,0
COEP.US,D,20231005,000000,1.21,1.21,1.0989,1.14,22444,0
COEP.US,D,20231006,000000,1.1698,1.2,1,1.15,115474,0
COEP.US,D,20231009,000000,1.1001,1.2,1.1,1.17,29091,0
COEP.US,D,20231010,000000,1.1513,1.24,1.14,1.24,49411,0
COEP.US,D,20231011,000000,1.23,1.25,1.18,1.22,63601,0
COEP.US,D,20231012,000000,1.215,1.2377,1.17,1.21,41949,0
COEP.US,D,20231013,000000,1.2399,1.2399,1.18,1.22,44785,0
COEP.US,D,20231016,000000,1.22,1.32,1.2,1.23,155445,0
COEP.US,D,20231017,000000,1.18,1.25,1.16,1.18,79463,0
COEP.US,D,20231018,000000,1.29,1.29,1.19,1.25,104368,0
COEP.US,D,20231019,000000,1.26,1.26,1.18,1.19,50287,0
COEP.US,D,20231020,000000,1.17,1.245,1.17,1.21,36134,0
COEP.US,D,20231023,000000,1.23,1.36,1.21,1.3599,122328,0
COEP.US,D,20231024,000000,1.31,1.31,1.22,1.3,76774,0
COEP.US,D,20231025,000000,1.34,1.34,1.18,1.24,58779,0
COEP.US,D,20231026,000000,1.34,1.34,1.17,1.31,77258,0
COEP.US,D,20231027,000000,1.34,1.38,1.25,1.33,93994,0
COEP.US,D,20231030,000000,1.38,1.38,1.27,1.335,139251,0
COEP.US,D,20231031,000000,1.32,1.32,1.1901,1.205,125952,0
COEP.US,D,20231101,000000,1.23,1.26,1.14,1.21,67928,0
COEP.US,D,20231102,000000,1.2,1.29,0.98,0.98695,113221,0
COEP.US,D,20231103,000000,1,1.1399,0.9,0.9701,384961,0
COEP.US,D,20231106,000000,0.99,1.0813,0.95,1.02,138470,0
COEP.US,D,20231107,000000,1.1,1.1,1.01,1.02,107711,0
COEP.US,D,20231108,000000,1.05,1.0699,0.97,1.03,113646,0
COEP.US,D,20231109,000000,1.07,1.07,0.9858,1.03,223425,0
COEP.US,D,20231110,000000,1.07,1.12,1,1.1,222658,0
COEP.US,D,20231113,000000,1.11,1.136,1.02,1.08,136170,0
COEP.US,D,20231114,000000,1.07,1.18,1.05,1.16,191905,0
COEP.US,D,20231115,000000,1.15,1.28,1.1101,1.24,167748,0
COEP.US,D,20231116,000000,1.29,1.31,1.25,1.29,120481,0
COEP.US,D,20231117,000000,1.33,1.33,1.2,1.22,95215,0
COEP.US,D,20231120,000000,1.24,1.24,1.1109,1.16,141854,0
COEP.US,D,20231121,000000,1.3,1.3,1.12,1.17,141657,0
COEP.US,D,20231122,000000,1.16,1.21,1.14,1.17,63680,0
COEP.US,D,20231124,000000,1.16,1.2,1.13,1.16,23998,0
COEP.US,D,20231127,000000,1.14,1.18,1.1,1.16,95192,0
COEP.US,D,20231128,000000,1.17,1.1754,1.08,1.125,82658,0
COEP.US,D,20231129,000000,1.15,1.18,1.1,1.15,79051,0
COEP.US,D,20231130,000000,1.13,1.2025,1.13,1.17,66351,0
COEP.US,D,20231201,000000,1.19,1.19,1.1,1.15,61292,0
COEP.US,D,20231204,000000,1.18,1.28,1.13,1.2,328247,0
COEP.US,D,20231205,000000,1.2,1.2,1.115,1.14,116825,0
COEP.US,D,20231206,000000,1.14,1.15,1.05,1.06,63110,0
COEP.US,D,20231207,000000,1.05,1.095,1.01,1.05,57771,0
COEP.US,D,20231208,000000,1.05,1.08,1,1.04,65228,0
COEP.US,D,20231211,000000,1.05,1.05,0.995,1.02,42295,0
COEP.US,D,20231212,000000,1.08,1.08,1,1.03,69519,0
COEP.US,D,20231213,000000,1.02,1.14,0.91,0.99,453568,0
COEP.US,D,20231214,000000,1,1.02,0.91,0.935,129571,0
COEP.US,D,20231215,000000,0.91,0.9349,0.86,0.88,262866,0
COEP.US,D,20231218,000000,0.89,0.9556,0.865,0.8701,81201,0
COEP.US,D,20231219,000000,0.96,0.97,0.81,0.8615,127872,0
COEP.US,D,20231220,000000,0.84,0.8999,0.82,0.869,138277,0
COEP.US,D,20231221,000000,0.84535,0.88,0.81,0.8799,77848,0
COEP.US,D,20231222,000000,0.88,0.88,0.82,0.8432,79659,0
COEP.US,D,20231226,000000,0.83,0.87,0.7938,0.821,146261,0
COEP.US,D,20231227,000000,0.81,0.825,0.74,0.77,128958,0
COEP.US,D,20231228,000000,0.77,0.8215,0.72,0.751,139466,0
COEP.US,D,20231229,000000,0.73,0.8089,0.73,0.7839,130919,0
COEP.US,D,20240102,000000,0.77,0.7919,0.7554,0.7682,53775,0
COEP.US,D,20240103,000000,0.78,0.780101,0.7,0.77,82861,0
COEP.US,D,20240104,000000,0.749951,0.769899,0.6501,0.6875,115402,0
COEP.US,D,20240105,000000,0.69,0.729899,0.673101,0.692,385196,0
COEP.US,D,20240108,000000,0.686,0.695,0.65,0.67,196355,0
COEP.US,D,20240109,000000,0.72,0.72,0.6297,0.6462,185387,0
COEP.US,D,20240110,000000,0.6724,0.72,0.6393,0.689,268494,0
COEP.US,D,20240111,000000,0.71,0.71,0.55,0.598,246606,0
COEP.US,D,20240112,000000,0.62,0.6423,0.56,0.61,94097,0
COEP.US,D,20240116,000000,0.61,0.61,0.58,0.581,87893,0
COEP.US,D,20240117,000000,0.5689,0.61,0.5073,0.54,180286,0
COEP.US,D,20240118,000000,0.54,0.589899,0.511,0.5799,100937,0
COEP.US,D,20240119,000000,0.5508,0.5698,0.53,0.55,89255,0
COEP.US,D,20240122,000000,0.54,0.5736,0.522,0.555,83446,0
COEP.US,D,20240123,000000,0.565,0.580382,0.5485,0.561,94504,0
COEP.US,D,20240124,000000,0.552001,0.57,0.5311,0.554,49799,0
COEP.US,D,20240125,000000,0.555,0.597,0.5327,0.5701,218934,0
COEP.US,D,20240126,000000,0.555,0.62,0.5532,0.565,206760,0
COEP.US,D,20240129,000000,0.58,0.62,0.5696,0.58,47563,0
COEP.US,D,20240130,000000,0.58,0.62,0.551,0.581,113462,0
COEP.US,D,20240131,000000,0.58,0.61,0.557,0.57,110640,0
COEP.US,D,20240201,000000,0.59,0.599658,0.512,0.572,129891,0
COEP.US,D,20240202,000000,0.55,0.5738,0.5379,0.56,87905,0
COEP.US,D,20240205,000000,0.55,0.5599,0.5303,0.5348,38825,0
COEP.US,D,20240206,000000,0.53,0.57,0.53,0.5599,44436,0
COEP.US,D,20240207,000000,0.551,0.578899,0.5201,0.5395,153229,0
COEP.US,D,20240208,000000,0.525,0.547399,0.4802,0.4802,186349,0
COEP.US,D,20240209,000000,0.481,0.53,0.475,0.499,90239,0
COEP.US,D,20240212,000000,0.4756,0.5,0.447,0.4501,155424,0
COEP.US,D,20240213,000000,0.4466,0.46,0.42,0.423,73121,0
COEP.US,D,20240214,000000,0.4,0.4099,0.325,0.33,363347,0
COEP.US,D,20240215,000000,0.39,0.46,0.36,0.415,501545,0
COEP.US,D,20240216,000000,0.4077,0.515001,0.400399,0.499,349517,0
COEP.US,D,20240220,000000,0.487,0.544,0.472,0.531,290634,0
COEP.US,D,20240221,000000,0.55,0.571,0.4708,0.4725,175558,0
COEP.US,D,20240222,000000,0.51,0.519,0.4251,0.491,452112,0
COEP.US,D,20240223,000000,0.48,0.521,0.47,0.4914,181073,0
COEP.US,D,20240226,000000,0.54,0.58,0.51,0.54,1162668,0
COEP.US,D,20240227,000000,0.53,0.55,0.4551,0.4876,277038,0
COEP.US,D,20240228,000000,0.461,0.56,0.461,0.5451,390379,0
COEP.US,D,20240229,000000,0.575,0.679,0.56,0.5799,1829133,0
COEP.US,D,20240301,000000,0.589,0.589,0.5159,0.541,413081,0
COEP.US,D,20240304,000000,0.55,0.55,0.5205,0.539,145320,0
COEP.US,D,20240305,000000,0.5205,0.559,0.5001,0.532,160048,0
COEP.US,D,20240306,000000,0.5402,0.5599,0.51,0.539,115620,0
COEP.US,D,20240307,000000,0.5309,0.5464,0.4797,0.4992,143408,0
COEP.US,D,20240308,000000,0.4842,0.4992,0.47,0.48,101607,0
COEP.US,D,20240311,000000,0.46,0.48,0.428,0.436,190116,0
COEP.US,D,20240312,000000,0.446,0.446,0.405,0.425,76472,0
COEP.US,D,20240313,000000,0.425,0.427,0.38,0.39,148405,0
COEP.US,D,20240314,000000,0.399,0.4189,0.36,0.374,71152,0
COEP.US,D,20240315,000000,0.3503,0.3949,0.35,0.3593,166598,0
COEP.US,D,20240318,000000,0.369,0.38,0.3151,0.3218,274745,0
COEP.US,D,20240319,000000,0.32,0.3595,0.3065,0.3072,206934,0
COEP.US,D,20240320,000000,0.3225,0.33,0.2979,0.325,222631,0
COEP.US,D,20240321,000000,0.319,0.33973,0.3035,0.316,264263,0
COEP.US,D,20240322,000000,0.316,0.328,0.2955,0.314,168408,0
COEP.US,D,20240325,000000,0.314,0.329,0.2955,0.3075,183935,0
COEP.US,D,20240326,000000,0.3029,0.305,0.289,0.3,121535,0
COEP.US,D,20240327,000000,0.3096,0.31,0.2851,0.297,102373,0
COEP.US,D,20240328,000000,0.2851,0.302999,0.2851,0.2974,159881,0
COEP.US,D,20240401,000000,0.306,0.319,0.2943,0.295,154039,0
COEP.US,D,20240402,000000,0.33,0.3564,0.3,0.3147,931856,0
COEP.US,D,20240403,000000,0.32,0.3309,0.311,0.3194,226368,0
COEP.US,D,20240404,000000,0.328,0.3298,0.3194,0.3296,149448,0
COEP.US,D,20240405,000000,0.335,0.34,0.3099,0.3233,135661,0
COEP.US,D,20240408,000000,0.323,0.3738,0.323,0.3501,530106,0
COEP.US,D,20240409,000000,0.364,0.41,0.3594,0.388899,308252,0
COEP.US,D,20240410,000000,0.39,0.3998,0.3662,0.39,139061,0
COEP.US,D,20240411,000000,0.44,0.48,0.4,0.43,1610769,0
COEP.US,D,20240412,000000,0.43,0.439,0.4,0.4186,234949,0
COEP.US,D,20240415,000000,0.42,0.4251,0.33,0.3749,415911,0
COEP.US,D,20240416,000000,0.3616,0.3914,0.3516,0.37,76665,0
COEP.US,D,20240417,000000,0.3664,0.38,0.361,0.3699,81105,0
COEP.US,D,20240418,000000,0.369901,0.37,0.35,0.351,50856,0
COEP.US,D,20240419,000000,0.3501,0.379899,0.3215,0.3401,187879,0
COEP.US,D,20240422,000000,0.33,0.3799,0.322,0.355,88989,0
COEP.US,D,20240423,000000,0.34,0.3467,0.33,0.335,51110,0
COEP.US,D,20240424,000000,0.35,0.35,0.3214,0.327,148176,0
COEP.US,D,20240425,000000,0.321,0.3358,0.321,0.322,69180,0
COEP.US,D,20240426,000000,0.35,0.35,0.321,0.3348,52491,0
COEP.US,D,20240429,000000,0.321,0.338,0.321,0.3349,93836,0
COEP.US,D,20240430,000000,0.3168,0.3199,0.3075,0.3114,202006,0
COEP.US,D,20240501,000000,0.32,0.3398,0.3198,0.3398,79866,0
COEP.US,D,20240502,000000,0.34,0.3799,0.3307,0.3696,378609,0
COEP.US,D,20240503,000000,0.364,0.4075,0.36,0.36,316087,0
COEP.US,D,20240506,000000,0.36,0.3849,0.355,0.36,26797,0
COEP.US,D,20240507,000000,0.378,0.42,0.353,0.375,183289,0
COEP.US,D,20240508,000000,0.375,0.389999,0.365,0.3795,79191,0
COEP.US,D,20240509,000000,0.39,0.3904,0.3623,0.366,71172,0
COEP.US,D,20240510,000000,0.3899,0.39,0.3801,0.3832,63976,0
COEP.US,D,20240513,000000,0.38,0.390001,0.3015,0.3561,174971,0
COEP.US,D,20240514,000000,0.35,0.373,0.35,0.3625,47498,0
COEP.US,D,20240515,000000,0.3699,0.37,0.350101,0.355,62416,0
COEP.US,D,20240516,000000,0.36,0.371,0.3551,0.3553,73874,0
COEP.US,D,20240517,000000,0.3502,0.38,0.3501,0.3501,34592,0
COEP.US,D,20240520,000000,0.36,0.36,0.33,0.3326,113629,0
COEP.US,D,20240521,000000,0.339,0.359799,0.3215,0.337,43880,0
COEP.US,D,20240522,000000,0.324,0.3297,0.2769,0.3014,16010611,0
COEP.US,D,20240523,000000,0.282,0.3,0.2598,0.2611,1794893,0
COEP.US,D,20240524,000000,0.2736,0.288,0.255,0.2877,801662,0
COEP.US,D,20240528,000000,0.295,0.295,0.2655,0.266,358731,0
COEP.US,D,20240529,000000,0.262,0.2698,0.2505,0.259,476117,0
COEP.US,D,20240530,000000,0.2653,0.29,0.259,0.2713,499043,0
COEP.US,D,20240531,000000,0.2722,0.2799,0.2625,0.2704,124250,0
COEP.US,D,20240603,000000,0.267,0.2799,0.2632,0.2737,97597,0
COEP.US,D,20240604,000000,0.278,0.278,0.2611,0.264,152134,0
COEP.US,D,20240605,000000,0.2622,0.303,0.26,0.2957,771176,0
COEP.US,D,20240606,000000,0.2901,0.2987,0.2303,0.2675,489125,0
COEP.US,D,20240607,000000,0.2675,0.289,0.2632,0.2809,204050,0
COEP.US,D,20240610,000000,0.2822,0.2928,0.27,0.276,223963,0
COEP.US,D,20240611,000000,0.27,0.294999,0.2603,0.2898,217613,0
COEP.US,D,20240612,000000,0.2849,0.303547,0.282,0.2941,302920,0
COEP.US,D,20240613,000000,0.3,0.31,0.2851,0.308051,396204,0
COEP.US,D,20240614,000000,0.3076,0.33,0.3001,0.329,243794,0
COEP.US,D,20240617,000000,0.3191,0.345,0.285,0.316,560187,0
COEP.US,D,20240618,000000,0.3157,0.3281,0.2812,0.3246,251232,0
COEP.US,D,20240620,000000,0.317,0.317,0.2889,0.296,202004,0
COEP.US,D,20240621,000000,0.2871,0.315,0.28,0.31,216794,0
COEP.US,D,20240624,000000,0.296,0.3117,0.295,0.3117,226577,0
COEP.US,D,20240625,000000,0.3115,0.3128,0.2611,0.2936,482772,0
COEP.US,D,20240626,000000,0.2904,0.2936,0.2809,0.29,73799,0
COEP.US,D,20240627,000000,0.28,0.2919,0.2726,0.286,79584,0
COEP.US,D,20240628,000000,0.2951,0.2951,0.2799,0.289,41052,0
COEP.US,D,20240701,000000,0.281,0.2862,0.2729,0.2838,28767,0
COEP.US,D,20240702,000000,0.2837,0.2898,0.271,0.275,46983,0
COEP.US,D,20240703,000000,0.275,0.289899,0.275,0.2762,33091,0
COEP.US,D,20240705,000000,0.2651,0.2938,0.2651,0.281,113589,0
COEP.US,D,20240708,000000,0.2809,0.2949,0.271,0.285,117708,0
COEP.US,D,20240709,000000,0.2849,0.2899,0.273,0.276,60522,0
COEP.US,D,20240710,000000,0.277,0.2879,0.2751,0.282,76622,0
COEP.US,D,20240711,000000,0.3,0.3,0.28,0.2912,55223,0
COEP.US,D,20240712,000000,0.29,0.299,0.29,0.299,88423,0
COEP.US,D,20240715,000000,0.291,0.31,0.2902,0.3004,87996,0
COEP.US,D,20240716,000000,0.3074,0.3074,0.2952,0.3023,144316,0
COEP.US,D,20240717,000000,0.3022,0.3022,0.28,0.2916,202892,0
COEP.US,D,20240718,000000,0.2915,0.3088,0.28999,0.297,116585,0
COEP.US,D,20240719,000000,0.3,0.3,0.2805,0.286,59680,0
COEP.US,D,20240722,000000,0.285,0.2916,0.273,0.2775,46741,0
COEP.US,D,20240723,000000,0.28,0.296,0.27977,0.2855,48700,0
COEP.US,D,20240724,000000,0.2885,0.2885,0.2741,0.2747,45477,0
COEP.US,D,20240725,000000,0.273,0.275,0.2601,0.2676,128037,0
COEP.US,D,20240726,000000,0.268,0.2725,0.26,0.2601,162837,0
COEP.US,D,20240729,000000,0.2645,0.267,0.245,0.2569,143870,0
COEP.US,D,20240730,000000,0.2616,0.2676,0.2401,0.246,186945,0
COEP.US,D,20240731,000000,0.25,0.265,0.235,0.2413,1316230,0
COEP.US,D,20240801,000000,0.225,0.2275,0.1888,0.2046,505821,0
COEP.US,D,20240802,000000,0.19,0.219,0.18,0.2028,1575658,0
COEP.US,D,20240805,000000,0.1845,0.198,0.174,0.1895,170661,0
COEP.US,D,20240806,000000,0.2,0.2187,0.2,0.2105,175974,0
COEP.US,D,20240807,000000,0.214,0.2149,0.2012,0.2053,140656,0
COEP.US,D,20240808,000000,0.203,0.2161,0.2,0.2088,68311,0
COEP.US,D,20240809,000000,0.21,0.2109,0.1951,0.202,156871,0
COEP.US,D,20240812,000000,0.2098,0.2098,0.1967,0.2001,33451,0
COEP.US,D,20240813,000000,0.208,0.2095,0.2,0.205,167188,0
COEP.US,D,20240814,000000,0.2099,0.2148,0.203,0.2113,164719,0
COEP.US,D,20240815,000000,0.2087,0.2125,0.2075,0.2076,70151,0
COEP.US,D,20240816,000000,0.208,0.2095,0.1805,0.2019,389765,0
COEP.US,D,20240819,000000,0.215,0.215,0.2021,0.2123,116119,0
COEP.US,D,20240820,000000,0.2069,0.215,0.2041,0.2147,98916,0
COEP.US,D,20240821,000000,0.2053,0.2155,0.205,0.212,278544,0
COEP.US,D,20240822,000000,0.21,0.21,0.2012,0.2046,124544,0
COEP.US,D,20240823,000000,0.205,0.2149,0.2,0.205,151774,0
COEP.US,D,20240826,000000,0.21,0.2126,0.205,0.2076,180829,0
COEP.US,D,20240827,000000,0.2121,0.2161,0.197,0.2009,127208,0
COEP.US,D,20240828,000000,0.2,0.206,0.192,0.1946,126583,0
COEP.US,D,20240829,000000,0.2,0.2,0.1903,0.198,149871,0
COEP.US,D,20240830,000000,0.2,0.2069,0.1975,0.2043,193161,0
COEP.US,D,20240903,000000,0.201,0.2069,0.195,0.1988,194792,0
COEP.US,D,20240904,000000,0.206,0.206,0.1919,0.1961,27107,0
COEP.US,D,20240905,000000,0.195,0.1999,0.18395,0.185,303633,0
COEP.US,D,20240906,000000,0.183,0.199,0.183,0.1855,206260,0
COEP.US,D,20240909,000000,0.196,0.196,0.17845,0.1877,182248,0
COEP.US,D,20240910,000000,0.186,0.19,0.1778,0.1778,100942,0
COEP.US,D,20240911,000000,0.177,0.1879,0.175,0.1849,93967,0
COEP.US,D,20240912,000000,0.18,0.1938,0.18,0.1938,19436,0
COEP.US,D,20240913,000000,0.1871,0.194,0.1803,0.1882,40133,0
COEP.US,D,20240916,000000,0.19,0.19,0.18,0.1804,70547,0
COEP.US,D,20240917,000000,0.19,0.19,0.17745,0.18,59637,0
COEP.US,D,20240918,000000,0.189,0.189,0.175,0.1755,117799,0
COEP.US,D,20240919,000000,0.1813,0.192,0.176,0.1851,284786,0
COEP.US,D,20240920,000000,0.1901,0.1939,0.18,0.18,141698,0
COEP.US,D,20240923,000000,0.181,0.1849,0.178,0.178,56153,0
COEP.US,D,20240924,000000,0.178,0.178,0.1707,0.1748,175919,0
COEP.US,D,20240925,000000,0.1748,0.18,0.1653,0.1673,149023,0
COEP.US,D,20240926,000000,0.165,0.1814,0.1612,0.1621,287151,0
COEP.US,D,20240927,000000,0.1621,0.1779,0.1511,0.1702,917586,0
COEP.US,D,20240930,000000,0.185,0.188,0.1675,0.1799,762949,0
COEP.US,D,20241001,000000,0.18,0.18,0.167,0.167,78461,0
COEP.US,D,20241002,000000,0.167,0.17,0.16,0.1649,280171,0
COEP.US,D,20241003,000000,0.1649,0.1758,0.1646,0.165,285747,0
COEP.US,D,20241004,000000,0.165,0.173,0.164,0.1729,578880,0
COEP.US,D,20241007,000000,0.17,0.171,0.1668,0.1695,186314,0
COEP.US,D,20241008,000000,0.1695,0.173,0.165,0.1703,391267,0
COEP.US,D,20241009,000000,0.17,0.19,0.169,0.1777,405936,0
COEP.US,D,20241010,000000,0.176,0.1788,0.1712,0.175,377460,0
COEP.US,D,20241011,000000,0.18,0.183,0.1751,0.179,595818,0
COEP.US,D,20241014,000000,0.175,0.2065,0.175,0.2036,663686,0
COEP.US,D,20241015,000000,0.205,0.2099,0.1951,0.201,388881,0
COEP.US,D,20241016,000000,0.194,0.21,0.1931,0.1986,353607,0
COEP.US,D,20241017,000000,0.191,0.2,0.191,0.199,193688,0
COEP.US,D,20241018,000000,0.194,0.2097,0.194,0.2094,340965,0
COEP.US,D,20241021,000000,0.2147,0.23,0.2001,0.222,519329,0
COEP.US,D,20241022,000000,0.222,0.241,0.2,0.2289,893314,0
COEP.US,D,20241023,000000,0.23,0.235899,0.215,0.226,314391,0
COEP.US,D,20241024,000000,0.23,0.23,0.2034,0.211,1011238,0
COEP.US,D,20241025,000000,0.2142,0.23,0.2,0.2075,238566,0
COEP.US,D,20241028,000000,0.197,0.225,0.197,0.208,69156,0
COEP.US,D,20241029,000000,0.201,0.22,0.201,0.207,33228,0
