<TICKER>,<PER>,<DATE>,<TIME>,<OPEN>,<HIGH>,<LOW>,<CLOSE>,<VOL>,<OPENINT>
DFLI.US,D,20210825,000000,9.82,9.85,9.8,9.8,162455,0
DFLI.US,D,20210826,000000,9.79,9.8,9.79,9.8,44211,0
DFLI.US,D,20210827,000000,9.8,9.85,9.78,9.85,78727,0
DFLI.US,D,20210830,000000,9.8,9.85,9.79,9.8,111516,0
DFLI.US,D,20210831,000000,9.82,10.06,9.82,9.93,108509,0
DFLI.US,D,20210901,000000,9.85,10.05,9.8,9.85,139413,0
DFLI.US,D,20210902,000000,9.85,10,9.83,9.89,16011,0
DFLI.US,D,20210903,000000,9.83,9.89,9.83,9.89,25822,0
DFLI.US,D,20210907,000000,9.83,9.95,9.82,9.94,9156,0
DFLI.US,D,20210908,000000,9.85,9.85,9.85,9.85,260,0
DFLI.US,D,20210909,000000,9.87,9.92,9.87,9.9,39065,0
DFLI.US,D,20210913,000000,9.89,9.9,9.89,9.9,15157,0
DFLI.US,D,20210914,000000,9.9,9.93,9.885,9.93,85941,0
DFLI.US,D,20210915,000000,9.9,9.9,9.88,9.88,29853,0
DFLI.US,D,20210916,000000,9.86,9.9,9.86,9.89,20196,0
DFLI.US,D,20210917,000000,9.9,9.9,9.9,9.9,3316,0
DFLI.US,D,20210920,000000,9.91,9.91,9.91,9.91,2800,0
DFLI.US,D,20210921,000000,9.92,9.92,9.91,9.92,511,0
DFLI.US,D,20210922,000000,9.93,9.94,9.93,9.93,6928,0
DFLI.US,D,20210923,000000,9.93,9.94,9.93,9.93,10297,0
DFLI.US,D,20210928,000000,9.93,9.94,9.93,9.935,815,0
DFLI.US,D,20210929,000000,9.93,9.93,9.93,9.93,4319,0
DFLI.US,D,20211001,000000,9.93,9.94,9.93,9.93,701504,0
DFLI.US,D,20211004,000000,9.94,9.94,9.93,9.93,3538,0
DFLI.US,D,20211005,000000,9.95,9.95,9.94,9.94,4871,0
DFLI.US,D,20211006,000000,9.93,9.94,9.93,9.94,5019,0
DFLI.US,D,20211007,000000,9.95,9.95,9.94,9.94,712,0
DFLI.US,D,20211014,000000,9.95,9.96,9.95,9.96,1283,0
DFLI.US,D,20211015,000000,9.95,9.95,9.93,9.93,15365,0
DFLI.US,D,20211018,000000,9.955,9.955,9.955,9.955,7015,0
DFLI.US,D,20211020,000000,9.95,9.95,9.95,9.95,354,0
DFLI.US,D,20211021,000000,9.96,9.98,9.95,9.95,60598,0
DFLI.US,D,20211026,000000,10,10.02,10,10.02,3659,0
DFLI.US,D,20211029,000000,9.97,9.97,9.96,9.96,467001,0
DFLI.US,D,20211101,000000,9.98,10,9.94,9.95,404176,0
DFLI.US,D,20211103,000000,9.95,9.96,9.95,9.96,45359,0
DFLI.US,D,20211104,000000,9.97,9.97,9.97,9.97,121,0
DFLI.US,D,20211105,000000,9.98,9.98,9.98,9.98,6186,0
DFLI.US,D,20211109,000000,9.97,9.97,9.97,9.97,352,0
DFLI.US,D,20211110,000000,9.96,9.96,9.96,9.96,207,0
DFLI.US,D,20211115,000000,9.9999,9.9999,9.9999,9.9999,706,0
DFLI.US,D,20211119,000000,9.96,9.99,9.96,9.99,2300,0
DFLI.US,D,20211122,000000,9.96,9.9999,9.96,9.98,159834,0
DFLI.US,D,20211123,000000,10,10,9.96,9.98,9283,0
DFLI.US,D,20211129,000000,9.99,9.99,9.99,9.99,268,0
DFLI.US,D,20211130,000000,9.9799,9.98,9.9799,9.98,1299,0
DFLI.US,D,20211201,000000,10.02,10.02,9.975,9.99,12456,0
DFLI.US,D,20211202,000000,9.9899,9.99,9.9899,9.99,1250,0
DFLI.US,D,20211203,000000,9.99,10.01,9.99,10,3319,0
DFLI.US,D,20211208,000000,9.9774,9.98,9.9774,9.98,2046,0
DFLI.US,D,20211222,000000,9.95,9.95,9.95,9.95,100,0
DFLI.US,D,20211223,000000,9.96,9.97,9.95,9.97,152148,0
DFLI.US,D,20211230,000000,9.95,9.97,9.95,9.97,161741,0
DFLI.US,D,20220104,000000,9.98,9.98,9.98,9.98,909,0
DFLI.US,D,20220105,000000,10.01,10.03,9.97,9.98,5400,0
DFLI.US,D,20220107,000000,9.96,9.98,9.96,9.98,1832,0
DFLI.US,D,20220110,000000,10,10,10,10,500,0
DFLI.US,D,20220112,000000,9.99,9.99,9.99,9.99,1102,0
DFLI.US,D,20220113,000000,9.9899,9.9899,9.9899,9.9899,546,0
DFLI.US,D,20220120,000000,10,10,9.96,9.96,2066,0
DFLI.US,D,20220121,000000,9.98,9.99,9.98,9.99,250200,0
DFLI.US,D,20220126,000000,9.9999,10,9.99,9.99,10202,0
DFLI.US,D,20220127,000000,10.02,10.02,9.96,9.96,400,0
DFLI.US,D,20220128,000000,9.96,9.99,9.93,9.99,5684,0
DFLI.US,D,20220131,000000,10.02,10.02,10,10,554,0
DFLI.US,D,20220201,000000,10.01,10.01,9.99,9.99,602,0
DFLI.US,D,20220204,000000,10,10,10,10,200,0
DFLI.US,D,20220209,000000,10.01,10.01,9.994,10,94128,0
DFLI.US,D,20220210,000000,10.03,10.03,10.01,10.01,5745,0
DFLI.US,D,20220211,000000,10.03,10.03,10.01,10.03,1200,0
DFLI.US,D,20220216,000000,10.04,10.04,10.015,10.015,1520,0
DFLI.US,D,20220217,000000,10.03,10.05,10.01,10.01,14901,0
DFLI.US,D,20220222,000000,10.01,10.0672,10,10.01,82812,0
DFLI.US,D,20220223,000000,10.03,10.035,10.03,10.035,2667,0
DFLI.US,D,20220224,000000,10.02,10.02,10.01,10.01,71936,0
DFLI.US,D,20220225,000000,10.01,10.02,10,10,76799,0
DFLI.US,D,20220228,000000,10.03,10.03,10.01,10.02,1098,0
DFLI.US,D,20220301,000000,10.03,10.03,10.02,10.03,917,0
DFLI.US,D,20220302,000000,10.03,10.04,10.03,10.04,5408,0
DFLI.US,D,20220303,000000,10.06,10.06,10.03,10.055,1432,0
DFLI.US,D,20220304,000000,10.05,10.05,10.02,10.02,400,0
DFLI.US,D,20220308,000000,10.04,10.05,10.04,10.05,1950,0
DFLI.US,D,20220310,000000,10.05,10.05,10.05,10.05,100,0
DFLI.US,D,20220316,000000,10.06,10.06,10.04,10.05,1425,0
DFLI.US,D,20220317,000000,10.04,10.0407,10.04,10.04,3000,0
DFLI.US,D,20220318,000000,10.05,10.05,10.05,10.05,101,0
DFLI.US,D,20220321,000000,10.04,10.045,10.04,10.045,845,0
DFLI.US,D,20220322,000000,10.06,10.06,10.06,10.06,1846,0
DFLI.US,D,20220323,000000,10.0499,10.0499,10.04,10.04,935,0
DFLI.US,D,20220325,000000,10.07,10.07,10.07,10.07,705,0
DFLI.US,D,20220328,000000,10.05,10.0699,10.05,10.06,1864,0
DFLI.US,D,20220329,000000,10.045,10.07,10.045,10.07,810,0
DFLI.US,D,20220330,000000,10.15,10.15,10.04,10.04,4615,0
DFLI.US,D,20220331,000000,10.07,10.0799,10.06,10.07,1303,0
DFLI.US,D,20220401,000000,10.07,10.07,10.065,10.065,1337,0
DFLI.US,D,20220404,000000,10.1,10.1,10.08,10.09,983,0
DFLI.US,D,20220405,000000,10.08,10.08,10.075,10.075,5278,0
DFLI.US,D,20220406,000000,10.07,10.08,10.02,10.05,250264,0
DFLI.US,D,20220407,000000,10.04,10.06,10.04,10.06,176396,0
DFLI.US,D,20220408,000000,10.06,10.06,10.05,10.05,600,0
DFLI.US,D,20220411,000000,10.08,10.18,10.07,10.08,11476,0
DFLI.US,D,20220412,000000,10.05,10.05,10.05,10.05,75263,0
DFLI.US,D,20220413,000000,10.09,10.09,10.06,10.06,12525,0
DFLI.US,D,20220414,000000,10.09,10.09,10.07,10.07,1406,0
DFLI.US,D,20220418,000000,10.07,10.07,10.07,10.07,75219,0
DFLI.US,D,20220419,000000,10.07,10.07,10.07,10.07,75504,0
DFLI.US,D,20220420,000000,10.08,10.08,10.08,10.08,6501,0
DFLI.US,D,20220421,000000,10.0864,10.1288,10.0864,10.09,9117,0
DFLI.US,D,20220422,000000,10.1,10.1,10.085,10.1,11067,0
DFLI.US,D,20220425,000000,10.27,10.28,10.1,10.1,252842,0
DFLI.US,D,20220426,000000,10.09,10.11,10.07,10.07,83418,0
DFLI.US,D,20220427,000000,10.07,10.08,10.07,10.08,27377,0
DFLI.US,D,20220428,000000,10.07,10.075,10.06,10.07,100918,0
DFLI.US,D,20220429,000000,10.06,10.07,10.06,10.07,51879,0
DFLI.US,D,20220502,000000,10.07,10.07,10.06,10.07,24982,0
DFLI.US,D,20220503,000000,10.08,10.09,10.07,10.07,24232,0
DFLI.US,D,20220504,000000,10.08,10.08,10.07,10.07,9189,0
DFLI.US,D,20220505,000000,10.07,10.08,10.07,10.08,12512,0
DFLI.US,D,20220506,000000,10.08,10.09,10.08,10.08,5018,0
DFLI.US,D,20220509,000000,10.08,10.08,10.08,10.08,2312,0
DFLI.US,D,20220510,000000,10.07,10.08,10.07,10.07,4139,0
DFLI.US,D,20220511,000000,10.07,10.0703,10.06,10.06,3744,0
DFLI.US,D,20220513,000000,10.09,10.09,10.09,10.09,475,0
DFLI.US,D,20220516,000000,10.07,10.1,10.07,10.0818,719025,0
DFLI.US,D,20220517,000000,10.08,10.08,10.06,10.07,41257,0
DFLI.US,D,20220518,000000,10.09,10.09,10.07,10.07,16173,0
DFLI.US,D,20220519,000000,10.08,10.08,10.0799,10.08,11934,0
DFLI.US,D,20220520,000000,10.09,10.09,10.08,10.08,519,0
DFLI.US,D,20220523,000000,10.08,10.09,10.08,10.0827,6090,0
DFLI.US,D,20220524,000000,10.07,10.07,10.07,10.07,2806,0
DFLI.US,D,20220525,000000,10.09,10.12,10.087,10.11,176435,0
DFLI.US,D,20220526,000000,10.09,10.1,10.08,10.095,9440,0
DFLI.US,D,20220527,000000,10.09,10.12,10.09,10.12,24072,0
DFLI.US,D,20220531,000000,10.12,10.12,10.1,10.11,49544,0
DFLI.US,D,20220602,000000,10.12,10.255,10.105,10.13,90845,0
DFLI.US,D,20220603,000000,10.15,11.14,10.1195,10.15,24198,0
DFLI.US,D,20220606,000000,10.16,10.17,10.1326,10.1385,3989,0
DFLI.US,D,20220607,000000,10.18,10.18,10.1,10.12,7415,0
DFLI.US,D,20220608,000000,10.155,10.155,10.12,10.12,6199,0
DFLI.US,D,20220609,000000,10.14,10.14,10.12,10.12,828,0
DFLI.US,D,20220610,000000,10.15,10.15,10.125,10.125,471,0
DFLI.US,D,20220613,000000,10.1,10.125,10.1,10.12,3760,0
DFLI.US,D,20220614,000000,10.12,10.12,10.09,10.09,73363,0
DFLI.US,D,20220615,000000,10.09,10.1,10.09,10.1,51286,0
DFLI.US,D,20220616,000000,10.1,10.1,10.1,10.1,653,0
DFLI.US,D,20220621,000000,10.15,10.15,10.15,10.15,631,0
DFLI.US,D,20220622,000000,10.15,10.15,10.09,10.14,5846,0
DFLI.US,D,20220623,000000,10.14,10.14,10.14,10.14,181,0
DFLI.US,D,20220624,000000,10.115,10.14,10.115,10.115,471,0
DFLI.US,D,20220627,000000,10.12,10.14,10.12,10.12,531,0
DFLI.US,D,20220628,000000,10.1499,10.1499,10.12,10.12,725,0
DFLI.US,D,20220629,000000,10.1499,10.1499,10.1499,10.1499,345,0
DFLI.US,D,20220705,000000,10.12,10.12,10.12,10.12,82095,0
DFLI.US,D,20220706,000000,10.115,10.12,10.115,10.12,5444,0
DFLI.US,D,20220707,000000,10.115,10.12,10.11,10.12,50403,0
DFLI.US,D,20220711,000000,10.12,10.13,10.12,10.13,28393,0
DFLI.US,D,20220713,000000,10.13,10.13,10.13,10.13,600,0
DFLI.US,D,20220715,000000,10.13,10.13,10.13,10.13,422,0
DFLI.US,D,20220718,000000,10.13,10.14,10.13,10.14,50963,0
DFLI.US,D,20220719,000000,10.14,10.14,10.13,10.14,4500,0
DFLI.US,D,20220720,000000,10.14,10.14,10.125,10.13,126427,0
DFLI.US,D,20220721,000000,10.13,10.14,10.13,10.14,6353,0
DFLI.US,D,20220722,000000,10.14,10.1604,10.14,10.14,70853,0
DFLI.US,D,20220725,000000,10.16,10.16,10.1399,10.14,648,0
DFLI.US,D,20220726,000000,10.1433,10.1433,10.13,10.13,1466,0
DFLI.US,D,20220727,000000,10.15,10.15,10.14,10.15,1091588,0
DFLI.US,D,20220728,000000,10.145,10.16,10.145,10.15,412862,0
DFLI.US,D,20220729,000000,10.15,10.16,10.15,10.15,2813,0
DFLI.US,D,20220801,000000,10.16,10.17,10.15,10.16,44172,0
DFLI.US,D,20220802,000000,10.16,10.19,10.16,10.18,40382,0
DFLI.US,D,20220803,000000,10.17,10.29,10.15,10.22,31552,0
DFLI.US,D,20220804,000000,10.22,10.29,10.2,10.29,11864,0
DFLI.US,D,20220805,000000,10.28,10.29,10.2,10.21,79755,0
DFLI.US,D,20220808,000000,10.24,10.27,10.23,10.24,97843,0
DFLI.US,D,20220809,000000,10.27,10.29,10.24,10.27,3588,0
DFLI.US,D,20220810,000000,10.27,10.27,10.255,10.2601,1714,0
DFLI.US,D,20220811,000000,10.2687,10.27,10.26,10.26,4263,0
DFLI.US,D,20220812,000000,10.26,10.26,10.26,10.26,497,0
DFLI.US,D,20220815,000000,10.24,10.28,10.24,10.2799,39227,0
DFLI.US,D,20220816,000000,10.29,10.29,10.25,10.2799,13953,0
DFLI.US,D,20220817,000000,10.27,10.29,10.2602,10.29,3107,0
DFLI.US,D,20220818,000000,10.28,10.28,10.23,10.24,230624,0
DFLI.US,D,20220819,000000,10.28,10.29,10.28,10.285,4984,0
DFLI.US,D,20220822,000000,10.28,10.2899,10.27,10.2782,6080,0
DFLI.US,D,20220823,000000,10.29,10.29,10.2834,10.2834,419,0
DFLI.US,D,20220824,000000,10.28,10.29,10.28,10.29,865,0
DFLI.US,D,20220825,000000,10.2801,10.29,10.28,10.2898,3340,0
DFLI.US,D,20220826,000000,10.29,10.29,10.29,10.29,582,0
DFLI.US,D,20220829,000000,10.285,10.285,10.285,10.285,277,0
DFLI.US,D,20220830,000000,10.29,10.3,10.29,10.29,4651,0
DFLI.US,D,20220831,000000,10.3,10.32,10.3,10.3,4050,0
DFLI.US,D,20220901,000000,10.2801,10.3,10.2801,10.3,1868,0
DFLI.US,D,20220902,000000,10.3,10.3,10.2999,10.2999,3146,0
DFLI.US,D,20220906,000000,10.27,10.3099,10.27,10.27,1769,0
DFLI.US,D,20220907,000000,10.29,10.31,10.27,10.29,1735,0
DFLI.US,D,20220908,000000,10.29,10.29,10.27,10.28,794,0
DFLI.US,D,20220909,000000,10.2716,10.28,10.27,10.28,2134,0
DFLI.US,D,20220912,000000,10.29,10.29,10.25,10.25,2143,0
DFLI.US,D,20220913,000000,10.2808,10.29,10.25,10.29,112,0
DFLI.US,D,20220915,000000,10.285,10.29,10.285,10.29,1443,0
DFLI.US,D,20220916,000000,10.2701,10.29,10.2701,10.28,2528,0
DFLI.US,D,20220919,000000,10.28,10.28,10.26,10.26,13999,0
DFLI.US,D,20220920,000000,10.28,10.28,10.28,10.28,2029,0
DFLI.US,D,20220921,000000,10.25,10.28,10.25,10.28,7147,0
DFLI.US,D,20220922,000000,10.3,10.3,10.28,10.3,4427,0
DFLI.US,D,20220923,000000,10.2838,10.33,10.28,10.3203,47373,0
DFLI.US,D,20220926,000000,10.32,10.36,10.315,10.33,43963,0
DFLI.US,D,20220927,000000,10.35,10.8,10.33,10.33,91637,0
DFLI.US,D,20220928,000000,10.35,10.36,10.28,10.29,103905,0
DFLI.US,D,20220929,000000,10.33,10.33,10.3,10.3299,6795,0
DFLI.US,D,20220930,000000,10.33,10.87,10.29,10.29,511081,0
DFLI.US,D,20221003,000000,10.25,10.35,10.2,10.29,6700,0
DFLI.US,D,20221004,000000,10.25,10.96,10.2,10.63,35862,0
DFLI.US,D,20221005,000000,10.91,27.9499,10.91,21.54,896495,0
DFLI.US,D,20221006,000000,19.74,21.8799,13.255,15.24,420415,0
DFLI.US,D,20221007,000000,14.98,15.12,13.5,14,94431,0
DFLI.US,D,20221010,000000,12,13.5668,8.98,13.16,235200,0
DFLI.US,D,20221011,000000,13.2,17.68,11.22,14.23,404900,0
DFLI.US,D,20221012,000000,14.23,14.23,9.51,10.02,347900,0
DFLI.US,D,20221013,000000,8.6,9.26,7.2501,8.69,250382,0
DFLI.US,D,20221014,000000,8.19,8.9361,7.5,7.5,122101,0
DFLI.US,D,20221017,000000,8.14,9.58,7.61,9.58,408000,0
DFLI.US,D,20221018,000000,8.71,9.3,7.47,7.64,583236,0
DFLI.US,D,20221019,000000,7.7,7.8,6.75,7.4,263002,0
DFLI.US,D,20221020,000000,7.46,7.69,7.1101,7.62,62520,0
DFLI.US,D,20221021,000000,7.77,8.74,7.5,8.19,192900,0
DFLI.US,D,20221024,000000,7.81,8.2,7.51,7.92,103573,0
DFLI.US,D,20221025,000000,8.17,8.5,7.5401,8.2,126903,0
DFLI.US,D,20221026,000000,8.16,8.4,8,8.1,23450,0
DFLI.US,D,20221027,000000,8.37,9.29,8.0111,8.725,83714,0
DFLI.US,D,20221028,000000,9.21,9.21,7.71,8.0001,158346,0
DFLI.US,D,20221031,000000,8.06,8.74,7.5295,7.98,60027,0
DFLI.US,D,20221101,000000,7.97,7.97,7.35,7.5,34738,0
DFLI.US,D,20221102,000000,7.3262,7.57,7.26,7.5,24942,0
DFLI.US,D,20221103,000000,7.5,8.75,7.27,8.22,87281,0
DFLI.US,D,20221104,000000,8.67,8.75,7.85,8.61,36311,0
DFLI.US,D,20221107,000000,8.23,8.6099,7.6501,8.5,39320,0
DFLI.US,D,20221108,000000,8.82,8.94,8.2637,8.47,64287,0
DFLI.US,D,20221109,000000,8.73,8.89,7.62,7.81,45327,0
DFLI.US,D,20221110,000000,8.22,8.5,7.6,8.5,39419,0
DFLI.US,D,20221111,000000,8.45,8.88,8.18,8.79,27573,0
DFLI.US,D,20221114,000000,8.42,8.59,8.04,8.22,21788,0
DFLI.US,D,20221115,000000,8.31,8.3899,8.07,8.08,29489,0
DFLI.US,D,20221116,000000,8.09,8.47,7.94,7.97,32890,0
DFLI.US,D,20221117,000000,8.05,8.68,8.05,8.38,16291,0
DFLI.US,D,20221118,000000,8.5,8.8079,8.5,8.52,34241,0
DFLI.US,D,20221121,000000,9.09,9.09,8.1,8.49,18173,0
DFLI.US,D,20221122,000000,8.44,8.86,8.09,8.15,54162,0
DFLI.US,D,20221123,000000,8.28,8.765,8.1355,8.28,13847,0
DFLI.US,D,20221125,000000,8.44,8.6735,8.1,8.23,7135,0
DFLI.US,D,20221128,000000,8.7,8.7,8.26,8.26,10542,0
DFLI.US,D,20221129,000000,8.56,8.7,8.28,8.32,13802,0
DFLI.US,D,20221130,000000,8.6,8.7,8.4,8.42,10855,0
DFLI.US,D,20221201,000000,8.5,8.7,8.3,8.52,9439,0
DFLI.US,D,20221202,000000,8.37,8.7,8.3346,8.7,7475,0
DFLI.US,D,20221205,000000,8.69,10,8.4901,9.4,63317,0
DFLI.US,D,20221206,000000,9,9.842,8.4,9.68,44047,0
DFLI.US,D,20221207,000000,9.26,10.8,9.12,10.18,42341,0
DFLI.US,D,20221208,000000,10.28,10.91,9.81,9.81,23708,0
DFLI.US,D,20221209,000000,10.99,11.5,10.4,11,56062,0
DFLI.US,D,20221212,000000,12.56,15,12.56,14.45,104008,0
DFLI.US,D,20221213,000000,15.71,15.91,13.2,13.85,77735,0
DFLI.US,D,20221214,000000,12.48,14.86,12,14.28,54394,0
DFLI.US,D,20221215,000000,15,15,12.76,13.13,36874,0
DFLI.US,D,20221216,000000,13.43,16.31,12.6701,16.31,368529,0
DFLI.US,D,20221219,000000,16.8,23.7226,15.33,20,172210,0
DFLI.US,D,20221220,000000,20.8,28.7497,20.8,24.47,172367,0
DFLI.US,D,20221221,000000,25.33,26.1758,22.21,25.08,108996,0
DFLI.US,D,20221222,000000,25.41,25.41,13.71,14.86,152270,0
DFLI.US,D,20221223,000000,12,12.15,10.5,10.85,259444,0
DFLI.US,D,20221227,000000,11.25,11.49,9.3501,10.01,119386,0
DFLI.US,D,20221228,000000,10.18,11.43,10.08,10.8,87001,0
DFLI.US,D,20221229,000000,10.8,11.55,10.5901,10.75,45505,0
DFLI.US,D,20221230,000000,10.8,11.96,10.51,11.9,58357,0
DFLI.US,D,20230103,000000,11.9,12.28,11.25,12.03,54217,0
DFLI.US,D,20230104,000000,12.43,12.43,10.93,11.75,54758,0
DFLI.US,D,20230105,000000,11.31,11.89,10.5,11.2,37368,0
DFLI.US,D,20230106,000000,10.8,11.44,10.25,10.33,37520,0
DFLI.US,D,20230109,000000,10.08,10.6682,9.19,9.58,77476,0
DFLI.US,D,20230110,000000,9.29,9.65,9.09,9.29,80702,0
DFLI.US,D,20230111,000000,9.6,9.6,9.01,9.01,55399,0
DFLI.US,D,20230112,000000,9.05,9.52,8.89,8.89,68409,0
DFLI.US,D,20230113,000000,8.82,9.33,8.29,8.46,113896,0
DFLI.US,D,20230117,000000,8.9,8.9,8.19,8.3,86783,0
DFLI.US,D,20230118,000000,8.25,8.6,8.01,8.2,44043,0
DFLI.US,D,20230119,000000,8.27,8.27,7.61,7.78,114805,0
DFLI.US,D,20230120,000000,7.88,8.05,7.66,7.86,53135,0
DFLI.US,D,20230123,000000,7.85,8.0499,7.5,7.67,44755,0
DFLI.US,D,20230124,000000,7.65,7.8499,7.5,7.5,29396,0
DFLI.US,D,20230125,000000,7.7,7.8953,7.4579,7.64,64450,0
DFLI.US,D,20230126,000000,7.7,8.0193,7.1,7.1,62892,0
DFLI.US,D,20230127,000000,7,7.4,7,7.05,82475,0
DFLI.US,D,20230130,000000,7.05,7.2564,6.908,7.07,49403,0
DFLI.US,D,20230131,000000,7.3,7.3,6.71,6.85,49662,0
DFLI.US,D,20230201,000000,7.05,7.1725,6.7666,7,50052,0
DFLI.US,D,20230202,000000,7,7.14,6.85,6.95,33453,0
DFLI.US,D,20230203,000000,6.95,7.1,6.74,6.9,31043,0
DFLI.US,D,20230206,000000,6.81,7,6.72,6.86,40928,0
DFLI.US,D,20230207,000000,6.91,6.91,6.75,6.9,21725,0
DFLI.US,D,20230208,000000,7.17,7.17,6.8,6.93,48169,0
DFLI.US,D,20230209,000000,7.92,8.9799,7.35,7.5,1147190,0
DFLI.US,D,20230210,000000,8.14,8.43,7.45,7.91,577292,0
DFLI.US,D,20230213,000000,8.2,8.28,6.95,7,258364,0
DFLI.US,D,20230214,000000,7,7.18,6.73,6.81,223684,0
DFLI.US,D,20230215,000000,6.85,7.02,6.33,6.42,363702,0
DFLI.US,D,20230216,000000,6.5,6.5,5.75,6.16,350765,0
DFLI.US,D,20230217,000000,6.01,6.1639,5.8401,5.85,119337,0
DFLI.US,D,20230221,000000,5.85,5.86,4.81,4.94,252744,0
DFLI.US,D,20230222,000000,4.94,5.1099,4.75,4.76,170650,0
DFLI.US,D,20230223,000000,4.75,4.786,4.1,4.14,267201,0
DFLI.US,D,20230224,000000,4.19,4.19,3.95,3.975,129393,0
DFLI.US,D,20230227,000000,4.12,4.3398,3.971,4.25,146670,0
DFLI.US,D,20230228,000000,4.47,5.82,4.1,4.18,921807,0
DFLI.US,D,20230301,000000,4.15,4.43,4.1,4.16,171682,0
DFLI.US,D,20230302,000000,4.16,4.29,4,4.13,94543,0
DFLI.US,D,20230303,000000,4.18,4.34,4.05,4.18,61250,0
DFLI.US,D,20230306,000000,4.22,4.33,4.1,4.21,88289,0
DFLI.US,D,20230307,000000,4.25,4.405,4.16,4.34,130613,0
DFLI.US,D,20230308,000000,4.38,4.46,4.27,4.34,66478,0
DFLI.US,D,20230309,000000,4.35,4.35,4.22,4.32,90413,0
DFLI.US,D,20230310,000000,4.27,4.4,3.9,3.97,127650,0
DFLI.US,D,20230313,000000,3.88,3.88,3.4611,3.55,156406,0
DFLI.US,D,20230314,000000,3.51,3.725,3.12,3.18,210762,0
DFLI.US,D,20230315,000000,3.21,3.21,2.85,2.9,157497,0
DFLI.US,D,20230316,000000,2.83,2.862,2.6246,2.75,148628,0
DFLI.US,D,20230317,000000,2.79,3.68,2.61,3.6,224112,0
DFLI.US,D,20230320,000000,3.6,4.145,3.44,3.99,147546,0
DFLI.US,D,20230321,000000,4.04,4.84,4.04,4.71,194154,0
DFLI.US,D,20230322,000000,5,5,4.25,4.51,164175,0
DFLI.US,D,20230323,000000,4.45,4.5999,4.24,4.42,93076,0
DFLI.US,D,20230324,000000,4.42,4.5299,3.97,4.12,86479,0
DFLI.US,D,20230327,000000,4.1,4.2,3.99,4.15,31978,0
DFLI.US,D,20230328,000000,4.12,4.135,3.9,3.92,22588,0
DFLI.US,D,20230329,000000,3.98,4.55,3.9263,4.44,91339,0
DFLI.US,D,20230330,000000,3.99,3.99,3.01,3.14,562263,0
DFLI.US,D,20230331,000000,3.2,3.2,2.54,3,300763,0
DFLI.US,D,20230403,000000,3,3.07,2.9,2.98,132114,0
DFLI.US,D,20230404,000000,3.15,3.42,3.15,3.17,195866,0
DFLI.US,D,20230405,000000,3.35,3.4273,3.2201,3.27,173380,0
DFLI.US,D,20230406,000000,3.36,3.4,3.3,3.35,77799,0
DFLI.US,D,20230410,000000,3.4,3.49,3,3.25,175957,0
DFLI.US,D,20230411,000000,3.27,3.33,3.17,3.18,57384,0
DFLI.US,D,20230412,000000,3.2,3.94,3.16,3.73,351402,0
DFLI.US,D,20230413,000000,3.95,4.51,3.8,4.19,380009,0
DFLI.US,D,20230414,000000,4.4,4.4399,3.9502,4.29,118370,0
DFLI.US,D,20230417,000000,5.81,6.35,4.81,5.39,3431539,0
DFLI.US,D,20230418,000000,5.47,5.96,4.84,4.89,536836,0
DFLI.US,D,20230419,000000,4.57,4.64,4.19,4.39,320289,0
DFLI.US,D,20230420,000000,4.43,5.55,4.31,4.89,485577,0
DFLI.US,D,20230421,000000,4.83,5.1199,4.62,4.97,154079,0
DFLI.US,D,20230424,000000,5,5.14,4.89,4.93,111401,0
DFLI.US,D,20230425,000000,4.95,4.955,4.51,4.63,59148,0
DFLI.US,D,20230426,000000,4.67,4.86,4.62,4.72,69549,0
DFLI.US,D,20230427,000000,4.72,5.07,4.5479,5.005,106450,0
DFLI.US,D,20230428,000000,4.99,5.25,4.87,5.06,110544,0
DFLI.US,D,20230501,000000,4.88,5.19,4.8,5.16,53952,0
DFLI.US,D,20230502,000000,4.92,5.25,4.92,5.06,37440,0
DFLI.US,D,20230503,000000,4.97,5.26,4.87,5.03,69419,0
DFLI.US,D,20230504,000000,4.98,5.24,4.98,5,41147,0
DFLI.US,D,20230505,000000,5.09,5.33,4.91,4.98,68549,0
DFLI.US,D,20230508,000000,5.11,5.125,4.55,4.58,140110,0
DFLI.US,D,20230509,000000,4.57,4.635,3.81,3.87,196765,0
DFLI.US,D,20230510,000000,3.95,4.02,3.46,3.52,213699,0
DFLI.US,D,20230511,000000,3.59,3.83,3.27,3.28,224307,0
DFLI.US,D,20230512,000000,3.4,3.55,2.94,2.99,333056,0
DFLI.US,D,20230515,000000,3.07,3.63,2.93,2.94,548252,0
DFLI.US,D,20230516,000000,3.2,3.35,2.78,2.9,471310,0
DFLI.US,D,20230517,000000,2.89,3,2.8001,3,252252,0
DFLI.US,D,20230518,000000,3,3,2.66,2.84,361908,0
DFLI.US,D,20230519,000000,2.9,3.01,2.79,2.84,160299,0
DFLI.US,D,20230522,000000,2.88,2.92,2.69,2.87,233685,0
DFLI.US,D,20230523,000000,2.82,3.0245,2.82,2.9,153231,0
DFLI.US,D,20230524,000000,2.87,2.9,2.685,2.81,131921,0
DFLI.US,D,20230525,000000,2.88,2.88,2.7,2.75,98607,0
DFLI.US,D,20230526,000000,2.75,2.76,2.65,2.745,117840,0
DFLI.US,D,20230530,000000,2.82,2.82,2.52,2.69,350133,0
DFLI.US,D,20230531,000000,2.7,2.75,2.6,2.64,237764,0
DFLI.US,D,20230601,000000,2.61,2.8,2.53,2.7,392323,0
DFLI.US,D,20230602,000000,2.7,2.75,2.65,2.67,141990,0
DFLI.US,D,20230605,000000,2.67,2.8,2.62,2.74,387617,0
DFLI.US,D,20230606,000000,2.75,2.8199,2.6838,2.79,417563,0
DFLI.US,D,20230607,000000,2.82,2.99,2.75,2.79,204425,0
DFLI.US,D,20230608,000000,2.83,2.92,2.8,2.83,96589,0
DFLI.US,D,20230609,000000,2.85,2.9869,2.8,2.9,208410,0
DFLI.US,D,20230612,000000,3.17,4.45,3.03,3.3,12226832,0
DFLI.US,D,20230613,000000,3.2,3.3699,2.95,3.1,916857,0
DFLI.US,D,20230614,000000,3.06,3.07,2.56,2.56,1444219,0
DFLI.US,D,20230615,000000,2.82,3.2,2.69,2.8,13556635,0
DFLI.US,D,20230616,000000,2.88,2.9591,2.62,2.79,3362938,0
DFLI.US,D,20230620,000000,1.6,1.62,1.38,1.5,21233802,0
DFLI.US,D,20230621,000000,1.52,1.56,1.38,1.55,3691775,0
DFLI.US,D,20230622,000000,1.53,1.55,1.49,1.5,1884329,0
DFLI.US,D,20230623,000000,1.52,1.53,1.45,1.5,3075277,0
DFLI.US,D,20230626,000000,1.48,1.56,1.45,1.54,1869051,0
DFLI.US,D,20230627,000000,1.5,1.545,1.49,1.52,950888,0
DFLI.US,D,20230628,000000,1.49,1.51,1.46,1.5,769688,0
DFLI.US,D,20230629,000000,1.48,1.51,1.4618,1.5,793464,0
DFLI.US,D,20230630,000000,1.49,1.51,1.47,1.48,935495,0
DFLI.US,D,20230703,000000,1.47,1.5,1.47,1.5,463333,0
DFLI.US,D,20230705,000000,1.49,1.5,1.45,1.47,561880,0
DFLI.US,D,20230706,000000,1.47,1.48,1.42,1.46,1087274,0
DFLI.US,D,20230707,000000,1.48,1.51,1.4512,1.49,725091,0
DFLI.US,D,20230710,000000,1.51,1.58,1.49,1.52,1097255,0
DFLI.US,D,20230711,000000,1.78,1.84,1.64,1.75,22434920,0
DFLI.US,D,20230712,000000,1.69,1.72,1.57,1.61,2791413,0
DFLI.US,D,20230713,000000,1.77,1.8999,1.67,1.75,17900026,0
DFLI.US,D,20230714,000000,1.76,1.83,1.65,1.79,2833649,0
DFLI.US,D,20230717,000000,1.78,1.85,1.73,1.82,2120581,0
DFLI.US,D,20230718,000000,1.83,1.95,1.8294,1.93,3371645,0
DFLI.US,D,20230719,000000,2.07,2.11,1.93,2.06,6526463,0
DFLI.US,D,20230720,000000,2.04,2.1,1.94,2.1,2588856,0
DFLI.US,D,20230721,000000,2.13,2.53,2.12,2.49,7082928,0
DFLI.US,D,20230724,000000,2.54,3.25,2.4,2.84,16785005,0
DFLI.US,D,20230725,000000,3.06,3.15,2.51,2.57,7156913,0
DFLI.US,D,20230726,000000,2.56,2.76,2.34,2.66,3175059,0
DFLI.US,D,20230727,000000,2.74,2.74,2.41,2.42,2828553,0
DFLI.US,D,20230728,000000,2.5,2.66,2.45,2.565,2322473,0
DFLI.US,D,20230731,000000,2.65,2.85,2.62,2.74,3155122,0
DFLI.US,D,20230801,000000,2.8,3,2.66,2.95,2467274,0
DFLI.US,D,20230802,000000,2.78,2.88,2.66,2.685,2373179,0
DFLI.US,D,20230803,000000,2.69,2.82,2.6509,2.72,1332582,0
DFLI.US,D,20230804,000000,2.73,2.739,2.6,2.62,1226374,0
DFLI.US,D,20230807,000000,2.51,2.63,2.35,2.58,1427211,0
DFLI.US,D,20230808,000000,2.5,2.62,2.42,2.62,1080392,0
DFLI.US,D,20230809,000000,2.55,2.6,2.38,2.5,1577943,0
DFLI.US,D,20230810,000000,2.49,2.5,2.18,2.26,2327875,0
DFLI.US,D,20230811,000000,2.23,2.25,2.07,2.15,1181470,0
DFLI.US,D,20230814,000000,2.1,2.16,2.03,2.14,599210,0
DFLI.US,D,20230815,000000,2.09,2.15,2.03,2.06,1016253,0
DFLI.US,D,20230816,000000,2.04,2.1,1.91,1.95,1024419,0
DFLI.US,D,20230817,000000,1.92,1.96,1.83,1.83,964603,0
DFLI.US,D,20230818,000000,1.8,1.97,1.75,1.95,1371149,0
DFLI.US,D,20230821,000000,1.93,2.053,1.9,1.925,1718896,0
DFLI.US,D,20230822,000000,1.49,1.65,1.43,1.62,3556618,0
DFLI.US,D,20230823,000000,1.55,1.61,1.54,1.58,759562,0
DFLI.US,D,20230824,000000,1.57,1.59,1.53,1.54,590025,0
DFLI.US,D,20230825,000000,1.53,1.65,1.53,1.62,720604,0
DFLI.US,D,20230828,000000,1.62,1.73,1.59,1.71,712286,0
DFLI.US,D,20230829,000000,1.72,1.81,1.7,1.79,806861,0
DFLI.US,D,20230830,000000,1.81,1.89,1.78,1.84,587331,0
DFLI.US,D,20230831,000000,1.86,1.88,1.72,1.72,825289,0
DFLI.US,D,20230901,000000,1.74,1.765,1.71,1.75,332259,0
DFLI.US,D,20230905,000000,1.76,1.85,1.735,1.84,589424,0
DFLI.US,D,20230906,000000,1.83,1.83,1.7,1.7,512788,0
DFLI.US,D,20230907,000000,1.69,1.69,1.59,1.68,486218,0
DFLI.US,D,20230908,000000,1.68,1.73,1.64,1.72,219804,0
DFLI.US,D,20230911,000000,1.7,1.79,1.7,1.76,301333,0
DFLI.US,D,20230912,000000,1.76,1.785,1.69,1.71,241184,0
DFLI.US,D,20230913,000000,1.72,1.72,1.64,1.68,377989,0
DFLI.US,D,20230914,000000,1.72,1.75,1.68,1.7,399831,0
DFLI.US,D,20230915,000000,1.7,1.735,1.63,1.71,1637063,0
DFLI.US,D,20230918,000000,1.67,1.795,1.66,1.77,387026,0
DFLI.US,D,20230919,000000,1.8,1.89,1.75,1.77,1040849,0
DFLI.US,D,20230920,000000,1.77,1.96,1.75,1.86,738779,0
DFLI.US,D,20230921,000000,1.8,1.81,1.7,1.7,459676,0
DFLI.US,D,20230922,000000,1.72,1.72,1.625,1.68,419445,0
DFLI.US,D,20230925,000000,1.64,1.71,1.62,1.7,213944,0
DFLI.US,D,20230926,000000,1.65,1.67,1.6,1.6,372099,0
DFLI.US,D,20230927,000000,1.64,1.64,1.6,1.63,296604,0
DFLI.US,D,20230928,000000,1.63,1.64,1.56,1.6,304575,0
DFLI.US,D,20230929,000000,1.63,1.63,1.52,1.54,431291,0
DFLI.US,D,20231002,000000,1.58,1.58,1.52,1.54,257928,0
DFLI.US,D,20231003,000000,1.5,1.5255,1.48,1.49,440949,0
DFLI.US,D,20231004,000000,1.45,1.47,1.4,1.44,658682,0
DFLI.US,D,20231005,000000,1.51,1.5173,1.44,1.46,439576,0
DFLI.US,D,20231006,000000,1.47,1.47,1.41,1.43,383613,0
DFLI.US,D,20231009,000000,1.4,1.42,1.27,1.295,769087,0
DFLI.US,D,20231010,000000,1.3,1.48,1.3,1.45,472431,0
DFLI.US,D,20231011,000000,1.5,1.51,1.445,1.46,405155,0
DFLI.US,D,20231012,000000,1.47,1.49,1.38,1.39,382614,0
DFLI.US,D,20231013,000000,1.4,1.4,1.33,1.37,424546,0
DFLI.US,D,20231016,000000,1.38,1.41,1.355,1.4,267008,0
DFLI.US,D,20231017,000000,1.39,1.44,1.32,1.33,445867,0
DFLI.US,D,20231018,000000,1.32,1.3393,1.17,1.2,730313,0
DFLI.US,D,20231019,000000,1.22,1.23,1.12,1.145,363595,0
DFLI.US,D,20231020,000000,1.14,1.14,1.08,1.11,651203,0
DFLI.US,D,20231023,000000,1.1,1.24,1.07,1.14,470133,0
DFLI.US,D,20231024,000000,1.2,1.2,1.09,1.12,296934,0
DFLI.US,D,20231025,000000,1.14,1.16,1.08,1.11,452029,0
DFLI.US,D,20231026,000000,1.09,1.095,1.01,1.04,441693,0
DFLI.US,D,20231027,000000,1.05,1.05,0.95,0.9788,780145,0
DFLI.US,D,20231030,000000,0.97,0.988,0.8248,0.8521,760453,0
DFLI.US,D,20231031,000000,0.823,0.845,0.8,0.8241,388495,0
DFLI.US,D,20231101,000000,0.83,0.83,0.7059,0.7201,846387,0
DFLI.US,D,20231102,000000,0.7338,0.7689,0.7192,0.7622,425189,0
DFLI.US,D,20231103,000000,0.77,0.8742,0.77,0.8738,1023863,0
DFLI.US,D,20231106,000000,0.9398,0.96,0.84,0.8874,911864,0
DFLI.US,D,20231107,000000,0.87,0.8749,0.8008,0.8468,446354,0
DFLI.US,D,20231108,000000,0.8552,0.8552,0.77,0.7888,438540,0
DFLI.US,D,20231109,000000,0.8181,0.8181,0.7111,0.7164,507633,0
DFLI.US,D,20231110,000000,0.7495,0.7495,0.64,0.7301,769131,0
DFLI.US,D,20231113,000000,0.75,0.75,0.683,0.6983,694738,0
DFLI.US,D,20231114,000000,0.7092,0.7189,0.5,0.5441,2731042,0
DFLI.US,D,20231115,000000,0.6,0.615,0.5211,0.526,1050221,0
DFLI.US,D,20231116,000000,0.5411,0.5476,0.52,0.5357,582348,0
DFLI.US,D,20231117,000000,0.5266,0.55,0.5051,0.5435,466769,0
DFLI.US,D,20231120,000000,0.5418,0.6609,0.54,0.6263,936081,0
DFLI.US,D,20231121,000000,0.64,0.74,0.628,0.65,984935,0
DFLI.US,D,20231122,000000,0.66,0.6919,0.5811,0.6012,380188,0
DFLI.US,D,20231124,000000,0.6,0.6621,0.57,0.66,290803,0
DFLI.US,D,20231127,000000,0.68,0.73,0.65,0.705,829450,0
DFLI.US,D,20231128,000000,0.6783,0.719,0.66,0.6661,425718,0
DFLI.US,D,20231129,000000,0.6792,0.7094,0.6138,0.6245,427351,0
DFLI.US,D,20231130,000000,0.6253,0.65,0.561,0.5711,425369,0
DFLI.US,D,20231201,000000,0.619,0.62,0.5518,0.5771,502701,0
DFLI.US,D,20231204,000000,0.5632,0.6139,0.549,0.5675,415625,0
DFLI.US,D,20231205,000000,0.5508,0.5764,0.54,0.5538,386380,0
DFLI.US,D,20231206,000000,0.57,0.6012,0.5611,0.5764,470163,0
DFLI.US,D,20231207,000000,0.5794,0.5794,0.56,0.566,173326,0
DFLI.US,D,20231208,000000,0.5724,0.5991,0.5611,0.5868,356929,0
DFLI.US,D,20231211,000000,0.5776,0.58,0.539,0.5448,610490,0
DFLI.US,D,20231212,000000,0.56,0.57,0.5031,0.5268,353080,0
DFLI.US,D,20231213,000000,0.53,0.579,0.504,0.5504,544827,0
DFLI.US,D,20231214,000000,0.5524,0.585,0.52,0.5392,671760,0
DFLI.US,D,20231215,000000,0.56,0.58,0.52,0.52,578284,0
DFLI.US,D,20231218,000000,0.52,0.5448,0.5152,0.5228,457008,0
DFLI.US,D,20231219,000000,0.53,0.5771,0.525,0.5494,437299,0
DFLI.US,D,20231220,000000,0.554,0.5885,0.525,0.5646,534773,0
DFLI.US,D,20231221,000000,0.5629,0.6,0.5382,0.5793,399680,0
DFLI.US,D,20231222,000000,0.5791,0.5983,0.556,0.5705,494650,0
DFLI.US,D,20231226,000000,0.5627,0.625549,0.555,0.615,518001,0
DFLI.US,D,20231227,000000,0.615,0.639,0.6,0.6084,447964,0
DFLI.US,D,20231228,000000,0.6285,0.637,0.564,0.5747,724251,0
DFLI.US,D,20231229,000000,0.5786,0.6091,0.534,0.5418,651929,0
DFLI.US,D,20240102,000000,0.57,0.6356,0.56,0.5924,1251507,0
DFLI.US,D,20240103,000000,0.59,0.6,0.5402,0.557,442529,0
DFLI.US,D,20240104,000000,0.56,0.573,0.5291,0.533,490582,0
DFLI.US,D,20240105,000000,0.533,0.5335,0.52,0.5206,384259,0
DFLI.US,D,20240108,000000,0.54,0.5413,0.512,0.535,345676,0
DFLI.US,D,20240109,000000,0.5387,0.549,0.5201,0.5441,189036,0
DFLI.US,D,20240110,000000,0.5245,0.544,0.5112,0.5292,224943,0
DFLI.US,D,20240111,000000,0.53,0.54,0.51,0.5101,334757,0
DFLI.US,D,20240112,000000,0.53,0.531,0.475,0.4867,425305,0
DFLI.US,D,20240116,000000,0.5068,0.5068,0.4606,0.4733,415278,0
DFLI.US,D,20240117,000000,0.4742,0.4742,0.425,0.4418,472221,0
DFLI.US,D,20240118,000000,0.4398,0.4656,0.4398,0.4473,277008,0
DFLI.US,D,20240119,000000,0.45,0.4721,0.43,0.4401,277249,0
DFLI.US,D,20240122,000000,0.4276,0.4525,0.425,0.439,263644,0
DFLI.US,D,20240123,000000,0.4289,0.48,0.4261,0.4757,229239,0
DFLI.US,D,20240124,000000,0.4774,0.489,0.4542,0.4722,157548,0
DFLI.US,D,20240125,000000,0.5,0.5099,0.4454,0.453,269428,0
DFLI.US,D,20240126,000000,0.45,0.4988,0.45,0.4745,191119,0
DFLI.US,D,20240129,000000,0.47,0.535,0.454201,0.504,328182,0
DFLI.US,D,20240130,000000,0.501,0.5174,0.4889,0.5,147169,0
DFLI.US,D,20240131,000000,0.48,0.5301,0.47,0.47,132424,0
DFLI.US,D,20240201,000000,0.4681,0.48953,0.4606,0.461,141356,0
DFLI.US,D,20240202,000000,0.4883,0.5014,0.4365,0.4444,239807,0
DFLI.US,D,20240205,000000,0.4536,0.4583,0.4312,0.433,133275,0
DFLI.US,D,20240206,000000,0.4323,0.51,0.43,0.4864,265568,0
DFLI.US,D,20240207,000000,0.5,0.5,0.4501,0.4524,150295,0
DFLI.US,D,20240208,000000,0.465,0.51,0.460201,0.501,264956,0
DFLI.US,D,20240209,000000,0.505,0.507,0.48,0.4961,162226,0
DFLI.US,D,20240212,000000,0.483,0.51,0.48,0.5011,255520,0
DFLI.US,D,20240213,000000,0.5045,0.51,0.4608,0.47,165920,0
DFLI.US,D,20240214,000000,0.4797,0.5036,0.47,0.49,132060,0
DFLI.US,D,20240215,000000,0.4655,0.51,0.46,0.5,209807,0
DFLI.US,D,20240216,000000,0.4999,0.535,0.4955,0.501,275815,0
DFLI.US,D,20240220,000000,0.52,0.52,0.48,0.4915,230265,0
DFLI.US,D,20240221,000000,0.5199,0.5216,0.5,0.5039,167618,0
DFLI.US,D,20240222,000000,0.5157,0.5229,0.4999,0.514,169377,0
DFLI.US,D,20240223,000000,0.529,0.56,0.5,0.542,322609,0
DFLI.US,D,20240226,000000,0.5401,0.559999,0.52,0.5286,128526,0
DFLI.US,D,20240227,000000,0.5285,0.58,0.51,0.5501,319706,0
DFLI.US,D,20240228,000000,0.5604,0.59,0.56,0.56,269670,0
DFLI.US,D,20240229,000000,0.583,0.6778,0.576,0.656,604762,0
DFLI.US,D,20240301,000000,0.678,0.6955,0.6005,0.6164,537111,0
DFLI.US,D,20240304,000000,0.62,0.6497,0.5851,0.5901,276510,0
DFLI.US,D,20240305,000000,0.59,0.6,0.5053,0.5161,291348,0
DFLI.US,D,20240306,000000,0.5442,0.5845,0.5331,0.5691,140057,0
DFLI.US,D,20240307,000000,0.5816,0.598,0.5201,0.5304,190743,0
DFLI.US,D,20240308,000000,0.564,0.564,0.515,0.524,131844,0
DFLI.US,D,20240311,000000,0.54,0.559,0.5353,0.5501,129782,0
DFLI.US,D,20240312,000000,0.5482,0.581,0.5439,0.567,171249,0
DFLI.US,D,20240313,000000,0.5752,0.5899,0.5424,0.5427,243127,0
DFLI.US,D,20240314,000000,0.562,0.562,0.505,0.52,257269,0
DFLI.US,D,20240315,000000,0.516,0.5328,0.5102,0.528,212285,0
DFLI.US,D,20240318,000000,0.5172,0.536,0.505,0.505,162880,0
DFLI.US,D,20240319,000000,0.5061,0.5285,0.505,0.51,89724,0
DFLI.US,D,20240320,000000,0.5227,0.56,0.4901,0.5175,232751,0
DFLI.US,D,20240321,000000,0.5286,0.5694,0.5223,0.5424,213580,0
DFLI.US,D,20240322,000000,0.5535,0.5535,0.5256,0.5261,85296,0
DFLI.US,D,20240325,000000,0.5539,0.5735,0.51,0.51,334946,0
DFLI.US,D,20240326,000000,0.53,0.5479,0.515,0.52,115068,0
DFLI.US,D,20240327,000000,0.5177,0.5401,0.51,0.5279,116990,0
DFLI.US,D,20240328,000000,0.5239,0.54,0.52,0.54,127128,0
DFLI.US,D,20240401,000000,0.539,0.55,0.5013,0.521,210832,0
DFLI.US,D,20240402,000000,0.51,0.5174,0.495,0.495,274724,0
DFLI.US,D,20240403,000000,0.495,0.5063,0.485,0.485,175819,0
DFLI.US,D,20240404,000000,0.48,0.51,0.48,0.4814,210807,0
DFLI.US,D,20240405,000000,0.475,0.5,0.475,0.495,149100,0
DFLI.US,D,20240408,000000,0.4657,0.4657,0.45,0.4657,315496,0
DFLI.US,D,20240409,000000,0.47,0.4818,0.431,0.458,454058,0
DFLI.US,D,20240410,000000,0.47,0.473424,0.44,0.449,194033,0
DFLI.US,D,20240411,000000,0.449,0.4703,0.435,0.458,170268,0
DFLI.US,D,20240412,000000,0.46,0.4698,0.444,0.455,164722,0
DFLI.US,D,20240415,000000,0.4513,0.466,0.44,0.45,5333282,0
DFLI.US,D,20240416,000000,0.5697,0.6474,0.473,0.6143,17295364,0
DFLI.US,D,20240417,000000,0.55,0.6397,0.4892,0.6155,2356869,0
DFLI.US,D,20240418,000000,0.61,0.87,0.5999,0.7566,5390698,0
DFLI.US,D,20240419,000000,0.78,0.9,0.7759,0.8297,2854330,0
DFLI.US,D,20240422,000000,0.8249,0.825,0.64,0.7335,1334535,0
DFLI.US,D,20240423,000000,0.7,0.86,0.7,0.8101,744803,0
DFLI.US,D,20240424,000000,0.8101,0.87,0.7651,0.8427,727056,0
DFLI.US,D,20240425,000000,0.83,0.84,0.701,0.7947,482294,0
DFLI.US,D,20240426,000000,0.77,0.88,0.7584,0.7692,1319681,0
DFLI.US,D,20240429,000000,0.7902,0.8358,0.75,0.8049,462742,0
DFLI.US,D,20240430,000000,0.805,0.8704,0.7821,0.8578,660613,0
DFLI.US,D,20240501,000000,0.87,0.898,0.8418,0.8929,518046,0
DFLI.US,D,20240502,000000,0.8901,1.02,0.88,1.01,825728,0
DFLI.US,D,20240503,000000,1.03,1.03,0.9548,0.98,655367,0
DFLI.US,D,20240506,000000,1,1.02,0.94,0.9738,412888,0
DFLI.US,D,20240507,000000,1,1.19,0.951,1.16,1020024,0
DFLI.US,D,20240508,000000,1.2,1.4307,1.1607,1.41,2303970,0
DFLI.US,D,20240509,000000,1.44,1.46,1.1,1.38,2424936,0
DFLI.US,D,20240510,000000,1.41,1.41,1.15,1.24,858210,0
DFLI.US,D,20240513,000000,1.19,1.28,1.09,1.19,1061718,0
DFLI.US,D,20240514,000000,1.21,1.25,1.1,1.23,880892,0
DFLI.US,D,20240515,000000,1.03,1.09,0.9005,0.92,2420660,0
DFLI.US,D,20240516,000000,0.96,1.02,0.92,1.01,791463,0
DFLI.US,D,20240517,000000,1.03,1.16,1.01,1.12,946669,0
DFLI.US,D,20240520,000000,1.06,1.11,1.05,1.06,558138,0
DFLI.US,D,20240521,000000,1.09,1.14,1.05,1.1,518429,0
DFLI.US,D,20240522,000000,1.1,1.16,0.93,0.968,1603106,0
DFLI.US,D,20240523,000000,0.99,1.02,0.9,0.965,460484,0
DFLI.US,D,20240524,000000,0.97,0.97,0.86,0.9369,544546,0
DFLI.US,D,20240528,000000,0.98,1.03,0.9432,1.025,865911,0
DFLI.US,D,20240529,000000,1.01,1.039,0.98,1,501354,0
DFLI.US,D,20240530,000000,1.03,1.03,0.95,0.95,575780,0
DFLI.US,D,20240531,000000,0.9499,0.9973,0.925,0.965,370604,0
DFLI.US,D,20240603,000000,0.95,0.9753,0.93,0.9554,218378,0
DFLI.US,D,20240604,000000,0.961,0.973,0.92,0.9271,291382,0
DFLI.US,D,20240605,000000,0.93,0.985,0.93,0.9576,672265,0
DFLI.US,D,20240606,000000,0.9605,1.02,0.96,1,467761,0
DFLI.US,D,20240607,000000,0.9868,0.9879,0.9,0.9248,646966,0
DFLI.US,D,20240610,000000,0.9,0.95,0.9,0.9252,426096,0
DFLI.US,D,20240611,000000,0.9303,0.967,0.9002,0.947,494885,0
DFLI.US,D,20240612,000000,0.9432,0.9432,0.8221,0.877,561149,0
DFLI.US,D,20240613,000000,0.8925,0.919,0.86,0.9035,432169,0
DFLI.US,D,20240614,000000,0.9124,0.914,0.8112,0.8455,508521,0
DFLI.US,D,20240617,000000,0.84,0.8978,0.816,0.8731,496811,0
DFLI.US,D,20240618,000000,0.873,0.873,0.8305,0.8589,261570,0
DFLI.US,D,20240620,000000,0.85,0.857,0.82,0.8545,515181,0
DFLI.US,D,20240621,000000,0.8231,0.8482,0.8061,0.8202,351836,0
DFLI.US,D,20240624,000000,0.8002,0.8876,0.8002,0.8876,403641,0
DFLI.US,D,20240625,000000,0.8694,0.8794,0.82,0.8728,314909,0
DFLI.US,D,20240626,000000,0.85,0.9712,0.8403,0.8977,562177,0
DFLI.US,D,20240627,000000,0.88,0.988,0.88,0.9647,501755,0
DFLI.US,D,20240628,000000,0.99,1,0.8459,0.8459,3076514,0
DFLI.US,D,20240701,000000,0.8578,0.8771,0.777,0.777,609590,0
DFLI.US,D,20240702,000000,0.81,0.8286,0.7302,0.7464,402882,0
DFLI.US,D,20240703,000000,0.8,0.8246,0.7422,0.7464,521173,0
DFLI.US,D,20240705,000000,0.7743,0.8124,0.77,0.8083,468952,0
DFLI.US,D,20240708,000000,0.81,0.82,0.7723,0.791,374757,0
DFLI.US,D,20240709,000000,0.78,0.8194,0.78,0.8002,267080,0
DFLI.US,D,20240710,000000,0.8106,0.8928,0.8106,0.8605,871098,0
DFLI.US,D,20240711,000000,0.886,0.892,0.8495,0.871,292611,0
DFLI.US,D,20240712,000000,0.8623,0.929,0.8618,0.9004,328321,0
DFLI.US,D,20240715,000000,0.87,0.93,0.86,0.9102,327129,0
DFLI.US,D,20240716,000000,0.9102,0.9256,0.8866,0.889,207331,0
DFLI.US,D,20240717,000000,0.88,0.8877,0.8222,0.8426,349841,0
DFLI.US,D,20240718,000000,0.8428,0.8706,0.8012,0.8145,225507,0
DFLI.US,D,20240719,000000,0.8167,0.8354,0.8021,0.8251,101221,0
DFLI.US,D,20240722,000000,0.83,0.8399,0.8002,0.8297,136211,0
DFLI.US,D,20240723,000000,0.83,0.8941,0.8002,0.8778,244401,0
DFLI.US,D,20240724,000000,0.878,0.8842,0.8202,0.8296,138192,0
DFLI.US,D,20240725,000000,0.8209,0.8655,0.8209,0.8501,140893,0
DFLI.US,D,20240726,000000,0.8527,0.867,0.833,0.845,119524,0
DFLI.US,D,20240729,000000,0.824,0.85,0.8151,0.8361,248022,0
DFLI.US,D,20240730,000000,0.9039,0.9298,0.72,0.72,5270118,0
DFLI.US,D,20240731,000000,0.76,0.82,0.75,0.78,881276,0
DFLI.US,D,20240801,000000,0.7898,0.801,0.71,0.7152,634585,0
DFLI.US,D,20240802,000000,0.7,0.7155,0.6301,0.6323,739741,0
DFLI.US,D,20240805,000000,0.6,0.6499,0.594,0.6,595032,0
DFLI.US,D,20240806,000000,0.63,0.6592,0.6182,0.6541,510419,0
DFLI.US,D,20240807,000000,0.6541,0.661,0.6046,0.6046,502963,0
DFLI.US,D,20240808,000000,0.6073,0.645,0.57,0.6297,441444,0
DFLI.US,D,20240809,000000,0.64,0.6598,0.63,0.6477,133375,0
DFLI.US,D,20240812,000000,0.6389,0.6598,0.6115,0.6199,378705,0
DFLI.US,D,20240813,000000,0.63,0.6738,0.595,0.6668,418983,0
DFLI.US,D,20240814,000000,0.68,0.6896,0.6402,0.6701,475458,0
DFLI.US,D,20240815,000000,0.615,0.6349,0.59,0.605,474385,0
DFLI.US,D,20240816,000000,0.59,0.638,0.584,0.6224,443548,0
DFLI.US,D,20240819,000000,0.624,0.639,0.6022,0.61,225439,0
DFLI.US,D,20240820,000000,0.62,0.6329,0.5715,0.5901,202298,0
DFLI.US,D,20240821,000000,0.58,0.62,0.548101,0.6054,265103,0
DFLI.US,D,20240822,000000,0.6017,0.6091,0.5734,0.5889,133273,0
DFLI.US,D,20240823,000000,0.5985,0.634699,0.5889,0.6109,202942,0
DFLI.US,D,20240826,000000,0.6246,0.6276,0.5901,0.605,100519,0
DFLI.US,D,20240827,000000,0.61,0.61,0.572,0.575,162425,0
DFLI.US,D,20240828,000000,0.57,0.5878,0.56,0.5798,172043,0
DFLI.US,D,20240829,000000,0.563,0.5799,0.5549,0.562,140522,0
DFLI.US,D,20240830,000000,0.58,0.585,0.5113,0.5413,371318,0
DFLI.US,D,20240903,000000,0.527,0.58,0.5237,0.5591,169275,0
DFLI.US,D,20240904,000000,0.551,0.5761,0.5401,0.5624,225726,0
DFLI.US,D,20240905,000000,0.551,0.5786,0.5501,0.569,83600,0
DFLI.US,D,20240906,000000,0.58,0.585,0.5211,0.5505,173341,0
DFLI.US,D,20240909,000000,0.5506,0.5698,0.534,0.5549,129264,0
DFLI.US,D,20240910,000000,0.56,0.5697,0.5209,0.5443,190123,0
DFLI.US,D,20240911,000000,0.548,0.5659,0.5285,0.546,110703,0
DFLI.US,D,20240912,000000,0.54,0.5599,0.54,0.5486,58870,0
DFLI.US,D,20240913,000000,0.5575,0.593,0.5486,0.58,216203,0
DFLI.US,D,20240916,000000,0.59,0.59,0.566,0.5693,59505,0
DFLI.US,D,20240917,000000,0.57,0.592,0.5638,0.5736,79077,0
DFLI.US,D,20240918,000000,0.58,0.5904,0.5482,0.551,177611,0
DFLI.US,D,20240919,000000,0.552,0.5605,0.5275,0.532,178725,0
DFLI.US,D,20240920,000000,0.52,0.55,0.511,0.5129,291342,0
DFLI.US,D,20240923,000000,0.5002,0.5225,0.4803,0.4803,257760,0
DFLI.US,D,20240924,000000,0.5,0.5143,0.4899,0.4899,124927,0
DFLI.US,D,20240925,000000,0.4909,0.52,0.49,0.514,129898,0
DFLI.US,D,20240926,000000,0.5142,0.519,0.496,0.5189,123988,0
DFLI.US,D,20240927,000000,0.518,0.5399,0.5152,0.5322,207110,0
DFLI.US,D,20240930,000000,0.53,0.539,0.5122,0.53,87518,0
DFLI.US,D,20241001,000000,0.519,0.5384,0.51,0.5201,64944,0
DFLI.US,D,20241002,000000,0.523,0.53,0.5102,0.5221,59196,0
DFLI.US,D,20241003,000000,0.529,0.586,0.5032,0.575,845267,0
DFLI.US,D,20241004,000000,0.575,0.614,0.5348,0.5945,411398,0
DFLI.US,D,20241007,000000,0.6,0.6,0.5362,0.5486,298214,0
DFLI.US,D,20241008,000000,0.536,0.5787,0.535101,0.5572,73838,0
DFLI.US,D,20241009,000000,0.563,0.572,0.5369,0.5458,89148,0
DFLI.US,D,20241010,000000,0.53,0.5529,0.51,0.5211,146961,0
DFLI.US,D,20241011,000000,0.53,0.539,0.5032,0.5242,246759,0
DFLI.US,D,20241014,000000,0.5242,0.5292,0.515101,0.5243,97117,0
DFLI.US,D,20241015,000000,0.51,0.5664,0.51,0.5588,238022,0
DFLI.US,D,20241016,000000,0.55,0.6417,0.55,0.622,414898,0
DFLI.US,D,20241017,000000,0.637,0.637,0.5825,0.6,118927,0
DFLI.US,D,20241018,000000,0.583,0.6235,0.583,0.5978,132877,0
DFLI.US,D,20241021,000000,0.6,0.6148,0.5907,0.6051,163215,0
DFLI.US,D,20241022,000000,0.61,0.61,0.5914,0.5934,81635,0
DFLI.US,D,20241023,000000,0.6,0.6174,0.571,0.5865,112696,0
DFLI.US,D,20241024,000000,0.5998,0.6044,0.5608,0.5748,196481,0
DFLI.US,D,20241025,000000,0.5747,0.6071,0.5705,0.5769,88488,0
DFLI.US,D,20241028,000000,0.5769,0.61,0.575,0.5947,110176,0
DFLI.US,D,20241029,000000,0.58,0.5944,0.5656,0.5748,167143,0
