<TICKER>,<PER>,<DATE>,<TIME>,<OPEN>,<HIGH>,<LOW>,<CLOSE>,<VOL>,<OPENINT>
DOYU.US,D,20190717,000000,110.2,115.4,110,115,3259863.9000000004,0
DOYU.US,D,20190718,000000,110.5,118.8,110,110.5,907158.9,0
DOYU.US,D,20190719,000000,109.3,111.6,101,105,604826.3,0
DOYU.US,D,20190722,000000,100.5,105.1,96.3,100.5,529127.6,0
DOYU.US,D,20190723,000000,103.8,105,99,103.8,276570.5,0
DOYU.US,D,20190724,000000,105,105.9,99,102,286676.5,0
DOYU.US,D,20190725,000000,100.5,104.6,97,97.2,218611.80000000002,0
DOYU.US,D,20190726,000000,99,102,97.31,100.8,208328.7,0
DOYU.US,D,20190729,000000,101.9,101.93,99.4,100.8,137589.30000000002,0
DOYU.US,D,20190730,000000,100,101.2,99.8,100.2,98597.40000000001,0
DOYU.US,D,20190731,000000,99.4,101.5,97.3,97.7,87475.6,0
DOYU.US,D,20190801,000000,97.9,98.3,88.5,93.3,265307,0
DOYU.US,D,20190802,000000,90.7,91.3,85.7,88,362652.7,0
DOYU.US,D,20190805,000000,84.9,85,78.7,81.8,310005.9,0
DOYU.US,D,20190806,000000,82,84.8,77.7,78.4,202348.80000000002,0
DOYU.US,D,20190807,000000,79.6,84,79.001,83.9,168700.5,0
DOYU.US,D,20190808,000000,86,92.2,85.5,92.2,262618.7,0
DOYU.US,D,20190809,000000,90.6,95.8,90.6,95.6,214350.80000000002,0
DOYU.US,D,20190812,000000,96.5,101.5,95.3,99.3,443068.80000000005,0
DOYU.US,D,20190813,000000,106.7,109.8,88.2,88.4,408682.5,0
DOYU.US,D,20190814,000000,86.6,87.9,80.5,81.4,251859.90000000002,0
DOYU.US,D,20190815,000000,82.2,83.8,80.8,83.1,218201.1,0
DOYU.US,D,20190816,000000,84.65,91.1,84,87,296095.7,0
DOYU.US,D,20190819,000000,90,91,82.7,84.5,403277.4,0
DOYU.US,D,20190820,000000,84.5,86.8,83.1,83.1,219759.7,0
DOYU.US,D,20190821,000000,84.1,85.2,80.1,82.2,253270.6,0
DOYU.US,D,20190822,000000,82.7,84.4,81.5,82,153017.6,0
DOYU.US,D,20190823,000000,82.1,82.5,78.6,80.7,236627.7,0
DOYU.US,D,20190826,000000,81.5,83.6,81.5,83.5,45048.3,0
DOYU.US,D,20190827,000000,84.4,89.3,84.1,86.4,173676.5,0
DOYU.US,D,20190828,000000,88,88.6,84.5,88.2,64607.8,0
DOYU.US,D,20190829,000000,89.6,93.8,89.5,92,170383.80000000002,0
DOYU.US,D,20190830,000000,93.6,95,91.5,94.6,79552.6,0
DOYU.US,D,20190903,000000,94.5,100.5,93.1,93.5,284672.5,0
DOYU.US,D,20190904,000000,96.7,101.3,96.11,99.8,184804.5,0
DOYU.US,D,20190905,000000,101,101.4,99.1,99.7,113930.8,0
DOYU.US,D,20190906,000000,100.8,101.7,98.5,99.6,86695.70000000001,0
DOYU.US,D,20190909,000000,100.3,102.7,97.1,97.8,167379.90000000002,0
DOYU.US,D,20190910,000000,97,98,93.9,97.5,104814.8,0
DOYU.US,D,20190911,000000,97.7,98.35,94.8,95.7,97027.70000000001,0
DOYU.US,D,20190912,000000,95.6,97.9,93.6,93.9,56207.3,0
DOYU.US,D,20190913,000000,94.5,95.9,94.1,95,126401.70000000001,0
DOYU.US,D,20190916,000000,95.1,96.6,92.5,93.3,60444,0
DOYU.US,D,20190917,000000,92.4,92.8,90,90.2,107888.1,0
DOYU.US,D,20190918,000000,90,91.4,89.5,90.4,76325.7,0
DOYU.US,D,20190919,000000,90,93.8,89.9,91.6,101181.5,0
DOYU.US,D,20190920,000000,92.9,96,92.5,95,117063.8,0
DOYU.US,D,20190923,000000,94,94,90.6,90.6,77412.90000000001,0
DOYU.US,D,20190924,000000,90.6,91.8,87.7,87.8,130628,0
DOYU.US,D,20190925,000000,87.7,90.274,86.9,87.5,133768.80000000002,0
DOYU.US,D,20190926,000000,87.2,88.9,86.1,86.1,72522.6,0
DOYU.US,D,20190927,000000,86,86.8,80.9,81.9,287002.2,0
DOYU.US,D,20190930,000000,82.8,83.1,81,81.9,116882.40000000001,0
DOYU.US,D,20191001,000000,81.3,83,80.9,81.9,83462.40000000001,0
DOYU.US,D,20191002,000000,81.4,81.5,80.45,81.2,135874.2,0
DOYU.US,D,20191003,000000,82.2,82.4,80.2,82.4,127584.3,0
DOYU.US,D,20191004,000000,82,85.7,82,85.1,34094.700000000004,0
DOYU.US,D,20191007,000000,84.3,84.3,81.1,81.1,70864.1,0
DOYU.US,D,20191008,000000,80,81.15,79.2,79.3,108203,0
DOYU.US,D,20191009,000000,80,81.2,79.1,80.1,119808.8,0
DOYU.US,D,20191010,000000,79.6,81.4,78.8,81.1,149781.7,0
DOYU.US,D,20191011,000000,81.6,85.7,81.6,85.3,73441.1,0
DOYU.US,D,20191014,000000,84.5,84.5,76.4,76.6,381438.80000000005,0
DOYU.US,D,20191015,000000,78,78.6,74.1,74.7,234152.90000000002,0
DOYU.US,D,20191016,000000,74.1,74.5,70.2,71.2,314008.9,0
DOYU.US,D,20191017,000000,71.5,74,70.1,73.7,150396.7,0
DOYU.US,D,20191018,000000,73.5,76.3,73,75.4,177152.90000000002,0
DOYU.US,D,20191021,000000,76.5,76.785,74.2,75.7,138944.9,0
DOYU.US,D,20191022,000000,76.4,76.9,73,73.3,136146.4,0
DOYU.US,D,20191023,000000,74,78.8,73.2,78.1,184373.2,0
DOYU.US,D,20191024,000000,77.7,79.5,74.6,77.5,94767.90000000001,0
DOYU.US,D,20191025,000000,76.8,80.5,76.6,79,89131.40000000001,0
DOYU.US,D,20191028,000000,77.7,79.6,76.6,78.8,55905.700000000004,0
DOYU.US,D,20191029,000000,78.3,78.9,77.05,77.6,87799.6,0
DOYU.US,D,20191030,000000,77.5,79.6,76.8,79.1,42172.200000000004,0
DOYU.US,D,20191031,000000,78.4,79.4,77.1,77.7,45689.5,0
DOYU.US,D,20191101,000000,77.8,78.55,75.7,77.6,77486.5,0
DOYU.US,D,20191104,000000,78.1,83,78.1,82.8,89628.90000000001,0
DOYU.US,D,20191105,000000,83.1,83.6,80.5,82.5,55310.200000000004,0
DOYU.US,D,20191106,000000,81.8,82.3,77.95,78,87253.70000000001,0
DOYU.US,D,20191107,000000,79.7,81.2,79.3,79.8,49990.600000000006,0
DOYU.US,D,20191108,000000,79.7,81.3,78.9,80.3,70914.90000000001,0
DOYU.US,D,20191111,000000,80.3,80.3,77,77.8,53813.5,0
DOYU.US,D,20191112,000000,78.8,78.829,72.8,73.9,85746.5,0
DOYU.US,D,20191113,000000,75.4,76.7,73,73.1,45282.100000000006,0
DOYU.US,D,20191114,000000,73.1,73.699,71.5,72.2,74458.6,0
DOYU.US,D,20191115,000000,73,76.2,73,75.2,57830.700000000004,0
DOYU.US,D,20191118,000000,75.1,76.7,73.7,76.5,43149.4,0
DOYU.US,D,20191119,000000,76.5,79.9,75.4,76.6,39219.8,0
DOYU.US,D,20191120,000000,76.2,76.2,72.4,73,63044.8,0
DOYU.US,D,20191121,000000,73.1,74.8,72.7,73.4,46520.9,0
DOYU.US,D,20191122,000000,73.3,76.2,73.3,75.9,34949,0
DOYU.US,D,20191125,000000,76.8,77.5,74.9,77,73046.1,0
DOYU.US,D,20191126,000000,77.1,77.5,75,76.5,111974.5,0
DOYU.US,D,20191127,000000,80,80.2,74,78.4,168097.80000000002,0
DOYU.US,D,20191129,000000,77.5,77.5,74.6,74.6,90505.20000000001,0
DOYU.US,D,20191202,000000,73.3,76.4,71.7,75.1,318107.2,0
DOYU.US,D,20191203,000000,70.5,73.9,70.1,72,282705.7,0
DOYU.US,D,20191204,000000,72.4,73.3,71,73,91865.6,0
DOYU.US,D,20191205,000000,73,73.3,70.55,71.6,98889.1,0
DOYU.US,D,20191206,000000,72,72.5,70.8,71.8,62151.3,0
DOYU.US,D,20191209,000000,71.3,71.8,70.2,71.2,127955.8,0
DOYU.US,D,20191210,000000,71.1,73.4,70.5,73.2,99173.70000000001,0
DOYU.US,D,20191211,000000,72.6,77.3,72.6,77.1,134888.7,0
DOYU.US,D,20191212,000000,76.9,81.2,76.5,80.9,262610.3,0
DOYU.US,D,20191213,000000,81,82.45,78,80.3,350329,0
DOYU.US,D,20191216,000000,80.3,80.3,74.6,76.3,230971.6,0
DOYU.US,D,20191217,000000,75.9,77.7,75.3,76.2,113817.8,0
DOYU.US,D,20191218,000000,76,78,75.6,77,70810.6,0
DOYU.US,D,20191219,000000,77.4,79.2,76.6,77.4,177475.5,0
DOYU.US,D,20191220,000000,80,80,78.05,78.7,390634.7,0
DOYU.US,D,20191223,000000,79.3,82,79.1,80.6,169245.40000000002,0
DOYU.US,D,20191224,000000,80.4,82.1,79.4,80.8,145260.6,0
DOYU.US,D,20191226,000000,80.2,86,80.2,85,174192.80000000002,0
DOYU.US,D,20191227,000000,85,85.3,81,81.5,175074.80000000002,0
DOYU.US,D,20191230,000000,81.5,85.1,81.35,83.6,169373.5,0
DOYU.US,D,20191231,000000,83.5,85.1,82.7,84.7,127668.40000000001,0
DOYU.US,D,20200102,000000,85,88.7,84,88.5,256007.1,0
DOYU.US,D,20200103,000000,86.7,89.6,85.6,87.8,168755.1,0
DOYU.US,D,20200106,000000,86.7,90,85.601,89.8,153276.5,0
DOYU.US,D,20200107,000000,89.8,91.25,88.3,89.9,218708.6,0
DOYU.US,D,20200108,000000,89.7,94.8,89.3,93.6,192635.80000000002,0
DOYU.US,D,20200109,000000,94.9,95,90.85,92.1,257794.6,0
DOYU.US,D,20200110,000000,91.9,93.9,89.65,93.5,210901.1,0
DOYU.US,D,20200113,000000,93.9,94.3,92.2,93.6,271402.7,0
DOYU.US,D,20200114,000000,92.4,92.9,87.6,89.2,237248.5,0
DOYU.US,D,20200115,000000,89.6,90.9,88.5,89.4,199496.40000000002,0
DOYU.US,D,20200116,000000,89.9,92,88.4,91.1,131213.80000000002,0
DOYU.US,D,20200117,000000,90.9,94.3,90.3,93.7,138704.80000000002,0
DOYU.US,D,20200121,000000,90,91.6,84.7,85.9,290864.5,0
DOYU.US,D,20200122,000000,86.5,88.5,75.8,76,421814,0
DOYU.US,D,20200123,000000,75.9,79.8,75.9,79.35,401529.80000000005,0
DOYU.US,D,20200124,000000,79.3,81.8,76.55,77.2,298579.60000000003,0
DOYU.US,D,20200127,000000,73,78.3,70.8,76,436284.10000000003,0
DOYU.US,D,20200128,000000,77,80.9,76.8,79.9,286151.10000000003,0
DOYU.US,D,20200129,000000,79.9,82.3,78.4,80,201945.40000000002,0
DOYU.US,D,20200130,000000,78,81.3,75.7,80.8,282110.8,0
DOYU.US,D,20200131,000000,80,81.5,79.25,80.9,192816.40000000002,0
DOYU.US,D,20200203,000000,80.8,83,80.4,82.5,192087.2,0
DOYU.US,D,20200204,000000,84.2,84.7,81,81.4,160406,0
DOYU.US,D,20200205,000000,82,82.999,79.4,80.2,114925.90000000001,0
DOYU.US,D,20200206,000000,81.1,83.9,81.05,82.8,122087.6,0
DOYU.US,D,20200207,000000,82.7,86.2,81.1,85.9,151568.7,0
DOYU.US,D,20200210,000000,85.6,88.5,85.05,88.5,110217.90000000001,0
DOYU.US,D,20200211,000000,89.2,89.25,84.6,85,154569.4,0
DOYU.US,D,20200212,000000,86,87.1,85.1,85.3,145227.2,0
DOYU.US,D,20200213,000000,84.8,85.873,84,84.5,63403.100000000006,0
DOYU.US,D,20200214,000000,84.7,89.9,84.4,87.6,126569.40000000001,0
DOYU.US,D,20200218,000000,88.3,88.8,81.3,83.3,98484.3,0
DOYU.US,D,20200219,000000,83.8,85.1,80.55,80.9,84733.3,0
DOYU.US,D,20200220,000000,81.1,83.3,80.2,81.6,135121.1,0
DOYU.US,D,20200221,000000,81.4,81.4,80.1,80.7,105164.6,0
DOYU.US,D,20200224,000000,78.4,79.5,75.7,79,78533.2,0
DOYU.US,D,20200225,000000,79.4,80.6,78.05,79,55889.9,0
DOYU.US,D,20200226,000000,79.2,81.2,79.1,79.8,68189.90000000001,0
DOYU.US,D,20200227,000000,79,80.2,73.9,77.9,161445,0
DOYU.US,D,20200228,000000,75,77.7,74,77.7,116855.70000000001,0
DOYU.US,D,20200302,000000,78.3,79.9,75.7,78,70543,0
DOYU.US,D,20200303,000000,78.5,80.7,78,79.8,166128.80000000002,0
DOYU.US,D,20200304,000000,81,82.8,80.3,81.6,48422.700000000004,0
DOYU.US,D,20200305,000000,80.8,82.3,79.2,80.2,39411.8,0
DOYU.US,D,20200306,000000,79.7,80.4,73.1,75.6,101634.90000000001,0
DOYU.US,D,20200309,000000,70.4,77.8,65,74.5,157070.1,0
DOYU.US,D,20200310,000000,76.1,77.5,74.8,76,56291.3,0
DOYU.US,D,20200311,000000,74,74.8,70.1,72.9,110063.40000000001,0
DOYU.US,D,20200312,000000,69,70.2,65.2,69.1,127834.70000000001,0
DOYU.US,D,20200313,000000,70.3,77.1,68.9,77.1,126532.8,0
DOYU.US,D,20200316,000000,67,73.9,67,73.7,92498,0
DOYU.US,D,20200317,000000,73.9,79.4,70.2,78.7,77226.8,0
DOYU.US,D,20200318,000000,75,81,71.8,77.3,129262.90000000001,0
DOYU.US,D,20200319,000000,77.4,82,75,80.4,196844.1,0
DOYU.US,D,20200320,000000,81,82,71.3,72.5,165225.40000000002,0
DOYU.US,D,20200323,000000,71.8,74.8,69,70,59973.9,0
DOYU.US,D,20200324,000000,74.8,80,66,66.9,327082.2,0
DOYU.US,D,20200325,000000,67.5,70.7,64.15,66.7,231331.1,0
DOYU.US,D,20200326,000000,66.8,69.8,65,68.6,209228.5,0
DOYU.US,D,20200327,000000,67,67.4,64,66.1,202180.2,0
DOYU.US,D,20200330,000000,67.4,67.7,61.1,62.4,201342.6,0
DOYU.US,D,20200331,000000,62.2,65.3,62,64.1,165401.5,0
DOYU.US,D,20200401,000000,63.3,65.2,62.3,62.7,118723,0
DOYU.US,D,20200402,000000,62.2,65.8,61.7,65.5,152253.2,0
DOYU.US,D,20200403,000000,69,71.7,67.1,71.6,351042.7,0
DOYU.US,D,20200406,000000,73.5,76.4,72.7,74.7,190190.90000000002,0
DOYU.US,D,20200407,000000,76,76.6,72.4,73.2,143036.30000000002,0
DOYU.US,D,20200408,000000,73.4,73.7,69.8,70,90076.8,0
DOYU.US,D,20200409,000000,70.6,73.5,70.6,73,67682.90000000001,0
DOYU.US,D,20200413,000000,72.5,74.5,71.5,72.2,49365,0
DOYU.US,D,20200414,000000,72.9,75,72.6,73.2,80284.1,0
DOYU.US,D,20200415,000000,72.2,73.2,70.2,72.3,37386.5,0
DOYU.US,D,20200416,000000,72.5,73.75,72,73.3,27884.5,0
DOYU.US,D,20200417,000000,73.5,75.6,73.1,75.4,84049.20000000001,0
DOYU.US,D,20200420,000000,74.4,77.4,74,76,122199.8,0
DOYU.US,D,20200421,000000,75.4,75.4,69.1,70,70928.40000000001,0
DOYU.US,D,20200422,000000,70.6,72.9,70.05,72.5,49637.4,0
DOYU.US,D,20200423,000000,73.3,73.6,70.1,70.8,56483.3,0
DOYU.US,D,20200424,000000,71.1,73.2,69.8,72.7,127647.3,0
DOYU.US,D,20200427,000000,72.8,76,72.1,75.6,88826.1,0
DOYU.US,D,20200428,000000,76.1,76.1,72.1,72.6,54842.9,0
DOYU.US,D,20200429,000000,74.1,75.2,73.1,74.8,55417.600000000006,0
DOYU.US,D,20200430,000000,74.2,76.2,72.55,75.9,113101.6,0
DOYU.US,D,20200501,000000,74.8,74.9,69.501,70,63011.4,0
DOYU.US,D,20200504,000000,70.1,72.1,69,70,63493.3,0
DOYU.US,D,20200505,000000,70.9,73.1,70.2,70.7,31006.5,0
DOYU.US,D,20200506,000000,71.9,73.6,71.2,71.7,41855.600000000006,0
DOYU.US,D,20200507,000000,72.7,72.7,71.1,71.6,44279.600000000006,0
DOYU.US,D,20200508,000000,72.4,74.85,71.91,74.6,64857.700000000004,0
DOYU.US,D,20200511,000000,73.2,75.5,73.2,74.9,41631.200000000004,0
DOYU.US,D,20200512,000000,75.4,77.9,75.25,77,70809.6,0
DOYU.US,D,20200513,000000,77.3,78.9,71.85,73,123382.5,0
DOYU.US,D,20200514,000000,73,73.97,70.3,72.6,49544.3,0
DOYU.US,D,20200515,000000,72.6,76,71.3,76,35534.4,0
DOYU.US,D,20200518,000000,77.7,77.7,73.9,75,75384.8,0
DOYU.US,D,20200519,000000,75.5,77.8,74.3,77.5,114018.20000000001,0
DOYU.US,D,20200520,000000,78.8,84.9,78.2,81.3,178319.30000000002,0
DOYU.US,D,20200521,000000,77.9,77.919,73.6,76.1,92331.40000000001,0
DOYU.US,D,20200522,000000,75,75,69.1,69.1,205510.6,0
DOYU.US,D,20200526,000000,78,84.5,76.6,82,368263.60000000003,0
DOYU.US,D,20200527,000000,83.5,86.9,78.6,81.3,173488.30000000002,0
DOYU.US,D,20200528,000000,80.9,93.8,80.9,89.9,391640.7,0
DOYU.US,D,20200529,000000,88,90.4,84.5,90,198609.6,0
DOYU.US,D,20200601,000000,90,91,87.5,90,150904.4,0
DOYU.US,D,20200602,000000,90.1,90.3,87.2,89.2,119081.90000000001,0
DOYU.US,D,20200603,000000,90,94.6,88.6,94.2,281988.2,0
DOYU.US,D,20200604,000000,94.2,95.6,88.837,92,304524.9,0
DOYU.US,D,20200605,000000,92.9,92.95,89.65,91.2,188095.30000000002,0
DOYU.US,D,20200608,000000,91.4,91.8,89.1,90.7,133908.5,0
DOYU.US,D,20200609,000000,89.9,96,89.1,89.4,240870.2,0
DOYU.US,D,20200610,000000,89.5,90.2,86.35,89.1,185297.90000000002,0
DOYU.US,D,20200611,000000,88.9,90.9,86.5,89.9,319914,0
DOYU.US,D,20200612,000000,92.2,92.8,88.7,89.8,216624.40000000002,0
DOYU.US,D,20200615,000000,88.2,96.3,86.7,95.3,249037.2,0
DOYU.US,D,20200616,000000,97.9,105.5,97,105.3,277642.8,0
DOYU.US,D,20200617,000000,107.5,113.191,104.1,106.7,281724.2,0
DOYU.US,D,20200618,000000,108.9,109.5,106.3,108.4,154349.4,0
DOYU.US,D,20200619,000000,110.1,111.5,108.6,110.7,411178.7,0
DOYU.US,D,20200622,000000,109.9,112.5,109,111.6,117880.70000000001,0
DOYU.US,D,20200623,000000,111.4,115.3,108.1,114.6,155970.6,0
DOYU.US,D,20200624,000000,112,112.9,104.2,105.4,186516.2,0
DOYU.US,D,20200625,000000,105.9,113,105.9,111,160254.2,0
DOYU.US,D,20200626,000000,113.1,114.85,110.6,111.6,127432.70000000001,0
DOYU.US,D,20200629,000000,114,121.9,111.8,118.2,222320.2,0
DOYU.US,D,20200630,000000,120.7,124.9,114.2,115.4,286241.9,0
DOYU.US,D,20200701,000000,116,118,113.401,115.7,147272.5,0
DOYU.US,D,20200702,000000,118.9,121.9,117.8,119.1,178846.1,0
DOYU.US,D,20200706,000000,127.7,136.4,119.5,124.4,352461.9,0
DOYU.US,D,20200707,000000,125.8,127.9,122.282,127.3,238553.80000000002,0
DOYU.US,D,20200708,000000,130.9,136.2,128.2,129.8,545657.1,0
DOYU.US,D,20200709,000000,135.7,138.1,128.701,136.5,402633,0
DOYU.US,D,20200710,000000,134.8,140.8,131.9,133.4,223838.40000000002,0
DOYU.US,D,20200713,000000,135.5,139.5,129.4,129.5,219405.1,0
DOYU.US,D,20200714,000000,125.5,129.4,118.6,127.2,348858.10000000003,0
DOYU.US,D,20200715,000000,128,128.3,122.3,123.2,155634.5,0
DOYU.US,D,20200716,000000,118.86,122.5,116.7,120.5,205722.1,0
DOYU.US,D,20200717,000000,122.2,123.29,119.4,120.2,137560.4,0
DOYU.US,D,20200720,000000,122.5,128,119.602,128,177139.6,0
DOYU.US,D,20200721,000000,130,136.5,128.6,134.4,210286.7,0
DOYU.US,D,20200722,000000,130.8,130.8,120.1,122.3,270008,0
DOYU.US,D,20200723,000000,123.6,123.999,116,116.2,128138.3,0
DOYU.US,D,20200724,000000,111.7,115.9,108.8,114.8,243431.90000000002,0
DOYU.US,D,20200727,000000,115.565,118.1,113.919,117.7,83676.1,0
DOYU.US,D,20200728,000000,116.9,120.6,115.2,117.9,102260.90000000001,0
DOYU.US,D,20200729,000000,119.7,125.8,118.8,125.5,159863.30000000002,0
DOYU.US,D,20200730,000000,123.1,131.65,122.9,131.4,174910.7,0
DOYU.US,D,20200731,000000,132.2,139.6,132,134.6,299579.4,0
DOYU.US,D,20200803,000000,139.5,149,136.8,146.7,289335.5,0
DOYU.US,D,20200804,000000,146.5,148,144.1,147.9,129130.6,0
DOYU.US,D,20200805,000000,172.4,172.4,149.2,156.8,730983.5,0
DOYU.US,D,20200806,000000,159.965,162.1,154.3,159.2,390845.7,0
DOYU.US,D,20200807,000000,148.035,153.3,145.1,152.7,462906.30000000005,0
DOYU.US,D,20200810,000000,159.6,160.6,138.05,139.7,746162.8,0
DOYU.US,D,20200811,000000,143.3,147.9,138.5,144.3,480154.60000000003,0
DOYU.US,D,20200812,000000,145.3,148.7,143.9,147.9,293194.8,0
DOYU.US,D,20200813,000000,146.2,147.9,141.2,145,195270.7,0
DOYU.US,D,20200814,000000,142.8,146.4,142.5,146.4,269850.3,0
DOYU.US,D,20200817,000000,147.3,148.9,142.7,145.8,201221.1,0
DOYU.US,D,20200818,000000,145.1,152.3,145.1,149.6,298721.4,0
DOYU.US,D,20200819,000000,150.8,152.3,147.5,149,216812.6,0
DOYU.US,D,20200820,000000,147.5,150.1,146.5,147,84767.5,0
DOYU.US,D,20200821,000000,146.6,148.7,145.4,146.4,112042.5,0
DOYU.US,D,20200824,000000,148,156.8,147.45,156.6,258888.7,0
DOYU.US,D,20200825,000000,153.2,159.9,150.1,158.9,154105.30000000002,0
DOYU.US,D,20200826,000000,158,162.95,157.55,161.8,191625.80000000002,0
DOYU.US,D,20200827,000000,161,163.7,160.1,163,129457.90000000001,0
DOYU.US,D,20200828,000000,162.635,167.1,162.635,166.9,182246.40000000002,0
DOYU.US,D,20200831,000000,168.9,171.2,164.2,167.4,154726.1,0
DOYU.US,D,20200901,000000,166.5,178,166.5,175.4,271739.4,0
DOYU.US,D,20200902,000000,177.7,178.5,167.9,169.4,168749.2,0
DOYU.US,D,20200903,000000,167,167.1,150.5,153.7,249929,0
DOYU.US,D,20200904,000000,155.5,158.9,146,157.3,259334.90000000002,0
DOYU.US,D,20200908,000000,150.6,156.4,148.8,154.1,144642.30000000002,0
DOYU.US,D,20200909,000000,156.3,161.9,155.6,160.7,90501,0
DOYU.US,D,20200910,000000,162.524,163.5,153.7,154.2,190403.1,0
DOYU.US,D,20200911,000000,156.6,158.4,152.3,158.1,91256.3,0
DOYU.US,D,20200914,000000,159.9,163.3,159.6,161.2,92355.40000000001,0
DOYU.US,D,20200915,000000,162.5,165.05,161.3,163.6,68648.8,0
DOYU.US,D,20200916,000000,165.4,166,160.4,163.4,101766,0
DOYU.US,D,20200917,000000,160,164.2,158.1,163.3,124283.90000000001,0
DOYU.US,D,20200918,000000,162.7,165.5,158.55,160.3,157259.80000000002,0
DOYU.US,D,20200921,000000,155.5,156.4,145.2,152.2,202714.90000000002,0
DOYU.US,D,20200922,000000,151.4,152,147.7,148.8,169751.1,0
DOYU.US,D,20200923,000000,149,149.4,144.4,144.5,154978.9,0
DOYU.US,D,20200924,000000,143.7,145.038,140.3,142.9,242887.7,0
DOYU.US,D,20200925,000000,148.9,148.9,141.3,141.6,191107.1,0
DOYU.US,D,20200928,000000,144.9,145,137.6,139.6,266282.5,0
DOYU.US,D,20200929,000000,138.2,138.9,133.9,134.5,260417.1,0
DOYU.US,D,20200930,000000,135.7,139.1,132.1,132.1,300088,0
DOYU.US,D,20201001,000000,133.6,140.3,133.6,138.5,459687.30000000005,0
DOYU.US,D,20201002,000000,133,142.1,132.6,139.9,280266.7,0
DOYU.US,D,20201005,000000,141.526,141.526,132.45,132.9,341648.80000000005,0
DOYU.US,D,20201006,000000,134.1,135.9,131.2,132.2,141917.9,0
DOYU.US,D,20201007,000000,132.6,133.4,131.4,132.3,121531.20000000001,0
DOYU.US,D,20201008,000000,133.2,137.4,132.7,134.4,114128.20000000001,0
DOYU.US,D,20201009,000000,135.6,140.1,135.6,140,139119.4,0
DOYU.US,D,20201012,000000,160.9,163.7,152.35,156.8,2383905.7,0
DOYU.US,D,20201013,000000,159.8,160.3,145.6,153.9,612248.3,0
DOYU.US,D,20201014,000000,153,154.2,149.1,152.2,481155.5,0
DOYU.US,D,20201015,000000,152.2,154.7,149.2,152.2,372826.7,0
DOYU.US,D,20201016,000000,155,155.9,149.6,152.8,443359.9,0
DOYU.US,D,20201019,000000,154.5,159,151.3,158.8,398238.7,0
DOYU.US,D,20201020,000000,160,160,151,151.8,615596.2000000001,0
DOYU.US,D,20201021,000000,153.5,154,150.6,151,316810.7,0
DOYU.US,D,20201022,000000,151.7,153.5,145.4,147,348565.4,0
DOYU.US,D,20201023,000000,147.5,151.2,146.6,150.7,163376,0
DOYU.US,D,20201026,000000,149.9,151.6,145.5,147.1,167482.2,0
DOYU.US,D,20201027,000000,149.3,152.3,145.8,152.3,147169.1,0
DOYU.US,D,20201028,000000,146.4,147.7,141.1,142.9,320150.5,0
DOYU.US,D,20201029,000000,145,152.25,144.25,151.3,173909.90000000002,0
DOYU.US,D,20201030,000000,148.5,154,148.3,153,238358.7,0
DOYU.US,D,20201102,000000,153.5,154.7,148.101,150.8,168987.6,0
DOYU.US,D,20201103,000000,150.4,153.5,146.35,151.3,230004.6,0
DOYU.US,D,20201104,000000,151.6,154.2,149.75,153.8,313882.2,0
DOYU.US,D,20201105,000000,154,156.7,144.2,153.5,457897.5,0
DOYU.US,D,20201106,000000,151.1,154.899,148.3,149.1,215760.6,0
DOYU.US,D,20201109,000000,149.4,150,140.7,142.8,256355.80000000002,0
DOYU.US,D,20201110,000000,144,145,134.4,136.1,296248.9,0
DOYU.US,D,20201111,000000,139.2,142.5,131.8,138,435222.7,0
DOYU.US,D,20201112,000000,140.8,146.5,140,140.9,409031.4,0
DOYU.US,D,20201113,000000,145.1,147.49,141.1,142.1,224561.1,0
DOYU.US,D,20201116,000000,143.7,146,141.3,141.3,274973.7,0
DOYU.US,D,20201117,000000,140.4,144,138.6,142.5,239807.7,0
DOYU.US,D,20201118,000000,139.2,140,132.4,135.7,467990.7,0
DOYU.US,D,20201119,000000,135.4,139.1,133.5,135.9,259354.1,0
DOYU.US,D,20201120,000000,138,138.9,135.6,138.3,167154.7,0
DOYU.US,D,20201123,000000,137,140,136.7,139.9,202129,0
DOYU.US,D,20201124,000000,139.5,140.05,137.5,140,196308.5,0
DOYU.US,D,20201125,000000,139,140.1,138.2,139.9,256360.5,0
DOYU.US,D,20201127,000000,140.6,141,137.7,139.7,265577.2,0
DOYU.US,D,20201130,000000,139.05,139.3,131.7,132.6,1301391.3,0
DOYU.US,D,20201201,000000,132.7,133.5,124.3,125.4,459884.30000000005,0
DOYU.US,D,20201202,000000,124.6,126.3,122,123.9,401295.4,0
DOYU.US,D,20201203,000000,124.6,127.3,121.3,121.7,438079.9,0
DOYU.US,D,20201204,000000,120.9,121,115.35,119.8,539433.6,0
DOYU.US,D,20201207,000000,119.2,121.1,117.4,119.8,431536.5,0
DOYU.US,D,20201208,000000,121.6,122.7,117.7,122.7,308524.7,0
DOYU.US,D,20201209,000000,125.2,128.6,122.182,125.5,517654.7,0
DOYU.US,D,20201210,000000,124.4,126.2,122,123,507733.60000000003,0
DOYU.US,D,20201211,000000,122.1,122.6,115.283,117.1,714579.4,0
DOYU.US,D,20201214,000000,113.1,115.4,108.1,114.6,567210.8,0
DOYU.US,D,20201215,000000,114.6,115.45,112.5,113.3,239222.30000000002,0
DOYU.US,D,20201216,000000,114,119,113.1,118.6,309816.2,0
DOYU.US,D,20201217,000000,119.6,121,118.2,119.3,277510.9,0
DOYU.US,D,20201218,000000,118.3,122.55,118.1,122.2,292110.4,0
DOYU.US,D,20201221,000000,119.4,124.1,119,121.1,268045.2,0
DOYU.US,D,20201222,000000,121.1,121.1,116.3,116.3,265210.9,0
DOYU.US,D,20201223,000000,116.7,117.4,113.8,116.6,333371.60000000003,0
DOYU.US,D,20201224,000000,114.7,115.3,111.1,112.6,84898.5,0
DOYU.US,D,20201228,000000,111.9,112.8,108.65,110,146547.6,0
DOYU.US,D,20201229,000000,110.6,113.2,110.1,111.1,245437.7,0
DOYU.US,D,20201230,000000,111.9,117.25,111.8,115.1,282090,0
DOYU.US,D,20201231,000000,115.7,116.5,109.8,110.6,252763.7,0
DOYU.US,D,20210104,000000,111.1,117.35,111.1,114.6,266124.2,0
DOYU.US,D,20210105,000000,115,119.8,114.3,119,338613.4,0
DOYU.US,D,20210106,000000,118.3,118.3,114.1,114.8,190549.30000000002,0
DOYU.US,D,20210107,000000,115.6,117.75,115,117,246782,0
DOYU.US,D,20210108,000000,119,119,109.8,110.2,576780.6,0
DOYU.US,D,20210111,000000,111,117.8,110.8,117.4,479723.2,0
DOYU.US,D,20210112,000000,116.5,118.4,115.2,117.8,169811.90000000002,0
DOYU.US,D,20210113,000000,119,123.9,118.2,121.4,215603.30000000002,0
DOYU.US,D,20210114,000000,124.4,126.25,120.5,125.6,489917.10000000003,0
DOYU.US,D,20210115,000000,124.4,125.5,120.7,121.4,255877,0
DOYU.US,D,20210119,000000,123,126.1,121.2,124.8,292632.3,0
DOYU.US,D,20210120,000000,124.3,127.2,122.5,126.9,259185.6,0
DOYU.US,D,20210121,000000,129.4,129.8,124.158,125.4,318440,0
DOYU.US,D,20210122,000000,125.5,129.5,123.211,128.1,198449.80000000002,0
DOYU.US,D,20210125,000000,131.835,136.8,128.897,136.3,516100.2,0
DOYU.US,D,20210126,000000,136.3,137.1,132.7,135.4,671722.2000000001,0
DOYU.US,D,20210127,000000,130,138.5,128.5,132.8,799842.8,0
DOYU.US,D,20210128,000000,130.8,133.7,129,132.2,323185.30000000005,0
DOYU.US,D,20210129,000000,130.6,136.9,129.7,131.3,411776.10000000003,0
DOYU.US,D,20210201,000000,133.65,136.4,133.108,135,297015,0
DOYU.US,D,20210202,000000,134.8,137,129.8,135.9,444888.10000000003,0
DOYU.US,D,20210203,000000,135.9,137.35,134.2,135.9,362910,0
DOYU.US,D,20210204,000000,144.3,145.296,136.895,140.2,496507.7,0
DOYU.US,D,20210205,000000,141.3,147.35,136.25,144.9,347172.80000000005,0
DOYU.US,D,20210208,000000,147,147.1,134.55,137.2,431098.2,0
DOYU.US,D,20210209,000000,137.9,140.75,136.95,140.3,345465.10000000003,0
DOYU.US,D,20210210,000000,141.7,152.7,139.4,149.1,489745,0
DOYU.US,D,20210211,000000,148.9,184.7,148.1,172,1921889.6,0
DOYU.US,D,20210212,000000,171.851,189.4,166,187.2,632537,0
DOYU.US,D,20210216,000000,193.35,205.4,179.6,191.8,965430.8,0
DOYU.US,D,20210217,000000,185.7,189.2,162.6,171.3,581782.5,0
DOYU.US,D,20210218,000000,163.4,166.8,157.4,159.3,366243.10000000003,0
DOYU.US,D,20210219,000000,164.7,170.599,162.4,163.7,255038.30000000002,0
DOYU.US,D,20210222,000000,154.3,161.3,149.35,150.5,628188.5,0
DOYU.US,D,20210223,000000,140.4,149.8,137.2,149.5,587112.3,0
DOYU.US,D,20210224,000000,149.5,152.05,145.4,150.7,257598.40000000002,0
DOYU.US,D,20210225,000000,150.6,159.2,148.3,149.5,300295.2,0
DOYU.US,D,20210226,000000,149,153.9,142.2,143.4,398113.2,0
DOYU.US,D,20210301,000000,149.6,155.05,147.8,152.5,224370,0
DOYU.US,D,20210302,000000,152.1,157.2,151.1,151.7,314138.60000000003,0
DOYU.US,D,20210303,000000,153,153,142.55,143.4,153329.2,0
DOYU.US,D,20210304,000000,137.3,140.8,131.3,137.3,343979.7,0
DOYU.US,D,20210305,000000,138.7,147,132.7,147,410530.5,0
DOYU.US,D,20210308,000000,140.2,144.6,133,134.7,232729.2,0
DOYU.US,D,20210309,000000,138.8,142.2,138.7,140.6,301675.4,0
DOYU.US,D,20210310,000000,145.5,146.3,136.8,136.9,181614.90000000002,0
DOYU.US,D,20210311,000000,142.9,144.484,140.3,142.9,138610.1,0
DOYU.US,D,20210312,000000,140.7,142.7,138,142.1,94763.40000000001,0
DOYU.US,D,20210315,000000,142.1,142.9,139.4,141.1,91423.6,0
DOYU.US,D,20210316,000000,142.5,147.8,139.6,141.1,227364.5,0
DOYU.US,D,20210317,000000,138.6,139.05,130.3,132.9,554495.8,0
DOYU.US,D,20210318,000000,131.2,133.2,125.85,126.4,360018.5,0
DOYU.US,D,20210319,000000,126.1,132,125.3,131.7,165107.6,0
DOYU.US,D,20210322,000000,134,135.15,129.6,130.9,140440.6,0
DOYU.US,D,20210323,000000,131.565,131.565,121.9,123.3,289594.10000000003,0
DOYU.US,D,20210324,000000,123,125.1,115,116.4,249440.7,0
DOYU.US,D,20210325,000000,111.6,115.8,111.4,112.6,205778.5,0
DOYU.US,D,20210326,000000,112.9,114.4,100.8,105.5,393259.5,0
DOYU.US,D,20210329,000000,106.3,108.9,104.55,105.5,251022.6,0
DOYU.US,D,20210330,000000,105,105.55,101.1,102.1,587060.4,0
DOYU.US,D,20210331,000000,103.4,105.1,101.8,104.1,317771.30000000005,0
DOYU.US,D,20210401,000000,108.3,108.8,104.95,105.6,430548.9,0
DOYU.US,D,20210405,000000,108.3,108.3,101.6,103.8,188073.80000000002,0
DOYU.US,D,20210406,000000,104,108.4,101.9,106.3,368747.80000000005,0
DOYU.US,D,20210407,000000,105.2,105.35,101.1,103.8,323443,0
DOYU.US,D,20210408,000000,105.1,107.5,100.8,106.6,617855.3,0
DOYU.US,D,20210409,000000,107.75,107.9,102.15,103,373430.60000000003,0
DOYU.US,D,20210412,000000,102.2,102.5,97.7,99.4,349857,0
DOYU.US,D,20210413,000000,99.5,102.45,99,101.5,201662.40000000002,0
DOYU.US,D,20210414,000000,101.9,102.2,98.55,100,239104.2,0
DOYU.US,D,20210415,000000,101.2,101.2,96.95,97.5,171126.30000000002,0
DOYU.US,D,20210416,000000,98.7,101.8,97.3,101.6,129191.5,0
DOYU.US,D,20210419,000000,100.92,106.3,100.92,102.5,216711.90000000002,0
DOYU.US,D,20210420,000000,102.3,103.445,99.25,100.2,135243.30000000002,0
DOYU.US,D,20210421,000000,99.591,101.9,98,101.6,128523.70000000001,0
DOYU.US,D,20210422,000000,102.5,106.35,99.75,99.9,180104.7,0
DOYU.US,D,20210423,000000,102.4,105.3,101.3,105,92351.3,0
DOYU.US,D,20210426,000000,103.7,106.2,103.4,106.2,62917.100000000006,0
DOYU.US,D,20210427,000000,105.7,106.9,104.2,104.7,81827.70000000001,0
DOYU.US,D,20210428,000000,104.4,106.4,102,104.9,116577.20000000001,0
DOYU.US,D,20210429,000000,104.5,105,95.5,95.8,363044.7,0
DOYU.US,D,20210430,000000,96.1,97.107,90.4,91.1,417054.7,0
DOYU.US,D,20210503,000000,92,92.7,86.9,87.5,276782.2,0
DOYU.US,D,20210504,000000,87.4,90.2,85.8,86.3,356661.5,0
DOYU.US,D,20210505,000000,85.5,87.8,84.7,85,349856.5,0
DOYU.US,D,20210506,000000,84.6,85.6,82.5,84.6,301760.2,0
DOYU.US,D,20210507,000000,85,88.4,84.8,85.7,227221.30000000002,0
DOYU.US,D,20210510,000000,84.3,84.6,77.5,77.7,357810.10000000003,0
DOYU.US,D,20210511,000000,75.5,85.899,73.7,83,463548,0
DOYU.US,D,20210512,000000,80.6,88.1,80,81.5,371268.9,0
DOYU.US,D,20210513,000000,81.1,82.8,73.85,74.7,184310.6,0
DOYU.US,D,20210514,000000,76,80.6,76,78.4,187565.90000000002,0
DOYU.US,D,20210517,000000,77.7,79.579,75.142,78.7,198364.30000000002,0
DOYU.US,D,20210518,000000,76.633,82.3,75.3,79.2,190390.30000000002,0
DOYU.US,D,20210519,000000,78,81.2,77.35,78,222366.40000000002,0
DOYU.US,D,20210520,000000,76.2,80.7,75.9,76.2,317398.7,0
DOYU.US,D,20210521,000000,76.9,77.3,73.1,73.6,315764.2,0
DOYU.US,D,20210524,000000,74.3,74.3,71.2,72.4,138412.1,0
DOYU.US,D,20210525,000000,73.5,78.9,73.3,75.8,455961.60000000003,0
DOYU.US,D,20210526,000000,77,78,75.1,77,204529.40000000002,0
DOYU.US,D,20210527,000000,78,80.05,75.9,80,247576.30000000002,0
DOYU.US,D,20210528,000000,80.2,81.95,78.3,79,461407.4,0
DOYU.US,D,20210601,000000,81,81.25,77.7,78.7,227498.30000000002,0
DOYU.US,D,20210602,000000,79.7,79.7,74.8,76,278059.60000000003,0
DOYU.US,D,20210603,000000,75.1,76.5,71.4,72.8,473633,0
DOYU.US,D,20210604,000000,74,74.3,72.1,73.3,207467,0
DOYU.US,D,20210607,000000,74,74.1,70.8,72.3,434597.80000000005,0
DOYU.US,D,20210608,000000,72.6,82.3,72.6,81.5,529307.5,0
DOYU.US,D,20210609,000000,87.3,89,79.4,79.6,466335.9,0
DOYU.US,D,20210610,000000,80.1,82.8,79.4,80.3,228278.6,0
DOYU.US,D,20210611,000000,80.6,80.95,78.5,80.2,140423.9,0
DOYU.US,D,20210614,000000,81.1,85,80.5,82.3,170825.80000000002,0
DOYU.US,D,20210615,000000,82.1,82.473,77.5,78.2,151261.30000000002,0
DOYU.US,D,20210616,000000,78,80.8,77.6,78.8,86844.1,0
DOYU.US,D,20210617,000000,78.7,81.4,78.7,78.9,149218.80000000002,0
DOYU.US,D,20210618,000000,78.5,83.2,77.1,82.7,428957.10000000003,0
DOYU.US,D,20210621,000000,84.149,84.5,78.2,78.7,285501.3,0
DOYU.US,D,20210622,000000,79.614,80.55,77.1,78.1,181210.30000000002,0
DOYU.US,D,20210623,000000,77.5,82,77.4,78.8,143344.2,0
DOYU.US,D,20210624,000000,79,80.7,68.6,71.1,1346830.3,0
DOYU.US,D,20210625,000000,72.6,72.6,69.9,70.9,703056.4,0
DOYU.US,D,20210628,000000,71.781,71.781,68.1,68.9,657868.5,0
DOYU.US,D,20210629,000000,69.5,73.45,66.75,72.1,615661.3,0
DOYU.US,D,20210630,000000,71.2,72.18,68.2,68.4,513715.5,0
DOYU.US,D,20210701,000000,69.45,69.7,66.848,67.6,342624.60000000003,0
DOYU.US,D,20210702,000000,68.1,68.2,65.6,66.4,263283.60000000003,0
DOYU.US,D,20210706,000000,62.3,62.5,55.5,55.5,1707099,0
DOYU.US,D,20210707,000000,56.8,60.999,54.8,55,842032.1000000001,0
DOYU.US,D,20210708,000000,53.3,56.4,53,55.3,1073671.1,0
DOYU.US,D,20210709,000000,56.1,57.5,52.3,54.5,726916.2000000001,0
DOYU.US,D,20210712,000000,54.5,54.9,49.3,49.7,1450276,0
DOYU.US,D,20210713,000000,50.116,52.8,49.5,52.1,1095353,0
DOYU.US,D,20210714,000000,51.4,52.4,49.1,49.6,600326.8,0
DOYU.US,D,20210715,000000,49.6,51.1,47.35,48,886281.7000000001,0
DOYU.US,D,20210716,000000,47.6,48,45.8,45.9,622908.1,0
DOYU.US,D,20210719,000000,44.919,45.6,43.8,44.5,596589.2000000001,0
DOYU.US,D,20210720,000000,44.5,45.3,43.1,45.3,627582.2000000001,0
DOYU.US,D,20210721,000000,45.5,46.5,44.3,45.7,246758.6,0
DOYU.US,D,20210722,000000,46.3,46.5,44.1,44.2,246661.2,0
DOYU.US,D,20210723,000000,41.9,41.9,39.2,40,1158094.6,0
DOYU.US,D,20210726,000000,38.338,43.9,38.1,40.4,801544.7000000001,0
DOYU.US,D,20210727,000000,38.4,41.9,36.9,37.7,1133049.7,0
DOYU.US,D,20210728,000000,39,41.9,38.7,41.1,798976.1000000001,0
DOYU.US,D,20210729,000000,42.5,42.888,39,40.1,535581.6,0
DOYU.US,D,20210730,000000,39.6,40.7,39.286,40.3,402024.10000000003,0
DOYU.US,D,20210802,000000,41.5,42.4,40.2,41,324158.2,0
DOYU.US,D,20210803,000000,39.268,39.3,36.8,37.5,773100.7000000001,0
DOYU.US,D,20210804,000000,38.5,39.7,36.5,36.5,502380.5,0
DOYU.US,D,20210805,000000,36.646,37.6,36.2,36.4,376171.60000000003,0
DOYU.US,D,20210806,000000,37,37,35.5,35.8,324710.60000000003,0
DOYU.US,D,20210809,000000,36.5,38.7,36.1,37.2,357099.9,0
DOYU.US,D,20210810,000000,38.2,38.7,35.9,36.6,308094.7,0
DOYU.US,D,20210811,000000,37.035,37.2,35.7,35.9,321262.4,0
DOYU.US,D,20210812,000000,35.7,36,33.9,34.4,749249.9,0
DOYU.US,D,20210813,000000,34.12,35.2,33.698,34.5,505817,0
DOYU.US,D,20210816,000000,33.5,34,30.6,30.7,919950.2000000001,0
DOYU.US,D,20210817,000000,29.6,35.276,28.9,34.2,971490.2000000001,0
DOYU.US,D,20210818,000000,34.802,34.9,32,33.4,430351.9,0
DOYU.US,D,20210819,000000,32.228,33.8,31.4,32.3,293941.10000000003,0
DOYU.US,D,20210820,000000,32.7,34,32.1,32.9,353707.60000000003,0
DOYU.US,D,20210823,000000,33.835,36,32.5,35.5,450966.7,0
DOYU.US,D,20210824,000000,37.183,39.5,36.25,38.7,748156,0
DOYU.US,D,20210825,000000,38.1,39,36.45,37.8,456712.10000000003,0
DOYU.US,D,20210826,000000,37.18,39.69,37.18,38.5,361556.5,0
DOYU.US,D,20210827,000000,38,38.6,36.5,37.8,239157.80000000002,0
DOYU.US,D,20210830,000000,37.6,38.4,34.6,38.3,533711.9,0
DOYU.US,D,20210831,000000,39.15,43.4,38.7,42.8,1839914.4000000001,0
DOYU.US,D,20210901,000000,43.1,45.6,42.001,42.9,694773.7000000001,0
DOYU.US,D,20210902,000000,42.6,44.1,41.7,42.4,292539.3,0
DOYU.US,D,20210903,000000,42.1,43.4,41.65,42.3,185258.30000000002,0
DOYU.US,D,20210907,000000,43.357,44.6,41.9,42.8,308675,0
DOYU.US,D,20210908,000000,42.5,42.8,39.6,40,342168.5,0
DOYU.US,D,20210909,000000,38.5,39.65,36.95,39.2,511491.80000000005,0
DOYU.US,D,20210910,000000,39.6,40,36.8,36.8,408468.10000000003,0
DOYU.US,D,20210913,000000,36.5,37.4,34.9,36.4,466112,0
DOYU.US,D,20210914,000000,35.8,36.7,34.7,35.1,232477.5,0
DOYU.US,D,20210915,000000,34.39,35.1,33.6,34.7,193432.30000000002,0
DOYU.US,D,20210916,000000,34.1,35,33.8,34.4,240450.5,0
DOYU.US,D,20210917,000000,34.8,35.9,34.1,35.8,369821.60000000003,0
DOYU.US,D,20210920,000000,33.748,34.58,31.95,32.2,395928.60000000003,0
DOYU.US,D,20210921,000000,33.2,33.8,32.5,33,202210.2,0
DOYU.US,D,20210922,000000,33.8,36,33.6,35.2,295071.10000000003,0
DOYU.US,D,20210923,000000,35.4,35.9,33.65,35.5,231224,0
DOYU.US,D,20210924,000000,34.5,34.855,32.95,33.7,204590.6,0
DOYU.US,D,20210927,000000,33.7,33.8,32.4,33.6,375679.7,0
DOYU.US,D,20210928,000000,33.6,33.799,31.7,31.9,384114.2,0
DOYU.US,D,20210929,000000,31.9,32.35,30.8,30.9,318326,0
DOYU.US,D,20210930,000000,31.2,33,30.5,32.9,344540.60000000003,0
DOYU.US,D,20211001,000000,32.7,32.9,30.9,31.1,197995,0
DOYU.US,D,20211004,000000,30.7,31,29.3,30.2,349714.9,0
DOYU.US,D,20211005,000000,30.5,32.2,30.25,31.4,242430,0
DOYU.US,D,20211006,000000,30.6,31.4,30.2,30.6,259584.7,0
DOYU.US,D,20211007,000000,31.6,34.3,31.2,33.8,359576.80000000005,0
DOYU.US,D,20211008,000000,34,35.8,33.65,34.9,252662.6,0
DOYU.US,D,20211011,000000,36,37.85,35.5,37,519349,0
DOYU.US,D,20211012,000000,36.6,37.9,35.8,36.4,142938.4,0
DOYU.US,D,20211013,000000,36,38,35,37.2,271046.5,0
DOYU.US,D,20211014,000000,37.4,37.5,35.1,35.3,156899.80000000002,0
DOYU.US,D,20211015,000000,35.6,37.1,34.6,36,239609.30000000002,0
DOYU.US,D,20211018,000000,35.9,36.766,35.2,35.2,156268.4,0
DOYU.US,D,20211019,000000,36.5,37.5,35.9,37.3,153112.9,0
DOYU.US,D,20211020,000000,38,38.4,36.8,37.4,175429.40000000002,0
DOYU.US,D,20211021,000000,36.8,38.1,36.4,36.5,159339,0
DOYU.US,D,20211022,000000,37,38.5,36.5,36.8,208088.6,0
DOYU.US,D,20211025,000000,36.8,36.8,34.3,34.9,155874.2,0
DOYU.US,D,20211026,000000,35.1,35.1,33,33.5,185187.80000000002,0
DOYU.US,D,20211027,000000,33.5,34,32.3,33,196743.1,0
DOYU.US,D,20211028,000000,32.4,33.3,32,32.8,124416.90000000001,0
DOYU.US,D,20211029,000000,32.7,33,31.1,31.5,213145,0
DOYU.US,D,20211101,000000,31.882,34,31.8,33.7,262402.3,0
DOYU.US,D,20211102,000000,33,33.2,31.6,31.8,235618,0
DOYU.US,D,20211103,000000,31.9,32.7,31.65,32.4,198348.1,0
DOYU.US,D,20211104,000000,32.9,33.7,31.4,31.5,218453.2,0
DOYU.US,D,20211105,000000,31.846,33.15,31,32,265076.3,0
DOYU.US,D,20211108,000000,32.35,33.5,32,32.9,171717.6,0
DOYU.US,D,20211109,000000,33.3,36.8,33.3,35,402201.2,0
DOYU.US,D,20211110,000000,35.3,36.2,33.95,34.2,195124.40000000002,0
DOYU.US,D,20211111,000000,35.9,37.6,35.6,37.6,340817.80000000005,0
DOYU.US,D,20211112,000000,37.5,39.6,37.113,39.6,386763.10000000003,0
DOYU.US,D,20211115,000000,39.7,40,36.1,37.7,609436.6,0
DOYU.US,D,20211116,000000,34.1,35.45,33.6,34.5,300162.60000000003,0
DOYU.US,D,20211117,000000,34.25,34.25,31.5,31.7,296366,0
DOYU.US,D,20211118,000000,31.6,31.6,29.8,31.1,368441.80000000005,0
DOYU.US,D,20211119,000000,30.8,31.7,30.6,30.8,144237.6,0
DOYU.US,D,20211122,000000,30.9,31.7,29.8,30.4,203735.2,0
DOYU.US,D,20211123,000000,30.3,30.578,29.3,29.7,233383.7,0
DOYU.US,D,20211124,000000,29.7,29.85,28.9,29.2,302081.60000000003,0
DOYU.US,D,20211126,000000,28.2,28.2,26.7,27.8,275437.5,0
DOYU.US,D,20211129,000000,27.8,28,26.4,27.2,230763.80000000002,0
DOYU.US,D,20211130,000000,27,28.05,26.3,27.8,301695.2,0
DOYU.US,D,20211201,000000,27.85,28.2,25.5,25.5,263220.4,0
DOYU.US,D,20211202,000000,25.9,26.3,24.9,25.6,198817.6,0
DOYU.US,D,20211203,000000,24.4,24.599,19.82,22.7,1197769.3,0
DOYU.US,D,20211206,000000,22.9,23.7,22.1,23.5,998173.8,0
DOYU.US,D,20211207,000000,23.9,25.85,23.9,25.1,331098.30000000005,0
DOYU.US,D,20211208,000000,25.5,26.85,24.3,26.4,306874.9,0
DOYU.US,D,20211209,000000,26.38,26.9,25.8,26.1,241854.1,0
DOYU.US,D,20211210,000000,25.5,27,25.4,26.7,330056.4,0
DOYU.US,D,20211213,000000,26.4,26.65,24.9,25.4,225447.90000000002,0
DOYU.US,D,20211214,000000,24.5,26.4,24.3,25.5,170606.30000000002,0
DOYU.US,D,20211215,000000,24.6,25.47,23.95,24.9,195068.80000000002,0
DOYU.US,D,20211216,000000,25.4,26.4,25,25.2,158147.7,0
DOYU.US,D,20211217,000000,24.6,27.55,24.1,27,613555.1,0
DOYU.US,D,20211220,000000,25.8,25.9,24.6,24.8,230742.30000000002,0
DOYU.US,D,20211221,000000,25.3,26.7,25.3,26.3,153669.30000000002,0
DOYU.US,D,20211222,000000,25.8,26.55,25.2,25.6,156911.2,0
DOYU.US,D,20211223,000000,25.6,25.9,24.521,25.5,109273.20000000001,0
DOYU.US,D,20211227,000000,25,25.8,24.1,24.4,200920.80000000002,0
DOYU.US,D,20211228,000000,24.1,24.781,22.7,23.7,277155.60000000003,0
DOYU.US,D,20211229,000000,23.4,23.6,21.8,22.4,314748.60000000003,0
DOYU.US,D,20211230,000000,22.4,26.1,22.3,25.4,413703.7,0
DOYU.US,D,20211231,000000,25.3,26.85,25.1,26.4,354888.9,0
DOYU.US,D,20220103,000000,26.2,27.6,25.1,26.2,175611.90000000002,0
DOYU.US,D,20220104,000000,26.1,26.1,23.7,24.1,244069.5,0
DOYU.US,D,20220105,000000,23.7,26.1,23.61,23.7,203733.1,0
DOYU.US,D,20220106,000000,23.7,25.3,23.267,24.5,166355.30000000002,0
DOYU.US,D,20220107,000000,25.1,25.8,24.5,24.9,144108.5,0
DOYU.US,D,20220110,000000,24.55,25.1,23.8,24.2,177114.2,0
DOYU.US,D,20220111,000000,24.5,26.1,23.7,25.8,247770,0
DOYU.US,D,20220112,000000,26.7,27.9,26,26.5,178333,0
DOYU.US,D,20220113,000000,25.7,26.391,24.3,24.5,158345,0
DOYU.US,D,20220114,000000,24.8,25.5,24.2,24.5,70395,0
DOYU.US,D,20220118,000000,23.6,25.7,23.4,23.8,163662,0
DOYU.US,D,20220119,000000,24,24.9,23.35,24.2,190447.80000000002,0
DOYU.US,D,20220120,000000,25.4,26.2,24.6,24.7,156160.80000000002,0
DOYU.US,D,20220121,000000,24.5,25,23.1,23.2,161921.30000000002,0
DOYU.US,D,20220124,000000,22.857,23.1,21.8,22.7,334130.60000000003,0
DOYU.US,D,20220125,000000,22.2,22.7,22,22.5,349172.10000000003,0
DOYU.US,D,20220126,000000,23,23.25,22.1,22.1,282055.2,0
DOYU.US,D,20220127,000000,23.7,26,22.6,25.2,3896100.1,0
DOYU.US,D,20220128,000000,23.4,24.1,20.3,20.4,808751.2000000001,0
DOYU.US,D,20220131,000000,21.065,21.299,20.5,21,358944.10000000003,0
DOYU.US,D,20220201,000000,21.3,22.8,20.819,22.1,223674.7,0
DOYU.US,D,20220202,000000,22.3,22.6,21.4,21.9,204147.90000000002,0
DOYU.US,D,20220203,000000,21.3,22.2,20.9,20.9,311491.4,0
DOYU.US,D,20220204,000000,21.4,23.3,21,23,388030.9,0
DOYU.US,D,20220207,000000,22.6,23.4,21.9,21.9,369023.5,0
DOYU.US,D,20220208,000000,22.2,23.1,21.5,22.9,307349.3,0
DOYU.US,D,20220209,000000,23.1,24.8,23.1,24.3,574155.4,0
DOYU.US,D,20220210,000000,23.7,24.9,23.6,24.1,138377.9,0
DOYU.US,D,20220211,000000,23.7,24.7,23.457,23.7,158473.7,0
DOYU.US,D,20220214,000000,23.3,23.8,22.8,23.1,206936.30000000002,0
DOYU.US,D,20220215,000000,23.7,25,23.4,24.9,249215,0
DOYU.US,D,20220216,000000,24.9,26,24.3,25.4,334420.5,0
DOYU.US,D,20220217,000000,25.3,25.7,24.2,24.4,216736.7,0
DOYU.US,D,20220218,000000,24.2,24.4,21.8,22.3,214600.7,0
DOYU.US,D,20220222,000000,21.7,22.75,21,21.2,197993,0
DOYU.US,D,20220223,000000,21.6,22.4,21.4,21.4,232503.2,0
DOYU.US,D,20220224,000000,20.2,21.5,19.9,21.5,226386.1,0
DOYU.US,D,20220225,000000,21.3,22,20.9,21.7,98326.6,0
DOYU.US,D,20220228,000000,21.1,21.95,20.35,20.6,531751.6,0
DOYU.US,D,20220301,000000,20.7,22.75,20.6,21,328703.4,0
DOYU.US,D,20220302,000000,21.5,21.52,19.9,20.9,338675.9,0
DOYU.US,D,20220303,000000,21.4,21.4,19.9,19.9,232138.6,0
DOYU.US,D,20220304,000000,20,20.6,18.3,18.4,289936.3,0
DOYU.US,D,20220307,000000,18.1,18.899,17.6,17.6,204693.1,0
DOYU.US,D,20220308,000000,17.6,17.7,16,16.1,614295,0
DOYU.US,D,20220309,000000,17,17.8,16.7,17.1,320775.80000000005,0
DOYU.US,D,20220310,000000,16.6,16.6,15.501,16.1,239209.6,0
DOYU.US,D,20220311,000000,16,16.393,14.4,14.6,329162,0
DOYU.US,D,20220314,000000,13.7,14.25,12.35,13.1,384589.7,0
DOYU.US,D,20220315,000000,13.2,14.6,13.2,14.2,275559.4,0
DOYU.US,D,20220316,000000,16.3,22.9,15.9,22.8,838915.1000000001,0
DOYU.US,D,20220317,000000,20.4,21.85,19.6,19.8,286659.2,0
DOYU.US,D,20220318,000000,19.8,23.3,19.8,23.2,464989.30000000005,0
DOYU.US,D,20220321,000000,21.6,23.2,21.1,22.2,564327.8,0
DOYU.US,D,20220322,000000,23.8,24.3,22.6,23.3,236368.1,0
DOYU.US,D,20220323,000000,23,24.815,22.3,23.4,259914,0
DOYU.US,D,20220324,000000,23,23.9,22,23.6,221018.2,0
DOYU.US,D,20220325,000000,22.4,22.7,21.1,21.5,272648.2,0
DOYU.US,D,20220328,000000,22,23,21.4,21.8,67842.90000000001,0
DOYU.US,D,20220329,000000,22.6,24.1,22.4,23.6,314442.4,0
DOYU.US,D,20220330,000000,21.62,23.3,21.6,22.1,260263.30000000002,0
DOYU.US,D,20220331,000000,21.8,22,20.8,20.8,167621.40000000002,0
DOYU.US,D,20220401,000000,22.8,23.1,21,21.2,176968.30000000002,0
DOYU.US,D,20220404,000000,22.1,23.7,22.1,23.4,312682.4,0
DOYU.US,D,20220405,000000,23,23.085,22.3,22.4,142610.30000000002,0
DOYU.US,D,20220406,000000,22.12,22.6,21.4,22.4,154248,0
DOYU.US,D,20220407,000000,21.7,22.099,20.5,20.7,159701.1,0
DOYU.US,D,20220408,000000,20.9,21.35,20,20.7,151335.2,0
DOYU.US,D,20220411,000000,21.9,21.9,20.75,21.2,146335,0
DOYU.US,D,20220412,000000,21.7,21.95,20.3,20.5,79505.20000000001,0
DOYU.US,D,20220413,000000,20.6,21.45,20.35,21.2,111590.6,0
DOYU.US,D,20220414,000000,21,21.2,19.65,20.1,169486.1,0
DOYU.US,D,20220418,000000,19.42,19.7,18.6,18.8,129087,0
DOYU.US,D,20220419,000000,18.8,19.3,18.15,18.9,178291.6,0
DOYU.US,D,20220420,000000,19.1,19.2,17.6,17.7,74467.40000000001,0
DOYU.US,D,20220421,000000,18.1,18.3,16.5,16.5,156180.1,0
DOYU.US,D,20220422,000000,16.2,17.5,16.1,16.8,110724.6,0
DOYU.US,D,20220425,000000,16.1,16.7,15.9,16.3,120609.90000000001,0
DOYU.US,D,20220426,000000,16.4,16.4,15,15.2,102492.40000000001,0
DOYU.US,D,20220427,000000,15.5,16.3,15.2,15.8,115547.3,0
DOYU.US,D,20220428,000000,16.2,16.4,15.2,16.3,57839.8,0
DOYU.US,D,20220429,000000,18,18.901,17.7,17.7,120376.8,0
DOYU.US,D,20220502,000000,17.5,18.3,17.2,18,112279.8,0
DOYU.US,D,20220503,000000,17.9,18.45,17.1,17.2,61875.600000000006,0
DOYU.US,D,20220504,000000,17,18.2,16.5,18.2,56273.700000000004,0
DOYU.US,D,20220505,000000,17.3,18,16.5,17.2,77133.8,0
DOYU.US,D,20220506,000000,16.6,16.688,15.4,15.6,51929.5,0
DOYU.US,D,20220509,000000,15.1,15.3,14.15,14.3,80869.20000000001,0
DOYU.US,D,20220510,000000,15,15,13.4,14.5,105211.8,0
DOYU.US,D,20220511,000000,14.7,14.9,13.2,13.3,64601.3,0
DOYU.US,D,20220512,000000,13.3,14,12.8,13.8,142329.80000000002,0
DOYU.US,D,20220513,000000,14.4,15.3,14.1,14.7,143949.4,0
DOYU.US,D,20220516,000000,14.3,15.8,14.3,14.8,76753.90000000001,0
DOYU.US,D,20220517,000000,15.7,16.5,14.6,15.2,273630.4,0
DOYU.US,D,20220518,000000,14.8,15.7,13.6,13.9,127356.3,0
DOYU.US,D,20220519,000000,13.9,15.1,13.9,14.5,51981.200000000004,0
DOYU.US,D,20220520,000000,14.8,14.8,13.2,13.6,98734.40000000001,0
DOYU.US,D,20220523,000000,13.8,13.8,13,13.2,69838.7,0
DOYU.US,D,20220524,000000,13,13,11.9,12,109793.1,0
DOYU.US,D,20220525,000000,12.1,12.5,11.8,12.3,59003.600000000006,0
DOYU.US,D,20220526,000000,12.5,13.7,12.25,12.9,85636,0
DOYU.US,D,20220527,000000,13,13,12.2,12.7,106466.8,0
DOYU.US,D,20220531,000000,13.5,13.6,12.6,12.9,223633.80000000002,0
DOYU.US,D,20220601,000000,13,13.5,12.4,12.5,209705.1,0
DOYU.US,D,20220602,000000,12.4,12.9,12.4,12.7,104644.20000000001,0
DOYU.US,D,20220603,000000,12.5,12.7,12.2,12.3,66955.3,0
DOYU.US,D,20220606,000000,13.4,13.6,12.2,12.3,216092,0
DOYU.US,D,20220607,000000,12.3,12.9,12.2,12.7,168602.90000000002,0
DOYU.US,D,20220608,000000,13.3,15.4,13.1,13.7,506223,0
DOYU.US,D,20220609,000000,13.3,13.685,12.5,12.7,218422.6,0
DOYU.US,D,20220610,000000,12.7,13.1,12,12.6,1186385.8,0
DOYU.US,D,20220613,000000,12.3,12.3,11.4,11.5,186545.40000000002,0
DOYU.US,D,20220614,000000,11.7,12.5,11.5,12.2,96522.6,0
DOYU.US,D,20220615,000000,12.7,12.8,12.3,12.6,74984.90000000001,0
DOYU.US,D,20220616,000000,12.1,12.4,11.4,11.8,148735.2,0
DOYU.US,D,20220617,000000,12.2,12.8,12.15,12.2,292478.2,0
DOYU.US,D,20220621,000000,12.6,13.2,12.5,12.7,63599.4,0
DOYU.US,D,20220622,000000,12.3,12.7,12.2,12.3,40140.700000000004,0
DOYU.US,D,20220623,000000,12.5,12.6,11.8,11.8,158636.90000000002,0
DOYU.US,D,20220624,000000,12,12.6,11.8,12.2,148262,0
DOYU.US,D,20220627,000000,12.6,13,12.25,12.6,123120.6,0
DOYU.US,D,20220628,000000,12.5,13.2,12.5,12.6,82181.8,0
DOYU.US,D,20220629,000000,12.3,12.65,11.9,12.1,106579.6,0
DOYU.US,D,20220630,000000,11.9,12.1,11.5,12,181589.1,0
DOYU.US,D,20220701,000000,11.9,12.8,11.9,12.6,79020.6,0
DOYU.US,D,20220705,000000,12.3,12.8,12.2,12.7,55999.3,0
DOYU.US,D,20220706,000000,12.4,12.7,12.2,12.5,96825.5,0
DOYU.US,D,20220707,000000,12.5,13.5,12.4,13.2,85992.3,0
DOYU.US,D,20220708,000000,13.2,13.5,12.6,13.1,46052.4,0
DOYU.US,D,20220711,000000,12.6,12.7,12.2,12.4,81648.3,0
DOYU.US,D,20220712,000000,12.7,12.7,11.9,12.3,56343.100000000006,0
DOYU.US,D,20220713,000000,12.1,12.4,11.8,12.1,63370,0
DOYU.US,D,20220714,000000,11.9,12,11.3,11.3,113987.3,0
DOYU.US,D,20220715,000000,11.3,11.7,11.2,11.6,50640.200000000004,0
DOYU.US,D,20220718,000000,12,12.7,11.7,12.3,149292.7,0
DOYU.US,D,20220719,000000,12.6,13.3,12.1,12.7,136318.30000000002,0
DOYU.US,D,20220720,000000,12.7,12.9,12.3,12.5,56606.5,0
DOYU.US,D,20220721,000000,12.4,12.9,12.4,12.9,52744.4,0
DOYU.US,D,20220722,000000,12.5,12.95,12.1,12.3,64262.9,0
DOYU.US,D,20220725,000000,12.2,12.4,11.75,11.9,67411.90000000001,0
DOYU.US,D,20220726,000000,12,12.05,11.6,11.8,119754.6,0
DOYU.US,D,20220727,000000,11.8,11.9,11.4,11.6,127958,0
DOYU.US,D,20220728,000000,11.5,11.5,11.2,11.4,212043,0
DOYU.US,D,20220729,000000,11.2,11.4,11.1,11.4,159839.7,0
DOYU.US,D,20220801,000000,11.1,11.5,11.1,11.3,68231.5,0
DOYU.US,D,20220802,000000,11.3,11.7,11.1,11.5,121607.5,0
DOYU.US,D,20220803,000000,11.4,11.9,11.3,11.8,67346.6,0
DOYU.US,D,20220804,000000,11.9,11.95,11.5,11.7,55761.5,0
DOYU.US,D,20220805,000000,11.5,11.7,11.2,11.7,107606.40000000001,0
DOYU.US,D,20220808,000000,11.6,12,11.4,11.7,75771.5,0
DOYU.US,D,20220809,000000,11.5,11.65,11.2,11.4,92489.3,0
DOYU.US,D,20220810,000000,11.4,11.9,11.2,11.9,77806.7,0
DOYU.US,D,20220811,000000,11.8,12.7,11.7,11.9,156569.9,0
DOYU.US,D,20220812,000000,11.6,12.5,11.5,12.5,88739.5,0
DOYU.US,D,20220815,000000,14,14.9,13.3,13.6,613727.5,0
DOYU.US,D,20220816,000000,13.5,13.5,12.6,12.6,133554.2,0
DOYU.US,D,20220817,000000,12.4,13.2,12.2,13.1,135971.4,0
DOYU.US,D,20220818,000000,13,13.3,12.8,13.2,31267.100000000002,0
DOYU.US,D,20220819,000000,13.2,13.2,12.7,12.8,27054.100000000002,0
DOYU.US,D,20220822,000000,12.6,12.7,12.2,12.3,31192.4,0
DOYU.US,D,20220823,000000,12.2,12.8,12.1,12.2,23938.800000000003,0
DOYU.US,D,20220824,000000,12.1,12.8,12.1,12.4,37134.8,0
DOYU.US,D,20220825,000000,12.8,13.5,12.4,13.1,143112.5,0
DOYU.US,D,20220826,000000,13.9,14,12.8,12.8,168998,0
DOYU.US,D,20220829,000000,12.7,13.9,12.5,13.5,84057.40000000001,0
DOYU.US,D,20220830,000000,13.6,14,13.2,13.6,192812.90000000002,0
DOYU.US,D,20220831,000000,13.5,15.2,13.5,15,262240.10000000003,0
DOYU.US,D,20220901,000000,14.9,15.6,14.6,15.2,147117.80000000002,0
DOYU.US,D,20220902,000000,15.3,15.9,15,15.5,118731.8,0
DOYU.US,D,20220906,000000,15.4,15.5,14.2,14.8,117985.20000000001,0
DOYU.US,D,20220907,000000,14.5,15.7,14.31,15.6,94222.6,0
DOYU.US,D,20220908,000000,14.9,16.2,14.7,15.8,132545.7,0
DOYU.US,D,20220909,000000,16.1,16.5,15.8,15.9,73194.5,0
DOYU.US,D,20220912,000000,16.2,16.3,15.7,15.7,69001.3,0
DOYU.US,D,20220913,000000,15,15.45,14,14.1,58339.3,0
DOYU.US,D,20220914,000000,14.2,14.65,14.1,14.3,26913.100000000002,0
DOYU.US,D,20220915,000000,14.2,14.4,13.4,13.4,26350.7,0
DOYU.US,D,20220916,000000,13.4,13.4,12.3,12.7,116310.5,0
DOYU.US,D,20220919,000000,12.1,12.601,12.1,12.4,35631,0
DOYU.US,D,20220920,000000,12.4,13.3,12.1,12.7,90784.90000000001,0
DOYU.US,D,20220921,000000,12.5,12.9,12.3,12.4,34880.1,0
DOYU.US,D,20220922,000000,12.4,12.65,11.9,12.1,44302.3,0
DOYU.US,D,20220923,000000,11.9,12.25,11.1,11.7,134450.9,0
DOYU.US,D,20220926,000000,11.7,11.9,10.5,10.9,167160.7,0
DOYU.US,D,20220927,000000,11.1,11.3,10.8,10.9,55028,0
DOYU.US,D,20220928,000000,10.7,11.1,10.6,10.7,71404.40000000001,0
DOYU.US,D,20220929,000000,10.5,10.65,10,10.1,115281.40000000001,0
DOYU.US,D,20220930,000000,10.1,10.5,10,10,49925.3,0
DOYU.US,D,20221003,000000,10.3,10.6,10.1,10.6,39469,0
DOYU.US,D,20221004,000000,10.8,11.6,10.731,11.6,97409.6,0
DOYU.US,D,20221005,000000,11.6,11.6,10.8,11.2,33158.6,0
DOYU.US,D,20221006,000000,11.1,11.375,10.9,11.2,11409.1,0
DOYU.US,D,20221007,000000,10.9,11,10.5,10.9,50360.9,0
DOYU.US,D,20221010,000000,10.5,10.5,10.05,10.1,46457.4,0
DOYU.US,D,20221011,000000,10,10.175,9.4,9.539,93832.20000000001,0
DOYU.US,D,20221012,000000,9.8,9.998,9.05,9.201,102701.90000000001,0
DOYU.US,D,20221013,000000,9,10.3,9,10.1,50649.600000000006,0
DOYU.US,D,20221014,000000,9.9,10.3,9.763,9.971,49828.4,0
DOYU.US,D,20221017,000000,10.2,11.4,10.2,10.8,67697.5,0
DOYU.US,D,20221018,000000,11,11.4,10.9,11.4,45147.600000000006,0
DOYU.US,D,20221019,000000,11.3,11.3,10.7,10.9,117658.8,0
DOYU.US,D,20221020,000000,10.8,11.1,10.3,10.3,39820,0
DOYU.US,D,20221021,000000,10.2,10.8,10.2,10.6,56010.4,0
DOYU.US,D,20221024,000000,10.1,11,9.642,10.9,183853.80000000002,0
DOYU.US,D,20221025,000000,11.4,11.4,9.1,10,404505,0
DOYU.US,D,20221026,000000,10.1,10.3,9.83,10.2,152822.7,0
DOYU.US,D,20221027,000000,9.968,10.0495,9.818,9.906,100346.8,0
DOYU.US,D,20221028,000000,9.7,10,9.544,9.937,42073.3,0
DOYU.US,D,20221031,000000,9.6,10,9.6,9.999,55307.3,0
DOYU.US,D,20221101,000000,10,10.8,9.7,9.878,321499.5,0
DOYU.US,D,20221102,000000,9.774,10.4,9.601,10,85971,0
DOYU.US,D,20221103,000000,9.7,9.999,9.61,9.83,20083.300000000003,0
DOYU.US,D,20221104,000000,10.4,10.5,9.704,10.2,219728.7,0
DOYU.US,D,20221107,000000,10,10.2,9.91,9.933,55809.9,0
DOYU.US,D,20221108,000000,9.953,10.0005,9.801,9.855,16211.800000000001,0
DOYU.US,D,20221109,000000,9.801,10,9.3,9.365,52428.8,0
DOYU.US,D,20221110,000000,9.7,9.896,9.6,9.74,21832.600000000002,0
DOYU.US,D,20221111,000000,10,11,9.51,10.8,168408.30000000002,0
DOYU.US,D,20221114,000000,11.1,11.3,10.5,11.2,60683.9,0
DOYU.US,D,20221115,000000,11.6,14.1,11.6,13.7,217557.40000000002,0
DOYU.US,D,20221116,000000,14,14,12.2,12.2,64931.700000000004,0
DOYU.US,D,20221117,000000,12.2,13.3,12.2,13.1,67915.5,0
DOYU.US,D,20221118,000000,13.2,13.2,12.8,13.2,52869,0
DOYU.US,D,20221121,000000,12.8,13,11.2,11.3,65571.40000000001,0
DOYU.US,D,20221122,000000,11.1,11.6,10.85,11.5,47209.4,0
DOYU.US,D,20221123,000000,11.7,12.1,11.2,12.1,49954.9,0
DOYU.US,D,20221125,000000,12.1,12.1,11.1,11.5,16192.400000000001,0
DOYU.US,D,20221128,000000,11.3,12,11.3,11.5,40374.3,0
DOYU.US,D,20221129,000000,12.1,12.4,11.8,11.8,71524.6,0
DOYU.US,D,20221130,000000,12.3,13.3,12,13.1,153483,0
DOYU.US,D,20221201,000000,13,13.273,12.1,12.3,78879.5,0
DOYU.US,D,20221202,000000,12,13.7,12,13.6,91632.90000000001,0
DOYU.US,D,20221205,000000,14,14.3,12.5,12.5,63547.8,0
DOYU.US,D,20221206,000000,12.8,12.8,12.2,12.3,41571.5,0
DOYU.US,D,20221207,000000,12,12.373,12,12.1,24714.4,0
DOYU.US,D,20221208,000000,12.6,13.8,12.4,13.1,136455.2,0
DOYU.US,D,20221209,000000,13.4,16.4,13.2,15.1,373609.80000000005,0
DOYU.US,D,20221212,000000,14.4,14.5,12.5,12.6,201868.2,0
DOYU.US,D,20221213,000000,13.3,14,13,13.1,154067.6,0
DOYU.US,D,20221214,000000,12.8,13.6,12.8,13.1,83082.20000000001,0
DOYU.US,D,20221215,000000,12.8,13.2,11.8,11.8,144648.2,0
DOYU.US,D,20221216,000000,11.9,13.4,11.8,12.6,353008.30000000005,0
DOYU.US,D,20221219,000000,12.8,14.7,12.1,14.4,183230,0
DOYU.US,D,20221220,000000,13.5,14.5,13.4,13.7,111771.20000000001,0
DOYU.US,D,20221221,000000,13.4,15.4,13.4,14.7,124513.20000000001,0
DOYU.US,D,20221222,000000,15,15.1,14.2,14.7,167049.6,0
DOYU.US,D,20221223,000000,14.9,14.9,13.9,14,55096.3,0
DOYU.US,D,20221227,000000,14.2,14.7,13.5,14.6,145416.4,0
DOYU.US,D,20221228,000000,14.7,14.8,13,13.1,102633.1,0
DOYU.US,D,20221229,000000,13.4,14.2,13,13.7,141726.9,0
DOYU.US,D,20221230,000000,13.1,14.2,13.1,14,122975.90000000001,0
DOYU.US,D,20230103,000000,14.2,14.8,13.4,13.6,307635.7,0
DOYU.US,D,20230104,000000,14.2,15.6,13.8,15.5,471515.4,0
DOYU.US,D,20230105,000000,14.9,17.3,14.8,16.9,383086.30000000005,0
DOYU.US,D,20230106,000000,16.5,16.7,15.4,16.1,205019.1,0
DOYU.US,D,20230109,000000,17,18,16.801,17.1,285121.2,0
DOYU.US,D,20230110,000000,17.1,17.8,16.5,17.6,171464,0
DOYU.US,D,20230111,000000,18.05,18.6,16.85,17.1,194549,0
DOYU.US,D,20230112,000000,17,17.05,15.8,16.5,210765.40000000002,0
DOYU.US,D,20230113,000000,16.9,18.2,16.8,17.8,207140.90000000002,0
DOYU.US,D,20230117,000000,17.8,17.9,16.25,16.5,180699.5,0
DOYU.US,D,20230118,000000,17,17.3,15.35,16.1,271658.5,0
DOYU.US,D,20230119,000000,16.2,17.2,15.6,16.7,124306.40000000001,0
DOYU.US,D,20230120,000000,17.1,18.2,16.8,17.8,136854.5,0
DOYU.US,D,20230123,000000,18,19.1,17.902,18.6,106217.3,0
DOYU.US,D,20230124,000000,18.1,18.482,17.8,18,57513.5,0
DOYU.US,D,20230125,000000,17.8,18,17.2,17.8,56600.4,0
DOYU.US,D,20230126,000000,18.2,19.2,17.8,18.8,145933.4,0
DOYU.US,D,20230127,000000,18.6,21.2,18.6,19.4,270214.60000000003,0
DOYU.US,D,20230130,000000,18.6,18.6,17.8,18.1,117812.40000000001,0
DOYU.US,D,20230131,000000,17.9,18.85,17.7,18.2,200336.90000000002,0
DOYU.US,D,20230201,000000,19.1,20.31,18.8,19.6,332295.4,0
DOYU.US,D,20230202,000000,19.6,19.75,19.05,19.4,136452.30000000002,0
DOYU.US,D,20230203,000000,18.8,18.9,17.2,17.6,184891.30000000002,0
DOYU.US,D,20230206,000000,17,17.05,16.35,16.4,144770.5,0
DOYU.US,D,20230207,000000,16.8,17.25,16,16.9,191967.5,0
DOYU.US,D,20230208,000000,16.5,16.8,15.95,16.3,122594,0
DOYU.US,D,20230209,000000,16.9,17.1,16.05,16.2,165405.80000000002,0
DOYU.US,D,20230210,000000,15.7,16,14.988,15.1,155086.80000000002,0
DOYU.US,D,20230213,000000,15.3,16.183,15.3,15.9,71064.8,0
DOYU.US,D,20230214,000000,15.7,16.2,15.4,15.9,109056.70000000001,0
DOYU.US,D,20230215,000000,15.6,16.5,15.2,16.5,69634.6,0
DOYU.US,D,20230216,000000,16,16.25,15.511,15.7,93876.5,0
DOYU.US,D,20230217,000000,15.5,15.5,14.8,14.8,87547.20000000001,0
DOYU.US,D,20230221,000000,14.32,14.6,13.7,13.8,112962.6,0
DOYU.US,D,20230222,000000,13.8,14.3,13.2,13.6,119869.6,0
DOYU.US,D,20230223,000000,13.7,14.05,13.1,13.3,61557.700000000004,0
DOYU.US,D,20230224,000000,13,13.2,12.6,12.9,77239.7,0
DOYU.US,D,20230227,000000,13.2,13.6,13,13.2,84762,0
DOYU.US,D,20230228,000000,13,13.188,12.2,12.5,187811.7,0
DOYU.US,D,20230301,000000,13.3,13.6,12.7,12.8,67912.2,0
DOYU.US,D,20230302,000000,12.8,13.9,12.7,13.8,54121.5,0
DOYU.US,D,20230303,000000,13.9,14.6,13.7,14,124383.6,0
DOYU.US,D,20230306,000000,14,14.1,13.1,13.3,90023.8,0
DOYU.US,D,20230307,000000,12.9,13.4,12.5,12.8,101825.20000000001,0
DOYU.US,D,20230308,000000,12.8,13,12.5,13,80259.8,0
DOYU.US,D,20230309,000000,12.8,12.9,11.8,11.9,101265.20000000001,0
DOYU.US,D,20230310,000000,11.8,12.3,11.5,11.7,55710.700000000004,0
DOYU.US,D,20230313,000000,11.8,12.3,11.68,12,70586.7,0
DOYU.US,D,20230314,000000,12,12.3,11.801,12.1,87267.3,0
DOYU.US,D,20230315,000000,11.7,12.4,11.4,12,209044.5,0
DOYU.US,D,20230316,000000,12,12.6,11.6,12.5,66295.90000000001,0
DOYU.US,D,20230317,000000,12.5,12.5,11.8,11.8,95198.8,0
DOYU.US,D,20230320,000000,12,12.6,11.792,12,91885,0
DOYU.US,D,20230321,000000,11.8,11.986,11.3,11.6,126686.40000000001,0
DOYU.US,D,20230322,000000,11.7,11.7,11.3,11.3,55754.700000000004,0
DOYU.US,D,20230323,000000,11.6,11.85,11.4,11.4,103213.20000000001,0
DOYU.US,D,20230324,000000,11.4,11.5,11,11.2,46733.8,0
DOYU.US,D,20230327,000000,11.1,11.4,10.9,10.9,108588.40000000001,0
DOYU.US,D,20230328,000000,11.3,11.4,11,11.3,32903.1,0
DOYU.US,D,20230329,000000,11.2,11.75,11.15,11.7,38168.6,0
DOYU.US,D,20230330,000000,11.7,12.1,11.6,12.1,49874.700000000004,0
DOYU.US,D,20230331,000000,12.1,12.3,11.8,11.9,60692.8,0
DOYU.US,D,20230403,000000,11.9,12,11.55,11.9,44435,0
DOYU.US,D,20230404,000000,11.9,11.9,11.5,11.6,14594.5,0
DOYU.US,D,20230405,000000,11.6,11.6,11.2,11.3,34782.4,0
DOYU.US,D,20230406,000000,11.3,11.6,11.2,11.5,30513.800000000003,0
DOYU.US,D,20230410,000000,11.5,11.6,11.2,11.5,29720.5,0
DOYU.US,D,20230411,000000,11.6,11.69,11.35,11.6,29737.800000000003,0
DOYU.US,D,20230412,000000,11.5,11.9,11.175,11.3,63474.3,0
DOYU.US,D,20230413,000000,11.5,11.55,11.1,11.4,66218.7,0
DOYU.US,D,20230414,000000,11.7,11.7,11.15,11.2,37682.200000000004,0
DOYU.US,D,20230417,000000,11.4,11.5,11.3,11.5,28437.7,0
DOYU.US,D,20230418,000000,11.5,11.5,11.1,11.2,40940.9,0
DOYU.US,D,20230419,000000,11.2,11.3,11.1,11.2,27727.800000000003,0
DOYU.US,D,20230420,000000,11.1,11.2,11,11,54440.700000000004,0
DOYU.US,D,20230421,000000,11.1,11.1,10.5,10.7,56757.700000000004,0
DOYU.US,D,20230424,000000,11,11,10.4,10.4,39840.600000000006,0
DOYU.US,D,20230425,000000,10.3,10.402,10.1,10.3,57108.700000000004,0
DOYU.US,D,20230426,000000,10.5,10.9,10.3,10.7,40236.8,0
DOYU.US,D,20230427,000000,10.6,10.9,10.515,10.6,25839.800000000003,0
DOYU.US,D,20230428,000000,10.6,11.4,10.6,11.1,69386.1,0
DOYU.US,D,20230501,000000,10.8,11.5,10.8,11.4,48373,0
DOYU.US,D,20230502,000000,11.5,11.5,10.9,11.1,40835.3,0
DOYU.US,D,20230503,000000,11,11.299,10.825,11.2,21669,0
DOYU.US,D,20230504,000000,11.3,11.35,11,11.1,32634.5,0
DOYU.US,D,20230505,000000,10.9,11.3,10.9,11.1,42216.5,0
DOYU.US,D,20230508,000000,10.4,11,10.1,10.8,99871.70000000001,0
DOYU.US,D,20230509,000000,10.6,10.7,10.3,10.5,34902.1,0
DOYU.US,D,20230510,000000,10.5,10.6,9.5,9.52,140970.4,0
DOYU.US,D,20230511,000000,9.8,10.1,9.7,9.935,42286.600000000006,0
DOYU.US,D,20230512,000000,9.888,9.9,9.517,9.798,41981.9,0
DOYU.US,D,20230515,000000,9.723,10.7,9.699,10.6,97687.20000000001,0
DOYU.US,D,20230516,000000,10.5,10.5,10,10.1,48961.8,0
DOYU.US,D,20230517,000000,10.3,10.3,9.606,10,38156.700000000004,0
DOYU.US,D,20230518,000000,10.4,10.9,10.2,10.3,121970.40000000001,0
DOYU.US,D,20230519,000000,10.2,10.6,10.1,10.3,34106.3,0
DOYU.US,D,20230522,000000,10.3,10.6,10.1,10.6,67065.6,0
DOYU.US,D,20230523,000000,10.2,10.786,10.2,10.6,48044.600000000006,0
DOYU.US,D,20230524,000000,10.2,10.5,10.15,10.3,57122,0
DOYU.US,D,20230525,000000,10.1,10.25,9.9,9.98,49115.600000000006,0
DOYU.US,D,20230526,000000,9.82,10.2,9.82,10.1,41451.8,0
DOYU.US,D,20230530,000000,10.3,10.3,9.6,9.75,75227.90000000001,0
DOYU.US,D,20230531,000000,9.7,10.01,9.507,9.654,78329.40000000001,0
DOYU.US,D,20230601,000000,9.9,10.2,9.75,10.1,53955.5,0
DOYU.US,D,20230602,000000,10.1,10.5,10,10.1,76546.40000000001,0
DOYU.US,D,20230605,000000,10.2,10.2,9.833,10.1,34078.200000000004,0
DOYU.US,D,20230606,000000,10,10.55,9.9,10.4,117913.5,0
DOYU.US,D,20230607,000000,10.2,10.75,10.2,10.4,29940.2,0
DOYU.US,D,20230608,000000,10.5,11,10.3,10.8,59701.200000000004,0
DOYU.US,D,20230609,000000,10.8,10.977,10.1,10.1,99041.40000000001,0
DOYU.US,D,20230612,000000,10.3,11.1,10.298,10.5,110937.40000000001,0
DOYU.US,D,20230613,000000,10.8,11.299,10.6,11.1,161814.30000000002,0
DOYU.US,D,20230614,000000,11,11.35,10.55,11.3,174403.1,0
DOYU.US,D,20230615,000000,11.4,12,11.2,11.5,138604.5,0
DOYU.US,D,20230616,000000,11.8,11.8,11.1,11.1,280002.9,0
DOYU.US,D,20230620,000000,10.9,10.9,10.2,10.2,90506.8,0
DOYU.US,D,20230621,000000,10.2,10.6,10,10.2,70794.5,0
DOYU.US,D,20230622,000000,10.4,10.4,10.05,10.2,23621.7,0
DOYU.US,D,20230623,000000,10.2,10.3,9.862,10.1,84261.3,0
DOYU.US,D,20230626,000000,10.173,10.4,10,10.1,43769.200000000004,0
DOYU.US,D,20230627,000000,10.2,10.5,10.1,10.4,35721.1,0
DOYU.US,D,20230628,000000,10.5,10.5,10.2,10.4,37634.6,0
DOYU.US,D,20230629,000000,10.3,10.4,10,10.4,40617.4,0
DOYU.US,D,20230630,000000,10.4,10.5,10.1,10.5,30009.800000000003,0
DOYU.US,D,20230703,000000,10.5,10.9,10.5,10.7,27347.600000000002,0
DOYU.US,D,20230705,000000,10.8,10.8,10.3,10.4,26569.9,0
DOYU.US,D,20230706,000000,10.1,10.4,9.52,10.1,105523.90000000001,0
DOYU.US,D,20230707,000000,10,10.7,10,10.7,43349.700000000004,0
DOYU.US,D,20230710,000000,10.4,10.9,10.4,10.6,37666.700000000004,0
DOYU.US,D,20230711,000000,10.7,10.8,10.5,10.6,18348.100000000002,0
DOYU.US,D,20230712,000000,10.8,11.2,10.8,10.9,34923.5,0
DOYU.US,D,20230713,000000,11.2,11.7,11,11.6,122632.20000000001,0
DOYU.US,D,20230714,000000,11.3,11.481,10.8,11,95864.40000000001,0
DOYU.US,D,20230717,000000,10.7,11.3,10.4,10.8,63465.4,0
DOYU.US,D,20230718,000000,10.7,10.75,10.2,10.4,32329.300000000003,0
DOYU.US,D,20230719,000000,10.4,10.8,10.4,10.6,49089.4,0
DOYU.US,D,20230720,000000,10.6,10.6,10.3,10.4,29185,0
DOYU.US,D,20230721,000000,10.3,10.7,10.15,10.4,44402.600000000006,0
DOYU.US,D,20230724,000000,10.3,11.293,10.3,10.9,55221.200000000004,0
DOYU.US,D,20230725,000000,11.3,11.6,10.8,11,124657.6,0
DOYU.US,D,20230726,000000,11,11.4,11,11.2,39517,0
DOYU.US,D,20230727,000000,11.4,11.5,10.8,10.8,36996.4,0
DOYU.US,D,20230728,000000,11.2,11.7,11.111,11.6,139430.30000000002,0
DOYU.US,D,20230731,000000,11.5,12.2,11.5,12,191530,0
DOYU.US,D,20230801,000000,12,12.095,11.5,11.7,65901.5,0
DOYU.US,D,20230802,000000,11.3,11.488,11,11,61023,0
DOYU.US,D,20230803,000000,11.1,11.7,11.1,11.4,33761.1,0
DOYU.US,D,20230804,000000,11.3,12.2,11.3,11.7,127035.8,0
DOYU.US,D,20230807,000000,11.9,12,11.317,11.6,40877.100000000006,0
DOYU.US,D,20230808,000000,11.4,11.5,10.8,11.3,47052.200000000004,0
DOYU.US,D,20230809,000000,11.6,11.6,10.8,10.9,56649.700000000004,0
DOYU.US,D,20230810,000000,10.9,11.199,10.8,10.8,29864,0
DOYU.US,D,20230811,000000,10.7,10.738,10.3,10.5,57174.600000000006,0
DOYU.US,D,20230814,000000,11.1,11.1,10.2,10.7,67013.8,0
DOYU.US,D,20230815,000000,10.5,10.627,10.2,10.4,39907.9,0
DOYU.US,D,20230816,000000,10.2,10.4,10.1,10.2,42786.600000000006,0
DOYU.US,D,20230817,000000,10.6,10.6,10.2,10.2,21670,0
DOYU.US,D,20230818,000000,10.1,10.25,9.777,9.909,102491.40000000001,0
DOYU.US,D,20230821,000000,9.8,10.5,9.8,10.3,40400.4,0
DOYU.US,D,20230822,000000,10.2,10.3,10,10.3,14497.300000000001,0
DOYU.US,D,20230823,000000,10.2,10.9,10.1,10.6,62454.100000000006,0
DOYU.US,D,20230824,000000,10.7,10.7,10.1,10.1,31031.2,0
DOYU.US,D,20230825,000000,10.1,10.3,10,10.1,40648.200000000004,0
DOYU.US,D,20230828,000000,10.1,10.6,10.1,10.4,26186.5,0
DOYU.US,D,20230829,000000,10.4,11,10.4,10.6,29756.800000000003,0
DOYU.US,D,20230830,000000,10.5,10.7,10.3,10.7,17526.5,0
DOYU.US,D,20230831,000000,10.6,10.7,10.2,10.2,50623.700000000004,0
DOYU.US,D,20230901,000000,10.5,10.7,10.35,10.5,25719.800000000003,0
DOYU.US,D,20230905,000000,10.4,10.5,10.002,10.2,53684.3,0
DOYU.US,D,20230906,000000,10.2,10.4,10.1,10.1,31063.5,0
DOYU.US,D,20230907,000000,10,10.1,9.82,9.846,47294.100000000006,0
DOYU.US,D,20230908,000000,9.89,10.1,9.81,9.91,21806.5,0
DOYU.US,D,20230911,000000,10.1,10.2,9.911,10.2,24995.4,0
DOYU.US,D,20230912,000000,10.1,10.2,9.914,10.1,24678.7,0
DOYU.US,D,20230913,000000,9.967,10,9.9,9.974,8898.4,0
DOYU.US,D,20230914,000000,10.1,10.1,9.91,10.1,16590.5,0
DOYU.US,D,20230915,000000,10,10.1,9.6,9.6,34868.5,0
DOYU.US,D,20230918,000000,9.777,9.998,9.707,9.8,19236.4,0
DOYU.US,D,20230919,000000,9.714,9.937,9.7,9.729,21091.2,0
DOYU.US,D,20230920,000000,9.704,9.979,9.6,9.637,27029.800000000003,0
DOYU.US,D,20230921,000000,9.61,9.8,9.277,9.372,61343.4,0
DOYU.US,D,20230922,000000,9.4,9.7,9.3,9.58,18894.5,0
DOYU.US,D,20230925,000000,9.5,9.64466,9.3,9.596,16202.2,0
DOYU.US,D,20230926,000000,9.4,9.9,9.4,9.859,37077.8,0
DOYU.US,D,20230927,000000,9.7,10.5,9.7,10,36245.200000000004,0
DOYU.US,D,20230928,000000,9.8,10,9.5,9.55,46027,0
DOYU.US,D,20230929,000000,9.7,10,9.575,9.736,27821,0
DOYU.US,D,20231002,000000,10.3,10.3,9.11,9.5,64796.8,0
DOYU.US,D,20231003,000000,9.5,9.5,9.245,9.312,13876.2,0
DOYU.US,D,20231004,000000,9.469,10,9.202,9.9,32518,0
DOYU.US,D,20231005,000000,9.758,9.789,9.4,9.5,21446.800000000003,0
DOYU.US,D,20231006,000000,9.519,10.3,9.519,10.3,27864.4,0
DOYU.US,D,20231009,000000,9.901,10,9.7,9.79,15591.1,0
DOYU.US,D,20231010,000000,9.605,10.1,9.605,9.9,19610.5,0
DOYU.US,D,20231011,000000,9.939,10.099,9.7,9.801,33104.700000000004,0
DOYU.US,D,20231012,000000,9.504,9.98,9.42101,9.501,35458.6,0
DOYU.US,D,20231013,000000,9.432,9.6,9.32,9.4,31885.100000000002,0
DOYU.US,D,20231016,000000,9.404,9.84,9.4,9.7,30523,0
DOYU.US,D,20231017,000000,9.61,9.898,9.5,9.738,11114.6,0
DOYU.US,D,20231018,000000,9.6,9.799,9.31,9.4,21671.9,0
DOYU.US,D,20231019,000000,9.2,9.5,9.2,9.3,25014.600000000002,0
DOYU.US,D,20231020,000000,9.214,9.3,9.001,9.05,41896.5,0
DOYU.US,D,20231023,000000,9.05,9.05,8.7,8.7,49684.5,0
DOYU.US,D,20231024,000000,8.8,9.401,8.701,9.085,21448.2,0
DOYU.US,D,20231025,000000,9.289,9.4535,9.039,9.228,21770.4,0
DOYU.US,D,20231026,000000,9.3,9.3,8.7,8.904,22097.5,0
DOYU.US,D,20231027,000000,9.118,9.19,8.837,8.925,25651.2,0
DOYU.US,D,20231030,000000,8.824,9.232,8.824,9,15132.7,0
DOYU.US,D,20231031,000000,9,9.025,8.617,8.617,39956.600000000006,0
DOYU.US,D,20231101,000000,8.644,9.099,8.63,9.075,26058.2,0
DOYU.US,D,20231102,000000,9.075,9.389,8.9,9.35,22664.800000000003,0
DOYU.US,D,20231103,000000,9.205,9.491,9.11,9.36,37528.4,0
DOYU.US,D,20231106,000000,8.95,9.1,8.11,8.423,486447.30000000005,0
DOYU.US,D,20231107,000000,8.311,8.5,8.1,8.298,114596.1,0
DOYU.US,D,20231108,000000,8.298,8.553,8.112,8.232,115917.5,0
DOYU.US,D,20231109,000000,8.406,8.489,8.112,8.2,66464.90000000001,0
DOYU.US,D,20231110,000000,8.15,8.688,8.15,8.64,73611.40000000001,0
DOYU.US,D,20231113,000000,8.725,9.393,8.55,9.219,106438.40000000001,0
DOYU.US,D,20231114,000000,9.4,10.1,9.2,9.6,92912.20000000001,0
DOYU.US,D,20231115,000000,9.9,10.1,9.4,9.791,127713,0
DOYU.US,D,20231116,000000,9.314,9.6,8.517,9.4,102267,0
DOYU.US,D,20231117,000000,9.384,9.5,9.201,9.379,31003,0
DOYU.US,D,20231120,000000,9.393,9.935,9.37,9.621,86179.5,0
DOYU.US,D,20231121,000000,8.904,9.99,8.8,9.05,125422.6,0
DOYU.US,D,20231122,000000,8.95,9.25,8.92,9.03,118615.8,0
DOYU.US,D,20231124,000000,9.03,9.03,8.7755,8.9,53797.9,0
DOYU.US,D,20231127,000000,8.8,8.825,8.05,8.132,203567,0
DOYU.US,D,20231128,000000,8.05,8.11,7.62,7.77,160405.6,0
DOYU.US,D,20231129,000000,7.66,7.949,7.66,7.824,62358.3,0
DOYU.US,D,20231130,000000,8.09,8.09,7,7.023,741411,0
DOYU.US,D,20231201,000000,7.301,7.384,7.059,7.157,227573.5,0
DOYU.US,D,20231204,000000,7.2,7.488,7.2,7.258,97130.1,0
DOYU.US,D,20231205,000000,7.207,7.38,7.108,7.11,55163.600000000006,0
DOYU.US,D,20231206,000000,7.3,7.4,7.206,7.22,69325.6,0
DOYU.US,D,20231207,000000,7.593,8.29,7.201,7.39,183248.7,0
DOYU.US,D,20231208,000000,7.39,8.08,7.39,7.956,131694.7,0
DOYU.US,D,20231211,000000,8,8,7.51,7.551,107971.5,0
DOYU.US,D,20231212,000000,7.655,7.98,7.501,7.6,66071.8,0
DOYU.US,D,20231213,000000,7.539,7.769,7.501,7.643,58188.9,0
DOYU.US,D,20231214,000000,7.75,8.02,7.62,7.77,86975,0
DOYU.US,D,20231215,000000,7.7,7.994,7.509,7.814,256132,0
DOYU.US,D,20231218,000000,7.6,7.9,7.6,7.799,70813.2,0
DOYU.US,D,20231219,000000,7.849,7.985,7.616,7.66,56551.5,0
DOYU.US,D,20231220,000000,7.56,7.77,7.31,7.33,78202.5,0
DOYU.US,D,20231221,000000,7.4,7.64999,7.3,7.443,71365.90000000001,0
DOYU.US,D,20231222,000000,7.2,7.4,7.1,7.354,178440.30000000002,0
DOYU.US,D,20231226,000000,7.42,7.5,7.3,7.433,47792.9,0
DOYU.US,D,20231227,000000,7.365,7.416,7.15,7.28,80313.70000000001,0
DOYU.US,D,20231228,000000,7.77,9.1,7.719,8.916,526934,0
DOYU.US,D,20231229,000000,9,9.5,8.4,9.5,987598.2000000001,0
DOYU.US,D,20240102,000000,9.3,9.349,8.984,9.156,115205.1,0
DOYU.US,D,20240103,000000,9,9.5,8.8,9.199,108461.8,0
DOYU.US,D,20240104,000000,9.259,9.259,8.9,8.997,72319.3,0
DOYU.US,D,20240105,000000,8.944,9.4,8.82,9.148,87731.5,0
DOYU.US,D,20240108,000000,9.1,9.239,8.8,9.115,59020.5,0
DOYU.US,D,20240109,000000,8.9,9.05,8.6,8.685,59720.5,0
DOYU.US,D,20240110,000000,8.8,9.014,8.4,8.408,51268.9,0
DOYU.US,D,20240111,000000,8.404,9.043,8.404,8.897,48771.600000000006,0
DOYU.US,D,20240112,000000,8.901,9.448,8.665,8.675,77200.90000000001,0
DOYU.US,D,20240116,000000,8.58,8.58,7.95,8.084,69960.7,0
DOYU.US,D,20240117,000000,7.881,8.05,7.7,7.956,43713.8,0
DOYU.US,D,20240118,000000,7.9,8.398,7.8,8.174,30250.7,0
DOYU.US,D,20240119,000000,8.153,8.167,7.93,8.01,28218.100000000002,0
DOYU.US,D,20240122,000000,8,8,7.52,7.602,47451.5,0
DOYU.US,D,20240123,000000,7.817,8.4,7.817,8.189,80670.20000000001,0
DOYU.US,D,20240124,000000,8.5,8.89,8.3,8.754,112699.90000000001,0
DOYU.US,D,20240125,000000,8.877,9.1,8.793,8.9,72294.7,0
DOYU.US,D,20240126,000000,8.992,9.0001,8.4,8.451,32653.2,0
DOYU.US,D,20240129,000000,8.5,8.5,7.91,8.05,70147.3,0
DOYU.US,D,20240130,000000,7.9,8.201,7.805,7.806,38485.9,0
DOYU.US,D,20240131,000000,7.791,8.27,7.7,7.731,30872.7,0
DOYU.US,D,20240201,000000,7.742,8.299,7.7,7.702,22308.2,0
DOYU.US,D,20240202,000000,7.7,7.76,7.4,7.45,52147.700000000004,0
DOYU.US,D,20240205,000000,7.439,7.84899,7.204,7.299,48217,0
DOYU.US,D,20240206,000000,7.8,7.8,7.508,7.6,60148.100000000006,0
DOYU.US,D,20240207,000000,7.6,7.795,7.28,7.38,35303.5,0
DOYU.US,D,20240208,000000,7.679,7.699,7.077,7.213,51275.4,0
DOYU.US,D,20240209,000000,7.177,7.3025,7.11,7.195,48241.200000000004,0
DOYU.US,D,20240212,000000,7.4,7.6,7.3545,7.5,35525.200000000004,0
DOYU.US,D,20240213,000000,7.5,7.5876,7.2,7.227,25118.5,0
DOYU.US,D,20240214,000000,7.67,7.67,7.268,7.502,115370.20000000001,0
DOYU.US,D,20240215,000000,7.3,8.2,7.288,7.971,109504.70000000001,0
DOYU.US,D,20240216,000000,7.89,8.3,7.801,7.96,70039.7,0
DOYU.US,D,20240220,000000,7.8,7.821,7.19,7.3,148206.7,0
DOYU.US,D,20240221,000000,7.45,7.648,7.3,7.4,44640,0
DOYU.US,D,20240222,000000,7.4,7.848,7.302,7.56,45637.4,0
DOYU.US,D,20240223,000000,7.5,7.631,7.401,7.591,42143.3,0
DOYU.US,D,20240226,000000,7.5,7.73,7.5,7.645,27852.9,0
DOYU.US,D,20240227,000000,7.65,7.7,7.421,7.6,51788.4,0
DOYU.US,D,20240228,000000,7.599,7.679,7.377,7.665,36487.8,0
DOYU.US,D,20240229,000000,7.579,7.675,7.4,7.524,50048.600000000006,0
DOYU.US,D,20240301,000000,7.478,7.75,7.4,7.512,130767.5,0
DOYU.US,D,20240304,000000,7.613,7.78,7.16,7.2,94291.6,0
DOYU.US,D,20240305,000000,7.3,7.381,7.1,7.1,65812.3,0
DOYU.US,D,20240306,000000,7.115,7.42,7.115,7.318,61436.3,0
DOYU.US,D,20240307,000000,7.344,7.35,7.1,7.28,65430.4,0
DOYU.US,D,20240308,000000,7.6,7.6,7.122,7.24,48524.600000000006,0
DOYU.US,D,20240311,000000,7.5,7.799,7.32,7.6,138061,0
DOYU.US,D,20240312,000000,7.63,8.163,7.6,7.962,104236.8,0
DOYU.US,D,20240313,000000,7.962,8.045,7.711,7.75,59907.200000000004,0
DOYU.US,D,20240314,000000,7.6,7.76,7.25,7.468,94085.5,0
DOYU.US,D,20240315,000000,7.178,7.364,6.503,6.8,853626,0
DOYU.US,D,20240318,000000,6.8,7.2,6.65,7.11,130011,0
DOYU.US,D,20240319,000000,7.104,7.6,6.9,7.351,77712.8,0
DOYU.US,D,20240320,000000,7.3,7.64,7.225,7.615,67303.90000000001,0
DOYU.US,D,20240321,000000,7.5,7.551,7.35,7.401,39642.100000000006,0
DOYU.US,D,20240322,000000,7.39,7.561,7.3,7.3,59533.200000000004,0
DOYU.US,D,20240325,000000,7.3,7.95,7.221,7.886,148798.1,0
DOYU.US,D,20240326,000000,7.502,7.749,7.1,7.148,144261.80000000002,0
DOYU.US,D,20240327,000000,7.288,7.288,6.72,7.001,101268.6,0
DOYU.US,D,20240328,000000,6.74,6.94,6.29,6.59,432359,0
DOYU.US,D,20240401,000000,6.6,7.59,6.6,7.49,350286,0
DOYU.US,D,20240402,000000,7.49,7.97,7.38,7.38,192497,0
DOYU.US,D,20240403,000000,7.22,7.75,7.15,7.59,74850,0
DOYU.US,D,20240404,000000,7.64,7.77,7.52,7.57,62476,0
DOYU.US,D,20240405,000000,7.53,7.95,7.51,7.83,92229,0
DOYU.US,D,20240408,000000,7.89,8,7.67,7.77,75366,0
DOYU.US,D,20240409,000000,7.8,7.82,7.55,7.66,57685,0
DOYU.US,D,20240410,000000,7.53,7.74,7.4,7.45,90788,0
DOYU.US,D,20240411,000000,7.51,7.64,7.43,7.48,30412,0
DOYU.US,D,20240412,000000,7.39,7.612,7.39,7.55,105227,0
DOYU.US,D,20240415,000000,7.6,7.824,7.5,7.79,109463,0
DOYU.US,D,20240416,000000,7.67,8.03,7.67,7.81,111009,0
DOYU.US,D,20240417,000000,7.8,8.06,7.8,7.89,85109,0
DOYU.US,D,20240418,000000,8,8.19,7.915,8.03,106414,0
DOYU.US,D,20240419,000000,7.94,8.1991,7.92,8.06,62468,0
DOYU.US,D,20240422,000000,8.06,8.3399,8.06,8.29,59058,0
DOYU.US,D,20240423,000000,8.3,8.55,8.3,8.39,93480,0
DOYU.US,D,20240424,000000,8.38,8.6208,8.3439,8.57,62745,0
DOYU.US,D,20240425,000000,8.57,8.58,8.3733,8.44,44712,0
DOYU.US,D,20240426,000000,8.48,8.7646,8.48,8.58,73402,0
DOYU.US,D,20240429,000000,8.45,8.67,8.4212,8.6,36316,0
DOYU.US,D,20240430,000000,8.51,8.67,8.47,8.58,40474,0
DOYU.US,D,20240501,000000,8.67,8.79,8.6,8.6,33235,0
DOYU.US,D,20240502,000000,8.81,9.2801,8.65,9.09,115794,0
DOYU.US,D,20240503,000000,9.05,9.23,9.05,9.07,59323,0
DOYU.US,D,20240506,000000,9.1,9.67,9.1,9.6,198231,0
DOYU.US,D,20240507,000000,9.6,9.75,9.45,9.65,83434,0
DOYU.US,D,20240508,000000,9.5,9.9,9.5,9.74,84167,0
DOYU.US,D,20240509,000000,9.87,9.96,9.5,9.73,122967,0
DOYU.US,D,20240510,000000,9.9,9.91,9.4,9.44,88983,0
DOYU.US,D,20240513,000000,9.51,10.19,9.5,9.82,166978,0
DOYU.US,D,20240514,000000,9.9,10.0438,9.9,10,74959,0
DOYU.US,D,20240515,000000,10.07,10.07,9.9,9.91,41575,0
DOYU.US,D,20240516,000000,9.9,10.59,9.9,10.51,149227,0
DOYU.US,D,20240517,000000,10.65,11.29,10.5,10.83,253925,0
DOYU.US,D,20240520,000000,10.62,10.808,10.29,10.6,177205,0
DOYU.US,D,20240521,000000,10.38,10.52,9.9,10.01,209516,0
DOYU.US,D,20240522,000000,9.97,10.16,9.871,9.92,139803,0
DOYU.US,D,20240523,000000,9.84,9.98,9.6,9.89,102561,0
DOYU.US,D,20240524,000000,9.79,10.38,9.79,9.97,92005,0
DOYU.US,D,20240528,000000,10.08,10.43,10.04,10.3,99668,0
DOYU.US,D,20240529,000000,10.07,10.4,9.82,10.21,45478,0
DOYU.US,D,20240530,000000,9.975,10.28,9.7601,10.16,21390,0
DOYU.US,D,20240531,000000,10.07,10.17,9.85,10.14,57719,0
DOYU.US,D,20240603,000000,10.34,10.34,9.82,10.01,47948,0
DOYU.US,D,20240604,000000,9.75,10.14,9.75,10.12,78648,0
DOYU.US,D,20240605,000000,9.41,10.2,9.24,10.06,184637,0
DOYU.US,D,20240606,000000,9.99,10.07,9.6,9.83,119515,0
DOYU.US,D,20240607,000000,9.73,9.75,9.4,9.68,148387,0
DOYU.US,D,20240610,000000,9.64,10.05,9.61,9.87,73266,0
DOYU.US,D,20240611,000000,9.81,9.955,9.68,9.68,61949,0
DOYU.US,D,20240612,000000,9.62,10.4,9.62,10.35,96672,0
DOYU.US,D,20240613,000000,10.4,10.59,10.26,10.28,70813,0
DOYU.US,D,20240614,000000,10.28,10.28,10.05,10.16,93677,0
DOYU.US,D,20240617,000000,10.2,10.31,9.87,10.17,83397,0
DOYU.US,D,20240618,000000,10.2,10.36,10.01,10.25,63555,0
DOYU.US,D,20240620,000000,10.25,10.6,10.2,10.6,85747,0
DOYU.US,D,20240621,000000,10.51,10.52,10.165,10.38,80332,0
DOYU.US,D,20240624,000000,10.3,10.77,10.3,10.61,63466,0
DOYU.US,D,20240625,000000,10.65,10.71,10.31,10.32,74574,0
DOYU.US,D,20240626,000000,10.25,11.03,10.25,11.02,133367,0
DOYU.US,D,20240627,000000,11.02,11.03,10.6301,10.98,138334,0
DOYU.US,D,20240628,000000,11,11.8,10.68,10.99,397871,0
DOYU.US,D,20240701,000000,11.06,11.7,11,11.53,238882,0
DOYU.US,D,20240702,000000,11.6,12.99,11.6,12.59,443874,0
DOYU.US,D,20240703,000000,16.58,18.33,15.9,17.94,5246446,0
DOYU.US,D,20240705,000000,17.72,17.72,16.9399,17.61,817532,0
DOYU.US,D,20240708,000000,17.34,18.398,16.88,17.46,880836,0
DOYU.US,D,20240709,000000,17.75,17.835,17.12,17.61,673631,0
DOYU.US,D,20240710,000000,17.73,17.85,17.3,17.39,208083,0
DOYU.US,D,20240711,000000,17.43,17.6,17.26,17.4,231423,0
DOYU.US,D,20240712,000000,17.47,17.58,17.16,17.17,163658,0
DOYU.US,D,20240715,000000,17.15,17.3,16.6119,16.85,276707,0
DOYU.US,D,20240716,000000,16.7,17.03,16.59,16.66,178642,0
DOYU.US,D,20240717,000000,16.57,16.73,16.3064,16.52,138181,0
DOYU.US,D,20240718,000000,16.66,16.94,16.33,16.53,209318,0
DOYU.US,D,20240719,000000,16.34,16.85,16.05,16.19,121575,0
DOYU.US,D,20240722,000000,16.39,17.06,16.3,16.97,220119,0
DOYU.US,D,20240723,000000,16.78,16.93,16.55,16.79,78641,0
DOYU.US,D,20240724,000000,16.53,17.08,16.33,16.33,136070,0
DOYU.US,D,20240725,000000,16.35,17.18,16.35,16.91,219866,0
DOYU.US,D,20240726,000000,17,18.59,16.845,17.57,1035335,0
DOYU.US,D,20240729,000000,17.65,17.98,16.68,17.03,587761,0
DOYU.US,D,20240730,000000,16.93,17.03,14.85,16.65,456433,0
DOYU.US,D,20240731,000000,16.86,17.11,16.46,16.9,264091,0
DOYU.US,D,20240801,000000,16.78,17.06,15.95,16.13,223870,0
DOYU.US,D,20240802,000000,16.05,16.3389,15.78,15.93,138765,0
DOYU.US,D,20240805,000000,15.3,16.13,15.17,15.98,197660,0
DOYU.US,D,20240806,000000,16.08,16.4,16.01,16.19,135899,0
DOYU.US,D,20240807,000000,16.35,16.675,16.24,16.3,85430,0
DOYU.US,D,20240808,000000,16.19,17.292,16.16,16.93,227915,0
DOYU.US,D,20240809,000000,17.5,17.56,17.03,17.14,189070,0
DOYU.US,D,20240812,000000,17.48,18.96,17.48,18.51,488180,0
DOYU.US,D,20240813,000000,18.8,18.86,18.201,18.5,218301,0
DOYU.US,D,20240814,000000,18.47,18.66,18.3901,18.49,94591,0
DOYU.US,D,20240815,000000,18.3,19,18.22,18.25,258790,0
DOYU.US,D,20240816,000000,18.54,19.15,18.39,18.83,271289,0
DOYU.US,D,20240819,000000,18.79,19.55,18.76,19.51,313443,0
DOYU.US,D,20240820,000000,19.74,20.17,19.0701,19.29,410972,0
DOYU.US,D,20240821,000000,19.17,19.2,18.61,18.75,205969,0
DOYU.US,D,20240822,000000,17.7,18.25,16.5,17.55,389535,0
DOYU.US,D,20240823,000000,17.88,18.01,17.46,17.94,108802,0
DOYU.US,D,20240826,000000,17.82,18.65,17.63,18.55,176595,0
DOYU.US,D,20240827,000000,18.83,19.24,17.91,19.16,306533,0
DOYU.US,D,20240828,000000,18.78,18.91,18.13,18.14,142452,0
DOYU.US,D,20240829,000000,18.49,19,18.45,18.59,140591,0
DOYU.US,D,20240830,000000,18.59,19.3,18.26,18.84,352187,0
DOYU.US,D,20240903,000000,8.87,9.8,8.79,9.38,848671,0
DOYU.US,D,20240904,000000,9.27,9.51,8.83,8.97,283335,0
DOYU.US,D,20240905,000000,8.98,9.7607,8.98,9.3,450643,0
DOYU.US,D,20240906,000000,9.48,9.5,8.72,8.79,213490,0
DOYU.US,D,20240909,000000,9.38,9.38,8.41,8.47,322748,0
DOYU.US,D,20240910,000000,8.69,9.22,8.3291,8.55,184826,0
DOYU.US,D,20240911,000000,8.69,8.925,8.54,8.83,200275,0
DOYU.US,D,20240912,000000,8.47,8.61,7.26,7.62,638786,0
DOYU.US,D,20240913,000000,7.66,7.79,7.26,7.79,352396,0
DOYU.US,D,20240916,000000,7.79,7.91,7.63,7.91,233263,0
DOYU.US,D,20240917,000000,8.06,8.06,7.79,7.97,162395,0
DOYU.US,D,20240918,000000,7.99,8.28,7.935,8.13,126903,0
DOYU.US,D,20240919,000000,8.38,8.41,8.01,8.32,255997,0
DOYU.US,D,20240920,000000,8.34,8.63,8.2,8.61,1430135,0
DOYU.US,D,20240923,000000,8.71,9.415,8.65,9.29,330294,0
DOYU.US,D,20240924,000000,9.32,9.64,9.23,9.5,405002,0
DOYU.US,D,20240925,000000,9.3,9.46,8.94,9.07,152823,0
DOYU.US,D,20240926,000000,9.53,10.03,9.42,9.61,447515,0
DOYU.US,D,20240927,000000,9.71,10.875,9.645,10.31,367063,0
DOYU.US,D,20240930,000000,10.8,11.95,10.57,10.83,610604,0
DOYU.US,D,20241001,000000,10.98,11.448,10.61,11.23,295266,0
DOYU.US,D,20241002,000000,11.81,11.85,10.58,10.91,397998,0
DOYU.US,D,20241003,000000,10.52,10.8,10.1406,10.38,140933,0
DOYU.US,D,20241004,000000,10.45,10.76,10.25,10.71,110290,0
DOYU.US,D,20241007,000000,11.02,11.67,10.3,10.43,175674,0
DOYU.US,D,20241008,000000,9.69,9.94,9.28,9.76,144133,0
DOYU.US,D,20241009,000000,9.44,9.74,9.18,9.6,221493,0
DOYU.US,D,20241010,000000,9.61,9.61,9.23,9.35,131412,0
DOYU.US,D,20241011,000000,9.23,9.64,8.99,9.63,143109,0
DOYU.US,D,20241014,000000,9.57,9.656,9.16,9.2,158371,0
DOYU.US,D,20241015,000000,9.02,9.35,8.76,8.92,243238,0
DOYU.US,D,20241016,000000,8.92,9.24,8.91,8.98,98860,0
DOYU.US,D,20241017,000000,8.89,8.89,8.585,8.74,178166,0
DOYU.US,D,20241018,000000,9.07,9.18,8.85,9.18,101277,0
DOYU.US,D,20241021,000000,9.09,9.275,8.93,9.27,81328,0
DOYU.US,D,20241022,000000,9.27,9.37,9.05,9.09,67862,0
DOYU.US,D,20241023,000000,9.17,9.17,8.87,8.98,67776,0
DOYU.US,D,20241024,000000,8.92,9.04,8.8656,8.93,61884,0
DOYU.US,D,20241025,000000,9,9.49,8.87,9.39,135284,0
DOYU.US,D,20241028,000000,9.5,10.88,9.49,10.79,459910,0
DOYU.US,D,20241029,000000,10.82,11.3,10.71,11.29,228181,0
