<TICKER>,<PER>,<DATE>,<TIME>,<OPEN>,<HIGH>,<LOW>,<CLOSE>,<VOL>,<OPENINT>
ELBM.US,D,20220428,000000,4.85,4.85,4.22,4.46,243154,0
ELBM.US,D,20220429,000000,4.46,5.58,4.22,4.38,1377503,0
ELBM.US,D,20220502,000000,4.4,4.4315,4.07,4.2162,213859,0
ELBM.US,D,20220503,000000,4.13,4.22,4.11,4.14,104248,0
ELBM.US,D,20220504,000000,4.19,4.2932,4.1,4.19,62513,0
ELBM.US,D,20220505,000000,4.15,4.3699,4.02,4.0763,76027,0
ELBM.US,D,20220506,000000,4.05,4.07,3.9,3.975,110382,0
ELBM.US,D,20220509,000000,4.07,4.07,3.4701,3.5843,129024,0
ELBM.US,D,20220510,000000,3.54,3.8299,3.53,3.71,76167,0
ELBM.US,D,20220511,000000,4.4,4.6499,3.75,3.93,1966919,0
ELBM.US,D,20220512,000000,3.96,3.96,3.33,3.48,307562,0
ELBM.US,D,20220513,000000,3.6,3.7535,3.5,3.69,72074,0
ELBM.US,D,20220516,000000,3.69,3.815,3.549,3.79,42729,0
ELBM.US,D,20220517,000000,3.61,3.92,3.61,3.88,38111,0
ELBM.US,D,20220518,000000,3.85,3.91,3.61,3.75,69966,0
ELBM.US,D,20220519,000000,3.83,3.9102,3.7,3.85,79143,0
ELBM.US,D,20220520,000000,3.75,3.89,3.71,3.82,48369,0
ELBM.US,D,20220523,000000,3.82,3.88,3.55,3.76,93001,0
ELBM.US,D,20220524,000000,3.82,3.82,3.6,3.65,61516,0
ELBM.US,D,20220525,000000,3.67,3.75,3.57,3.73,19732,0
ELBM.US,D,20220526,000000,3.65,3.85,3.6375,3.83,38087,0
ELBM.US,D,20220527,000000,4.09,4.09,3.8301,4,35082,0
ELBM.US,D,20220531,000000,4,4,3.9,3.93,33777,0
ELBM.US,D,20220601,000000,3.9,3.97,3.8,3.88,34772,0
ELBM.US,D,20220602,000000,3.95,3.95,3.84,3.85,12866,0
ELBM.US,D,20220603,000000,3.8,3.88,3.76,3.85,57650,0
ELBM.US,D,20220606,000000,3.85,4.02,3.8001,3.92,47166,0
ELBM.US,D,20220607,000000,3.92,3.9899,3.8526,3.93,18118,0
ELBM.US,D,20220608,000000,3.95,4,3.8101,3.84,67272,0
ELBM.US,D,20220609,000000,3.79,3.81,3.7,3.76,53500,0
ELBM.US,D,20220610,000000,3.7,3.8656,3.6,3.76,75547,0
ELBM.US,D,20220613,000000,3.8,3.84,3.6,3.61,72057,0
ELBM.US,D,20220614,000000,3.63,3.63,3.4,3.425,161832,0
ELBM.US,D,20220615,000000,3.48,3.48,3.4,3.44,20354,0
ELBM.US,D,20220616,000000,3.46,3.46,3.221,3.25,42801,0
ELBM.US,D,20220617,000000,3.27,3.38,3.0701,3.28,65672,0
ELBM.US,D,20220621,000000,3.29,3.49,3.28,3.4,33376,0
ELBM.US,D,20220622,000000,3.67,3.67,3.18,3.23,37196,0
ELBM.US,D,20220623,000000,3.2401,3.38,3.18,3.26,38788,0
ELBM.US,D,20220624,000000,3.26,3.41,3.26,3.41,13637,0
ELBM.US,D,20220627,000000,3.47,3.47,3.26,3.33,43303,0
ELBM.US,D,20220628,000000,3.34,3.355,3.19,3.2,30743,0
ELBM.US,D,20220629,000000,3.2,3.3,2.86,2.92,65701,0
ELBM.US,D,20220630,000000,2.91,2.9125,2.75,2.79,54611,0
ELBM.US,D,20220701,000000,2.73,3.06,2.69,2.87,30677,0
ELBM.US,D,20220705,000000,2.91,3.05,2.85,3.02,39090,0
ELBM.US,D,20220706,000000,3.03,3.15,2.87,2.9,23659,0
ELBM.US,D,20220707,000000,2.89,3.03,2.89,2.97,25118,0
ELBM.US,D,20220708,000000,2.99,2.99,2.9,2.92,16067,0
ELBM.US,D,20220711,000000,2.85,2.93,2.7926,2.87,21474,0
ELBM.US,D,20220712,000000,2.99,2.99,2.54,2.6,306173,0
ELBM.US,D,20220713,000000,2.6,2.805,2.59,2.805,50306,0
ELBM.US,D,20220714,000000,2.72,2.7799,2.65,2.65,31157,0
ELBM.US,D,20220715,000000,2.66,2.68,2.62,2.62,46013,0
ELBM.US,D,20220718,000000,2.64,2.8499,2.64,2.75,49760,0
ELBM.US,D,20220719,000000,2.79,2.89,2.75,2.78,37084,0
ELBM.US,D,20220720,000000,2.81,2.87,2.7601,2.78,33373,0
ELBM.US,D,20220721,000000,2.89,2.9,2.81,2.87,31686,0
ELBM.US,D,20220722,000000,2.8,2.97,2.8,2.97,18279,0
ELBM.US,D,20220725,000000,3.05,3.27,2.9801,3.18,30077,0
ELBM.US,D,20220726,000000,3.3,3.4905,3.2,3.41,61627,0
ELBM.US,D,20220727,000000,3.79,3.79,3.42,3.6,82573,0
ELBM.US,D,20220728,000000,3.7,3.93,3.6201,3.92,71674,0
ELBM.US,D,20220729,000000,3.95,4.36,3.88,3.97,127691,0
ELBM.US,D,20220801,000000,4.1,4.39,4.1,4.2,64794,0
ELBM.US,D,20220802,000000,4.2,4.2,4.04,4.15,51813,0
ELBM.US,D,20220803,000000,4.1,4.1,3.72,3.82,82266,0
ELBM.US,D,20220804,000000,3.74,4.1,3.7,3.8,62871,0
ELBM.US,D,20220805,000000,3.89,4,3.791,3.94,35851,0
ELBM.US,D,20220808,000000,3.94,4.25,3.9195,4.15,66739,0
ELBM.US,D,20220809,000000,4.07,4.3999,4.07,4.28,80803,0
ELBM.US,D,20220810,000000,4.5,4.5,4.24,4.24,65215,0
ELBM.US,D,20220811,000000,4.25,4.49,4.25,4.29,53888,0
ELBM.US,D,20220812,000000,4.29,4.29,3.75,3.76,138424,0
ELBM.US,D,20220815,000000,3.76,3.95,3.65,3.78,31732,0
ELBM.US,D,20220816,000000,3.79,3.8693,3.69,3.76,88270,0
ELBM.US,D,20220817,000000,3.7,3.76,3.45,3.45,48309,0
ELBM.US,D,20220818,000000,3.43,3.575,3.4,3.4,30879,0
ELBM.US,D,20220819,000000,3.38,3.74,3.38,3.53,22762,0
ELBM.US,D,20220822,000000,3.53,3.67,3.5,3.55,45945,0
ELBM.US,D,20220823,000000,3.51,3.56,3.39,3.44,57159,0
ELBM.US,D,20220824,000000,3.43,3.53,3.42,3.445,35535,0
ELBM.US,D,20220825,000000,3.46,3.51,3.44,3.49,31647,0
ELBM.US,D,20220826,000000,3.5,3.5913,3.35,3.42,28125,0
ELBM.US,D,20220829,000000,3.34,3.5799,3.33,3.36,22288,0
ELBM.US,D,20220830,000000,3.36,3.61,3.33,3.4,30175,0
ELBM.US,D,20220831,000000,3.39,3.494,3.3,3.32,61926,0
ELBM.US,D,20220901,000000,3.32,3.45,3.05,3.05,74285,0
ELBM.US,D,20220902,000000,3.1,3.19,3.08,3.12,24127,0
ELBM.US,D,20220906,000000,3.15,3.18,2.9,2.9,68943,0
ELBM.US,D,20220907,000000,2.95,3.0287,2.92,2.96,23947,0
ELBM.US,D,20220908,000000,2.99,3.04,2.9301,3.04,25892,0
ELBM.US,D,20220909,000000,3.12,3.12,2.95,3.01,41717,0
ELBM.US,D,20220912,000000,3.23,3.3,3.0101,3.09,48691,0
ELBM.US,D,20220913,000000,2.95,3.1,2.91,2.98,29455,0
ELBM.US,D,20220914,000000,2.91,3.06,2.91,2.97,11776,0
ELBM.US,D,20220915,000000,3,3.045,2.96,3,18503,0
ELBM.US,D,20220916,000000,3,3.0459,2.9563,3,32784,0
ELBM.US,D,20220919,000000,2.91,3.008,2.91,2.97,21752,0
ELBM.US,D,20220920,000000,3.05,3.05,2.91,2.91,16199,0
ELBM.US,D,20220921,000000,2.91,3.0076,2.91,2.91,8174,0
ELBM.US,D,20220922,000000,2.95,4.05,2.92,3.29,2015499,0
ELBM.US,D,20220923,000000,3.22,3.25,2.96,3.09,197721,0
ELBM.US,D,20220926,000000,3.21,3.21,2.83,2.92,64889,0
ELBM.US,D,20220927,000000,3.05,3.16,2.8,2.94,66248,0
ELBM.US,D,20220928,000000,2.94,3.04,2.81,2.94,55676,0
ELBM.US,D,20220929,000000,3.03,3.03,2.8,2.93,41498,0
ELBM.US,D,20220930,000000,2.9,2.94,2.75,2.785,51568,0
ELBM.US,D,20221003,000000,2.8,2.95,2.8,2.9,36015,0
ELBM.US,D,20221004,000000,3.04,3.1675,2.94,3.07,25851,0
ELBM.US,D,20221005,000000,3.13,3.21,3.06,3.2,73067,0
ELBM.US,D,20221006,000000,3.15,3.17,3.07,3.11,31489,0
ELBM.US,D,20221007,000000,3.08,3.16,3.0496,3.06,12083,0
ELBM.US,D,20221010,000000,3.13,3.14,2.91,3.05,25163,0
ELBM.US,D,20221011,000000,3.13,3.17,2.92,2.9607,26881,0
ELBM.US,D,20221012,000000,2.96,3.08,2.85,3.03,39349,0
ELBM.US,D,20221013,000000,3,3.04,2.92,3.03,38811,0
ELBM.US,D,20221014,000000,3,3.02,2.85,2.87,69472,0
ELBM.US,D,20221017,000000,3.04,3.04,2.8901,2.9826,34231,0
ELBM.US,D,20221018,000000,2.95,3,2.93,2.98,47595,0
ELBM.US,D,20221019,000000,3.01,3.01,2.87,2.91,31221,0
ELBM.US,D,20221020,000000,2.95,2.98,2.87,2.92,41843,0
ELBM.US,D,20221021,000000,2.94,2.98,2.8801,2.97,30706,0
ELBM.US,D,20221024,000000,3,3,2.88,2.97,69156,0
ELBM.US,D,20221025,000000,2.87,2.9819,2.87,2.9,31370,0
ELBM.US,D,20221026,000000,2.99,2.99,2.85,2.94,25943,0
ELBM.US,D,20221027,000000,2.9,2.98,2.9,2.93,14277,0
ELBM.US,D,20221028,000000,2.91,3.02,2.91,2.98,26444,0
ELBM.US,D,20221031,000000,3.05,3.05,2.91,2.92,23391,0
ELBM.US,D,20221101,000000,3.03,3.09,2.92,3.02,18775,0
ELBM.US,D,20221102,000000,3.04,3.04,2.95,2.99,35459,0
ELBM.US,D,20221103,000000,2.93,2.98,2.93,2.93,20884,0
ELBM.US,D,20221104,000000,2.96,3.03,2.95,2.96,24900,0
ELBM.US,D,20221107,000000,3,3.03,2.95,3.02,46375,0
ELBM.US,D,20221108,000000,3.03,3.09,3,3.09,49254,0
ELBM.US,D,20221109,000000,2.5,2.7,2.32,2.3499,820763,0
ELBM.US,D,20221110,000000,2.6,2.938,2.4601,2.59,103692,0
ELBM.US,D,20221111,000000,2.6,2.6,2.41,2.47,163934,0
ELBM.US,D,20221114,000000,2.57,2.58,2.38,2.51,167477,0
ELBM.US,D,20221115,000000,2.5,2.62,2.4485,2.62,277049,0
ELBM.US,D,20221116,000000,2.69,2.85,2.63,2.63,209283,0
ELBM.US,D,20221117,000000,2.68,2.7163,2.49,2.53,119153,0
ELBM.US,D,20221118,000000,2.65,2.65,2.38,2.4,131414,0
ELBM.US,D,20221121,000000,2.38,2.4421,2.36,2.39,83469,0
ELBM.US,D,20221122,000000,2.39,2.42,2.38,2.4,30497,0
ELBM.US,D,20221123,000000,2.38,2.4147,2.25,2.32,118653,0
ELBM.US,D,20221125,000000,2.35,2.35,2.27,2.33,64589,0
ELBM.US,D,20221128,000000,2.33,2.33,2.2616,2.28,59044,0
ELBM.US,D,20221129,000000,2.25,2.31,2.23,2.28,60833,0
ELBM.US,D,20221130,000000,2.28,2.33,2.22,2.24,31145,0
ELBM.US,D,20221201,000000,2.28,2.35,2.28,2.33,71801,0
ELBM.US,D,20221202,000000,2.35,2.35,2.2,2.29,54428,0
ELBM.US,D,20221205,000000,2.35,2.35,2.22,2.29,76951,0
ELBM.US,D,20221206,000000,2.28,2.309,2.17,2.21,25348,0
ELBM.US,D,20221207,000000,2.21,2.23,2.03,2.07,122885,0
ELBM.US,D,20221208,000000,2.1,2.12,1.98,2.03,140636,0
ELBM.US,D,20221209,000000,2,2.03,2,2.01,37175,0
ELBM.US,D,20221212,000000,1.99,2.02,1.87,1.9,94832,0
ELBM.US,D,20221213,000000,2.04,2.04,1.875,1.96,71256,0
ELBM.US,D,20221214,000000,2,2.0155,1.92,1.96,44016,0
ELBM.US,D,20221215,000000,1.95,1.9707,1.86,1.88,77949,0
ELBM.US,D,20221216,000000,1.85,1.9376,1.74,1.76,95696,0
ELBM.US,D,20221219,000000,1.75,1.7878,1.6992,1.71,54254,0
ELBM.US,D,20221220,000000,1.73,1.8326,1.71,1.82,72702,0
ELBM.US,D,20221221,000000,1.87,1.87,1.77,1.83,66474,0
ELBM.US,D,20221222,000000,1.85,1.85,1.698,1.75,54992,0
ELBM.US,D,20221223,000000,1.74,1.8148,1.67,1.69,120441,0
ELBM.US,D,20221227,000000,1.66,1.785,1.5,1.53,115608,0
ELBM.US,D,20221228,000000,1.49,1.7,1.48,1.62,125388,0
ELBM.US,D,20221229,000000,1.65,1.74,1.62,1.65,62250,0
ELBM.US,D,20221230,000000,1.68,1.68,1.6,1.66,187870,0
ELBM.US,D,20230103,000000,1.63,1.9299,1.63,1.84,57633,0
ELBM.US,D,20230104,000000,1.85,2,1.85,1.96,70600,0
ELBM.US,D,20230105,000000,1.96,2.2,1.93,2.2,48168,0
ELBM.US,D,20230106,000000,2.25,2.6,2.25,2.6,108810,0
ELBM.US,D,20230109,000000,2.71,2.7395,2.46,2.5,64183,0
ELBM.US,D,20230110,000000,2.5,2.52,2.16,2.27,73132,0
ELBM.US,D,20230111,000000,2.25,2.5132,2.25,2.36,58207,0
ELBM.US,D,20230112,000000,2.38,2.4499,2.25,2.32,34298,0
ELBM.US,D,20230113,000000,2.3,2.33,2.25,2.31,49702,0
ELBM.US,D,20230117,000000,2.31,2.32,2.25,2.28,32741,0
ELBM.US,D,20230118,000000,2.31,2.3499,2.25,2.29,28499,0
ELBM.US,D,20230119,000000,2.32,2.33,2.2343,2.25,32537,0
ELBM.US,D,20230120,000000,2.26,2.35,2.26,2.35,39526,0
ELBM.US,D,20230123,000000,2.38,2.38,2.2967,2.31,39566,0
ELBM.US,D,20230124,000000,2.33,2.33,2.16,2.17,105845,0
ELBM.US,D,20230125,000000,2.26,2.36,2.2345,2.3,55500,0
ELBM.US,D,20230126,000000,2.33,2.4121,2.29,2.33,33992,0
ELBM.US,D,20230127,000000,2.36,2.38,2.2801,2.31,36485,0
ELBM.US,D,20230130,000000,2.27,2.34,2.27,2.27,31707,0
ELBM.US,D,20230131,000000,2.32,2.37,2.2747,2.34,47220,0
ELBM.US,D,20230201,000000,2.32,2.35,2.27,2.3214,25361,0
ELBM.US,D,20230202,000000,2.38,2.38,2.28,2.315,51065,0
ELBM.US,D,20230203,000000,2.3,2.34,2.2501,2.32,28951,0
ELBM.US,D,20230206,000000,2.33,2.33,2.22,2.28,44796,0
ELBM.US,D,20230207,000000,2.24,2.28,2.18,2.18,43576,0
ELBM.US,D,20230208,000000,2.01,2.275,2.01,2.27,117819,0
ELBM.US,D,20230209,000000,2.31,2.34,2.21,2.21,54363,0
ELBM.US,D,20230210,000000,2.3082,2.32,2.2,2.31,26078,0
ELBM.US,D,20230213,000000,2.32,2.33,2.2601,2.32,15481,0
ELBM.US,D,20230214,000000,2.3,2.37,2.27,2.3,61102,0
ELBM.US,D,20230215,000000,2.29,2.29,2.22,2.25,36088,0
ELBM.US,D,20230216,000000,2.24,2.24,2.2,2.2,12972,0
ELBM.US,D,20230217,000000,2.28,2.28,2.15,2.17,21587,0
ELBM.US,D,20230221,000000,2.19,2.25,2.15,2.21,30093,0
ELBM.US,D,20230222,000000,2.25,2.25,2.19,2.19,11359,0
ELBM.US,D,20230223,000000,2.25,2.25,2.17,2.17,10574,0
ELBM.US,D,20230224,000000,2.26,2.26,2.1369,2.1643,28477,0
ELBM.US,D,20230227,000000,2.22,2.22,2.11,2.11,25827,0
ELBM.US,D,20230228,000000,2.16,2.16,2.095,2.1,16761,0
ELBM.US,D,20230301,000000,2.11,2.1399,2.01,2.01,83674,0
ELBM.US,D,20230302,000000,1.99,2.02,1.87,2.01,52904,0
ELBM.US,D,20230303,000000,2.1,2.12,1.93,1.96,30482,0
ELBM.US,D,20230306,000000,1.96,2.0499,1.91,1.91,41518,0
ELBM.US,D,20230307,000000,1.91,1.98,1.91,1.93,25097,0
ELBM.US,D,20230308,000000,1.94,1.945,1.8,1.8,53518,0
ELBM.US,D,20230309,000000,1.84,1.84,1.81,1.81,27442,0
ELBM.US,D,20230310,000000,1.83,1.95,1.75,1.76,58894,0
ELBM.US,D,20230313,000000,1.76,1.86,1.71,1.84,43790,0
ELBM.US,D,20230314,000000,1.93,1.93,1.85,1.89,22555,0
ELBM.US,D,20230315,000000,1.93,1.93,1.75,1.78,34872,0
ELBM.US,D,20230316,000000,1.82,1.85,1.8,1.85,8266,0
ELBM.US,D,20230317,000000,1.9,1.9,1.75,1.75,34273,0
ELBM.US,D,20230320,000000,1.87,1.87,1.78,1.83,10146,0
ELBM.US,D,20230321,000000,1.79,1.8694,1.79,1.8001,49033,0
ELBM.US,D,20230322,000000,1.82,1.8623,1.8,1.84,26234,0
ELBM.US,D,20230323,000000,1.87,1.9118,1.83,1.86,19178,0
ELBM.US,D,20230324,000000,1.97,1.97,1.8,1.83,22801,0
ELBM.US,D,20230327,000000,1.81,1.8699,1.81,1.82,9888,0
ELBM.US,D,20230328,000000,1.88,1.88,1.8,1.83,15344,0
ELBM.US,D,20230329,000000,1.88,2.096,1.83,1.95,47028,0
ELBM.US,D,20230330,000000,1.92,2.1,1.92,1.98,29347,0
ELBM.US,D,20230331,000000,2.07,2.1885,2.01,2.05,119745,0
ELBM.US,D,20230403,000000,2.07,2.07,1.9,1.95,54363,0
ELBM.US,D,20230404,000000,2,2.05,1.93,1.96,9150,0
ELBM.US,D,20230405,000000,1.99,1.99,1.8,1.83,46329,0
ELBM.US,D,20230406,000000,1.81,1.9299,1.81,1.9,7475,0
ELBM.US,D,20230410,000000,1.9,1.92,1.8757,1.88,19045,0
ELBM.US,D,20230411,000000,1.92,1.94,1.87,1.93,17692,0
ELBM.US,D,20230412,000000,1.99,2.01,1.94,1.95,18749,0
ELBM.US,D,20230413,000000,2.12,2.2796,2.04,2.08,385180,0
ELBM.US,D,20230414,000000,2.06,2.1684,2.0305,2.12,75590,0
ELBM.US,D,20230417,000000,2.06,2.47,2.02,2.03,240581,0
ELBM.US,D,20230418,000000,2.03,2.14,2.0001,2.05,34781,0
ELBM.US,D,20230419,000000,2.01,2.0599,2.01,2.03,13688,0
ELBM.US,D,20230420,000000,2.04,2.05,1.88,1.9,33520,0
ELBM.US,D,20230421,000000,1.9,2.05,1.9,1.92,23276,0
ELBM.US,D,20230424,000000,2.02,2.02,1.85,1.85,19423,0
ELBM.US,D,20230425,000000,1.85,1.9425,1.85,1.87,15338,0
ELBM.US,D,20230426,000000,2.01,2.01,1.84,1.84,22666,0
ELBM.US,D,20230427,000000,1.87,1.91,1.84,1.86,16133,0
ELBM.US,D,20230428,000000,1.83,1.8794,1.83,1.86,33271,0
ELBM.US,D,20230501,000000,1.88,1.97,1.84,1.85,30744,0
ELBM.US,D,20230502,000000,1.97,1.97,1.84,1.85,44583,0
ELBM.US,D,20230503,000000,1.91,1.94,1.8386,1.84,8766,0
ELBM.US,D,20230504,000000,1.86,1.89,1.84,1.84,4141,0
ELBM.US,D,20230505,000000,1.91,1.91,1.85,1.87,18886,0
ELBM.US,D,20230508,000000,1.91,1.91,1.87,1.91,7133,0
ELBM.US,D,20230509,000000,1.91,1.91,1.87,1.88,9041,0
ELBM.US,D,20230510,000000,1.87,1.89,1.857,1.88,15391,0
ELBM.US,D,20230511,000000,1.84,1.84,1.47,1.48,270687,0
ELBM.US,D,20230512,000000,1.46,1.46,1.13,1.16,525128,0
ELBM.US,D,20230515,000000,1.32,1.32,1.081,1.17,270418,0
ELBM.US,D,20230516,000000,1.16,1.16,0.9,0.92,413070,0
ELBM.US,D,20230517,000000,0.92,1,0.832,0.9404,208578,0
ELBM.US,D,20230518,000000,0.995,1.4485,0.98,1.21,472801,0
ELBM.US,D,20230519,000000,1.29,1.43,1.26,1.35,286142,0
ELBM.US,D,20230522,000000,1.35,1.37,1.25,1.3,59667,0
ELBM.US,D,20230523,000000,1.28,1.42,1.28,1.33,51829,0
ELBM.US,D,20230524,000000,1.35,1.35,1.21,1.29,38311,0
ELBM.US,D,20230525,000000,1.3,1.3,1.0899,1.155,65760,0
ELBM.US,D,20230526,000000,1.16,1.16,0.8881,1.04,88745,0
ELBM.US,D,20230530,000000,1.04,1.11,1.02,1.05,57980,0
ELBM.US,D,20230531,000000,1.1,1.1,1.04,1.05,43589,0
ELBM.US,D,20230601,000000,1.05,1.13,1.04,1.1136,25878,0
ELBM.US,D,20230602,000000,1.2,1.3698,1.13,1.28,144523,0
ELBM.US,D,20230605,000000,1.27,1.3499,1.24,1.24,28345,0
ELBM.US,D,20230606,000000,1.17,1.28,1.16,1.21,26541,0
ELBM.US,D,20230607,000000,1.22,1.26,1.13,1.18,55039,0
ELBM.US,D,20230608,000000,1.23,1.23,1.1474,1.16,38757,0
ELBM.US,D,20230609,000000,1.17,1.21,1.145,1.16,21633,0
ELBM.US,D,20230612,000000,1.18,1.25,1.13,1.14,58737,0
ELBM.US,D,20230613,000000,1.22,1.24,1.15,1.18,27556,0
ELBM.US,D,20230614,000000,1.18,1.185,1.11,1.11,47810,0
ELBM.US,D,20230615,000000,1.1,1.1899,1.1,1.16,59850,0
ELBM.US,D,20230616,000000,1.16,1.19,1.1,1.105,56037,0
ELBM.US,D,20230620,000000,1.12,1.13,1.06,1.07,50424,0
ELBM.US,D,20230621,000000,1.11,1.14,1.04,1.0799,41452,0
ELBM.US,D,20230622,000000,1.07,1.11,1.02,1.07,16958,0
ELBM.US,D,20230623,000000,1.12,1.12,1.025,1.06,36467,0
ELBM.US,D,20230626,000000,1.05,1.14,1,1.03,38286,0
ELBM.US,D,20230627,000000,1.06,1.07,0.97,0.98,123606,0
ELBM.US,D,20230628,000000,1,1.03,0.97,0.995299,43780,0
ELBM.US,D,20230629,000000,1.03,1.04,0.996,1.01,16403,0
ELBM.US,D,20230630,000000,1.02,1.02,0.97,0.97,34282,0
ELBM.US,D,20230703,000000,0.99,1.08,0.99,1.0349,48697,0
ELBM.US,D,20230705,000000,1,1.03,0.97,0.989899,88323,0
ELBM.US,D,20230706,000000,0.9897,1.055,0.9897,1.055,54084,0
ELBM.US,D,20230707,000000,1.09,1.09,1,1.03,41277,0
ELBM.US,D,20230710,000000,1.01,1.05,1.01,1.01,28016,0
ELBM.US,D,20230711,000000,1.01,1.04,0.9808,0.9821,44045,0
ELBM.US,D,20230712,000000,0.995,1.06,0.93,0.94,154141,0
ELBM.US,D,20230713,000000,0.97,0.9899,0.8899,0.9793,211787,0
ELBM.US,D,20230714,000000,0.9597,1.02,0.94,1.02,85422,0
ELBM.US,D,20230717,000000,0.9894,1.06,0.94,1.05,272402,0
ELBM.US,D,20230718,000000,1.06,1.35,1.04,1.17,223414,0
ELBM.US,D,20230719,000000,1.19,1.36,1.12,1.17,212704,0
ELBM.US,D,20230720,000000,1.12,1.13,0.9802,1.07,196855,0
ELBM.US,D,20230721,000000,1.1,1.1,1,1.015,94323,0
ELBM.US,D,20230724,000000,1.02,1.38,1.02,1.23,880914,0
ELBM.US,D,20230725,000000,2,2.66,1.98,2.1,67920154,0
ELBM.US,D,20230726,000000,1.89,1.95,1.65,1.71,4018721,0
ELBM.US,D,20230727,000000,1.61,1.62,1.4396,1.5,2007508,0
ELBM.US,D,20230728,000000,1.53,1.63,1.46,1.47,1286255,0
ELBM.US,D,20230731,000000,1.52,1.59,1.43,1.53,1357755,0
ELBM.US,D,20230801,000000,1.43,1.7,1.43,1.48,2487370,0
ELBM.US,D,20230802,000000,1.5,1.8,1.46,1.76,1748023,0
ELBM.US,D,20230803,000000,1.63,1.75,1.26,1.3,2114673,0
ELBM.US,D,20230804,000000,1.32,1.32,1.12,1.26,985628,0
ELBM.US,D,20230807,000000,1.21,1.3,1.21,1.24,334843,0
ELBM.US,D,20230808,000000,1.17,1.18,1.06,1.14,759322,0
ELBM.US,D,20230809,000000,1.13,1.13,0.82,0.8701,2774234,0
ELBM.US,D,20230810,000000,0.9009,1,0.8854,0.9861,706618,0
ELBM.US,D,20230811,000000,0.9253,0.979299,0.875,0.8763,611063,0
ELBM.US,D,20230814,000000,0.8849,0.95,0.835,0.8618,498287,0
ELBM.US,D,20230815,000000,0.88,0.88,0.8101,0.8159,455033,0
ELBM.US,D,20230816,000000,0.8193,0.84,0.78,0.797,384434,0
ELBM.US,D,20230817,000000,0.7813,0.8189,0.7641,0.779,363791,0
ELBM.US,D,20230818,000000,0.7999,0.81,0.75,0.7702,518170,0
ELBM.US,D,20230821,000000,0.7799,0.8196,0.6892,0.71,603974,0
ELBM.US,D,20230822,000000,0.706,0.71,0.68,0.703,349214,0
ELBM.US,D,20230823,000000,0.69,0.729,0.670201,0.69,244841,0
ELBM.US,D,20230824,000000,0.726,0.726,0.6778,0.7,185755,0
ELBM.US,D,20230825,000000,0.727,0.727,0.6804,0.6997,240220,0
ELBM.US,D,20230828,000000,0.6997,0.7157,0.6668,0.684,203307,0
ELBM.US,D,20230829,000000,0.6762,0.6897,0.6508,0.676,671134,0
ELBM.US,D,20230830,000000,0.6656,0.716,0.6485,0.6966,552325,0
ELBM.US,D,20230831,000000,0.7211,0.769,0.6912,0.75535,249652,0
ELBM.US,D,20230901,000000,0.7819,0.7827,0.69,0.743,205767,0
ELBM.US,D,20230905,000000,0.749,0.749,0.69,0.69,148718,0
ELBM.US,D,20230906,000000,0.6802,0.7,0.68,0.69,109478,0
ELBM.US,D,20230907,000000,0.69,0.7654,0.6708,0.6857,465398,0
ELBM.US,D,20230908,000000,0.67,0.7056,0.656,0.697,216928,0
ELBM.US,D,20230911,000000,0.7094,0.7199,0.67,0.689,155681,0
ELBM.US,D,20230912,000000,0.689,0.6957,0.6705,0.68,109524,0
ELBM.US,D,20230913,000000,0.69,0.6976,0.68,0.69,66679,0
ELBM.US,D,20230914,000000,0.7046,0.7046,0.6726,0.685,55692,0
ELBM.US,D,20230915,000000,0.6787,0.7,0.671,0.7,41257,0
ELBM.US,D,20230918,000000,0.69,0.69,0.675,0.69,68368,0
ELBM.US,D,20230919,000000,0.678,0.6849,0.67,0.68,85898,0
ELBM.US,D,20230920,000000,0.6951,0.6951,0.6685,0.6742,55195,0
ELBM.US,D,20230921,000000,0.6667,0.691,0.6331,0.64,137485,0
ELBM.US,D,20230922,000000,0.65,0.650001,0.631,0.6398,51620,0
ELBM.US,D,20230925,000000,0.6298,0.632398,0.59,0.6235,125170,0
ELBM.US,D,20230926,000000,0.62,0.6212,0.6,0.6,81688,0
ELBM.US,D,20230927,000000,0.62,0.62,0.5513,0.61,119498,0
ELBM.US,D,20230928,000000,0.6,0.61,0.5838,0.601,44289,0
ELBM.US,D,20230929,000000,0.615,0.63,0.58,0.618,44028,0
ELBM.US,D,20231002,000000,0.62,0.62,0.573,0.5912,119972,0
ELBM.US,D,20231003,000000,0.5912,0.5949,0.5665,0.57,71878,0
ELBM.US,D,20231004,000000,0.58,0.58,0.535,0.5735,127075,0
ELBM.US,D,20231005,000000,0.5949,0.5949,0.507,0.539,228388,0
ELBM.US,D,20231006,000000,0.52,0.534999,0.4801,0.51,285494,0
ELBM.US,D,20231009,000000,0.55,0.555,0.501,0.523,135578,0
ELBM.US,D,20231010,000000,0.515,0.515,0.4722,0.486,148775,0
ELBM.US,D,20231011,000000,0.482,0.491,0.4412,0.4453,302234,0
ELBM.US,D,20231012,000000,0.45,0.46,0.42,0.45,105718,0
ELBM.US,D,20231013,000000,0.46,0.465,0.44,0.4493,82201,0
ELBM.US,D,20231016,000000,0.4717,0.52,0.46,0.515,178954,0
ELBM.US,D,20231017,000000,0.52,0.5594,0.4996,0.5594,171551,0
ELBM.US,D,20231018,000000,0.6,0.6,0.55,0.5685,176583,0
ELBM.US,D,20231019,000000,0.5759,0.59,0.5156,0.546,65597,0
ELBM.US,D,20231020,000000,0.531,0.539899,0.509,0.53,28094,0
ELBM.US,D,20231023,000000,0.5364,0.546147,0.515,0.525,72279,0
ELBM.US,D,20231024,000000,0.5311,0.5581,0.5247,0.5338,28719,0
ELBM.US,D,20231025,000000,0.54,0.5896,0.524,0.582,141423,0
ELBM.US,D,20231026,000000,0.57,0.582,0.5533,0.58,85000,0
ELBM.US,D,20231027,000000,0.5637,0.5888,0.5478,0.5677,57709,0
ELBM.US,D,20231030,000000,0.57,0.5768,0.52,0.5231,54827,0
ELBM.US,D,20231031,000000,0.5188,0.5401,0.506,0.5299,51237,0
ELBM.US,D,20231101,000000,0.5458,0.5458,0.4716,0.4758,74518,0
ELBM.US,D,20231102,000000,0.515,0.515,0.4746,0.4859,85894,0
ELBM.US,D,20231103,000000,0.49,0.51,0.49,0.4939,62590,0
ELBM.US,D,20231106,000000,0.51,0.5355,0.4951,0.535,179983,0
ELBM.US,D,20231107,000000,0.54,0.54,0.5139,0.5321,77182,0
ELBM.US,D,20231108,000000,0.535,0.535,0.4859,0.505,153841,0
ELBM.US,D,20231109,000000,0.5199,0.53,0.5055,0.5144,78675,0
ELBM.US,D,20231110,000000,0.5103,0.525,0.5001,0.5001,38363,0
ELBM.US,D,20231113,000000,0.525,0.525,0.5011,0.521,39795,0
ELBM.US,D,20231114,000000,0.5062,0.521,0.5012,0.52,51362,0
ELBM.US,D,20231115,000000,0.5156,0.5172,0.5034,0.5167,25047,0
ELBM.US,D,20231116,000000,0.52,0.52,0.500001,0.516,81403,0
ELBM.US,D,20231117,000000,0.51,0.53,0.5047,0.5049,52645,0
ELBM.US,D,20231120,000000,0.51,0.51,0.4923,0.4927,106399,0
ELBM.US,D,20231121,000000,0.4627,0.4949,0.4572,0.463,141884,0
ELBM.US,D,20231122,000000,0.455,0.4699,0.4502,0.4502,107451,0
ELBM.US,D,20231124,000000,0.4739,0.4782,0.46,0.46,48678,0
ELBM.US,D,20231127,000000,0.46,0.477,0.4595,0.4685,38669,0
ELBM.US,D,20231128,000000,0.4515,0.4899,0.4515,0.462,98168,0
ELBM.US,D,20231129,000000,0.4853,0.4853,0.47,0.47,52497,0
ELBM.US,D,20231130,000000,0.475,0.4874,0.47,0.4833,42842,0
ELBM.US,D,20231201,000000,0.485,0.4987,0.479,0.4851,56135,0
ELBM.US,D,20231204,000000,0.47,0.4796,0.4626,0.4698,84195,0
ELBM.US,D,20231205,000000,0.4648,0.4668,0.4537,0.465,65262,0
ELBM.US,D,20231206,000000,0.4515,0.4669,0.4515,0.4653,171312,0
ELBM.US,D,20231207,000000,0.456,0.465,0.44,0.4401,238961,0
ELBM.US,D,20231208,000000,0.46,0.4604,0.4231,0.429999,140557,0
ELBM.US,D,20231211,000000,0.43,0.4305,0.4103,0.42,151644,0
ELBM.US,D,20231212,000000,0.44,0.44,0.375,0.38,292881,0
ELBM.US,D,20231213,000000,0.38,0.3975,0.37,0.3942,158355,0
ELBM.US,D,20231214,000000,0.3759,0.4122,0.368,0.375,482380,0
ELBM.US,D,20231215,000000,0.3801,0.3912,0.365,0.3655,189808,0
ELBM.US,D,20231218,000000,0.3746,0.3785,0.35,0.3566,358811,0
ELBM.US,D,20231219,000000,0.365,0.366,0.34,0.3435,706414,0
ELBM.US,D,20231220,000000,0.359,0.35925,0.33,0.33,255647,0
ELBM.US,D,20231221,000000,0.35,0.35,0.3211,0.3222,215557,0
ELBM.US,D,20231222,000000,0.3388,0.3431,0.3175,0.3178,291051,0
ELBM.US,D,20231226,000000,0.334,0.334,0.31,0.3279,214137,0
ELBM.US,D,20231227,000000,0.33,0.34,0.3198,0.3279,321196,0
ELBM.US,D,20231228,000000,0.33,0.3685,0.3264,0.3632,311204,0
ELBM.US,D,20231229,000000,0.3699,0.3743,0.3532,0.3651,236737,0
ELBM.US,D,20240102,000000,0.3799,0.46,0.372,0.4545,562869,0
ELBM.US,D,20240103,000000,0.4398,0.454,0.4,0.433,212736,0
ELBM.US,D,20240104,000000,0.4237,0.433,0.3802,0.3966,173197,0
ELBM.US,D,20240105,000000,0.3862,0.399799,0.3728,0.3755,386936,0
ELBM.US,D,20240108,000000,0.3769,0.3994,0.3707,0.3849,110243,0
ELBM.US,D,20240109,000000,0.3937,0.3956,0.3704,0.3759,102616,0
ELBM.US,D,20240110,000000,0.3978,0.4075,0.3759,0.3887,42333,0
ELBM.US,D,20240111,000000,0.4071,0.4071,0.3679,0.3715,130208,0
ELBM.US,D,20240112,000000,0.3778,0.3826,0.3717,0.38,89165,0
ELBM.US,D,20240116,000000,0.39,0.3931,0.36,0.36,283333,0
ELBM.US,D,20240117,000000,0.36,0.3641,0.350001,0.351,46506,0
ELBM.US,D,20240118,000000,0.354,0.354,0.3302,0.34,235171,0
ELBM.US,D,20240119,000000,0.33,0.3473,0.3101,0.3236,495359,0
ELBM.US,D,20240122,000000,0.3285,0.33,0.3101,0.311,116755,0
ELBM.US,D,20240123,000000,0.311,0.32145,0.311,0.3166,91073,0
ELBM.US,D,20240124,000000,0.3222,0.3481,0.32,0.3319,48927,0
ELBM.US,D,20240125,000000,0.34,0.3514,0.325,0.3491,77799,0
ELBM.US,D,20240126,000000,0.3256,0.3369,0.3145,0.3232,128047,0
ELBM.US,D,20240129,000000,0.33,0.34,0.325,0.339,66626,0
ELBM.US,D,20240130,000000,0.3379,0.3478,0.321,0.34275,51809,0
ELBM.US,D,20240131,000000,0.3373,0.345,0.3303,0.3389,47500,0
ELBM.US,D,20240201,000000,0.3375,0.3615,0.3375,0.341,106060,0
ELBM.US,D,20240202,000000,0.3675,0.42,0.3401,0.38,269305,0
ELBM.US,D,20240205,000000,0.39,0.4299,0.3747,0.4128,220794,0
ELBM.US,D,20240206,000000,0.4271,0.4496,0.412801,0.4347,225822,0
ELBM.US,D,20240207,000000,0.4264,0.4498,0.4131,0.4291,79099,0
ELBM.US,D,20240208,000000,0.435,0.54,0.435,0.5271,1005236,0
ELBM.US,D,20240209,000000,0.557,0.699999,0.5357,0.619,1338922,0
ELBM.US,D,20240212,000000,0.6715,0.75,0.5282,0.6169,991977,0
ELBM.US,D,20240213,000000,0.6269,0.6699,0.5841,0.62,316218,0
ELBM.US,D,20240214,000000,0.62,0.687,0.62,0.68,476878,0
ELBM.US,D,20240215,000000,0.7,0.73,0.6574,0.72,609195,0
ELBM.US,D,20240216,000000,0.73,0.73,0.6807,0.7167,149700,0
ELBM.US,D,20240220,000000,0.6952,0.705,0.632,0.648,142577,0
ELBM.US,D,20240221,000000,0.632,0.6624,0.6253,0.65,136419,0
ELBM.US,D,20240222,000000,0.6584,0.6584,0.5588,0.5693,285572,0
ELBM.US,D,20240223,000000,0.56,0.5712,0.523,0.535,328167,0
ELBM.US,D,20240226,000000,0.521,0.5508,0.51,0.5499,311985,0
ELBM.US,D,20240227,000000,0.54,0.58,0.53,0.569,104530,0
ELBM.US,D,20240228,000000,0.5619,0.6,0.554,0.5628,281832,0
ELBM.US,D,20240229,000000,0.569,0.57339,0.53,0.54,95926,0
ELBM.US,D,20240301,000000,0.54,0.567,0.5237,0.54,140392,0
ELBM.US,D,20240304,000000,0.54,0.55,0.51,0.525,180870,0
ELBM.US,D,20240305,000000,0.5218,0.547,0.5197,0.547,85523,0
ELBM.US,D,20240306,000000,0.5401,0.55,0.525,0.525,80984,0
ELBM.US,D,20240307,000000,0.525,0.5366,0.5098,0.528,110861,0
ELBM.US,D,20240308,000000,0.516,0.519201,0.4598,0.4956,203830,0
ELBM.US,D,20240311,000000,0.481,0.5495,0.481,0.518,153447,0
ELBM.US,D,20240312,000000,0.5328,0.5374,0.5099,0.52,115710,0
ELBM.US,D,20240313,000000,0.533,0.54,0.5,0.52,53614,0
ELBM.US,D,20240314,000000,0.52,0.5332,0.4917,0.5207,149252,0
ELBM.US,D,20240315,000000,0.5207,0.522454,0.489,0.5,127954,0
ELBM.US,D,20240318,000000,0.51,0.5123,0.4861,0.49,101691,0
ELBM.US,D,20240319,000000,0.49,0.5,0.48221,0.49001,36961,0
ELBM.US,D,20240320,000000,0.4989,0.5179,0.49,0.5037,134178,0
ELBM.US,D,20240321,000000,0.505,0.505,0.49,0.490098,55400,0
ELBM.US,D,20240322,000000,0.504,0.504,0.4707,0.4707,62761,0
ELBM.US,D,20240325,000000,0.4756,0.482,0.465,0.465,40857,0
ELBM.US,D,20240326,000000,0.4853,0.4853,0.4394,0.4439,110297,0
ELBM.US,D,20240327,000000,0.45,0.4599,0.4498,0.4498,51802,0
ELBM.US,D,20240328,000000,0.4642,0.4642,0.4533,0.454,43298,0
ELBM.US,D,20240401,000000,0.49,0.49,0.4544,0.4669,63508,0
ELBM.US,D,20240402,000000,0.46,0.4915,0.46,0.4748,68045,0
ELBM.US,D,20240403,000000,0.49,0.52,0.4769,0.4952,248456,0
ELBM.US,D,20240404,000000,0.491,0.5089,0.471,0.471,120500,0
ELBM.US,D,20240405,000000,0.4794,0.480899,0.462549,0.4686,52610,0
ELBM.US,D,20240408,000000,0.472,0.472,0.47,0.472,47105,0
ELBM.US,D,20240409,000000,0.489,0.489,0.47,0.471,25165,0
ELBM.US,D,20240410,000000,0.47,0.477199,0.466,0.466,36082,0
ELBM.US,D,20240411,000000,0.47,0.475,0.46,0.46,23846,0
ELBM.US,D,20240412,000000,0.451,0.4599,0.44,0.44,71493,0
ELBM.US,D,20240415,000000,0.44,0.460098,0.435,0.435,25773,0
ELBM.US,D,20240416,000000,0.435,0.44515,0.4,0.406,51715,0
ELBM.US,D,20240417,000000,0.405,0.425,0.4,0.4047,44089,0
ELBM.US,D,20240418,000000,0.41,0.42,0.4048,0.42,31160,0
ELBM.US,D,20240419,000000,0.42,0.4238,0.406,0.4077,68485,0
ELBM.US,D,20240422,000000,0.40801,0.4117,0.400001,0.4004,13296,0
ELBM.US,D,20240423,000000,0.41,0.425,0.4073,0.4175,46729,0
ELBM.US,D,20240424,000000,0.43,0.43,0.41,0.4101,30304,0
ELBM.US,D,20240425,000000,0.416,0.4324,0.4055,0.4055,48233,0
ELBM.US,D,20240426,000000,0.424,0.4345,0.406,0.4162,85896,0
ELBM.US,D,20240429,000000,0.4138,0.4452,0.4138,0.4222,79371,0
ELBM.US,D,20240430,000000,0.4222,0.4425,0.4222,0.4289,41671,0
ELBM.US,D,20240501,000000,0.44,0.445599,0.4267,0.4267,26415,0
ELBM.US,D,20240502,000000,0.4278,0.4549,0.4278,0.4548,52839,0
ELBM.US,D,20240503,000000,0.464,0.5,0.46,0.4695,107543,0
ELBM.US,D,20240506,000000,0.494,0.5,0.4728,0.4848,124385,0
ELBM.US,D,20240507,000000,0.49,0.49,0.4606,0.4663,31059,0
ELBM.US,D,20240508,000000,0.46,0.4696,0.4502,0.4547,137132,0
ELBM.US,D,20240509,000000,0.4567,0.47,0.436701,0.4509,39325,0
ELBM.US,D,20240510,000000,0.4509,0.4734,0.4509,0.458,20674,0
ELBM.US,D,20240513,000000,0.4595,0.4699,0.4579,0.4653,15833,0
ELBM.US,D,20240514,000000,0.45,0.4789,0.45,0.4644,57937,0
ELBM.US,D,20240515,000000,0.478,0.49,0.4729,0.4868,58115,0
ELBM.US,D,20240516,000000,0.48,0.4994,0.4795,0.49,62755,0
ELBM.US,D,20240517,000000,0.496,0.5,0.45,0.4768,115505,0
ELBM.US,D,20240520,000000,0.48,0.488,0.47,0.487965,60860,0
ELBM.US,D,20240521,000000,0.488,0.5,0.47,0.4869,56535,0
ELBM.US,D,20240522,000000,0.47,0.4788,0.4607,0.461105,49962,0
ELBM.US,D,20240523,000000,0.47,0.4806,0.4611,0.4611,59054,0
ELBM.US,D,20240524,000000,0.4804,0.4804,0.4568,0.477,37516,0
ELBM.US,D,20240528,000000,0.48,0.4801,0.4666,0.4723,73909,0
ELBM.US,D,20240529,000000,0.47,0.4723,0.4426,0.45,67552,0
ELBM.US,D,20240530,000000,0.47,0.47,0.451,0.46265,29203,0
ELBM.US,D,20240531,000000,0.48,0.48,0.4621,0.47,11085,0
ELBM.US,D,20240603,000000,0.474,0.474,0.45776,0.4692,20798,0
ELBM.US,D,20240604,000000,0.47,0.479,0.4578,0.46125,35302,0
ELBM.US,D,20240605,000000,0.46,0.4612,0.4426,0.4476,48910,0
ELBM.US,D,20240606,000000,0.448,0.45,0.4342,0.4415,36888,0
ELBM.US,D,20240607,000000,0.445,0.445,0.43,0.4328,30667,0
ELBM.US,D,20240610,000000,0.4328,0.499,0.425,0.44505,565196,0
ELBM.US,D,20240611,000000,0.47,0.47,0.4483,0.4483,43099,0
ELBM.US,D,20240612,000000,0.4638,0.49,0.4489,0.47115,52448,0
ELBM.US,D,20240613,000000,0.4686,0.4779,0.4547,0.4761,58594,0
ELBM.US,D,20240614,000000,0.46,0.462,0.4377,0.445,38816,0
ELBM.US,D,20240617,000000,0.445,0.4552,0.4356,0.44,44087,0
ELBM.US,D,20240618,000000,0.44,0.449,0.4176,0.4345,103640,0
ELBM.US,D,20240620,000000,0.4324,0.4488,0.3966,0.43315,99435,0
ELBM.US,D,20240621,000000,0.433,0.439,0.4201,0.425,37067,0
ELBM.US,D,20240624,000000,0.43,0.46,0.4233,0.45,37958,0
ELBM.US,D,20240625,000000,0.4491,0.4491,0.432,0.434,23500,0
ELBM.US,D,20240626,000000,0.428,0.4487,0.37,0.4298,73375,0
ELBM.US,D,20240627,000000,0.4321,0.4459,0.4295,0.4314,22247,0
ELBM.US,D,20240628,000000,0.4363,0.438899,0.4176,0.42,16721,0
ELBM.US,D,20240701,000000,0.4198,0.4299,0.41,0.4175,36996,0
ELBM.US,D,20240702,000000,0.4174,0.43,0.4172,0.4194,24872,0
ELBM.US,D,20240703,000000,0.4325,0.4402,0.4116,0.42,23541,0
ELBM.US,D,20240705,000000,0.42,0.43735,0.42,0.4296,39109,0
ELBM.US,D,20240708,000000,0.44,0.4549,0.4296,0.432999,34723,0
ELBM.US,D,20240709,000000,0.4358,0.44,0.42,0.429,21240,0
ELBM.US,D,20240710,000000,0.42,0.444,0.401,0.4439,156309,0
ELBM.US,D,20240711,000000,0.4431,0.4437,0.401,0.4367,119244,0
ELBM.US,D,20240712,000000,0.43,0.4403,0.4029,0.4352,43727,0
ELBM.US,D,20240715,000000,0.4351,0.447899,0.421,0.43,18260,0
ELBM.US,D,20240716,000000,0.4299,0.4335,0.401,0.4101,81908,0
ELBM.US,D,20240717,000000,0.4096,0.43,0.4011,0.40745,29600,0
ELBM.US,D,20240718,000000,0.41,0.41,0.394501,0.395,66589,0
ELBM.US,D,20240719,000000,0.4109,0.42,0.390401,0.4013,23785,0
ELBM.US,D,20240722,000000,0.4013,0.4221,0.3808,0.381,85418,0
ELBM.US,D,20240723,000000,0.3886,0.391,0.38,0.3899,326636,0
ELBM.US,D,20240724,000000,0.39,0.39,0.38,0.3899,24841,0
ELBM.US,D,20240725,000000,0.39,0.39,0.379902,0.3852,41664,0
ELBM.US,D,20240726,000000,0.381,0.3899,0.371,0.3805,29332,0
ELBM.US,D,20240729,000000,0.383,0.384899,0.36,0.362,66984,0
ELBM.US,D,20240730,000000,0.3799,0.383,0.362,0.3621,57775,0
ELBM.US,D,20240731,000000,0.3655,0.3655,0.36,0.3618,25210,0
ELBM.US,D,20240801,000000,0.3616,0.365,0.343,0.343101,62766,0
ELBM.US,D,20240802,000000,0.3499,0.35,0.2624,0.3295,178088,0
ELBM.US,D,20240805,000000,0.34,0.34,0.309,0.31,76258,0
ELBM.US,D,20240806,000000,0.315,0.3224,0.2611,0.3155,68786,0
ELBM.US,D,20240807,000000,0.32,0.33,0.2992,0.31,128352,0
ELBM.US,D,20240808,000000,0.327,0.335,0.3101,0.326,53332,0
ELBM.US,D,20240809,000000,0.3245,0.333,0.3172,0.322,23551,0
ELBM.US,D,20240812,000000,0.33,0.3389,0.329,0.338,26056,0
ELBM.US,D,20240813,000000,0.35,0.39,0.3386,0.3647,71472,0
ELBM.US,D,20240814,000000,0.3612,0.3769,0.3612,0.36925,29049,0
ELBM.US,D,20240815,000000,0.3468,0.38,0.341,0.3695,59139,0
ELBM.US,D,20240816,000000,0.38,0.395,0.36,0.3756,60761,0
ELBM.US,D,20240819,000000,0.3794,0.6985,0.3607,0.5589,14163057,0
ELBM.US,D,20240820,000000,0.554,0.57,0.486,0.4901,2027840,0
ELBM.US,D,20240821,000000,0.5099,0.5289,0.495,0.508899,303884,0
ELBM.US,D,20240822,000000,0.52,0.5554,0.5127,0.5351,208401,0
ELBM.US,D,20240823,000000,0.536,0.5429,0.5162,0.539,119551,0
ELBM.US,D,20240826,000000,0.5351,0.5586,0.5273,0.5586,125600,0
ELBM.US,D,20240827,000000,0.5499,0.589,0.532,0.5803,125510,0
ELBM.US,D,20240828,000000,0.5894,0.6405,0.5803,0.6,375491,0
ELBM.US,D,20240829,000000,0.582,0.7074,0.581,0.67,568234,0
ELBM.US,D,20240830,000000,0.698,0.6988,0.67,0.6915,105294,0
ELBM.US,D,20240903,000000,0.68,0.6947,0.6096,0.6512,217051,0
ELBM.US,D,20240904,000000,0.65,0.67,0.6341,0.669,105122,0
ELBM.US,D,20240905,000000,0.67,0.67,0.6008,0.6234,159735,0
ELBM.US,D,20240906,000000,0.6234,0.636,0.475,0.532,205520,0
ELBM.US,D,20240909,000000,0.5,0.54,0.5,0.518,122245,0
ELBM.US,D,20240910,000000,0.5495,0.6757,0.5495,0.586,691857,0
ELBM.US,D,20240911,000000,0.5948,0.6479,0.56086,0.635,81371,0
ELBM.US,D,20240912,000000,0.635,0.66,0.611,0.639,169539,0
ELBM.US,D,20240913,000000,0.63,0.659,0.6,0.6376,96949,0
ELBM.US,D,20240916,000000,0.6185,0.6499,0.606,0.606,42092,0
ELBM.US,D,20240917,000000,0.6165,0.637899,0.6017,0.6152,57436,0
ELBM.US,D,20240918,000000,0.62,0.67,0.5995,0.659,193675,0
ELBM.US,D,20240919,000000,0.665,0.665,0.635,0.64,93351,0
ELBM.US,D,20240920,000000,0.6358,0.66,0.62,0.6579,138111,0
ELBM.US,D,20240923,000000,0.637,0.67,0.6105,0.6414,160681,0
ELBM.US,D,20240924,000000,0.637,0.6409,0.59,0.62,173040,0
ELBM.US,D,20240925,000000,0.62,0.62,0.56,0.5801,65978,0
ELBM.US,D,20240926,000000,0.598,0.61,0.570001,0.5873,90570,0
ELBM.US,D,20240927,000000,0.5873,0.59,0.5626,0.59,22187,0
ELBM.US,D,20240930,000000,0.59,0.6,0.57,0.572,93835,0
ELBM.US,D,20241001,000000,0.5701,0.6,0.5609,0.585,32165,0
ELBM.US,D,20241002,000000,0.6,0.6,0.5524,0.576,19374,0
ELBM.US,D,20241003,000000,0.599,0.6,0.5755,0.599,31553,0
ELBM.US,D,20241004,000000,0.59,0.5961,0.57,0.589,43875,0
ELBM.US,D,20241007,000000,0.585,0.65,0.585,0.65,119295,0
ELBM.US,D,20241008,000000,0.65,0.65,0.63,0.6373,34657,0
ELBM.US,D,20241009,000000,0.6286,0.63,0.611525,0.6239,17387,0
ELBM.US,D,20241010,000000,0.63,0.63,0.5988,0.61,44567,0
ELBM.US,D,20241011,000000,0.61,0.6229,0.6013,0.62,44612,0
ELBM.US,D,20241014,000000,0.62,0.6473,0.616651,0.6326,38458,0
ELBM.US,D,20241015,000000,0.6198,0.6284,0.6001,0.610101,43862,0
ELBM.US,D,20241016,000000,0.6203,0.6203,0.6046,0.6134,32010,0
ELBM.US,D,20241017,000000,0.6134,0.6134,0.5896,0.59073,44243,0
ELBM.US,D,20241018,000000,0.61,0.6161,0.593,0.6052,86021,0
ELBM.US,D,20241021,000000,0.593,0.6175,0.5875,0.5875,31385,0
ELBM.US,D,20241022,000000,0.5875,0.598899,0.5727,0.578,26849,0
ELBM.US,D,20241023,000000,0.565,0.588,0.5355,0.5473,63208,0
ELBM.US,D,20241024,000000,0.563,0.57,0.520203,0.5209,71426,0
ELBM.US,D,20241025,000000,0.5524,0.5717,0.5196,0.5478,42939,0
ELBM.US,D,20241028,000000,0.5454,0.5679,0.5029,0.5399,53605,0
ELBM.US,D,20241029,000000,0.5228,0.566,0.517,0.5249,38538,0
