<TICKER>,<PER>,<DATE>,<TIME>,<OPEN>,<HIGH>,<LOW>,<CLOSE>,<VOL>,<OPENINT>
FBYD.US,D,20231009,000000,15.2,15.2,10.0101,14.94,142826,0
FBYD.US,D,20231010,000000,15.14,17.22,12,16.4,84651,0
FBYD.US,D,20231011,000000,12.01,13.4723,11.24,12.32,59552,0
FBYD.US,D,20231012,000000,11.59,12.99,11,11.99,63141,0
FBYD.US,D,20231013,000000,13.3,13.3,10.1,11.595,88867,0
FBYD.US,D,20231016,000000,10.5,12.57,10.5,11.8499,26013,0
FBYD.US,D,20231017,000000,12.6,12.95,11,12.25,30623,0
FBYD.US,D,20231018,000000,13.34,44,12.51,21.49,1359556,0
FBYD.US,D,20231019,000000,19.19,25,17.0301,22,251794,0
FBYD.US,D,20231020,000000,20.32,22.675,16.5,17.27,115023,0
FBYD.US,D,20231023,000000,16.55,16.55,12.81,12.81,124654,0
FBYD.US,D,20231024,000000,13.26,24.84,12.9501,16.685,531074,0
FBYD.US,D,20231025,000000,15.69,17.15,14.7,14.99,61973,0
FBYD.US,D,20231026,000000,14.69,17.25,14.44,14.85,70953,0
FBYD.US,D,20231027,000000,15.19,15.7,14.75,15.63,29584,0
FBYD.US,D,20231030,000000,15.32,17,15.25,15.89,14690,0
FBYD.US,D,20231031,000000,15.25,16.49,15.25,15.84,28386,0
FBYD.US,D,20231101,000000,15.9,19.4078,15.1306,15.73,59741,0
FBYD.US,D,20231102,000000,16,17.4,16,16.55,31624,0
FBYD.US,D,20231103,000000,16.05,16.9191,15.81,16.3,12924,0
FBYD.US,D,20231106,000000,16.15,16.99,15.25,16.29,27880,0
FBYD.US,D,20231107,000000,15.26,16.46,15.26,15.98,52470,0
FBYD.US,D,20231108,000000,14,14.59,12.56,13.25,120252,0
FBYD.US,D,20231109,000000,12.91,13,10.51,11.18,98959,0
FBYD.US,D,20231110,000000,11.26,12.1747,11.26,11.43,33594,0
FBYD.US,D,20231113,000000,11.5,12.33,11.5,11.77,31115,0
FBYD.US,D,20231114,000000,13.65,13.65,11.76,11.76,48826,0
FBYD.US,D,20231115,000000,12.52,12.625,11.79,12.06,37164,0
FBYD.US,D,20231116,000000,11.91,12.7786,11.91,12.27,55125,0
FBYD.US,D,20231117,000000,12.7,13.25,11.81,12.5,40897,0
FBYD.US,D,20231120,000000,12.41,14.245,12.34,12.36,36951,0
FBYD.US,D,20231121,000000,12.79,12.8,12.0165,12.02,13872,0
FBYD.US,D,20231122,000000,12.05,13.2,12.05,12.35,49142,0
FBYD.US,D,20231124,000000,12.3,12.52,11.8001,11.92,26679,0
FBYD.US,D,20231127,000000,11.9501,12.5,11.9501,12.14,13485,0
FBYD.US,D,20231128,000000,12.25,12.35,12.06,12.3,25340,0
FBYD.US,D,20231129,000000,12,12.5,12,12.35,43748,0
FBYD.US,D,20231130,000000,12.02,12.5,12.02,12.48,7507,0
FBYD.US,D,20231201,000000,12.35,12.35,11.95,12.29,5585,0
FBYD.US,D,20231204,000000,12.25,12.3595,11.73,11.86,20605,0
FBYD.US,D,20231205,000000,11.5,11.74,11.37,11.53,12585,0
FBYD.US,D,20231206,000000,11.855,12.1,11.83,12,7261,0
FBYD.US,D,20231207,000000,12.5,12.5,11.79,11.79,8755,0
FBYD.US,D,20231208,000000,12.26,12.35,11.42,11.42,8374,0
FBYD.US,D,20231211,000000,12.07,12.2,11.64,12.1,12486,0
FBYD.US,D,20231212,000000,11.43,12.21,11.43,12.11,13300,0
FBYD.US,D,20231213,000000,11.89,12.15,11.75,12.15,19068,0
FBYD.US,D,20231214,000000,11.71,12.15,11.71,11.81,15279,0
FBYD.US,D,20231215,000000,11.79,12.37,11.71,12.36,263397,0
FBYD.US,D,20231218,000000,11.7,12.41,11.5797,11.99,28178,0
FBYD.US,D,20231219,000000,12.1543,12.37,11.85,12.11,11510,0
FBYD.US,D,20231220,000000,12.39,12.8,12.08,12.4,35474,0
FBYD.US,D,20231221,000000,12.37,12.38,12.19,12.24,4411,0
FBYD.US,D,20231222,000000,12.26,12.93,12.0034,12.41,22271,0
FBYD.US,D,20231226,000000,12.89,12.89,11.8104,11.98,56883,0
FBYD.US,D,20231227,000000,11.96,12.8,11.81,12.8,23775,0
FBYD.US,D,20231228,000000,12.42,12.42,12.38,12.39,2173,0
FBYD.US,D,20231229,000000,12.6,12.6,12,12.3,13946,0
FBYD.US,D,20240102,000000,12.1,12.2899,12,12.17,3767,0
FBYD.US,D,20240103,000000,12.5,12.5,12.15,12.27,7717,0
FBYD.US,D,20240104,000000,12.44,12.44,11.875,12.05,8870,0
FBYD.US,D,20240105,000000,12,12.2207,11.8501,12,7621,0
FBYD.US,D,20240108,000000,12.03,12.07,11.93,12.06,8516,0
FBYD.US,D,20240109,000000,12.1,12.1,11.9,12.1,10158,0
FBYD.US,D,20240110,000000,12.1,12.25,11.9901,12.085,15623,0
FBYD.US,D,20240111,000000,12.73,12.73,11.97,12.04,10528,0
FBYD.US,D,20240112,000000,12,12.3,12,12.22,2942,0
FBYD.US,D,20240116,000000,12.4,12.4,11.76,11.77,7361,0
FBYD.US,D,20240117,000000,12.49,12.49,11.98,11.98,2773,0
FBYD.US,D,20240118,000000,12.34,12.41,12.1,12.1,3198,0
FBYD.US,D,20240119,000000,12.55,12.55,12.19,12.21,2776,0
FBYD.US,D,20240122,000000,12.4,12.4,12.2,12.32,8250,0
FBYD.US,D,20240123,000000,12.2,12.5,12.2,12.36,6354,0
FBYD.US,D,20240124,000000,12.12,12.25,12.05,12.05,3719,0
FBYD.US,D,20240125,000000,12.19,12.2,12,12.2,7494,0
FBYD.US,D,20240126,000000,12.07,12.16,11.71,12,8422,0
FBYD.US,D,20240129,000000,12.175,12.35,11.95,12.15,10764,0
FBYD.US,D,20240130,000000,12.26,12.3,11.96,11.96,6254,0
FBYD.US,D,20240131,000000,12.25,12.25,12.02,12.04,3770,0
FBYD.US,D,20240201,000000,12.02,12.04,12.02,12.04,1161,0
FBYD.US,D,20240202,000000,12.09,12.25,12.09,12.25,809,0
FBYD.US,D,20240205,000000,12.25,12.25,11.96,12.24,1222,0
FBYD.US,D,20240206,000000,12.0218,12.19,11.96,11.96,3209,0
FBYD.US,D,20240207,000000,12.1,12.114,11.96,12,4760,0
FBYD.US,D,20240208,000000,12.35,12.35,12,12.18,9979,0
FBYD.US,D,20240209,000000,12.34,12.34,12.0941,12.25,5056,0
FBYD.US,D,20240212,000000,11.95,11.96,11.95,11.96,3155,0
FBYD.US,D,20240213,000000,11.96,11.99,11.95,11.95,1354,0
FBYD.US,D,20240214,000000,11.95,12.0427,11.95,12.0424,3548,0
FBYD.US,D,20240215,000000,11.96,12.05,11.5,11.5,4989,0
FBYD.US,D,20240216,000000,11.5,11.795,11.5,11.5,2592,0
FBYD.US,D,20240220,000000,11.5,11.5563,11.006,11.02,9858,0
FBYD.US,D,20240221,000000,11.14,11.14,10.51,10.51,5040,0
FBYD.US,D,20240222,000000,10.52,10.9,10.51,10.51,4926,0
FBYD.US,D,20240223,000000,10.88,10.9689,10.51,10.7641,12075,0
FBYD.US,D,20240226,000000,10.53,10.928,10.52,10.66,4065,0
FBYD.US,D,20240227,000000,10.58,10.85,10.51,10.6,5697,0
FBYD.US,D,20240228,000000,10.51,11.045,10.51,10.76,5818,0
FBYD.US,D,20240229,000000,10.59,10.8099,10.51,10.8099,5381,0
FBYD.US,D,20240301,000000,10.76,10.8099,10.53,10.8099,2514,0
FBYD.US,D,20240304,000000,10.81,11.005,10.51,10.6488,11329,0
FBYD.US,D,20240305,000000,10.75,10.98,10.51,10.51,5187,0
FBYD.US,D,20240306,000000,10.67,10.67,10.67,10.67,1109,0
FBYD.US,D,20240307,000000,10.1101,10.555,10.1101,10.555,2882,0
FBYD.US,D,20240308,000000,10.11,10.38,9.45,9.5,20842,0
FBYD.US,D,20240311,000000,9.6202,9.6202,8.25,8.3542,15752,0
FBYD.US,D,20240312,000000,9,9,8.25,8.3839,3212,0
FBYD.US,D,20240313,000000,8.02,8.78,8.02,8.5,5760,0
FBYD.US,D,20240314,000000,8.79,8.79,7.02,7.6399,11243,0
FBYD.US,D,20240315,000000,7.5,8.0199,7.25,7.25,8963,0
FBYD.US,D,20240318,000000,7.77,7.99,7.49,7.5,12990,0
FBYD.US,D,20240319,000000,7.99,8.8,7.99,8.63,5634,0
FBYD.US,D,20240320,000000,8.74,9.5143,8.4232,9.5143,10363,0
FBYD.US,D,20240321,000000,9.35,9.856,9.35,9.36,4292,0
FBYD.US,D,20240322,000000,9.13,9.15,8.45,8.71,12684,0
FBYD.US,D,20240325,000000,8.7,8.855,8.43,8.82,4812,0
FBYD.US,D,20240326,000000,9.44,9.44,9.44,9.44,340,0
FBYD.US,D,20240327,000000,8.83,9.82,8.83,9.82,927,0
FBYD.US,D,20240328,000000,10.5,10.73,9.7511,10.25,3523,0
FBYD.US,D,20240401,000000,10.24,10.76,10.24,10.29,4251,0
FBYD.US,D,20240402,000000,10.52,10.71,10.31,10.575,4115,0
FBYD.US,D,20240403,000000,10.75,11.545,10.6323,10.975,7141,0
FBYD.US,D,20240404,000000,11.0945,11.0945,10.5,10.9061,1555,0
FBYD.US,D,20240408,000000,10.5681,10.6999,10.2,10.2,4243,0
FBYD.US,D,20240409,000000,10.36,10.36,9.38,9.5,804,0
FBYD.US,D,20240410,000000,9.32,9.9999,9.32,9.96,802,0
FBYD.US,D,20240411,000000,9.85,10.6999,9.85,10.6999,769,0
FBYD.US,D,20240412,000000,9.53,10.13,9.12,10.13,2673,0
FBYD.US,D,20240415,000000,9.36,9.36,9.36,9.36,407,0
FBYD.US,D,20240416,000000,10.28,10.28,10.28,10.28,467,0
FBYD.US,D,20240417,000000,9.61,9.68,9.61,9.68,934,0
FBYD.US,D,20240418,000000,8.99,9.345,8.99,9.345,634,0
FBYD.US,D,20240419,000000,9.045,9.045,9.04,9.04,748,0
FBYD.US,D,20240422,000000,8.5,9.32,8.2648,8.36,10690,0
FBYD.US,D,20240423,000000,8.36,8.81,8.3001,8.6999,4487,0
FBYD.US,D,20240424,000000,8.6,8.6,8.6,8.6,481,0
FBYD.US,D,20240425,000000,8.01,8.75,8.01,8.75,517,0
FBYD.US,D,20240426,000000,9.38,9.38,9.38,9.38,427,0
FBYD.US,D,20240429,000000,8.64,9.3789,8.5822,9.3789,4961,0
FBYD.US,D,20240430,000000,9.5999,9.5999,9.5999,9.5999,176,0
FBYD.US,D,20240501,000000,9.17,9.4999,9.17,9.34,1021,0
FBYD.US,D,20240502,000000,9.54,9.54,9.2042,9.47,1692,0
FBYD.US,D,20240503,000000,9.44,9.89,9.3101,9.8899,5140,0
FBYD.US,D,20240506,000000,9.86,9.86,9.09,9.09,4311,0
FBYD.US,D,20240507,000000,9.2,9.2,9.2,9.2,2297,0
FBYD.US,D,20240508,000000,9.1,9.15,8.6,8.6,5356,0
FBYD.US,D,20240509,000000,8.86,9.75,8.7804,9.73,1700,0
FBYD.US,D,20240513,000000,9.7457,9.764,9.2403,9.76,1695,0
FBYD.US,D,20240514,000000,9.65,9.7365,9.65,9.7365,1174,0
FBYD.US,D,20240515,000000,9.0562,10.25,9.0562,10.25,2092,0
FBYD.US,D,20240516,000000,9.44,10.25,9.01,10.25,6395,0
FBYD.US,D,20240517,000000,10.24,10.28,9.9,9.9,3109,0
FBYD.US,D,20240520,000000,10.94,10.94,9.9999,9.9999,427,0
FBYD.US,D,20240521,000000,10.17,10.82,10.005,10.82,1292,0
FBYD.US,D,20240523,000000,9.9017,10.25,9.9017,10.25,919,0
FBYD.US,D,20240524,000000,10.75,10.75,10.25,10.6515,603,0
FBYD.US,D,20240528,000000,9.91,10.65,9.91,10.65,1656,0
FBYD.US,D,20240530,000000,10.31,10.31,9.93,9.93,722,0
FBYD.US,D,20240531,000000,9.8001,10.01,9.8001,10,2302,0
FBYD.US,D,20240603,000000,9.8,10,9.8,10,1603,0
FBYD.US,D,20240604,000000,9.52,9.99,9.52,9.99,1007,0
FBYD.US,D,20240605,000000,9.74,9.99,9.74,9.99,588,0
FBYD.US,D,20240607,000000,9.61,9.6598,9.155,9.6099,2011,0
FBYD.US,D,20240610,000000,9.2,10,9.2,9.61,7688,0
FBYD.US,D,20240611,000000,9.17,10,8.83,9.64,10540,0
FBYD.US,D,20240612,000000,9.4689,11,9.4689,10.15,13475,0
FBYD.US,D,20240613,000000,10.95,11.88,9.61,11.25,15684,0
FBYD.US,D,20240614,000000,11.01,11.75,10.9,11.7,7991,0
FBYD.US,D,20240617,000000,10.38,11.88,10.38,11.75,16290,0
FBYD.US,D,20240618,000000,11.87,12,11.5,11.66,8249,0
FBYD.US,D,20240620,000000,11.26,12.03,11.0101,12.03,14372,0
FBYD.US,D,20240621,000000,11.52,12,10.5,10.5,74986,0
FBYD.US,D,20240624,000000,10.95,11.6,10.75,11.2,5779,0
FBYD.US,D,20240625,000000,10.95,11.4599,10.33,11,6960,0
FBYD.US,D,20240626,000000,10.6,11,10.1506,10.97,3606,0
FBYD.US,D,20240627,000000,10.24,10.8799,10.24,10.54,1916,0
FBYD.US,D,20240628,000000,10.8,11.08,10.2501,10.46,5739,0
FBYD.US,D,20240701,000000,10.2,11,10.04,10.73,30266,0
FBYD.US,D,20240702,000000,10.28,10.3,8.99,9.5,22825,0
FBYD.US,D,20240703,000000,9.28,9.9181,9.17,9.3,2947,0
FBYD.US,D,20240705,000000,9.1,9.6,9.08,9.45,3163,0
FBYD.US,D,20240708,000000,9.25,9.9999,9.04,9.9999,5306,0
FBYD.US,D,20240709,000000,10.54,10.54,9.6,10.2999,8950,0
FBYD.US,D,20240710,000000,9.81,10.6,9.81,10.6,7513,0
FBYD.US,D,20240711,000000,10.8899,11,10.57,11,3649,0
FBYD.US,D,20240712,000000,10.77,11.2399,10.66,11.2,2596,0
FBYD.US,D,20240715,000000,11,11.25,11,11.2299,2028,0
FBYD.US,D,20240716,000000,11.03,11.2299,10.7673,11.1999,1966,0
FBYD.US,D,20240717,000000,10.86,11.2,10.7,11.2,1136,0
FBYD.US,D,20240718,000000,10.77,11.1999,10.77,11.1999,2088,0
FBYD.US,D,20240719,000000,11.18,11.46,11.06,11.06,5519,0
FBYD.US,D,20240722,000000,10.96,11.3999,10.59,11.3999,13028,0
FBYD.US,D,20240723,000000,11.025,11.1999,11.0137,11.1999,814,0
FBYD.US,D,20240724,000000,10.55,11.0999,10.4,11.09,1881,0
FBYD.US,D,20240725,000000,10.7946,10.9999,10.7946,10.9999,1427,0
FBYD.US,D,20240726,000000,10.9999,11,10.48,10.8,12010,0
FBYD.US,D,20240729,000000,10.75,11,10.4,10.9236,18695,0
FBYD.US,D,20240730,000000,11,11,10.4,10.4,9969,0
FBYD.US,D,20240731,000000,10.99,10.99,10.49,10.9,901,0
FBYD.US,D,20240801,000000,10.48,10.9899,10.1668,10.25,4495,0
FBYD.US,D,20240802,000000,10.31,10.61,10,10.61,2598,0
FBYD.US,D,20240805,000000,9.9899,10.9499,9.9049,10.3,4190,0
FBYD.US,D,20240806,000000,10.48,10.48,10.45,10.45,616,0
FBYD.US,D,20240807,000000,10.16,10.45,10,10.45,7401,0
FBYD.US,D,20240808,000000,10.02,10.45,10,10.45,9336,0
FBYD.US,D,20240809,000000,10.03,10.42,10.02,10.42,6471,0
FBYD.US,D,20240812,000000,10.02,10.4,10.02,10.4,4251,0
FBYD.US,D,20240813,000000,10.04,10.3765,10.04,10.3765,1360,0
FBYD.US,D,20240814,000000,10.3,10.7499,10.234,10.74,3210,0
FBYD.US,D,20240815,000000,10.35,10.8,10.35,10.45,4493,0
FBYD.US,D,20240816,000000,10.8,10.8899,10.68,10.86,1093,0
FBYD.US,D,20240819,000000,10.57,10.9999,10.57,10.9999,1096,0
FBYD.US,D,20240820,000000,10.93,11.1099,10.93,11.1099,2223,0
FBYD.US,D,20240821,000000,11.1099,11.1099,10.8058,11.1099,906,0
FBYD.US,D,20240822,000000,10.9899,10.9899,10.9899,10.9899,412,0
FBYD.US,D,20240823,000000,10.94,11.99,10.73,11.5,44909,0
FBYD.US,D,20240826,000000,11.05,11.05,10.0002,10.5,41258,0
FBYD.US,D,20240827,000000,10.9,10.9,9.3,10.3,2726,0
FBYD.US,D,20240828,000000,10.24,10.24,10.005,10.005,1196,0
FBYD.US,D,20240829,000000,10.25,10.5302,10.08,10.26,7864,0
FBYD.US,D,20240830,000000,10.05,10.5,10.05,10.5,2572,0
FBYD.US,D,20240903,000000,10.09,10.9,10.09,10.14,2758,0
FBYD.US,D,20240904,000000,10.51,10.96,10.51,10.715,492,0
FBYD.US,D,20240905,000000,10.66,10.9239,10.5372,10.77,4649,0
FBYD.US,D,20240906,000000,10.82,11.08,10.51,10.85,12282,0
FBYD.US,D,20240909,000000,11.08,11.08,10,10,14193,0
FBYD.US,D,20240910,000000,10.01,10.28,9.35,9.35,4887,0
FBYD.US,D,20240911,000000,9.2,10,8.512,8.63,10718,0
FBYD.US,D,20240912,000000,9.05,9.505,8.74,8.74,4888,0
FBYD.US,D,20240913,000000,9.5,9.5,8.54,8.57,2787,0
FBYD.US,D,20240916,000000,9,9.328,8.17,8.45,9137,0
FBYD.US,D,20240917,000000,8.91,9.69,8.91,9.46,13043,0
FBYD.US,D,20240918,000000,10,10.085,9.65,9.7,17776,0
FBYD.US,D,20240919,000000,9.98,10.38,9.12,9.1831,27024,0
FBYD.US,D,20240920,000000,10.39,10.39,9.34,10.22,84135,0
FBYD.US,D,20240923,000000,10.5,10.5,9.61,10.29,2980,0
FBYD.US,D,20240924,000000,10.2768,10.4,9.89,10.37,5689,0
FBYD.US,D,20240925,000000,10.165,10.3,9.87,10.28,7622,0
FBYD.US,D,20240926,000000,9.8896,10.2999,9.4216,9.85,12837,0
FBYD.US,D,20240927,000000,9.74,10.1782,9.5598,10,7732,0
FBYD.US,D,20240930,000000,10.25,10.25,9.8,9.91,7070,0
FBYD.US,D,20241001,000000,10,10,9.84,9.84,859,0
FBYD.US,D,20241002,000000,9.99,9.99,9.98,9.98,1540,0
FBYD.US,D,20241003,000000,9.8393,9.8999,9.8393,9.8917,1549,0
FBYD.US,D,20241004,000000,9.9999,9.9999,9.66,9.9676,5041,0
FBYD.US,D,20241007,000000,10,10.13,9.9,9.94,11838,0
FBYD.US,D,20241008,000000,10.2268,10.2268,9.5501,9.84,4025,0
FBYD.US,D,20241009,000000,10.24,10.24,9.74,9.75,4993,0
FBYD.US,D,20241010,000000,9.9,9.9,9.9,9.9,550,0
FBYD.US,D,20241011,000000,9.76,9.8681,9.4448,9.75,1213,0
FBYD.US,D,20241014,000000,10.0217,10.0762,9.61,10.01,9002,0
FBYD.US,D,20241015,000000,9.74,10.1,9.6006,9.92,3139,0
FBYD.US,D,20241016,000000,10,10.11,9.1803,10.11,1275,0
FBYD.US,D,20241017,000000,9.99,10.21,9.99,10.21,2519,0
FBYD.US,D,20241018,000000,9.96,10.21,9.95,10.19,2260,0
FBYD.US,D,20241021,000000,9.89,10.2,9.78,10.2,1227,0
FBYD.US,D,20241022,000000,10.19,10.1998,10.01,10.13,837,0
FBYD.US,D,20241023,000000,9.98,10.1213,9.75,9.975,6841,0
FBYD.US,D,20241024,000000,9.95,9.95,9.4352,9.7,9758,0
FBYD.US,D,20241025,000000,9.06,9.75,9.04,9.75,2532,0
FBYD.US,D,20241028,000000,9.14,9.75,9.14,9.75,1925,0
FBYD.US,D,20241029,000000,10.1535,10.1699,9.14,9.75,4982,0
