<TICKER>,<PER>,<DATE>,<TIME>,<OPEN>,<HIGH>,<LOW>,<CLOSE>,<VOL>,<OPENINT>
FER.US,D,20240510,000000,39,39,37,37.5,29354,0
FER.US,D,20240513,000000,38,38.61,37.805,37.9,8708,0
FER.US,D,20240514,000000,40,41.02,38.96,40.4,6963,0
FER.US,D,20240515,000000,40.9,42.46,40.41,41.52,131153,0
FER.US,D,20240516,000000,41.04,41.21,40.18,40.49,27263,0
FER.US,D,20240517,000000,40.365,41.42,40.365,40.62,7526,0
FER.US,D,20240520,000000,39.61,40.59,39.6,40,3146,0
FER.US,D,20240521,000000,40.52,40.9,39.6,40.9,80575,0
FER.US,D,20240522,000000,40.4,40.4,39.61,40.12,27018,0
FER.US,D,20240523,000000,40.14,40.78,39.52,40,86979,0
FER.US,D,20240524,000000,39.74,41.7,39.26,40.21,53939,0
FER.US,D,20240528,000000,39.73,40.28,39.61,40.1,6058,0
FER.US,D,20240529,000000,39.6,39.6,39.205,39.6,8760,0
FER.US,D,20240530,000000,39.7,40.44,39.67,40.25,8325,0
FER.US,D,20240531,000000,39.87,40.495,39.44,40.495,3493,0
FER.US,D,20240603,000000,39.48,40.9,39.25,40.4,7782,0
FER.US,D,20240604,000000,39.42,40.1,39.42,39.91,10136,0
FER.US,D,20240605,000000,39.7,40.71,39.6999,40.5,4512,0
FER.US,D,20240606,000000,39.95,40.075,39.87,39.87,4512,0
FER.US,D,20240607,000000,39.7,39.9999,39.29,39.69,6920,0
FER.US,D,20240610,000000,38.85,39.4,38.735,39.4,4711,0
FER.US,D,20240611,000000,38.5,44,37.97,41.39,19278,0
FER.US,D,20240612,000000,39.53,40.45,39.53,39.9,9001,0
FER.US,D,20240613,000000,39.59,40.06,39.15,39.23,6045,0
FER.US,D,20240614,000000,39.28,40.24,38.78,39.355,12530,0
FER.US,D,20240617,000000,38.76,38.8,38.27,38.51,26098,0
FER.US,D,20240618,000000,39.33,39.6,39.02,39.02,16581,0
FER.US,D,20240620,000000,39.46,39.9,38.95,39.6,20562,0
FER.US,D,20240621,000000,38.78,39.2,37.92,37.92,34568,0
FER.US,D,20240624,000000,39.26,39.99,38.97,39.76,23073,0
FER.US,D,20240625,000000,38.98,40.38,38.98,39.8,20318,0
FER.US,D,20240626,000000,39.23,40.94,39.1422,39.8,63234,0
FER.US,D,20240627,000000,39.34,39.72,39.11,39.3,49014,0
FER.US,D,20240628,000000,39,39.5,38.74,38.89,13207,0
FER.US,D,20240701,000000,39.46,39.6,38.9,39,15224,0
FER.US,D,20240702,000000,38.99,40.035,38.98,39.25,66779,0
FER.US,D,20240703,000000,39.79,40.78,39.79,40.18,26025,0
FER.US,D,20240705,000000,40.66,41,40.41,40.62,11025,0
FER.US,D,20240708,000000,40.71,40.9,40.53,40.65,18398,0
FER.US,D,20240709,000000,39.96,39.96,39.39,39.71,16139,0
FER.US,D,20240710,000000,40.1,40.83,39.97,40.31,14051,0
FER.US,D,20240711,000000,41.56,42.33,41.464,41.52,23860,0
FER.US,D,20240712,000000,42.02,42.6,40.81,42.31,20401,0
FER.US,D,20240715,000000,42.17,42.28,41.65,41.95,15475,0
FER.US,D,20240716,000000,41.5,42.03,41.5,42.01,24288,0
FER.US,D,20240717,000000,41.91,42.23,41.71,42.23,17745,0
FER.US,D,20240718,000000,42.16,42.28,41.78,41.91,21073,0
FER.US,D,20240719,000000,41.79,41.97,41.44,41.83,16210,0
FER.US,D,20240722,000000,42.41,42.67,42.16,42.56,17329,0
FER.US,D,20240723,000000,42.06,42.48,41.94,42.25,51381,0
FER.US,D,20240724,000000,41.87,42.22,41.69,41.74,23386,0
FER.US,D,20240725,000000,41.56,42.17,41.4,41.79,30230,0
FER.US,D,20240726,000000,41.42,42.12,41.42,41.72,34517,0
FER.US,D,20240729,000000,41.44,41.51,41.19,41.42,39379,0
FER.US,D,20240730,000000,42.04,42.91,41.79,42.54,22023,0
FER.US,D,20240731,000000,40.28,40.33,39.52,39.82,44332,0
FER.US,D,20240801,000000,39.55,39.7026,38.76,38.8,21831,0
FER.US,D,20240802,000000,39.13,39.79,39.13,39.55,15558,0
FER.US,D,20240805,000000,38.78,39.25,38.39,38.53,28251,0
FER.US,D,20240806,000000,38.105,38.95,38.105,38.77,32000,0
FER.US,D,20240807,000000,39.13,39.71,39.13,39.3,27998,0
FER.US,D,20240808,000000,38.98,39.41,38.95,39.3,31200,0
FER.US,D,20240809,000000,39.2295,39.4,39.1,39.34,21465,0
FER.US,D,20240812,000000,39,39.51,39,39.24,27762,0
FER.US,D,20240813,000000,39.6,39.995,39.6,39.93,37772,0
FER.US,D,20240814,000000,39.99,40.46,39.98,40.18,13523,0
FER.US,D,20240815,000000,40.3,40.77,40.1,40.22,53793,0
FER.US,D,20240816,000000,39.87,40.25,39.87,40.19,65927,0
FER.US,D,20240819,000000,40.57,40.82,40.57,40.71,11548,0
FER.US,D,20240820,000000,40.76,41.29,40.495,40.8,4652,0
FER.US,D,20240821,000000,40.55,41.04,40.55,40.77,23455,0
FER.US,D,20240822,000000,40.94,40.94,40.74,40.76,12267,0
FER.US,D,20240823,000000,41.05,41.8,41.03,41.75,9299,0
FER.US,D,20240826,000000,41.08,41.22,40.96,41.07,26014,0
FER.US,D,20240827,000000,41.05,41.26,40.9656,41.08,19749,0
FER.US,D,20240828,000000,41.6,41.71,40.97,41.35,29869,0
FER.US,D,20240829,000000,41.25,41.59,41.25,41.28,25831,0
FER.US,D,20240830,000000,41.76,42.1,41.68,42.06,38152,0
FER.US,D,20240903,000000,41.81,41.845,41.09,41.16,207259,0
FER.US,D,20240904,000000,41.21,41.72,41.21,41.57,18514,0
FER.US,D,20240905,000000,41.9669,42.05,41.7001,41.79,13440,0
FER.US,D,20240906,000000,42.04,42.21,41.55,41.64,19761,0
FER.US,D,20240909,000000,41.84,42.34,41.81,42.12,19112,0
FER.US,D,20240910,000000,41.93,41.95,41.615,41.86,22925,0
FER.US,D,20240911,000000,41.4,41.42,40.96,41.19,27013,0
FER.US,D,20240912,000000,41.52,41.63,41.1409,41.45,26789,0
FER.US,D,20240913,000000,42.3,42.37,41.9,41.96,20632,0
FER.US,D,20240916,000000,41.94,42.43,41.94,42.35,26128,0
FER.US,D,20240917,000000,42.76,42.86,42.52,42.82,29786,0
FER.US,D,20240918,000000,42.69,42.91,41.975,42.6,34964,0
FER.US,D,20240919,000000,42.73,42.84,42.51,42.69,38237,0
FER.US,D,20240920,000000,42.62,42.66,42.325,42.37,34509,0
FER.US,D,20240923,000000,42.66,43,42.66,42.86,27351,0
FER.US,D,20240924,000000,42.7,43.09,42.635,42.91,66775,0
FER.US,D,20240925,000000,42.945,43.1825,42.79,42.79,25017,0
FER.US,D,20240926,000000,43.32,43.39,43.03,43.25,31219,0
FER.US,D,20240927,000000,43.45,43.75,43.2,43.31,26491,0
FER.US,D,20240930,000000,43.2,43.2,42.88,43.19,50086,0
FER.US,D,20241001,000000,43.3,43.3,42.54,42.93,29387,0
FER.US,D,20241002,000000,42.29,42.675,42.29,42.57,28832,0
FER.US,D,20241003,000000,42.25,42.4149,41.715,42.14,35514,0
FER.US,D,20241004,000000,39.95,41.55,39.7,40.93,71980,0
FER.US,D,20241007,000000,40.69,40.89,40.45,40.59,38288,0
FER.US,D,20241008,000000,40.98,41.04,40.79,40.89,47779,0
FER.US,D,20241009,000000,40.61,41.29,40.61,40.68,24480,0
FER.US,D,20241010,000000,41.01,41.14,40.9242,41.02,20859,0
FER.US,D,20241011,000000,41.15,41.23,40.96,40.99,35141,0
FER.US,D,20241014,000000,41.32,41.38,41.1,41.23,45929,0
FER.US,D,20241015,000000,41.88,41.95,41.505,41.66,31577,0
FER.US,D,20241016,000000,42.05,42.35,41.9984,42.08,52174,0
FER.US,D,20241017,000000,41.99,42.15,41.7,41.98,21982,0
FER.US,D,20241018,000000,42.08,42.39,42.06,42.24,84109,0
FER.US,D,20241021,000000,42.0118,42.075,41.22,41.34,58680,0
FER.US,D,20241022,000000,41.16,41.26,40.345,41.05,43433,0
FER.US,D,20241023,000000,40.99,41.32,40.99,41.175,25405,0
FER.US,D,20241024,000000,40.91,41,40.66,40.95,26705,0
FER.US,D,20241025,000000,40.37,40.69,40.33,40.33,32178,0
FER.US,D,20241028,000000,40.98,41.12,40.785,41,30547,0
FER.US,D,20241029,000000,40.65,40.95,40.6,40.855,26358,0
