<TICKER>,<PER>,<DATE>,<TIME>,<OPEN>,<HIGH>,<LOW>,<CLOSE>,<VOL>,<OPENINT>
FFIE.US,D,20200903,000000,2332.8,2332.8,2325.6,2325.6,111.75416665549,0
FFIE.US,D,20200904,000000,2328,2342.4,2325.6,2337.6,2657.1374997343,0
FFIE.US,D,20200909,000000,2335.2,2337.6,2330.4,2337.6,34.804166663186,0
FFIE.US,D,20200910,000000,2340,2340,2330.4,2340,6096.1708327237,0
FFIE.US,D,20200911,000000,2332.8,2354.4,2332.8,2335.2,44.220833328911,0
FFIE.US,D,20200914,000000,2335.2,2340,2328,2340,1419.1249998581,0
FFIE.US,D,20200915,000000,2400,2565.6,2330.4,2330.4,360.09166663066,0
FFIE.US,D,20200916,000000,2332.8,2332.8,2330.4,2332.78,318.76249996812,0
FFIE.US,D,20200917,000000,2337.6,2340,2332.8,2337.6,4545.7416662121,0
FFIE.US,D,20200918,000000,2362.8,2362.8,2335.2,2344.8,952.86249990471,0
FFIE.US,D,20200921,000000,2337.43,2344.8,2337.43,2344.8,2282.1999997718,0
FFIE.US,D,20200922,000000,2342.4,2342.4,2340,2340,412.59999995874,0
FFIE.US,D,20200923,000000,2340,2344.8,2340,2342.4,2144.1833331189,0
FFIE.US,D,20200924,000000,2340,2342.4,2340,2340,1313.4374998687,0
FFIE.US,D,20200925,000000,2340,2342.4,2340,2340,688.76249993112,0
FFIE.US,D,20200928,000000,2340,2342.4,2340,2342.4,5.449999999455,0
FFIE.US,D,20200929,000000,2342.4,2352,2342.4,2344.8,3457.3499996543,0
FFIE.US,D,20200930,000000,2344.8,2376,2340,2354.4,2539.6791664127,0
FFIE.US,D,20201001,000000,2352,2354.4,2342.4,2344.8,873.383333246,0
FFIE.US,D,20201002,000000,2340,2342.4,2340,2340,1485.7166665181,0
FFIE.US,D,20201005,000000,2352,2352,2352,2352,0.53749999994625,0
FFIE.US,D,20201006,000000,2344.8,2344.8,2342.4,2342.4,68.929166659774,0
FFIE.US,D,20201007,000000,2344.8,2344.8,2344.8,2344.8,5.0958333328237,0
FFIE.US,D,20201008,000000,2342.4,2344.8,2342.4,2344.8,85.887499991411,0
FFIE.US,D,20201009,000000,2342.4,2342.4,2337.6,2337.6,99.108333323422,0
FFIE.US,D,20201012,000000,2340,2343.6,2340,2342.4,14.758333331857,0
FFIE.US,D,20201013,000000,2330.4,2335.2,2328,2335.2,638.87083326945,0
FFIE.US,D,20201014,000000,2335.2,2335.2,2335.2,2335.2,1298.0666665369,0
FFIE.US,D,20201015,000000,2335.2,2335.2,2332.8,2332.8,439.84583328935,0
FFIE.US,D,20201016,000000,2335.2,2349.6,2335.15,2335.2,60.062499993994,0
FFIE.US,D,20201019,000000,2335.2,2347.2,2335.2,2335.2,333.97083329994,0
FFIE.US,D,20201020,000000,2335.2,2335.2,2335.2,2335.2,23.458333330988,0
FFIE.US,D,20201021,000000,2335.2,2335.2,2335.2,2335.2,0.47083333328625,0
FFIE.US,D,20201022,000000,2330.4,2332.8,2323.2,2332.8,862.74999991372,0
FFIE.US,D,20201023,000000,2332.8,2332.8,2323.2,2328,9.883333332345,0
FFIE.US,D,20201026,000000,2323.2,2340,2323.2,2340,479.39583328539,0
FFIE.US,D,20201027,000000,2323.2,2328,2323.2,2324.4,40.095833329324,0
FFIE.US,D,20201028,000000,2323.2,2330.4,2320.8,2330.4,673.42083326599,0
FFIE.US,D,20201029,000000,2323.2,2328,2318.23,2320.8,521.26666661454,0
FFIE.US,D,20201030,000000,2323.2,2323.2,2318.4,2318.4,418.7041666248,0
FFIE.US,D,20201102,000000,2328,2328,2316,2316,83.674999991632,0
FFIE.US,D,20201103,000000,2318.4,2328,2316,2318.4,97.624999990237,0
FFIE.US,D,20201104,000000,2320.8,2328,2320.8,2328,34.070833329926,0
FFIE.US,D,20201105,000000,2328,2330.4,2328,2330.4,13.495833331984,0
FFIE.US,D,20201106,000000,2325.14,2325.14,2325.14,2325.14,1.6666666665,0
FFIE.US,D,20201109,000000,2330.4,2332.8,2330.4,2330.45,42.670833329066,0
FFIE.US,D,20201110,000000,2328,2328,2328,2328,31.258333330207,0
FFIE.US,D,20201111,000000,2328,2332.8,2328,2328,42.83333332905,0
FFIE.US,D,20201112,000000,2328,2332.78,2328,2332.78,42.9999999957,0
FFIE.US,D,20201113,000000,2332.8,2332.8,2332.8,2332.8,31.391666663527,0
FFIE.US,D,20201116,000000,2335.2,2337.6,2335.2,2335.2,444.94166662217,0
FFIE.US,D,20201117,000000,2335.2,2342.4,2334,2340,2357.129166431,0
FFIE.US,D,20201118,000000,2344.8,2347.2,2335.2,2347.2,535.3833332798,0
FFIE.US,D,20201119,000000,2335.2,2344.8,2335.2,2344.8,11.504166665516,0
FFIE.US,D,20201120,000000,2332.8,2344.8,2332.8,2335.2,30.429166663624,0
FFIE.US,D,20201123,000000,2335.2,2342.4,2332.8,2335.2,235.85833330975,0
FFIE.US,D,20201124,000000,2332.8,2344.8,2332.8,2344.8,6.89999999931,0
FFIE.US,D,20201125,000000,2332.8,2344.8,2332.8,2344.8,9.0583333324275,0
FFIE.US,D,20201127,000000,2347.2,2354.4,2347.2,2354.4,49.908333328342,0
FFIE.US,D,20201130,000000,2351.98,2352,2342.42,2352,3.1291666663537,0
FFIE.US,D,20201201,000000,2352,2354.4,2344.8,2352,39.358333329397,0
FFIE.US,D,20201202,000000,2354.4,2359.2,2353.2,2354.4,449.21666662174,0
FFIE.US,D,20201203,000000,2354.4,2364,2354.4,2361.6,85.06666665816,0
FFIE.US,D,20201204,000000,2356.8,2359.2,2356.8,2359.2,13.479166665319,0
FFIE.US,D,20201207,000000,2374.8,2376,2352,2354.4,326.66249996733,0
FFIE.US,D,20201208,000000,2354.4,2388,2354.4,2364,91.279166657539,0
FFIE.US,D,20201209,000000,2364,2388,2364,2380.8,184.95416664817,0
FFIE.US,D,20201210,000000,2380.8,2388,2371.2,2378.4,66.458333326687,0
FFIE.US,D,20201211,000000,2388,2397.6,2376,2390.4,950.86666657158,0
FFIE.US,D,20201214,000000,2396.02,2397.6,2376,2397.6,91.445833324189,0
FFIE.US,D,20201215,000000,2388,2397.6,2356.8,2395.2,1065.3458332268,0
FFIE.US,D,20201216,000000,2395.2,2404.8,2376,2400,738.68749992613,0
FFIE.US,D,20201217,000000,2400,2400,2392.8,2400,454.73749995453,0
FFIE.US,D,20201218,000000,2400,2402.4,2395.2,2400,978.08749990219,0
FFIE.US,D,20201221,000000,2395.2,2404.8,2395.2,2400,269.40833330639,0
FFIE.US,D,20201222,000000,2400,2404.8,2400,2400,526.53749994735,0
FFIE.US,D,20201223,000000,2400,2404.8,2390.4,2402.4,514.72499994853,0
FFIE.US,D,20201224,000000,2402.4,2404.8,2400,2400,477.92916661887,0
FFIE.US,D,20201228,000000,2407.2,2412,2395.2,2395.2,119.74166665469,0
FFIE.US,D,20201229,000000,2395.2,2397.6,2356.8,2395.2,458.60833328747,0
FFIE.US,D,20201230,000000,2352,2400,2352,2392.8,82.849999991715,0
FFIE.US,D,20201231,000000,2400,2419.2,2376,2400,668.19583326651,0
FFIE.US,D,20210104,000000,2407.2,2426.4,2407.2,2419.2,253.333333308,0
FFIE.US,D,20210105,000000,2419.2,2419.2,2400,2414.4,175.31249998247,0
FFIE.US,D,20210106,000000,2419.2,2433.6,2404.8,2404.8,142.17083331912,0
FFIE.US,D,20210107,000000,2407.2,2431.2,2380.8,2416.8,970.88333323624,0
FFIE.US,D,20210108,000000,2424,2460,2404.8,2424,296.48749997035,0
FFIE.US,D,20210111,000000,2868,2964,2738.4,2880,37122.029162954,0
FFIE.US,D,20210112,000000,2817.6,2832,2762.4,2784,12974.758332036,0
FFIE.US,D,20210113,000000,2792.45,2829.6,2762.4,2796,12731.254165394,0
FFIE.US,D,20210114,000000,2868,2868,2820,2856,8905.7874991094,0
FFIE.US,D,20210115,000000,2856,2866.46,2701.2,2846.4,6057.6583327276,0
FFIE.US,D,20210119,000000,2844,2844,2721.6,2793.6,4797.9166661869,0
FFIE.US,D,20210120,000000,2772,2784,2714.4,2748,2834.8833330498,0
FFIE.US,D,20210121,000000,2728.8,2736,2640,2671.2,4066.72916626,0
FFIE.US,D,20210122,000000,2661.6,2688,2642.4,2676,2866.97916638,0
FFIE.US,D,20210125,000000,2745.6,2764.8,2712,2740.8,8303.9708325029,0
FFIE.US,D,20210126,000000,3074.4,3204,2954.4,3175.2,21846.804164482,0
FFIE.US,D,20210127,000000,3300,3597.6,3007.2,3120,18686.512498131,0
FFIE.US,D,20210128,000000,3837.6,4200,3480,3703.2,66581.233326675,0
FFIE.US,D,20210129,000000,4874.4,4956,4096.8,4428,61276.487493872,0
FFIE.US,D,20210201,000000,4840.74,4980,4560,4598.4,27228.624997277,0
FFIE.US,D,20210202,000000,4572,4596,4202.4,4267.2,17488.512498251,0
FFIE.US,D,20210203,000000,4221.45,4440,3876,3888,20163.32916465,0
FFIE.US,D,20210204,000000,3998.4,4281.6,3938.4,3991.2,12128.637498787,0
FFIE.US,D,20210205,000000,4117.2,4500,4060.8,4142.4,15762.10416509,0
FFIE.US,D,20210208,000000,4243.2,4440,4176,4197.6,9597.9374990402,0
FFIE.US,D,20210209,000000,4200,4228.8,3984,4053.6,8943.4374991057,0
FFIE.US,D,20210210,000000,4012.8,4200,3890.4,3931.2,8496.2708324837,0
FFIE.US,D,20210211,000000,3945.6,3969.6,3744,3789.6,7734.0458325599,0
FFIE.US,D,20210212,000000,3734.4,3844.77,3648,3739.2,5028.1333328305,0
FFIE.US,D,20210216,000000,3900,4195.2,3852,4060.8,9948.9291656718,0
FFIE.US,D,20210217,000000,4135.2,4408.8,4032,4276.8,10458.674998954,0
FFIE.US,D,20210218,000000,4137.6,4288.8,4044,4120.8,5078.7374994921,0
FFIE.US,D,20210219,000000,4137.6,4284,4062,4104,5147.7541661519,0
FFIE.US,D,20210222,000000,4262.4,4494.72,4216.8,4228.8,9860.8874990139,0
FFIE.US,D,20210223,000000,3744,3744,3650.4,3744,12398.329165427,0
FFIE.US,D,20210224,000000,3789.6,3856.8,3684,3698.4,5741.3374994259,0
FFIE.US,D,20210225,000000,3724.8,3768,3432,3600,8071.9124991928,0
FFIE.US,D,20210226,000000,3571.2,3571.2,3314.4,3381.6,7627.5999992372,0
FFIE.US,D,20210301,000000,3552,3671.97,3480,3576,5425.7749994574,0
FFIE.US,D,20210302,000000,3600,3600,3372,3400.8,3644.7958329689,0
FFIE.US,D,20210303,000000,3424.8,3477.6,3048,3067.2,7107.1833326226,0
FFIE.US,D,20210304,000000,3084,3117.6,2745.6,2762.4,11606.349998839,0
FFIE.US,D,20210305,000000,2916,2918.4,2534.4,2856,12813.662498719,0
FFIE.US,D,20210308,000000,2838.72,2985.6,2700,2736,4429.812499557,0
FFIE.US,D,20210309,000000,2875.2,2980.8,2827.2,2920.8,5051.9749994948,0
FFIE.US,D,20210310,000000,3002.4,3010.35,2808,2904,7382.8999992617,0
FFIE.US,D,20210311,000000,2940,3324,2920.82,3206.4,6140.274999386,0
FFIE.US,D,20210312,000000,3124.8,3360,3085.2,3309.6,5154.2624994846,0
FFIE.US,D,20210315,000000,3276,3283.17,3096,3199.2,3804.9999996195,0
FFIE.US,D,20210316,000000,3336,3384,3124.8,3168,4297.9958329035,0
FFIE.US,D,20210317,000000,3100.8,3228,3032.4,3153.6,3975.8499996024,0
FFIE.US,D,20210318,000000,3120,3168,3060,3079.2,2555.9374997444,0
FFIE.US,D,20210319,000000,3043.2,3091.2,3002.4,3038.4,2421.5291664245,0
FFIE.US,D,20210322,000000,3024,3036,2894.4,2944.8,3231.3208330102,0
FFIE.US,D,20210323,000000,2928,2978.4,2923.2,2930.4,2711.7416663955,0
FFIE.US,D,20210324,000000,2949.6,2983.2,2860.8,2875.2,4354.2499995646,0
FFIE.US,D,20210325,000000,2779.2,2846.4,2745.6,2786.4,4079.4791662587,0
FFIE.US,D,20210326,000000,2887.2,2925.6,2784,2925.6,2823.8416663843,0
FFIE.US,D,20210329,000000,2901.43,2997.6,2856,2882.4,1665.2374998335,0
FFIE.US,D,20210330,000000,2880,2918.54,2810.4,2853.6,1506.466666516,0
FFIE.US,D,20210331,000000,2944.8,3000,2882.4,2894.4,1752.5708331581,0
FFIE.US,D,20210401,000000,2966.4,3069.6,2935.2,2976,1893.320833144,0
FFIE.US,D,20210405,000000,3028.8,3105.6,2959.2,2973.6,1486.2249998514,0
FFIE.US,D,20210406,000000,3264,3393.6,3184.8,3271.2,12881.458332045,0
FFIE.US,D,20210407,000000,3288,3484.8,3288,3367.2,5639.7458327694,0
FFIE.US,D,20210408,000000,3367.2,3633.6,3367.2,3566.4,5805.9916660861,0
FFIE.US,D,20210409,000000,3686.4,3703.05,3379.2,3597.6,5417.4291661249,0
FFIE.US,D,20210412,000000,3523.2,3578.4,3072,3136.8,10040.466665663,0
FFIE.US,D,20210413,000000,2992.8,3146.4,2991.6,3019.2,4951.0499995049,0
FFIE.US,D,20210414,000000,3038.4,3117.6,2788.8,2805.6,8641.9041658025,0
FFIE.US,D,20210415,000000,2868,3024,2844,2966.4,5041.2374994959,0
FFIE.US,D,20210416,000000,2971.2,2971.2,2846.4,2860.8,2465.3874997535,0
FFIE.US,D,20210419,000000,2880,2904,2709.6,2772,2929.649999707,0
FFIE.US,D,20210420,000000,2714.4,2752.8,2660.4,2702.4,2480.9958330852,0
FFIE.US,D,20210421,000000,2702.4,2834.4,2671.2,2824.8,2312.9166664354,0
FFIE.US,D,20210422,000000,2824.8,2932.8,2810.4,2848.8,3009.8208330324,0
FFIE.US,D,20210423,000000,2866.44,2976,2866.44,2944.8,1705.0708331628,0
FFIE.US,D,20210426,000000,2925.6,2942.4,2856,2884.8,1571.2041665095,0
FFIE.US,D,20210427,000000,2901.6,2916,2822.4,2836.8,1018.8708332314,0
FFIE.US,D,20210428,000000,2820,2904,2820,2892,1218.5333332115,0
FFIE.US,D,20210429,000000,2942.4,2942.4,2805.6,2817.6,1115.1166665552,0
FFIE.US,D,20210430,000000,2822.4,2860.8,2805.6,2815.2,1388.4458331945,0
FFIE.US,D,20210503,000000,2820,2827.2,2764.8,2793.6,1307.8458332025,0
FFIE.US,D,20210504,000000,2772,2796,2714.4,2772,1616.9833331716,0
FFIE.US,D,20210505,000000,2784,2844,2772,2839.2,648.30416660184,0
FFIE.US,D,20210506,000000,2792.04,2827.2,2743.2,2752.8,978.09583323552,0
FFIE.US,D,20210507,000000,2740.8,2772,2618.4,2700,2863.9416663803,0
FFIE.US,D,20210510,000000,2820,2820,2606.4,2620.8,4311.4416662355,0
FFIE.US,D,20210511,000000,2541.6,2642.38,2500.8,2628,4254.5458329079,0
FFIE.US,D,20210512,000000,2661.6,2676,2548.8,2623.2,2075.4666664591,0
FFIE.US,D,20210513,000000,2596.8,2634.96,2551.2,2613.6,1919.4041664747,0
FFIE.US,D,20210514,000000,2601.6,2712,2590.8,2656.8,1811.3249998189,0
FFIE.US,D,20210517,000000,2654.4,2680.8,2623.2,2649.6,691.12083326422,0
FFIE.US,D,20210518,000000,2647.2,2702.4,2630.4,2649.6,1358.5374998641,0
FFIE.US,D,20210519,000000,2637.6,2637.6,2580,2606.4,1192.8291665474,0
FFIE.US,D,20210520,000000,2616,2640,2604,2611.2,1413.8333331919,0
FFIE.US,D,20210521,000000,2611.2,2611.2,2578.63,2599.2,1226.204166544,0
FFIE.US,D,20210524,000000,2623.2,2786.4,2584.8,2680.8,1760.6499998239,0
FFIE.US,D,20210525,000000,2688,2832,2676,2829.6,3871.2458329462,0
FFIE.US,D,20210526,000000,2879.11,2964,2812.8,2880,3319.6791663347,0
FFIE.US,D,20210527,000000,3177.15,3179.16,2954.4,3004.8,5333.6374994666,0
FFIE.US,D,20210528,000000,3016.8,3095.97,2965.7,3033.6,1636.0541665031,0
FFIE.US,D,20210601,000000,3050.4,3072,2911.2,2949.6,2255.6749997744,0
FFIE.US,D,20210602,000000,3019.2,3129.6,2946,3048,2033.6041664633,0
FFIE.US,D,20210603,000000,3036,3235.2,2976,3172.8,4236.866666243,0
FFIE.US,D,20210604,000000,3201.6,3384,3201.6,3364.8,4368.8999995631,0
FFIE.US,D,20210607,000000,3355.2,3511.2,3177.6,3242.4,6335.6416660331,0
FFIE.US,D,20210608,000000,3273.6,3345.6,3141.6,3211.2,2244.5041664422,0
FFIE.US,D,20210609,000000,3300,3331.17,3076.8,3211.2,3066.9708330266,0
FFIE.US,D,20210610,000000,3211.2,3300,3108,3273.6,1991.8249998008,0
FFIE.US,D,20210611,000000,3276,3314.4,3222,3292.8,1036.804166563,0
FFIE.US,D,20210614,000000,3264,3391.2,3146.4,3177.6,1898.0249998102,0
FFIE.US,D,20210615,000000,3196.8,3232.8,3144,3180,1467.6916665199,0
FFIE.US,D,20210616,000000,3144,3161.82,3038.4,3081.6,1745.9749998254,0
FFIE.US,D,20210617,000000,3033.6,3064.8,2988,3016.8,2130.4791664536,0
FFIE.US,D,20210618,000000,3024,3081.33,2990.4,3012,1401.6374998598,0
FFIE.US,D,20210621,000000,3026.4,3400.8,2918.4,3223.2,3646.391666302,0
FFIE.US,D,20210622,000000,3360,3360,3244.8,3300,1871.9208331461,0
FFIE.US,D,20210623,000000,3348,3652.8,3348,3573.6,4440.1958328893,0
FFIE.US,D,20210624,000000,3696,3931.2,3468,3580.8,9043.2041657623,0
FFIE.US,D,20210625,000000,4135.2,4195.2,3660,3830.4,13998.004165267,0
FFIE.US,D,20210628,000000,4005.6,4104,3844.83,3969.6,6852.2916659814,0
FFIE.US,D,20210629,000000,3888,3909.6,3727.2,3808.8,5197.7958328136,0
FFIE.US,D,20210630,000000,3777.6,3828,3708,3739.2,3519.2958329814,0
FFIE.US,D,20210701,000000,3787.2,3952.8,3720,3751.2,2251.1791664415,0
FFIE.US,D,20210702,000000,3780,3816,3554.4,3566.4,2699.6791663967,0
FFIE.US,D,20210706,000000,3540,3727.2,3410.4,3494.4,3504.5291663162,0
FFIE.US,D,20210707,000000,3624,3636,3495.6,3554.4,1708.7249998291,0
FFIE.US,D,20210708,000000,3468,3676.8,3427.2,3508.8,3832.6541662834,0
FFIE.US,D,20210709,000000,3588,3640.8,3506.4,3609.6,3266.47916634,0
FFIE.US,D,20210712,000000,3624,3624.36,3456,3460.8,3129.4749996871,0
FFIE.US,D,20210713,000000,3463.2,3537.6,3139.2,3331.2,6244.1541660423,0
FFIE.US,D,20210714,000000,3288,3327.66,3144,3184.8,4034.9041662632,0
FFIE.US,D,20210715,000000,3199.2,3302.4,2922,2976,5982.1291660685,0
FFIE.US,D,20210716,000000,3024,3331.2,3024,3182.4,5656.6583327677,0
FFIE.US,D,20210719,000000,3364.8,3456,3195.6,3268.8,6745.1083326588,0
FFIE.US,D,20210720,000000,3405.6,3405.6,3278.4,3319.2,3901.7749996098,0
FFIE.US,D,20210721,000000,3439.2,3525.6,3288,3307.2,5841.1083327492,0
FFIE.US,D,20210722,000000,4041.6,4080,3098.4,3355.2,38617.083329472,0
FFIE.US,D,20210723,000000,3132,3607.2,3004.8,3556.8,27074.895830626,0
FFIE.US,D,20210726,000000,3492,3518.4,3228,3312,16027.049998397,0
FFIE.US,D,20210727,000000,3283.2,3300,2457.6,2748,26877.808330646,0
FFIE.US,D,20210728,000000,2858.4,2990.4,2676,2923.2,14621.495831871,0
FFIE.US,D,20210729,000000,3000,3002.37,2784,2808,5508.8583327824,0
FFIE.US,D,20210730,000000,2797.82,2985.6,2797.82,2899.2,7685.2416658981,0
FFIE.US,D,20210802,000000,2904,3259.2,2810.4,3216,11086.854165558,0
FFIE.US,D,20210803,000000,3141.6,3188.4,2887.2,2935.2,8175.0833325158,0
FFIE.US,D,20210804,000000,2944.8,3013.2,2880,2983.2,3869.9791662797,0
FFIE.US,D,20210805,000000,2968.8,3040.8,2923.2,2942.4,3689.3583329644,0
FFIE.US,D,20210806,000000,2928,2980.8,2817.6,2851.2,3734.2874996266,0
FFIE.US,D,20210809,000000,2851.2,2920.8,2803.42,2853.6,3769.849999623,0
FFIE.US,D,20210810,000000,2856,3033.6,2818.1,3024,6368.8208326965,0
FFIE.US,D,20210811,000000,2976,3024,2834.4,2920.8,6395.6291660271,0
FFIE.US,D,20210812,000000,2857.2,2865.6,2695.2,2726.4,6963.633332637,0
FFIE.US,D,20210813,000000,2726.4,2803.2,2592,2628,6300.2958327033,0
FFIE.US,D,20210816,000000,2580,2580,2280,2380.8,15646.999998435,0
FFIE.US,D,20210817,000000,2489.62,2515.2,2311.2,2515.2,17023.545831631,0
FFIE.US,D,20210818,000000,2520,2529.6,2424,2445.6,4940.4208328393,0
FFIE.US,D,20210819,000000,2400,2436,2260.8,2268,5650.5749994349,0
FFIE.US,D,20210820,000000,2295.7,2352,2196,2212.8,6783.820832655,0
FFIE.US,D,20210823,000000,2196,2253.6,2131.2,2179.2,8194.6958325139,0
FFIE.US,D,20210824,000000,2239.2,2371.2,2196,2335.2,6407.3833326926,0
FFIE.US,D,20210825,000000,2306.4,2349.6,2208,2210.4,5078.5416661588,0
FFIE.US,D,20210826,000000,2196,2280,2088,2155.2,6495.7041660171,0
FFIE.US,D,20210827,000000,2208,2373.6,2208,2282.4,10001.824999,0
FFIE.US,D,20210830,000000,2304,2364,2222.4,2280,4865.5833328468,0
FFIE.US,D,20210831,000000,2289.6,2428.8,2280,2421.6,5897.7249994102,0
FFIE.US,D,20210901,000000,2378.4,2438.4,2318.4,2424,6268.4374993732,0
FFIE.US,D,20210902,000000,2402.4,2469.6,2332.8,2361.6,8198.6249991801,0
FFIE.US,D,20210903,000000,2371.2,2632.8,2332.8,2601.6,16832.94583165,0
FFIE.US,D,20210907,000000,2640,2640,2196,2203.2,27045.283330629,0
FFIE.US,D,20210908,000000,2232,2265.43,2136,2143.2,9445.9833323887,0
FFIE.US,D,20210909,000000,2198.4,2251.2,2167.2,2208,6337.2291660329,0
FFIE.US,D,20210910,000000,2220,2241.6,2148,2150.4,5060.8458328272,0
FFIE.US,D,20210913,000000,2150.4,2193.6,2112,2191.2,7087.4041659579,0
FFIE.US,D,20210914,000000,2162.4,2257.2,2136,2184,6840.6874993159,0
FFIE.US,D,20210915,000000,2167.2,2270.4,2167.2,2222.4,7527.7208325806,0
FFIE.US,D,20210916,000000,2241.6,2448,2239.2,2404.8,12679.920832065,0
FFIE.US,D,20210917,000000,2428.8,2618.4,2359.2,2589.6,44039.604162263,0
FFIE.US,D,20210920,000000,2484,2553.6,2424,2488.8,13970.333331936,0
FFIE.US,D,20210921,000000,2532,2760,2496,2515.2,13752.358331958,0
FFIE.US,D,20210922,000000,2647.2,2697.6,2515.2,2532,10467.30416562,0
FFIE.US,D,20210923,000000,2542.66,2572.8,2490,2560.8,6225.6874993774,0
FFIE.US,D,20210924,000000,2556,2688,2551.2,2673.6,11516.695832182,0
FFIE.US,D,20210927,000000,2640,2652,2402.4,2440.8,9823.6999990176,0
FFIE.US,D,20210928,000000,2409.6,2438.38,2388,2402.4,5864.9333327468,0
FFIE.US,D,20210929,000000,2404.8,2407.2,2234.4,2280,6386.1541660281,0
FFIE.US,D,20210930,000000,2299.2,2304,2239.2,2265.6,2979.7458330354,0
FFIE.US,D,20211001,000000,2265.6,2280,2130,2169.6,7197.6958326136,0
FFIE.US,D,20211004,000000,2179.2,2200.8,2112,2114.4,5209.849999479,0
FFIE.US,D,20211005,000000,2112,2167.2,1939.2,1965.6,9836.316665683,0
FFIE.US,D,20211006,000000,1960.8,1960.8,1776,1836,14191.683331914,0
FFIE.US,D,20211007,000000,1824,2032.78,1792.8,2016,12618.199998738,0
FFIE.US,D,20211008,000000,1992,1996.8,1881.6,1932,6550.0708326783,0
FFIE.US,D,20211011,000000,1905.6,2040,1900.8,1975.2,5132.2916661534,0
FFIE.US,D,20211012,000000,1958.4,2020.8,1898.4,2006.4,3926.3583329407,0
FFIE.US,D,20211013,000000,1960.8,2020.8,1903.73,1982.4,5555.5833327778,0
FFIE.US,D,20211014,000000,1944,1994.4,1944,1980,2869.5916663797,0
FFIE.US,D,20211015,000000,2042.4,2148,2004,2109.6,7869.0708325464,0
FFIE.US,D,20211018,000000,2104.8,2268,2092.8,2186.4,7355.4291659311,0
FFIE.US,D,20211019,000000,2229.6,2265.6,2208,2236.8,3304.1874996696,0
FFIE.US,D,20211020,000000,2246.4,2313.6,2227.2,2292,4702.5374995297,0
FFIE.US,D,20211021,000000,2292,2330.4,2134.8,2169.6,7094.7541659572,0
FFIE.US,D,20211022,000000,2116.8,2288.45,2116.8,2157.6,7280.3458326053,0
FFIE.US,D,20211025,000000,2138.4,2172,2085.6,2164.8,5889.6708327444,0
FFIE.US,D,20211026,000000,2138.4,2146.8,2011.2,2054.4,8766.72916579,0
FFIE.US,D,20211027,000000,2040,2086.8,1936.8,1965.6,6642.9541660024,0
FFIE.US,D,20211028,000000,1980,2200.8,1922.4,2176.8,11245.449998875,0
FFIE.US,D,20211029,000000,2116.8,2183.98,2049.6,2059.2,4781.3458328552,0
FFIE.US,D,20211101,000000,2126.4,2193.12,2071.2,2119.2,7167.7458326166,0
FFIE.US,D,20211102,000000,2088,2102.98,1948.8,2073.6,10326.862498967,0
FFIE.US,D,20211103,000000,2044.8,2176.8,2044.8,2054.4,5870.8166660796,0
FFIE.US,D,20211104,000000,2080.8,2086.8,1975.2,2006.4,6729.1374993271,0
FFIE.US,D,20211105,000000,2030.4,2100,1946.4,2092.8,8202.0291658465,0
FFIE.US,D,20211108,000000,2133.6,2155.2,2040,2044.8,6459.9791660207,0
FFIE.US,D,20211109,000000,2076,2092.8,1965.6,2013.6,6769.6666659897,0
FFIE.US,D,20211110,000000,1999.2,2107.2,1946.4,2032.8,7743.0874992257,0
FFIE.US,D,20211111,000000,2044.8,2119.2,2028,2037.6,5563.9458327769,0
FFIE.US,D,20211112,000000,2059.2,2155.2,2020.8,2040,10174.062498983,0
FFIE.US,D,20211115,000000,2056.8,2212.8,2020.8,2186.4,16443.520831689,0
FFIE.US,D,20211116,000000,2052,2174.4,2047.2,2119.2,12864.32916538,0
FFIE.US,D,20211117,000000,2109.6,2109.6,1987.2,2025.6,9261.3583324072,0
FFIE.US,D,20211118,000000,2018.4,2076,1920,1958.4,9375.1749990625,0
FFIE.US,D,20211119,000000,1953.6,1992,1858.8,1891.2,9594.2208323739,0
FFIE.US,D,20211122,000000,1912.8,1912.8,1696.8,1720.8,14321.304165235,0
FFIE.US,D,20211123,000000,1728,1736.23,1536,1576.8,17637.97083157,0
FFIE.US,D,20211124,000000,1497.6,1586.4,1406.4,1524,20679.570831265,0
FFIE.US,D,20211126,000000,1444.8,1495.2,1411.2,1480.8,8244.8249991755,0
FFIE.US,D,20211129,000000,1566,1574.4,1464,1468.8,8614.5666658052,0
FFIE.US,D,20211130,000000,1449.6,1502.4,1368,1476,17474.704164919,0
FFIE.US,D,20211201,000000,1466.4,1622.4,1432.8,1579.2,10501.958332283,0
FFIE.US,D,20211202,000000,1557.6,1596,1495.2,1579.2,6509.2666660157,0
FFIE.US,D,20211203,000000,1548,1569.6,1358.4,1370.4,10235.812498976,0
FFIE.US,D,20211206,000000,1322.4,1332,1200,1267.2,12964.370832037,0
FFIE.US,D,20211207,000000,1286.4,1368,1286.4,1334.4,6594.8374993405,0
FFIE.US,D,20211208,000000,1336.8,1396.8,1267.2,1358.4,5502.7333327831,0
FFIE.US,D,20211209,000000,1358.4,1358.4,1281.6,1322.4,4706.7749995293,0
FFIE.US,D,20211210,000000,1308,1384.8,1252.8,1298.4,4869.8833328463,0
FFIE.US,D,20211213,000000,1291.2,1291.2,1147.2,1171.2,10309.420832302,0
FFIE.US,D,20211214,000000,1152,1200,1125.6,1197.6,5497.004166117,0
FFIE.US,D,20211215,000000,1197.6,1200,1082.4,1125.6,8497.2416658169,0
FFIE.US,D,20211216,000000,1137.6,1197.6,1116,1149.6,7870.9333325462,0
FFIE.US,D,20211217,000000,1142.4,1332,1128,1269.6,11688.395832164,0
FFIE.US,D,20211220,000000,1243.2,1256.66,1144.8,1149.6,6455.4333326878,0
FFIE.US,D,20211221,000000,1176,1221.58,1149.6,1149.6,5629.5041661037,0
FFIE.US,D,20211222,000000,1166.4,1224,1142.4,1214.4,4490.2833328843,0
FFIE.US,D,20211223,000000,1214.4,1262.4,1207.2,1228.8,2911.5499997088,0
FFIE.US,D,20211227,000000,1231.2,1245.38,1159.2,1164,3576.3999996424,0
FFIE.US,D,20211228,000000,1176,1212,1159.2,1188,4162.8916662504,0
FFIE.US,D,20211229,000000,1176,1189.2,1143,1161.6,3715.4833329618,0
FFIE.US,D,20211230,000000,1161.6,1257.6,1161,1240.8,3010.4208330323,0
FFIE.US,D,20211231,000000,1219.2,1281.6,1212,1276.8,3292.3208330041,0
FFIE.US,D,20220103,000000,1300.8,1552.8,1252.8,1454.4,7883.8166658783,0
FFIE.US,D,20220104,000000,1451.33,1454.4,1363.2,1380,4011.5124995988,0
FFIE.US,D,20220105,000000,1363.2,1440,1351.2,1370.4,2109.4583331224,0
FFIE.US,D,20220106,000000,1370.4,1392,1287.6,1351.2,2251.1874997749,0
FFIE.US,D,20220107,000000,1360.8,1404,1279.2,1286.4,2807.2458330526,0
FFIE.US,D,20220110,000000,1281.6,1285.2,1216.8,1233.6,3710.9374996289,0
FFIE.US,D,20220111,000000,1219.2,1269.6,1204.8,1236,5704.8124994295,0
FFIE.US,D,20220112,000000,1267.2,1365.6,1224,1312.8,5793.2249994207,0
FFIE.US,D,20220113,000000,1300.8,1332,1236,1276.8,5802.6166660864,0
FFIE.US,D,20220114,000000,1250.4,1404,1250.4,1356,8705.3208324628,0
FFIE.US,D,20220118,000000,1320,1356,1224,1236,4076.804166259,0
FFIE.US,D,20220119,000000,1255.2,1310.45,1204.8,1207.2,3463.6791663203,0
FFIE.US,D,20220120,000000,1233.6,1310.4,1185.6,1200,6319.9541660347,0
FFIE.US,D,20220121,000000,1243.2,1243.2,1120.8,1130.4,6393.345832694,0
FFIE.US,D,20220124,000000,1087.46,1106.4,928.8,1077.6,11248.754165542,0
FFIE.US,D,20220125,000000,1029.6,1094.4,1022.4,1080,2949.5666663717,0
FFIE.US,D,20220126,000000,1096.8,1195.2,1087.2,1099.2,4573.683332876,0
FFIE.US,D,20220127,000000,1080,1098,988.8,1006.8,4492.958332884,0
FFIE.US,D,20220128,000000,991.2,1016.4,914.4,924,6375.1791660291,0
FFIE.US,D,20220131,000000,890.4,1029.6,890.4,1027.2,7874.4124992126,0
FFIE.US,D,20220201,000000,1015.2,1094.4,1003.2,1094.4,4023.9708329309,0
FFIE.US,D,20220202,000000,1112.35,1112.35,984,1012.8,8124.7833325209,0
FFIE.US,D,20220203,000000,967.2,1034.4,963.264,984,4567.7708328766,0
FFIE.US,D,20220204,000000,976.8,1077.6,974.4,1036.8,4482.0124995518,0
FFIE.US,D,20220207,000000,1032,1068,974.4,979.2,6068.1708327265,0
FFIE.US,D,20220208,000000,981.6,1038,964.8,1017.6,3807.1999996193,0
FFIE.US,D,20220209,000000,1022.4,1075.18,1022.4,1053.6,6759.962499324,0
FFIE.US,D,20220210,000000,1025.18,1107.6,1020.1,1053.6,4924.4083328409,0
FFIE.US,D,20220211,000000,1051.2,1149.6,1051.2,1101.6,6473.2291660193,0
FFIE.US,D,20220214,000000,1094.4,1109.47,998.4,1020,6320.074999368,0
FFIE.US,D,20220215,000000,1044,1142.4,1032,1140,4782.6833328551,0
FFIE.US,D,20220216,000000,1106.4,1180.8,1101.6,1166.4,3139.574999686,0
FFIE.US,D,20220217,000000,1233.12,1348.8,1156.8,1204.8,18021.874998198,0
FFIE.US,D,20220218,000000,1195.2,1280.4,1164,1180.8,7412.3041659254,0
FFIE.US,D,20220222,000000,1199.52,1336.8,1180.8,1214.4,12626.629165404,0
FFIE.US,D,20220223,000000,1274.4,1274.4,1113.6,1137.6,11640.524998836,0
FFIE.US,D,20220224,000000,1096.8,1252.8,1060.8,1252.8,10915.637498908,0
FFIE.US,D,20220225,000000,1228.8,1317.6,1189.37,1315.2,7389.4041659277,0
FFIE.US,D,20220228,000000,1298.4,1396.8,1293.6,1380,6836.4583326497,0
FFIE.US,D,20220301,000000,1365.6,1382.4,1255.2,1303.2,5773.1874994227,0
FFIE.US,D,20220302,000000,1272,1293.43,1238.4,1262.4,4748.5416661918,0
FFIE.US,D,20220303,000000,1288.8,1322.4,1147.2,1171.2,6182.7874993817,0
FFIE.US,D,20220304,000000,1144.8,1219.2,1125.6,1142.4,5964.5958327369,0
FFIE.US,D,20220307,000000,1152,1414.8,1104,1358.4,17443.212498256,0
FFIE.US,D,20220308,000000,1324.8,1329.6,1226.4,1252.8,9194.0666657473,0
FFIE.US,D,20220309,000000,1308,1372.8,1274.4,1348.8,7918.1166658749,0
FFIE.US,D,20220310,000000,1315.2,1392,1281.6,1384.8,8829.8916657837,0
FFIE.US,D,20220311,000000,1370.4,1492.8,1258.8,1308,14528.091665214,0
FFIE.US,D,20220314,000000,1262.16,1262.4,945.6,955.2,25912.762497409,0
FFIE.US,D,20220315,000000,964.8,1015.2,926.4,969.6,8890.287499111,0
FFIE.US,D,20220316,000000,1075.2,1087.03,984,1034.4,19432.20833139,0
FFIE.US,D,20220317,000000,1048.8,1164,1042.8,1137.6,18962.59166477,0
FFIE.US,D,20220318,000000,1123.2,1190.4,1101.6,1178.4,16803.179164986,0
FFIE.US,D,20220321,000000,1172.64,1262.4,1159.2,1224,14509.291665216,0
FFIE.US,D,20220322,000000,1264.8,1394.26,1221.6,1353.6,15205.370831813,0
FFIE.US,D,20220323,000000,1324.8,1382.4,1272,1296,6529.8458326803,0
FFIE.US,D,20220324,000000,1308,1432.8,1308,1363.2,5949.674999405,0
FFIE.US,D,20220325,000000,1336.8,1360.8,1296,1322.4,4549.737499545,0
FFIE.US,D,20220328,000000,1329.6,1363.2,1291.2,1336.8,5212.8374994787,0
FFIE.US,D,20220329,000000,1339.2,1416,1326,1368,4641.0708328692,0
FFIE.US,D,20220330,000000,1399.2,1399.2,1219.2,1238.4,11159.599998884,0
FFIE.US,D,20220331,000000,1197.6,1214.4,1077.6,1197.6,9114.5291657552,0
FFIE.US,D,20220401,000000,1200,1236,1152,1178.4,4039.787499596,0
FFIE.US,D,20220404,000000,1185.6,1200,1106.4,1188,5239.0708328094,0
FFIE.US,D,20220405,000000,1176,1176,1051.2,1087.2,8986.966665768,0
FFIE.US,D,20220406,000000,1063.2,1074.96,1009.2,1017.6,6545.2249993455,0
FFIE.US,D,20220407,000000,1008,1032,979.2,1005.6,8239.8208325094,0
FFIE.US,D,20220408,000000,974.4,1060.8,974.4,1017.6,6293.1749993707,0
FFIE.US,D,20220411,000000,979.2,1058.4,964.8,1029.6,4207.4208329126,0
FFIE.US,D,20220412,000000,1046.4,1092,1034.4,1072.8,6601.2624993399,0
FFIE.US,D,20220413,000000,1077.6,1108.8,1051.2,1108.8,4825.4833328508,0
FFIE.US,D,20220414,000000,1096.8,1099.2,1056,1080,4129.6958329204,0
FFIE.US,D,20220418,000000,1051.2,1087.2,1015.2,1027.2,4048.1583329285,0
FFIE.US,D,20220419,000000,1032,1081.2,1010.45,1075.2,4220.7166662446,0
FFIE.US,D,20220420,000000,1080,1094.4,1053.6,1068,6317.2833327016,0
FFIE.US,D,20220421,000000,1080,1080,926.4,931.2,11222.941665544,0
FFIE.US,D,20220422,000000,950.4,955.2,888,902.4,7572.0208325761,0
FFIE.US,D,20220425,000000,876,898.8,849.6,854.4,8250.5583325083,0
FFIE.US,D,20220426,000000,873.6,873.6,444,744,70743.458326259,0
FFIE.US,D,20220427,000000,691.2,746.4,688.8,717.6,10118.537498988,0
FFIE.US,D,20220428,000000,739.2,739.2,638.4,688.8,8254.6916658412,0
FFIE.US,D,20220429,000000,684,720,603.6,619.2,9967.1208323366,0
FFIE.US,D,20220502,000000,607.2,650.4,598.8,628.8,7820.7666658846,0
FFIE.US,D,20220503,000000,619.2,636,578.4,585.6,9938.8083323395,0
FFIE.US,D,20220504,000000,580.8,614.4,542.4,612,12742.074998726,0
FFIE.US,D,20220505,000000,607.2,616.8,540,552,12717.958332062,0
FFIE.US,D,20220506,000000,544.8,609.6,508.8,568.8,18088.204164858,0
FFIE.US,D,20220509,000000,578.4,583.2,477.6,477.6,18854.616664781,0
FFIE.US,D,20220510,000000,494.4,513.6,422.4,434.4,26458.179164021,0
FFIE.US,D,20220511,000000,432,484.8,398.4,412.8,16740.645831659,0
FFIE.US,D,20220512,000000,412.8,502.8,396,487.2,18629.24583147,0
FFIE.US,D,20220513,000000,496.8,595.2,496.8,590.4,17307.204164936,0
FFIE.US,D,20220516,000000,662.4,789.6,594,604.8,51651.933328168,0
FFIE.US,D,20220517,000000,621.6,694.8,615.6,686.4,18473.741664819,0
FFIE.US,D,20220518,000000,674.4,804,667.2,748.8,27830.07083055,0
FFIE.US,D,20220519,000000,789.6,792,679.2,681.6,17624.595831571,0
FFIE.US,D,20220520,000000,717.6,720,649.2,667.2,10256.408332308,0
FFIE.US,D,20220523,000000,674.4,674.4,626.4,633.6,8201.1041658466,0
FFIE.US,D,20220524,000000,631.2,643.2,556.8,624,13103.48749869,0
FFIE.US,D,20220525,000000,645.6,733.2,628.8,720,10352.145832298,0
FFIE.US,D,20220526,000000,705.6,811.2,703.224,732,11153.258332218,0
FFIE.US,D,20220527,000000,748.8,782.4,734.4,765.6,8478.8583324854,0
FFIE.US,D,20220531,000000,780,806.4,741.6,792,9090.6291657576,0
FFIE.US,D,20220601,000000,758.4,847.2,751.2,756,10577.716665609,0
FFIE.US,D,20220602,000000,765.6,844.8,751.68,820.8,10454.308332288,0
FFIE.US,D,20220603,000000,799.2,830.4,756,765.6,5162.8166661504,0
FFIE.US,D,20220606,000000,792,798,684,688.8,12700.629165397,0
FFIE.US,D,20220607,000000,699.6,703.2,607.2,652.8,14483.029165218,0
FFIE.US,D,20220608,000000,660,713.04,660,686.4,7940.6708325393,0
FFIE.US,D,20220609,000000,674.4,708,660,676.8,7216.241665945,0
FFIE.US,D,20220610,000000,640.8,659.76,614.4,614.4,7864.5999992135,0
FFIE.US,D,20220613,000000,600,602.4,544.8,547.2,10510.849998949,0
FFIE.US,D,20220614,000000,568.8,576,542.4,564,7092.6291659574,0
FFIE.US,D,20220615,000000,576,624,549.6,600,17290.479164938,0
FFIE.US,D,20220616,000000,590.4,590.4,544.8,544.8,12902.608332043,0
FFIE.US,D,20220617,000000,585.6,612,564,600,22139.591664453,0
FFIE.US,D,20220621,000000,616.8,674.4,604.8,612,15655.491665101,0
FFIE.US,D,20220622,000000,590.4,625.2,576,583.2,15358.954165131,0
FFIE.US,D,20220623,000000,588,601.2,567.6,583.2,7126.3999992874,0
FFIE.US,D,20220624,000000,614.4,624,548.4,595.2,64963.983326837,0
FFIE.US,D,20220627,000000,590.4,606,544.8,544.8,9003.633332433,0
FFIE.US,D,20220628,000000,552,578.4,528,537.6,7691.5333325642,0
FFIE.US,D,20220629,000000,528,590.4,528,578.4,14147.237498585,0
FFIE.US,D,20220630,000000,561.6,626.4,561.6,624,10792.399998921,0
FFIE.US,D,20220701,000000,604.8,859.2,604.8,852,64849.591660182,0
FFIE.US,D,20220705,000000,900,1536,806.4,1267.2,422206.05829111,0
FFIE.US,D,20220706,000000,1192.8,1200,1044,1089.6,50737.991661593,0
FFIE.US,D,20220707,000000,1245.6,1538.4,1240.2,1320,261733.20414049,0
FFIE.US,D,20220708,000000,1320,1473.6,1226.4,1296,107593.79165591,0
FFIE.US,D,20220711,000000,1260,1346.4,1156.8,1312.8,34805.670829853,0
FFIE.US,D,20220712,000000,1303.2,1422.98,1279.2,1377.6,35539.145829779,0
FFIE.US,D,20220713,000000,1334.4,1454.4,1326,1416,48839.179161783,0
FFIE.US,D,20220714,000000,1411.2,1783.18,1365.6,1680,88326.174991167,0
FFIE.US,D,20220715,000000,1680,1838.4,1572,1804.8,47173.020828616,0
FFIE.US,D,20220718,000000,1836,1884,1543.2,1608,50017.845828332,0
FFIE.US,D,20220719,000000,1653.6,1704,1255.2,1329.6,67101.954159956,0
FFIE.US,D,20220720,000000,1360.8,1404,1068,1113.6,67017.183326632,0
FFIE.US,D,20220721,000000,1120.8,1185.6,816,818.4,107083.86665596,0
FFIE.US,D,20220722,000000,676.8,744,468,624,504652.36244953,0
FFIE.US,D,20220725,000000,626.4,645.6,552,552,117135.40415495,0
FFIE.US,D,20220726,000000,480,554.4,480,516,65484.495826785,0
FFIE.US,D,20220727,000000,542.4,621.6,530.4,573.6,103177.51248968,0
FFIE.US,D,20220728,000000,549.6,564,530.4,530.4,45133.237495487,0
FFIE.US,D,20220729,000000,528,552,499.2,530.4,49684.529161698,0
FFIE.US,D,20220801,000000,530.4,530.4,480,480,50680.541661599,0
FFIE.US,D,20220802,000000,556.8,693.6,520.8,580.8,271585.89163951,0
FFIE.US,D,20220803,000000,614.4,717.6,590.4,712.8,116290.60415504,0
FFIE.US,D,20220804,000000,744.648,806.4,652.8,664.8,110076.38748899,0
FFIE.US,D,20220805,000000,660,688.128,628.8,652.8,52374.687494763,0
FFIE.US,D,20220808,000000,672,751.2,657.6,672,66387.016660028,0
FFIE.US,D,20220809,000000,672,674.4,597.6,602.4,38669.420829466,0
FFIE.US,D,20220810,000000,628.8,631.2,607.2,621.6,32584.754163408,0
FFIE.US,D,20220811,000000,626.4,643.2,604.8,609.6,37307.033329603,0
FFIE.US,D,20220812,000000,602.4,650.4,566.4,645.6,39714.824996029,0
FFIE.US,D,20220815,000000,638.4,674.4,626.4,669.6,45452.833328788,0
FFIE.US,D,20220816,000000,636,636,528,556.8,94817.016657185,0
FFIE.US,D,20220817,000000,576,576,518.424,523.2,50368.02916163,0
FFIE.US,D,20220818,000000,529.2,529.2,489.6,506.4,37984.745829535,0
FFIE.US,D,20220819,000000,494.4,495.6,475.2,480,43521.287495648,0
FFIE.US,D,20220822,000000,460.8,470.4,432,436.8,47900.77499521,0
FFIE.US,D,20220823,000000,458.4,458.4,405.6,420,58053.512494195,0
FFIE.US,D,20220824,000000,427.2,427.2,403.2,415.2,54146.383327919,0
FFIE.US,D,20220825,000000,420,422.4,398.4,417.6,60099.366660657,0
FFIE.US,D,20220826,000000,420,421.2,355.2,360,88154.433324518,0
FFIE.US,D,20220829,000000,348,355.2,328.8,336,70333.1208263,0
FFIE.US,D,20220830,000000,328.8,331.2,256.8,285.6,193979.3499806,0
FFIE.US,D,20220831,000000,268.8,300,259.2,268.8,131171.41665355,0
FFIE.US,D,20220901,000000,271.2,292.8,244.8,256.8,97859.491656881,0
FFIE.US,D,20220902,000000,264,264,244.8,252,62611.979160405,0
FFIE.US,D,20220906,000000,261.6,261.6,226.8,242.4,87196.93749128,0
FFIE.US,D,20220907,000000,235.512,242.4,228.24,240,102902.08748971,0
FFIE.US,D,20220908,000000,240,242.376,211.2,219.024,150641.62498494,0
FFIE.US,D,20220909,000000,219.624,292.8,216,266.4,243608.57080897,0
FFIE.US,D,20220912,000000,300,300,237.504,247.2,228040.0124772,0
FFIE.US,D,20220913,000000,237.576,242.4,220.8,222.96,220014.42081133,0
FFIE.US,D,20220914,000000,228,232.8,211.728,227.208,181678.74581517,0
FFIE.US,D,20220915,000000,228,280.8,225.576,254.4,182010.85414847,0
FFIE.US,D,20220916,000000,276,276,228.216,231.624,169575.26664971,0
FFIE.US,D,20220919,000000,234.648,244.8,216.768,226.032,119973.63332134,0
FFIE.US,D,20220920,000000,222.24,239.688,204.024,204.288,109049.49582243,0
FFIE.US,D,20220921,000000,204.48,218.4,192,193.632,130825.86248692,0
FFIE.US,D,20220922,000000,204,206.4,177.12,178.896,137951.3624862,0
FFIE.US,D,20220923,000000,173.112,191.76,169.44,184.08,74859.574992514,0
FFIE.US,D,20220926,000000,226.8,268.8,199.992,201.696,418577.77079148,0
FFIE.US,D,20220927,000000,234.504,236.016,207.768,213.6,174935.77081584,0
FFIE.US,D,20220928,000000,210.48,213.552,194.4,198.048,106697.154156,0
FFIE.US,D,20220929,000000,194.28,195.744,166.8,168.648,120168.27498798,0
FFIE.US,D,20220930,000000,168,172.8,150.96,152.688,118381.94165483,0
FFIE.US,D,20221003,000000,144,162.648,141.48,154.032,106406.03332269,0
FFIE.US,D,20221004,000000,157.512,168.24,157.2,167.76,83765.724991623,0
FFIE.US,D,20221005,000000,160.8,162.936,148.8,155.52,74801.19999252,0
FFIE.US,D,20221006,000000,156,174.816,156,170.4,129316.44165374,0
FFIE.US,D,20221007,000000,163.176,170.4,151.2,153.096,100630.6416566,0
FFIE.US,D,20221010,000000,157.704,162.24,148.8,160.824,63374.904160329,0
FFIE.US,D,20221011,000000,157.488,160.68,127.2,128.616,147802.39581855,0
FFIE.US,D,20221012,000000,130.104,135.6,120,132.264,126862.65832065,0
FFIE.US,D,20221013,000000,122.4,127.176,120.048,125.784,92185.020824115,0
FFIE.US,D,20221014,000000,129.6,133.656,119.04,120.456,69589.887493041,0
FFIE.US,D,20221017,000000,125.448,131.52,122.424,125.568,51423.887494858,0
FFIE.US,D,20221018,000000,130.344,134.4,123.72,126.384,42716.583329062,0
FFIE.US,D,20221019,000000,130.176,130.512,120.192,123.336,39815.345829352,0
FFIE.US,D,20221020,000000,126.096,136.752,120.24,122.256,81853.779158481,0
FFIE.US,D,20221021,000000,122.4,129.6,120.84,127.08,70182.687492982,0
FFIE.US,D,20221024,000000,124.8,124.8,109.2,110.424,97112.016656955,0
FFIE.US,D,20221025,000000,110.76,141.144,110.76,138.144,181060.52914856,0
FFIE.US,D,20221026,000000,135.336,145.344,125.232,135.912,127377.9583206,0
FFIE.US,D,20221027,000000,139.2,139.2,121.44,123.36,98986.529156768,0
FFIE.US,D,20221028,000000,122.616,128.16,120.168,122.424,73881.562492612,0
FFIE.US,D,20221031,000000,124.248,131.976,121.512,129.624,70568.245826276,0
FFIE.US,D,20221101,000000,135.312,139.68,128.232,129.288,52005.112494799,0
FFIE.US,D,20221102,000000,131.28,146.784,127.2,134.952,69395.991659727,0
FFIE.US,D,20221103,000000,133.272,142.08,132,134.4,32773.366663389,0
FFIE.US,D,20221104,000000,138.96,145.92,134.76,139.464,60680.674993932,0
FFIE.US,D,20221107,000000,144,180,144,165.504,184045.60831493,0
FFIE.US,D,20221108,000000,201.6,204.432,152.88,158.184,121614.13748784,0
FFIE.US,D,20221109,000000,160.8,161.232,134.4,134.928,83010.724991699,0
FFIE.US,D,20221110,000000,140.448,148.8,136.8,148.464,62418.449993758,0
FFIE.US,D,20221111,000000,144,155.988,137.52,151.2,97084.924990292,0
FFIE.US,D,20221114,000000,151.368,153.096,135.504,135.528,71337.741659533,0
FFIE.US,D,20221115,000000,141.6,147,120,122.448,149485.53748505,0
FFIE.US,D,20221116,000000,127.2,127.2,110.976,113.04,96458.037490354,0
FFIE.US,D,20221117,000000,114.6,114.6,95.28,99.984,151627.28331817,0
FFIE.US,D,20221118,000000,100.8,101.952,86.784,87.6,131397.00415353,0
FFIE.US,D,20221121,000000,87.6,88.32,76.584,81.648,129396.56665373,0
FFIE.US,D,20221122,000000,79.248,81.072,73.464,79.776,119532.04582138,0
FFIE.US,D,20221123,000000,83.136,87.6,77.448,77.904,124201.40832091,0
FFIE.US,D,20221125,000000,77.904,85.68,75.84,77.088,72357.891659431,0
FFIE.US,D,20221128,000000,76.8,77.976,71.544,72.888,102003.89165647,0
FFIE.US,D,20221129,000000,75.6,92.4,74.4,85.152,124527.02915421,0
FFIE.US,D,20221130,000000,90.984,91.968,76.512,77.064,129549.35832038,0
FFIE.US,D,20221201,000000,79.44,82.56,73.944,74.52,141665.42081917,0
FFIE.US,D,20221202,000000,74.952,77.016,72,74.736,77286.908325605,0
FFIE.US,D,20221205,000000,77.16,81.6,71.52,71.832,122658.48748773,0
FFIE.US,D,20221206,000000,72.24,73.44,58.8,62.304,163672.86248363,0
FFIE.US,D,20221207,000000,61.416,63.984,58.8,59.904,82758.466658391,0
FFIE.US,D,20221208,000000,62.4,66,60,63.36,87272.320824606,0
FFIE.US,D,20221209,000000,65.28,71.712,64.32,70.8,100723.19165659,0
FFIE.US,D,20221212,000000,79.44,131.76,77.496,110.112,632382.0582701,0
FFIE.US,D,20221213,000000,138.96,159.84,117.744,127.704,612299.10410544,0
FFIE.US,D,20221214,000000,126,131.52,108,122.424,242631.22497574,0
FFIE.US,D,20221215,000000,120.816,136.152,113.04,115.2,236420.83747636,0
FFIE.US,D,20221216,000000,87.144,100.272,84,84.816,239299.23747607,0
FFIE.US,D,20221219,000000,84,85.2,73.68,78.192,124154.64165425,0
FFIE.US,D,20221220,000000,75.096,97.176,75.096,86.04,225123.27497749,0
FFIE.US,D,20221221,000000,88.8,95.28,84.24,92.496,116170.96248838,0
FFIE.US,D,20221222,000000,93.6,96,81.6,85.248,108002.0249892,0
FFIE.US,D,20221223,000000,86.64,91.944,80.16,84.024,105875.07498941,0
FFIE.US,D,20221227,000000,81.864,82.992,75.168,77.592,84743.112491526,0
FFIE.US,D,20221228,000000,79.152,80.4,73.92,75.624,89895.629157677,0
FFIE.US,D,20221229,000000,76.8,80.136,65.808,70.416,117086.80415496,0
FFIE.US,D,20221230,000000,72,76.152,66.96,69.672,114832.59998852,0
FFIE.US,D,20230103,000000,73.32,76.776,64.92,65.04,129037.03332043,0
FFIE.US,D,20230104,000000,68.088,73.896,64.56,71.28,116123.25832172,0
FFIE.US,D,20230105,000000,71.28,83.76,67.2,81.168,129379.1083204,0
FFIE.US,D,20230106,000000,79.536,84.48,75.36,77.856,104322.82498957,0
FFIE.US,D,20230109,000000,81.168,91.68,78,89.568,101496.09165652,0
FFIE.US,D,20230110,000000,85.44,90,81.6,89.832,70697.89999293,0
FFIE.US,D,20230111,000000,91.92,116.4,87.72,112.2,176939.97914897,0
FFIE.US,D,20230112,000000,113.04,119.064,97.2,109.68,164965.24165017,0
FFIE.US,D,20230113,000000,105.6,131.952,104.424,120.888,202438.54581309,0
FFIE.US,D,20230117,000000,129.552,129.576,111.6,113.88,153958.5999846,0
FFIE.US,D,20230118,000000,141.384,156,127.44,143.16,426853.71245731,0
FFIE.US,D,20230119,000000,140.76,156,129.6,140.112,232495.06664342,0
FFIE.US,D,20230120,000000,140.832,153.096,139.2,147.168,206897.47081264,0
FFIE.US,D,20230123,000000,148.8,236.4,144,221.688,590557.42910761,0
FFIE.US,D,20230124,000000,214.008,271.2,199.2,225.648,532391.32078009,0
FFIE.US,D,20230125,000000,229.776,231.84,197.04,204.72,270838.59997292,0
FFIE.US,D,20230126,000000,223.224,223.872,182.4,190.488,313487.78746865,0
FFIE.US,D,20230127,000000,198,225.576,194.4,210.384,233472.85414332,0
FFIE.US,D,20230130,000000,213.72,214.728,188.616,189.624,184406.79581489,0
FFIE.US,D,20230131,000000,191.712,216,184.848,204,267260.02497327,0
FFIE.US,D,20230201,000000,204,225.336,202.368,214.056,235354.93747646,0
FFIE.US,D,20230202,000000,222.312,264,222,237.624,292074.09580413,0
FFIE.US,D,20230203,000000,242.4,264,240,259.2,157735.20415089,0
FFIE.US,D,20230206,000000,310.8,316.8,183.672,190.128,812128.39158545,0
FFIE.US,D,20230207,000000,200.4,204.144,158.4,192,543022.15827903,0
FFIE.US,D,20230208,000000,192.588,204,163.2,172.128,312056.95830213,0
FFIE.US,D,20230209,000000,175.2,175.92,153.6,170.568,295814.56247042,0
FFIE.US,D,20230210,000000,163.608,175.92,156.384,165.648,189625.5416477,0
FFIE.US,D,20230213,000000,170.16,177.576,160.824,172.08,146369.80415203,0
FFIE.US,D,20230214,000000,170.28,171.6,153.6,163.368,194248.95414724,0
FFIE.US,D,20230215,000000,161.928,167.904,155.616,157.896,144242.36248558,0
FFIE.US,D,20230216,000000,158.4,172.8,150.36,150.36,208513.79997915,0
FFIE.US,D,20230217,000000,151.152,151.152,132,140.904,211456.83747885,0
FFIE.US,D,20230221,000000,151.224,152.4,137.592,145.464,204675.7416462,0
FFIE.US,D,20230222,000000,148.8,153.504,132.504,140.088,147468.60415192,0
FFIE.US,D,20230223,000000,141.6,143.016,132.192,138.696,178723.71248213,0
FFIE.US,D,20230224,000000,134.4,142.8,130.2,133.584,147461.17915192,0
FFIE.US,D,20230227,000000,137.544,139.68,122.64,123.312,174904.16664918,0
FFIE.US,D,20230228,000000,122.4,131.52,121.32,127.68,151238.77915154,0
FFIE.US,D,20230301,000000,134.4,135.6,121.2,125.736,171240.04998288,0
FFIE.US,D,20230302,000000,127.2,127.2,120.264,121.968,107257.60415594,0
FFIE.US,D,20230303,000000,123.096,143.592,121.92,136.8,249852.87914168,0
FFIE.US,D,20230306,000000,139.44,148.32,131.208,141.6,208777.81664579,0
FFIE.US,D,20230307,000000,142.32,144,132,134.112,138871.78331945,0
FFIE.US,D,20230308,000000,130.08,135.048,120,123.336,165824.27915008,0
FFIE.US,D,20230309,000000,122.352,130.8,120.24,126.768,165112.16248349,0
FFIE.US,D,20230310,000000,122.4,124.8,108.12,112.776,193979.6999806,0
FFIE.US,D,20230313,000000,104.136,110.376,86.4,100.68,355830.28746442,0
FFIE.US,D,20230314,000000,103.2,105.6,91.56,92.328,298192.62913685,0
FFIE.US,D,20230315,000000,90.48,103.2,86.64,102,287563.72913791,0
FFIE.US,D,20230316,000000,99.36,102.72,92.4,101.928,233703.33747663,0
FFIE.US,D,20230317,000000,100.296,111.312,98.64,108.312,380240.02496198,0
FFIE.US,D,20230320,000000,110.4,121.872,103.776,121.68,215450.54164512,0
FFIE.US,D,20230321,000000,123.12,131.52,117.6,122.16,217480.42914492,0
FFIE.US,D,20230322,000000,121.752,122.472,113.16,114.84,126568.79998734,0
FFIE.US,D,20230323,000000,118.08,118.08,93.6,93.888,340320.8832993,0
FFIE.US,D,20230324,000000,96.504,96.9576,88.8,89.448,195983.3874804,0
FFIE.US,D,20230327,000000,95.28,96,81.864,85.536,231744.55831016,0
FFIE.US,D,20230328,000000,86.4,86.88,81.84,83.592,137415.72915293,0
FFIE.US,D,20230329,000000,87.336,92.88,83.88,85.2,241509.75414252,0
FFIE.US,D,20230330,000000,96,96.96,80.4,84.264,764380.6707569,0
FFIE.US,D,20230331,000000,85.8,86.16,81.6,84.984,190672.42081427,0
FFIE.US,D,20230403,000000,84.984,85.848,72,72.192,369177.29162975,0
FFIE.US,D,20230404,000000,72.408,74.928,71.52,73.08,193959.9374806,0
FFIE.US,D,20230405,000000,72.792,72.792,66.48,67.968,184508.03331488,0
FFIE.US,D,20230406,000000,68.712,71.04,68.16,68.472,126026.53332073,0
FFIE.US,D,20230410,000000,69.6,69.6,64.8,65.664,228958.75414377,0
FFIE.US,D,20230411,000000,67.08,72,66,67.536,224367.0708109,0
FFIE.US,D,20230412,000000,71.952,71.952,62.64,65.64,227993.47914387,0
FFIE.US,D,20230413,000000,66.72,79.32,65.28,74.4,388919.91246111,0
FFIE.US,D,20230414,000000,67.944,69.024,62.88,64.272,277500.04163892,0
FFIE.US,D,20230417,000000,67.2,70.008,60.24,61.944,317103.28330162,0
FFIE.US,D,20230418,000000,63.24,63.336,60,60.144,248037.7874752,0
FFIE.US,D,20230419,000000,58.992,60.24,53.76,55.728,280775.80830526,0
FFIE.US,D,20230420,000000,54.432,57.552,54,54.864,207660.58747923,0
FFIE.US,D,20230421,000000,54.96,55.68,48,52.272,242865.89997571,0
FFIE.US,D,20230424,000000,51.12,51.24,48.048,48.888,163644.87498364,0
FFIE.US,D,20230425,000000,48.24,48.432,43.44,48,252528.29164141,0
FFIE.US,D,20230426,000000,48,49.872,48,49.176,98881.766656778,0
FFIE.US,D,20230427,000000,49.464,49.92,43.728,44.88,154056.44165126,0
FFIE.US,D,20230428,000000,44.688,45.168,40.8,40.92,191979.28331414,0
FFIE.US,D,20230501,000000,40.896,42,35.52,36.624,182129.89164845,0
FFIE.US,D,20230502,000000,38.832,40.44,35.52,36.312,230744.98747693,0
FFIE.US,D,20230503,000000,37.032,43.2,36,42.576,228393.22914383,0
FFIE.US,D,20230504,000000,43.2,55.056,43.2,54.312,437350.51245626,0
FFIE.US,D,20230505,000000,58.176,62.088,51.6,57.552,470518.17495295,0
FFIE.US,D,20230508,000000,57.6,64.32,51.168,63.576,362315.82913044,0
FFIE.US,D,20230509,000000,61.992,62.064,56.4,58.536,243765.52914229,0
FFIE.US,D,20230510,000000,64.776,65.784,45.6,47.496,716718.29159499,0
FFIE.US,D,20230511,000000,46.8,50.376,45.312,46.536,318201.07080151,0
FFIE.US,D,20230512,000000,48.576,59.832,47.952,58.296,647686.33326856,0
FFIE.US,D,20230515,000000,60.432,66.96,54.624,65.376,535950.22911307,0
FFIE.US,D,20230516,000000,62.28,66.6,56.4,59.76,336483.78329968,0
FFIE.US,D,20230517,000000,58.272,63.576,57.6,61.2,195490.47498045,0
FFIE.US,D,20230518,000000,59.304,60.48,52.32,52.512,284077.48330493,0
FFIE.US,D,20230519,000000,54.504,57.6,52.56,53.472,224850.26664418,0
FFIE.US,D,20230522,000000,55.464,55.872,52.8,53.856,218626.0416448,0
FFIE.US,D,20230523,000000,53.928,58.176,53.52,55.944,201859.60831315,0
FFIE.US,D,20230524,000000,55.584,55.656,50.4,51.768,224945.75414417,0
FFIE.US,D,20230525,000000,51.24,52.416,43.2,49.632,244543.55414221,0
FFIE.US,D,20230526,000000,52.224,55.176,50.064,52.8,223561.78747764,0
FFIE.US,D,20230530,000000,55.968,60.888,54.72,59.928,410532.53329228,0
FFIE.US,D,20230531,000000,65.088,65.52,55.2,59.184,379946.04162867,0
FFIE.US,D,20230601,000000,55.2,57.24,51.36,52.56,274062.16663926,0
FFIE.US,D,20230602,000000,54,59.52,53.544,57.6,265236.06664014,0
FFIE.US,D,20230605,000000,59.4,66.96,56.88,65.304,423451.80412432,0
FFIE.US,D,20230606,000000,66.48,89.304,61.68,85.848,1056505.8582277,0
FFIE.US,D,20230607,000000,95.088,98.4,76.8,80.208,990880.68323425,0
FFIE.US,D,20230608,000000,81.6,81.648,68.76,74.112,546386.66661203,0
FFIE.US,D,20230609,000000,73.8,80.4,72.024,78.672,340962.5749659,0
FFIE.US,D,20230612,000000,82.704,84.336,73.944,75.912,401496.27912652,0
FFIE.US,D,20230613,000000,74.544,81.336,72.552,79.2,308053.62496919,0
FFIE.US,D,20230614,000000,79.2,83.952,76.848,83.76,269355.33747306,0
FFIE.US,D,20230615,000000,83.64,100.272,83.328,95.976,665989.84160007,0
FFIE.US,D,20230616,000000,97.272,117.36,96.12,107.952,1111388.5415555,0
FFIE.US,D,20230620,000000,69.6,79.992,64.08,67.392,900812.42074325,0
FFIE.US,D,20230621,000000,67.248,67.248,52.776,58.728,784039.86658826,0
FFIE.US,D,20230622,000000,56.784,57.936,53.04,56.016,250714.05830826,0
FFIE.US,D,20230623,000000,54.48,58.536,53.64,54.456,423808.62495762,0
FFIE.US,D,20230626,000000,56.976,62.88,54.84,56.568,334806.03329985,0
FFIE.US,D,20230627,000000,59.136,60.48,56.352,56.904,312506.20830208,0
FFIE.US,D,20230628,000000,57.096,58.8,52.2,52.728,292273.49997077,0
FFIE.US,D,20230629,000000,52.44,52.728,49.488,50.4,272421.59580609,0
FFIE.US,D,20230630,000000,49.416,50.472,47.04,48,269268.34580641,0
FFIE.US,D,20230703,000000,48.432,52.32,48,50.4,203745.67914629,0
FFIE.US,D,20230705,000000,51.192,51.672,47.52,48.24,258784.92080745,0
FFIE.US,D,20230706,000000,46.392,48.144,44.4,48,257164.20414095,0
FFIE.US,D,20230707,000000,46.608,47.352,45.6,46.8,179061.64581543,0
FFIE.US,D,20230710,000000,46.152,48.192,45.648,48,234123.81247659,0
FFIE.US,D,20230711,000000,47.52,56.16,47.496,54,393774.72079396,0
FFIE.US,D,20230712,000000,52.8,58.3197,52.8,54.84,261530.09580718,0
FFIE.US,D,20230713,000000,55.176,58.08,53.976,56.52,143818.46248562,0
FFIE.US,D,20230714,000000,55.872,62.064,54.168,60.984,247586.15830857,0
FFIE.US,D,20230717,000000,62.4,69,60.648,68.928,372621.13746274,0
FFIE.US,D,20230718,000000,68.88,79.68,66.24,75.528,535679.3916131,0
FFIE.US,D,20230719,000000,77.736,82.728,67.992,70.56,613897.04577194,0
FFIE.US,D,20230720,000000,69.84,73.776,66.384,68.64,179484.84164872,0
FFIE.US,D,20230721,000000,69.12,70.92,63.6,69.576,183732.82498163,0
FFIE.US,D,20230724,000000,67.2,70.032,64.8,69.84,127978.50415387,0
FFIE.US,D,20230725,000000,70.368,74.4,62.76,64.824,191653.00831417,0
FFIE.US,D,20230726,000000,63.696,68.4,63.6,66.12,115643.8416551,0
FFIE.US,D,20230727,000000,65.52,68.712,61.32,62.112,121821.00415448,0
FFIE.US,D,20230728,000000,62.952,65.64,59.52,61.608,190519.17081428,0
FFIE.US,D,20230731,000000,67.224,72.96,65.04,72.576,328642.71246714,0
FFIE.US,D,20230801,000000,76.8,82.656,73.584,78.24,475643.44995244,0
FFIE.US,D,20230802,000000,76.56,80.112,70.32,79.2,234966.24164317,0
FFIE.US,D,20230803,000000,76.416,83.64,75.12,80.136,189341.64164773,0
FFIE.US,D,20230804,000000,81.456,83.184,77.28,78.168,183540.64998165,0
FFIE.US,D,20230807,000000,77.76,78.72,68.64,69.6,244477.62497555,0
FFIE.US,D,20230808,000000,69.408,69.408,65.04,65.568,122679.4666544,0
FFIE.US,D,20230809,000000,66.72,67.2,60.96,66,150865.14165158,0
FFIE.US,D,20230810,000000,70.8,70.8,61.92,63.12,149434.59998506,0
FFIE.US,D,20230811,000000,60.96,66,60.72,63.864,114138.74998859,0
FFIE.US,D,20230814,000000,67.344,67.92,62.424,64.344,131737.00832016,0
FFIE.US,D,20230815,000000,64.488,64.776,56.664,58.032,197724.12081356,0
FFIE.US,D,20230816,000000,58.08,59.976,52.176,52.56,211067.77081223,0
FFIE.US,D,20230817,000000,53.088,66,53.088,66,261620.23330717,0
FFIE.US,D,20230818,000000,59.808,64.704,57.84,59.712,195167.23748048,0
FFIE.US,D,20230821,000000,61.2,61.2,47.952,49.2,405127.29995949,0
FFIE.US,D,20230822,000000,50.88,53.328,42.72,44.4,418532.33329148,0
FFIE.US,D,20230823,000000,45.36,46.008,40.824,43.2,288647.47497114,0
FFIE.US,D,20230824,000000,42.48,45.12,40.368,44.4,283177.30830502,0
FFIE.US,D,20230825,000000,43.2,48.624,36.264,37.32,506888.27911598,0
FFIE.US,D,20230828,000000,31.77,33.6,27.822,28.44,1371728.3331962,0
FFIE.US,D,20230829,000000,28.35,29.13,24.99,25.32,1169911.3332163,0
FFIE.US,D,20230830,000000,24.54,25.5,21.54,25.38,1119943.3332213,0
FFIE.US,D,20230831,000000,25.23,27.51,22.5,22.575,789836.66658768,0
FFIE.US,D,20230901,000000,22.71,22.74,21.06,21.795,630317.66660363,0
FFIE.US,D,20230905,000000,21.72,21.72,18.6,18.78,970455.33323629,0
FFIE.US,D,20230906,000000,17.91,18.15,15.21,15.3,1232655.6665434,0
FFIE.US,D,20230907,000000,14.085,14.13,11.5833,11.67,1656928.3331676,0
FFIE.US,D,20230908,000000,12.54,13.14,10.41,11.28,4707278.9995293,0
FFIE.US,D,20230911,000000,11.85,11.88,10.5,10.665,1252645.9998747,0
FFIE.US,D,20230912,000000,10.53,13.8,10.1382,11.64,3372825.3329961,0
FFIE.US,D,20230913,000000,11.64,16.35,11.52,15.36,7076685.665959,0
FFIE.US,D,20230914,000000,15.24,15.69,13.53,14.085,3221381.3330112,0
FFIE.US,D,20230915,000000,14.16,17.34,13.92,15.33,5857545.3327476,0
FFIE.US,D,20230918,000000,15.24,15.6,13.77,14.04,1409325.6665257,0
FFIE.US,D,20230919,000000,12.51,13.65,12,12.3,1355854.3331977,0
FFIE.US,D,20230920,000000,12.15,13.17,11.55,11.7,803910.33325294,0
FFIE.US,D,20230921,000000,11.46,12.09,10.95,10.98,644457.99993555,0
FFIE.US,D,20230922,000000,11.61,13.02,11.13,11.76,1801328.6664865,0
FFIE.US,D,20230925,000000,11.64,11.64,8.835,8.91,2044615.6664622,0
FFIE.US,D,20230926,000000,8.46,9.5391,7.35,7.38,1950853.6664716,0
FFIE.US,D,20230927,000000,5.46,6.48,3.93,4.11,6578100.9993422,0
FFIE.US,D,20230928,000000,4.26,4.56,3.885,3.9,3616294.3329717,0
FFIE.US,D,20230929,000000,3.9,4.26,3.72,3.99,2535656.6664131,0
FFIE.US,D,20231002,000000,4.05,4.05,3.51,3.585,2035217.9997965,0
FFIE.US,D,20231003,000000,3.6,3.63,3.03,3.57,2711429.9997289,0
FFIE.US,D,20231004,000000,3.48,3.96,3.45,3.54,1349636.999865,0
FFIE.US,D,20231005,000000,3.51,3.72,3.39,3.42,1067793.6665599,0
FFIE.US,D,20231006,000000,3.36,3.48,3.24,3.39,1314490.3332019,0
FFIE.US,D,20231009,000000,3.33,3.39,3.27,3.33,909036.9999091,0
FFIE.US,D,20231010,000000,3.42,3.66,3.3,3.63,1783887.3331549,0
FFIE.US,D,20231011,000000,3.66,3.687,3.24,3.39,1699000.9998301,0
FFIE.US,D,20231012,000000,3.45,3.45,3.27,3.3,894668.6665772,0
FFIE.US,D,20231013,000000,3.24,3.3,3.09,3.15,891482.99991085,0
FFIE.US,D,20231016,000000,3.33,3.48,3.18,3.24,1532427.9998468,0
FFIE.US,D,20231017,000000,3.33,4.17,3.3,4.14,4251629.3329082,0
FFIE.US,D,20231018,000000,3.84,5.25,3.72,5.22,6776324.9993224,0
FFIE.US,D,20231019,000000,4.86,5.16,3.45,3.54,5495299.6661171,0
FFIE.US,D,20231020,000000,3.6,3.72,3.18,3.51,2416529.3330917,0
FFIE.US,D,20231023,000000,3.36,3.465,3.3,3.315,996741.99990033,0
FFIE.US,D,20231024,000000,3.45,3.48,3.09,3.15,1977200.9998023,0
FFIE.US,D,20231025,000000,3.18,3.255,3.09,3.165,1102135.9998898,0
FFIE.US,D,20231026,000000,3.21,3.36,3.09,3.21,1518243.9998482,0
FFIE.US,D,20231027,000000,3.24,3.255,3.09,3.15,873533.66657931,0
FFIE.US,D,20231030,000000,3.27,3.33,3.09,3.21,1433250.33319,0
FFIE.US,D,20231031,000000,3.24,3.27,3.15,3.18,701385.66659653,0
FFIE.US,D,20231101,000000,3.18,3.21,3.12,3.18,824636.33325087,0
FFIE.US,D,20231102,000000,3.21,3.36,3.1956,3.33,983354.99990166,0
FFIE.US,D,20231103,000000,3.33,3.54,3.3003,3.36,1287609.9998712,0
FFIE.US,D,20231106,000000,3.51,3.51,3.03,3.075,1698720.6664968,0
FFIE.US,D,20231107,000000,3.12,3.27,3.03,3.195,780855.33325525,0
FFIE.US,D,20231108,000000,3.18,3.36,3.1497,3.18,685648.99993144,0
FFIE.US,D,20231109,000000,3.21,3.3,2.8002,2.8263,1515626.9998484,0
FFIE.US,D,20231110,000000,2.91,2.925,2.3103,2.37,3050171.999695,0
FFIE.US,D,20231113,000000,2.37,2.6505,2.37,2.6283,2140597.6664526,0
FFIE.US,D,20231114,000000,2.5899,2.6997,2.34,2.4858,1191988.9998808,0
FFIE.US,D,20231115,000000,2.475,2.475,1.9902,2.025,4382427.9995618,0
FFIE.US,D,20231116,000000,1.98,1.9803,1.5603,1.5663,4500637.3328833,0
FFIE.US,D,20231117,000000,1.5807,1.908,1.5663,1.7034,5489397.3327844,0
FFIE.US,D,20231120,000000,1.74,1.7592,1.6296,1.6707,2677431.3330656,0
FFIE.US,D,20231121,000000,1.6581,1.6944,1.41,1.53,3331048.3330002,0
FFIE.US,D,20231122,000000,1.533,1.5588,1.4553,1.4703,1689077.6664978,0
FFIE.US,D,20231124,000000,1.5885,1.635,1.485,1.4892,2516503.9997483,0
FFIE.US,D,20231127,000000,1.497,1.497,1.32,1.3323,3330320.3330003,0
FFIE.US,D,20231128,000000,1.41,1.4175,1.3485,1.353,1879832.6664787,0
FFIE.US,D,20231129,000000,1.32,1.3995,1.32,1.35,2245015.6664422,0
FFIE.US,D,20231130,000000,1.3722,1.3725,1.125,1.161,4360451.999564,0
FFIE.US,D,20231201,000000,1.1463,1.1469,1.02,1.1382,4376622.9995623,0
FFIE.US,D,20231204,000000,1.1538,1.1802,1.0236,1.0689,3352416.3329981,0
FFIE.US,D,20231205,000000,1.0653,1.08,0.93,0.9303,3552836.332978,0
FFIE.US,D,20231206,000000,0.915,0.9447,0.7923,0.798,4696942.3328636,0
FFIE.US,D,20231207,000000,0.783,0.8094,0.75,0.7581,4330997.9995669,0
FFIE.US,D,20231208,000000,0.75,1.095,0.7233,0.888,29797014.663687,0
FFIE.US,D,20231211,000000,0.93,0.996,0.7686,0.7725,9660279.3323673,0
FFIE.US,D,20231212,000000,0.7644,0.7941,0.672,0.762,5227411.3328106,0
FFIE.US,D,20231213,000000,0.7512,0.855,0.711,0.7905,5411532.6661255,0
FFIE.US,D,20231214,000000,0.723,0.849,0.723,0.7857,4173567.6662493,0
FFIE.US,D,20231215,000000,0.807,0.87,0.789,0.801,5504975.9994495,0
FFIE.US,D,20231218,000000,0.8121,0.858,0.7929,0.825,4163411.332917,0
FFIE.US,D,20231219,000000,0.825,0.888,0.8106,0.849,3914171.9996086,0
FFIE.US,D,20231220,000000,0.8424,0.891,0.7614,0.7671,3492376.9996508,0
FFIE.US,D,20231221,000000,0.7683,1.1499,0.768,1.0926,11104237.99889,0
FFIE.US,D,20231222,000000,1.0734,1.179,0.9795,1.0377,6906308.3326427,0
FFIE.US,D,20231226,000000,1.0308,1.3332,0.9795,1.0182,10208754.665646,0
FFIE.US,D,20231227,000000,1.0257,1.125,0.9909,1.005,4442553.6662224,0
FFIE.US,D,20231228,000000,0.9,0.9513,0.7539,0.7773,8708275.3324625,0
FFIE.US,D,20231229,000000,0.7932,0.7947,0.69,0.6927,8622732.9991377,0
FFIE.US,D,20240102,000000,0.7245,0.7416,0.6,0.6012,7875954.9992124,0
FFIE.US,D,20240103,000000,0.6015,0.606,0.51,0.5301,7811169.9992189,0
FFIE.US,D,20240104,000000,0.5754,0.615,0.5166,0.5193,8102131.3325231,0
FFIE.US,D,20240105,000000,0.522,0.5277,0.465,0.4773,6048254.3327285,0
FFIE.US,D,20240108,000000,0.4938,0.5751,0.48,0.5664,8577783.3324756,0
FFIE.US,D,20240109,000000,0.57,0.6165,0.5253,0.5328,7084294.3326249,0
FFIE.US,D,20240110,000000,0.5697,0.5829,0.486,0.5055,4057432.3329276,0
FFIE.US,D,20240111,000000,0.5028,0.5298,0.48,0.5133,3608459.9996392,0
FFIE.US,D,20240112,000000,0.5142,0.5352,0.5028,0.513,2480896.6664186,0
FFIE.US,D,20240116,000000,0.516,0.5625,0.495,0.4986,3954901.6662712,0
FFIE.US,D,20240117,000000,0.4863,0.5034,0.477,0.4875,3319953.6663347,0
FFIE.US,D,20240118,000000,0.4899,0.5208,0.4803,0.4833,5943228.9994057,0
FFIE.US,D,20240119,000000,0.4944,0.4944,0.468,0.4686,2403336.333093,0
FFIE.US,D,20240122,000000,0.471,0.495,0.435,0.4416,4544513.3328789,0
FFIE.US,D,20240123,000000,0.4455,0.45,0.399,0.441,4196243.3329137,0
FFIE.US,D,20240124,000000,0.4425,0.464997,0.4302,0.4356,2393563.6664273,0
FFIE.US,D,20240125,000000,0.4332,0.4356,0.3939,0.4086,3269484.6663397,0
FFIE.US,D,20240126,000000,0.4089,0.438,0.4044,0.414,1595568.9998404,0
FFIE.US,D,20240129,000000,0.4242,0.462,0.42,0.4395,3068092.3330265,0
FFIE.US,D,20240130,000000,0.45,0.45,0.42,0.4239,1630201.3331703,0
FFIE.US,D,20240131,000000,0.4161,0.429,0.402,0.4053,1744051.3331589,0
FFIE.US,D,20240201,000000,0.4074,0.4074,0.3753,0.3816,3130552.3330203,0
FFIE.US,D,20240202,000000,0.3816,0.3825,0.3,0.3525,6376415.666029,0
FFIE.US,D,20240205,000000,0.3471,0.3477,0.3093,0.3204,3767797.6662899,0
FFIE.US,D,20240206,000000,0.327,0.340758,0.2883,0.312,6439657.6660227,0
FFIE.US,D,20240207,000000,0.3072,0.3084,0.27,0.2715,5590468.3327743,0
FFIE.US,D,20240208,000000,0.2784,0.282,0.2523,0.267,6567503.9993432,0
FFIE.US,D,20240209,000000,0.2664,0.279,0.261,0.2655,3402704.9996597,0
FFIE.US,D,20240212,000000,0.2808,0.285,0.2406,0.2475,5744064.6660923,0
FFIE.US,D,20240213,000000,0.2475,0.24885,0.2109,0.2172,7388139.9992612,0
FFIE.US,D,20240214,000000,0.2196,0.2205,0.186,0.192,9894577.3323439,0
FFIE.US,D,20240215,000000,0.1956,0.4485,0.1935,0.3273,57391469.994261,0
FFIE.US,D,20240216,000000,0.324,0.3651,0.2778,0.2811,16341897.665032,0
FFIE.US,D,20240220,000000,0.2865,0.315,0.2088,0.2415,13485038.998651,0
FFIE.US,D,20240221,000000,0.2403,0.2466,0.2103,0.2205,9074481.3324259,0
FFIE.US,D,20240222,000000,0.231,0.2649,0.2286,0.24,8785504.3324548,0
FFIE.US,D,20240223,000000,0.231,0.258,0.2208,0.258,3949535.6662717,0
FFIE.US,D,20240226,000000,0.258,0.2817,0.219,0.2331,10800307.665587,0
FFIE.US,D,20240227,000000,0.2391,0.2463,0.2253,0.246,5831663.3327502,0
FFIE.US,D,20240228,000000,0.246,0.246,0.1857,0.1878,15713701.665095,0
FFIE.US,D,20240229,000000,0.201,0.2094,0.18,0.2094,12812895.332052,0
FFIE.US,D,20240301,000000,0.19,0.235,0.171,0.198,14163777,0
FFIE.US,D,20240304,000000,0.2043,0.206,0.1807,0.1841,7029706,0
FFIE.US,D,20240305,000000,0.1801,0.18095,0.16,0.1751,13601885,0
FFIE.US,D,20240306,000000,0.179,0.1824,0.1602,0.1632,9732013,0
FFIE.US,D,20240307,000000,0.1602,0.16135,0.1466,0.1478,9161927,0
FFIE.US,D,20240308,000000,0.146,0.147,0.13,0.133,13404936,0
FFIE.US,D,20240311,000000,0.135,0.1368,0.123,0.129,7826752,0
FFIE.US,D,20240312,000000,0.128,0.13,0.0955,0.101,27517069,0
FFIE.US,D,20240313,000000,0.1,0.1371,0.0998,0.108,31306609,0
FFIE.US,D,20240314,000000,0.11,0.1119,0.1007,0.1067,9179177,0
FFIE.US,D,20240315,000000,0.1067,0.11,0.096,0.0969,10387128,0
FFIE.US,D,20240318,000000,0.1,0.119,0.0976,0.105,17003730,0
FFIE.US,D,20240319,000000,0.1066,0.1081,0.0902,0.0921,19178332,0
FFIE.US,D,20240320,000000,0.0941,0.095,0.086,0.0915,13745971,0
FFIE.US,D,20240321,000000,0.092,0.1499,0.089,0.136,102810301,0
FFIE.US,D,20240322,000000,0.1719,0.1729,0.1273,0.1317,76011153,0
FFIE.US,D,20240325,000000,0.1313,0.1347,0.1014,0.1141,24041394,0
FFIE.US,D,20240326,000000,0.1139,0.12,0.1,0.1001,18949752,0
FFIE.US,D,20240327,000000,0.1,0.1039,0.0875,0.0952,19264032,0
FFIE.US,D,20240328,000000,0.0947,0.1197,0.088,0.1,22224744,0
FFIE.US,D,20240401,000000,0.0999,0.1,0.09,0.0948,8606789,0
FFIE.US,D,20240402,000000,0.096,0.096,0.087,0.09,14517733,0
FFIE.US,D,20240403,000000,0.091,0.09565,0.089,0.09,14745230,0
FFIE.US,D,20240404,000000,0.0899,0.0909,0.082,0.0855,16938647,0
FFIE.US,D,20240405,000000,0.0825,0.0848,0.078,0.0784,20487780,0
FFIE.US,D,20240408,000000,0.084,0.105,0.081,0.09,53953417,0
FFIE.US,D,20240409,000000,0.1,0.1149,0.0924,0.1118,84954500,0
FFIE.US,D,20240410,000000,0.1071,0.1092,0.09,0.0908,42216741,0
FFIE.US,D,20240411,000000,0.0908,0.0908,0.0801,0.083,23547188,0
FFIE.US,D,20240412,000000,0.0851,0.0896,0.079,0.08,24669657,0
FFIE.US,D,20240415,000000,0.08,0.08,0.07,0.072,23548736,0
FFIE.US,D,20240416,000000,0.07,0.0714,0.065,0.0659,23423741,0
FFIE.US,D,20240417,000000,0.0685,0.0685,0.061,0.0611,22747011,0
FFIE.US,D,20240418,000000,0.0621,0.0712,0.061,0.0615,27064092,0
FFIE.US,D,20240419,000000,0.0633,0.0635,0.056,0.0587,29381408,0
FFIE.US,D,20240422,000000,0.0585,0.065,0.051,0.0555,37343812,0
FFIE.US,D,20240423,000000,0.0569,0.0615,0.05,0.054,65000565,0
FFIE.US,D,20240424,000000,0.055,0.055,0.048,0.0499,59836782,0
FFIE.US,D,20240425,000000,0.0498,0.0498,0.0451,0.049,30931771,0
FFIE.US,D,20240426,000000,0.05,0.052,0.046,0.047,67527498,0
FFIE.US,D,20240429,000000,0.0445,0.0445,0.038,0.0418,80816029,0
FFIE.US,D,20240430,000000,0.042,0.049,0.0395,0.0441,71538885,0
FFIE.US,D,20240501,000000,0.049,0.049,0.0411,0.0461,80143718,0
FFIE.US,D,20240502,000000,0.0473,0.0494,0.04,0.0401,116500597,0
FFIE.US,D,20240503,000000,0.0409,0.0436,0.0381,0.0409,85292731,0
FFIE.US,D,20240506,000000,0.041,0.0438,0.0401,0.0413,69151782,0
FFIE.US,D,20240507,000000,0.048,0.052,0.0418,0.0437,176915349,0
FFIE.US,D,20240508,000000,0.0415,0.0433,0.0402,0.0418,59529620,0
FFIE.US,D,20240509,000000,0.0416,0.0416,0.0391,0.0406,79340598,0
FFIE.US,D,20240510,000000,0.042,0.0484,0.04,0.0461,101352483,0
FFIE.US,D,20240513,000000,0.048,0.07,0.0451,0.061,291471833,0
FFIE.US,D,20240514,000000,0.0997,0.3598,0.09,0.2852,499694975,0
FFIE.US,D,20240515,000000,0.599,0.98,0.3883,0.705,272715246,0
FFIE.US,D,20240516,000000,0.8122,2.35,0.7554,1.65,63268565,0
FFIE.US,D,20240517,000000,2.7,3.9,0.9,1.03,236418711,0
FFIE.US,D,20240520,000000,1.96,2.25,1.2,1.8,701643326,0
FFIE.US,D,20240521,000000,1.48,1.66,1.24,1.39,228368215,0
FFIE.US,D,20240522,000000,1.27,1.33,1,1.12,204133888,0
FFIE.US,D,20240523,000000,1.185,1.47,1.13,1.19,201137707,0
FFIE.US,D,20240524,000000,1.36,1.37,1.13,1.16,112463253,0
FFIE.US,D,20240528,000000,1.25,1.25,1.13,1.17,101311457,0
FFIE.US,D,20240529,000000,0.8195,0.8777,0.3906,0.4442,417920783,0
FFIE.US,D,20240530,000000,0.4415,0.7642,0.4279,0.5653,582947167,0
FFIE.US,D,20240531,000000,0.66,0.692,0.5056,0.5834,223844598,0
FFIE.US,D,20240603,000000,0.72,0.7435,0.61,0.6248,228848296,0
FFIE.US,D,20240604,000000,0.591,0.5913,0.51,0.5571,101594990,0
FFIE.US,D,20240605,000000,0.5031,0.595,0.4544,0.5315,119232224,0
FFIE.US,D,20240606,000000,0.5499,0.5775,0.5001,0.544,167586396,0
FFIE.US,D,20240607,000000,0.61,0.7849,0.5856,0.6106,419767914,0
FFIE.US,D,20240610,000000,0.6371,0.647,0.5256,0.56,84021753,0
FFIE.US,D,20240611,000000,0.546,0.576,0.5117,0.5595,64194694,0
FFIE.US,D,20240612,000000,0.5446,0.5605,0.519,0.5213,60824057,0
FFIE.US,D,20240613,000000,0.5259,0.5278,0.4819,0.5087,55336062,0
FFIE.US,D,20240614,000000,0.5008,0.5775,0.49,0.515,60610275,0
FFIE.US,D,20240617,000000,0.52,0.5518,0.505,0.5123,39134048,0
FFIE.US,D,20240618,000000,0.496,0.5105,0.465,0.4735,42902830,0
FFIE.US,D,20240620,000000,0.4687,0.47,0.4,0.4067,62422622,0
FFIE.US,D,20240621,000000,0.4134,0.4279,0.3814,0.3962,43947232,0
FFIE.US,D,20240624,000000,0.382,0.3833,0.2747,0.326,124555560,0
FFIE.US,D,20240625,000000,0.2187,0.2949,0.215,0.265,183765261,0
FFIE.US,D,20240626,000000,0.303,0.6,0.2953,0.4585,666005587,0
FFIE.US,D,20240627,000000,0.6153,0.69,0.5,0.6,575696790,0
FFIE.US,D,20240628,000000,0.5315,0.5974,0.458,0.5066,197643605,0
FFIE.US,D,20240701,000000,0.491,0.5377,0.45,0.4599,91163161,0
FFIE.US,D,20240702,000000,0.4451,0.4451,0.3839,0.4342,82717315,0
FFIE.US,D,20240703,000000,0.4181,0.469,0.4146,0.424,54487067,0
FFIE.US,D,20240705,000000,0.4068,0.4183,0.3865,0.4,47278056,0
FFIE.US,D,20240708,000000,0.3945,0.423,0.3601,0.415,74957247,0
FFIE.US,D,20240709,000000,0.4,0.42,0.3872,0.39,49707649,0
FFIE.US,D,20240710,000000,0.389,0.439,0.38,0.3985,78512927,0
FFIE.US,D,20240711,000000,0.4,0.43,0.4,0.4048,45121978,0
FFIE.US,D,20240712,000000,0.4029,0.44,0.4,0.422,47871828,0
FFIE.US,D,20240715,000000,0.4131,0.5472,0.411,0.5152,217917121,0
FFIE.US,D,20240716,000000,0.5185,0.545,0.4837,0.4894,78412226,0
FFIE.US,D,20240717,000000,0.4696,0.4979,0.4555,0.4612,45477377,0
FFIE.US,D,20240718,000000,0.4735,0.477,0.41,0.4172,52191421,0
FFIE.US,D,20240719,000000,0.421,0.421,0.39,0.4011,29659098,0
FFIE.US,D,20240722,000000,0.4068,0.4068,0.3623,0.3964,51773878,0
FFIE.US,D,20240723,000000,0.39,0.41,0.375,0.387,27714647,0
FFIE.US,D,20240724,000000,0.3787,0.3787,0.347,0.357,29271010,0
FFIE.US,D,20240725,000000,0.3428,0.3724,0.3256,0.36,28837524,0
FFIE.US,D,20240726,000000,0.35,0.372,0.343,0.3567,22580496,0
FFIE.US,D,20240729,000000,0.3528,0.3567,0.31,0.3395,46367100,0
FFIE.US,D,20240730,000000,0.3221,0.3244,0.306,0.316,23771894,0
FFIE.US,D,20240731,000000,0.365,0.4069,0.33,0.35,145238714,0
FFIE.US,D,20240801,000000,0.3353,0.3361,0.303,0.3076,38007878,0
FFIE.US,D,20240802,000000,0.3,0.305,0.28,0.305,28204713,0
FFIE.US,D,20240805,000000,0.25,0.2685,0.2314,0.2601,43858003,0
FFIE.US,D,20240806,000000,0.2703,0.2777,0.25,0.26,31678359,0
FFIE.US,D,20240807,000000,0.26,0.2661,0.2221,0.2281,30173080,0
FFIE.US,D,20240808,000000,0.237,0.25,0.2252,0.2349,35444783,0
FFIE.US,D,20240809,000000,0.235,0.238,0.215,0.2227,35860840,0
FFIE.US,D,20240812,000000,0.2309,0.2309,0.198,0.2129,48464828,0
FFIE.US,D,20240813,000000,0.2043,0.208,0.19,0.1915,40272958,0
FFIE.US,D,20240814,000000,0.188,0.1889,0.1507,0.1679,60192957,0
FFIE.US,D,20240815,000000,0.135,0.1368,0.12,0.1268,130796103,0
FFIE.US,D,20240816,000000,0.1395,0.1448,0.1217,0.1284,109684941,0
FFIE.US,D,20240819,000000,4.87,4.99,3.8,3.99,5542135,0
FFIE.US,D,20240820,000000,3.97,3.97,2.9,3,6707130,0
FFIE.US,D,20240821,000000,2.79,3.709,2.67,3.59,10380356,0
FFIE.US,D,20240822,000000,3.6,8.89,3.27,8.04,153400668,0
FFIE.US,D,20240823,000000,10.5,11.4,6.66,7.23,77861897,0
FFIE.US,D,20240826,000000,6.58,7.9824,5.93,7.58,26678708,0
FFIE.US,D,20240827,000000,7.31,7.8101,6.81,7.08,8599348,0
FFIE.US,D,20240828,000000,6.81,7.23,6.11,6.25,4616062,0
FFIE.US,D,20240829,000000,6.16,6.62,5.36,5.49,3873379,0
FFIE.US,D,20240830,000000,5.46,5.59,4.94,5.025,4639253,0
FFIE.US,D,20240903,000000,5.07,5.09,3.3601,3.43,7067419,0
FFIE.US,D,20240904,000000,3.45,6.48,3.45,5.24,69569349,0
FFIE.US,D,20240905,000000,6.04,6.46,4.81,5.21,20096327,0
FFIE.US,D,20240906,000000,5.98,6.52,4.5,4.8,20462118,0
FFIE.US,D,20240909,000000,4.55,4.55,4.1517,4.48,4143857,0
FFIE.US,D,20240910,000000,4.35,4.82,4.11,4.19,4958090,0
FFIE.US,D,20240911,000000,4.12,4.16,3.865,3.98,3290840,0
FFIE.US,D,20240912,000000,4.06,4.19,3.905,4.04,3658261,0
FFIE.US,D,20240913,000000,4,4.16,3.92,3.99,4026180,0
FFIE.US,D,20240916,000000,4.02,4.02,3.6,3.645,4025942,0
FFIE.US,D,20240917,000000,3.75,3.82,3.5,3.56,3660244,0
FFIE.US,D,20240918,000000,3.52,4.05,3.25,3.92,6081154,0
FFIE.US,D,20240919,000000,4.11,4.13,3.66,3.7,4672088,0
FFIE.US,D,20240920,000000,3.5,3.53,3.31,3.37,4857728,0
FFIE.US,D,20240923,000000,3.33,3.33,2.97,3.1,3704494,0
FFIE.US,D,20240924,000000,3.08,3.1414,2.89,2.94,4053843,0
FFIE.US,D,20240925,000000,2.88,2.91,2.71,2.745,4077623,0
FFIE.US,D,20240926,000000,2.93,3.6,2.79,3.01,26677170,0
FFIE.US,D,20240927,000000,3.06,3.0799,2.76,2.78,6606668,0
FFIE.US,D,20240930,000000,2.85,3.19,2.81,2.87,7599216,0
FFIE.US,D,20241001,000000,2.87,2.905,2.7,2.79,3458459,0
FFIE.US,D,20241002,000000,2.88,3,2.8,2.94,5247255,0
FFIE.US,D,20241003,000000,2.93,2.93,2.692,2.8,6193255,0
FFIE.US,D,20241004,000000,2.77,2.79,2.65,2.7,3890263,0
FFIE.US,D,20241007,000000,2.65,2.68,2.435,2.48,5024382,0
FFIE.US,D,20241008,000000,2.36,2.43,2.27,2.33,4151300,0
FFIE.US,D,20241009,000000,2.35,2.95,2.25,2.45,27971301,0
FFIE.US,D,20241010,000000,2.65,2.95,2.5,2.75,27949220,0
FFIE.US,D,20241011,000000,2.64,2.65,2.46,2.51,5551566,0
FFIE.US,D,20241014,000000,2.482,2.49,2.34,2.43,3770018,0
FFIE.US,D,20241015,000000,2.35,2.38,2.23,2.28,4066781,0
FFIE.US,D,20241016,000000,2.22,2.45,2.18,2.31,4691148,0
FFIE.US,D,20241017,000000,2.27,2.28,2.21,2.23,2246160,0
FFIE.US,D,20241018,000000,2.23,2.32,2.21,2.24,2392428,0
FFIE.US,D,20241021,000000,2.21,2.29,2.1827,2.22,2316291,0
FFIE.US,D,20241022,000000,2.21,2.2311,2.09,2.12,3272486,0
FFIE.US,D,20241023,000000,2.12,2.16,2,2.02,3440967,0
FFIE.US,D,20241024,000000,2.02,2.07,1.9,2,3315489,0
FFIE.US,D,20241025,000000,2.4,2.51,2.07,2.16,35789484,0
FFIE.US,D,20241028,000000,2.1,2.28,2.02,2.24,6459615,0
FFIE.US,D,20241029,000000,2.16,2.2,2.08,2.09,3268576,0
