<TICKER>,<PER>,<DATE>,<TIME>,<OPEN>,<HIGH>,<LOW>,<CLOSE>,<VOL>,<OPENINT>
FTAIP.US,D,20220427,000000,24.12,24.5362,24.12,24.2,6110,0
FTAIP.US,D,20220428,000000,24.39,24.9,24.2,24.85,16378,0
FTAIP.US,D,20220429,000000,24.65,24.7922,24,24.07,16263,0
FTAIP.US,D,20220502,000000,24.16,24.3,23.43,23.43,9604,0
FTAIP.US,D,20220503,000000,23.74,23.8,23.6,23.6363,16966,0
FTAIP.US,D,20220504,000000,23.8,24.02,23.8,23.97,2830,0
FTAIP.US,D,20220505,000000,23.95,24.14,23.65,23.98,9371,0
FTAIP.US,D,20220506,000000,23.96,24,23.6512,23.72,21869,0
FTAIP.US,D,20220509,000000,24.25,24.35,24,24.1,89206,0
FTAIP.US,D,20220510,000000,24.207,24.63,24,24.33,50625,0
FTAIP.US,D,20220511,000000,24.3,24.63,24.2,24.315,12205,0
FTAIP.US,D,20220512,000000,24.395,24.395,24,24.2699,9249,0
FTAIP.US,D,20220513,000000,24.33,24.6,24,24.38,13987,0
FTAIP.US,D,20220516,000000,24.74,24.74,24.175,24.2,3477,0
FTAIP.US,D,20220517,000000,24.19,24.3,24.12,24.15,10322,0
FTAIP.US,D,20220518,000000,24.22,24.315,24.12,24.24,13932,0
FTAIP.US,D,20220519,000000,24.17,24.47,24.11,24.272,4824,0
FTAIP.US,D,20220520,000000,24.15,24.31,23.8,24.01,19551,0
FTAIP.US,D,20220523,000000,24.3558,24.3558,23.81,23.92,11585,0
FTAIP.US,D,20220524,000000,23.95,24.25,23.8,24.18,7859,0
FTAIP.US,D,20220525,000000,24.25,24.3973,24.0092,24.33,12063,0
FTAIP.US,D,20220526,000000,24.4,24.475,24.13,24.45,3317,0
FTAIP.US,D,20220527,000000,24.37,25.16,24.21,25.045,10673,0
FTAIP.US,D,20220531,000000,24.63,25.27,23.85,25.27,18890,0
FTAIP.US,D,20220601,000000,25.2,25.38,25.01,25.25,15490,0
FTAIP.US,D,20220602,000000,25.02,25.15,24.8,25.11,11486,0
FTAIP.US,D,20220603,000000,25,25,24.56,24.95,5219,0
FTAIP.US,D,20220606,000000,24.8999,24.8999,24.4466,24.78,38539,0
FTAIP.US,D,20220607,000000,24.56,24.7,24.56,24.7,998,0
FTAIP.US,D,20220608,000000,24.535,24.72,24.535,24.65,3036,0
FTAIP.US,D,20220609,000000,24.64,24.69,24.564,24.69,1690,0
FTAIP.US,D,20220610,000000,24.68,24.68,24.01,24.33,6641,0
FTAIP.US,D,20220613,000000,24.13,24.1815,23.21,23.63,13272,0
FTAIP.US,D,20220614,000000,23.3846,24.18,22.98,23.34,11813,0
FTAIP.US,D,20220615,000000,23.38,24.39,22.6022,23,1299,0
FTAIP.US,D,20220616,000000,22.6991,23.4,21.43,22.19,16144,0
FTAIP.US,D,20220617,000000,22.15,22.445,21.22,21.81,28869,0
FTAIP.US,D,20220621,000000,21.99,22.63,21.99,22.34,19008,0
FTAIP.US,D,20220622,000000,22.5,22.65,22.46,22.65,6776,0
FTAIP.US,D,20220623,000000,22.25,22.25,22.07,22.21,10010,0
FTAIP.US,D,20220624,000000,21.94,22.64,21.93,22.5292,22782,0
FTAIP.US,D,20220627,000000,22.5,22.5899,22.05,22.53,3925,0
FTAIP.US,D,20220629,000000,22.06,22.09,21.32,21.74,35741,0
FTAIP.US,D,20220630,000000,21.49,22.98,21.49,22.98,136366,0
FTAIP.US,D,20220701,000000,22.5,22.55,22.0401,22.52,14887,0
FTAIP.US,D,20220705,000000,21.72,22.29,21.37,21.76,27038,0
FTAIP.US,D,20220706,000000,21.8,22,21.434,21.68,12113,0
FTAIP.US,D,20220707,000000,22.15,22.15,21.55,21.66,15726,0
FTAIP.US,D,20220708,000000,21.67,21.7,21.45,21.7,4931,0
FTAIP.US,D,20220711,000000,21.73,21.74,21.4708,21.4708,3953,0
FTAIP.US,D,20220712,000000,21.51,21.7,21.49,21.6,4379,0
FTAIP.US,D,20220713,000000,21.68,21.8899,21.68,21.82,1754,0
FTAIP.US,D,20220714,000000,21.7,21.855,21.5101,21.8099,2803,0
FTAIP.US,D,20220715,000000,21.5501,21.8999,21.5501,21.75,6532,0
FTAIP.US,D,20220718,000000,21.75,22.475,21.75,22.28,7701,0
FTAIP.US,D,20220719,000000,22.1,22.5899,21.98,22.2498,20894,0
FTAIP.US,D,20220720,000000,22.36,22.36,21.83,22.22,5932,0
FTAIP.US,D,20220721,000000,22.18,22.205,22.18,22.18,1679,0
FTAIP.US,D,20220722,000000,22.02,22.24,21.85,22.076,11028,0
FTAIP.US,D,20220725,000000,22,22.2399,21.87,22.035,4983,0
FTAIP.US,D,20220726,000000,22,22,21.63,21.71,21055,0
FTAIP.US,D,20220727,000000,21.75,21.75,21.62,21.705,16178,0
FTAIP.US,D,20220728,000000,21.8,22.24,21.75,22.24,13964,0
FTAIP.US,D,20220729,000000,22.2112,23.38,22.12,23.38,27706,0
FTAIP.US,D,20220801,000000,23.29,23.99,22.31,23.7,26693,0
FTAIP.US,D,20220802,000000,23.71,25.27,23.7,24.51,35018,0
FTAIP.US,D,20220803,000000,24.46,24.87,24.45,24.87,7311,0
FTAIP.US,D,20220804,000000,24.695,25.3,24.6,25.29,28588,0
FTAIP.US,D,20220805,000000,24.66,25.26,24.33,24.35,10087,0
FTAIP.US,D,20220808,000000,24.87,24.87,24.47,24.6474,6521,0
FTAIP.US,D,20220809,000000,24.39,24.39,24.3,24.3,1038,0
FTAIP.US,D,20220810,000000,24.63,24.69,24.2,24.69,3089,0
FTAIP.US,D,20220811,000000,24.7,24.7,24.65,24.69,1280,0
FTAIP.US,D,20220812,000000,24.24,24.6,24.24,24.6,2685,0
FTAIP.US,D,20220815,000000,24,25.76,24,24.82,8258,0
FTAIP.US,D,20220816,000000,24.82,24.82,24.41,24.605,2348,0
FTAIP.US,D,20220817,000000,24.16,24.61,24.16,24.61,4209,0
FTAIP.US,D,20220818,000000,25.125,25.125,24.64,24.67,14875,0
FTAIP.US,D,20220819,000000,24.3501,24.38,24.17,24.17,2079,0
FTAIP.US,D,20220822,000000,24.09,24.25,24.09,24.1,6453,0
FTAIP.US,D,20220823,000000,24,24.8199,23.27,23.655,16110,0
FTAIP.US,D,20220824,000000,23.947,23.947,23.65,23.74,7806,0
FTAIP.US,D,20220825,000000,25.94,25.94,23.9,24.35,3252,0
FTAIP.US,D,20220826,000000,24.1006,24.35,24.0104,24.25,3866,0
FTAIP.US,D,20220829,000000,24.9976,24.9976,24.09,24.23,2230,0
FTAIP.US,D,20220830,000000,24.1,24.54,24.06,24.46,2366,0
FTAIP.US,D,20220831,000000,23.6788,23.75,23.21,23.21,14174,0
FTAIP.US,D,20220901,000000,23.39,23.39,23.1694,23.21,6507,0
FTAIP.US,D,20220902,000000,23.17,23.21,22.8485,23.05,13000,0
FTAIP.US,D,20220906,000000,22.68,22.68,21.621,22.56,35604,0
FTAIP.US,D,20220907,000000,22.55,22.59,20.7986,21.63,94174,0
FTAIP.US,D,20220908,000000,21.13,21.5,20.51,21.17,55993,0
FTAIP.US,D,20220909,000000,20.99,21.565,20.7501,21.25,51655,0
FTAIP.US,D,20220912,000000,21.22,21.555,21.22,21.4432,17820,0
FTAIP.US,D,20220913,000000,21.2,21.42,21.18,21.39,7168,0
FTAIP.US,D,20220914,000000,21.25,21.4,21.25,21.4,9813,0
FTAIP.US,D,20220915,000000,21.25,21.5487,21.13,21.15,9275,0
FTAIP.US,D,20220916,000000,21.38,21.39,20.79,21,6373,0
FTAIP.US,D,20220919,000000,20.9,21.4,20.8662,21.3001,7821,0
FTAIP.US,D,20220920,000000,21.3,21.33,20.8,21.2,3981,0
FTAIP.US,D,20220921,000000,21.3,21.39,21.2034,21.328,3385,0
FTAIP.US,D,20220922,000000,20.87,21.3,20.87,21.16,6301,0
FTAIP.US,D,20220923,000000,20.8434,20.91,20.7,20.7,7097,0
FTAIP.US,D,20220926,000000,20.65,20.65,19.3,19.94,12578,0
FTAIP.US,D,20220927,000000,19.75,20.2,19.75,20.1254,11097,0
FTAIP.US,D,20220928,000000,19.2501,20.27,19.2501,20.2,5899,0
FTAIP.US,D,20220929,000000,19.7,19.7,19.15,19.39,6161,0
FTAIP.US,D,20220930,000000,19.1064,19.66,18.31,18.31,58467,0
FTAIP.US,D,20221003,000000,18.6,19.5893,18.6,19.15,11032,0
FTAIP.US,D,20221004,000000,19.9029,19.99,19.26,19.8,5617,0
FTAIP.US,D,20221005,000000,19.75,19.875,19.75,19.875,2529,0
FTAIP.US,D,20221006,000000,19.99,20.592,19.9162,20.58,13383,0
FTAIP.US,D,20221007,000000,20.3252,20.3252,20.05,20.05,1268,0
FTAIP.US,D,20221010,000000,19.95,19.95,19.94,19.94,763,0
FTAIP.US,D,20221011,000000,19.5,20.137,19.49,20.005,5190,0
FTAIP.US,D,20221012,000000,19.71,20.04,19.5,19.66,8358,0
FTAIP.US,D,20221013,000000,19.45,19.45,18.5201,19.41,25994,0
FTAIP.US,D,20221014,000000,19.4056,19.4056,18.63,18.96,16634,0
FTAIP.US,D,20221017,000000,19.1,19.1,18.0201,18.8357,34637,0
FTAIP.US,D,20221018,000000,18.69,18.9158,18.3,18.7,33493,0
FTAIP.US,D,20221019,000000,18.7835,18.95,18.42,18.42,42507,0
FTAIP.US,D,20221020,000000,18.455,18.68,18.21,18.275,24400,0
FTAIP.US,D,20221021,000000,18.21,18.3,18,18.3,22975,0
FTAIP.US,D,20221024,000000,18.0367,18.5,18,18.4222,15432,0
FTAIP.US,D,20221025,000000,18.1,19.8796,17.99,19.06,24250,0
FTAIP.US,D,20221026,000000,19.45,19.45,18.6,18.6,1739,0
FTAIP.US,D,20221027,000000,19,19.85,18.62,19.29,9801,0
FTAIP.US,D,20221028,000000,19.3,19.8499,18.3,19.6,12748,0
FTAIP.US,D,20221031,000000,19.56,20.41,19.55,20.3,24044,0
FTAIP.US,D,20221101,000000,20.1231,20.14,19.55,19.97,10133,0
FTAIP.US,D,20221102,000000,19.55,20.31,19.2501,19.78,19834,0
FTAIP.US,D,20221103,000000,19.55,20,19.55,19.82,9305,0
FTAIP.US,D,20221104,000000,19.55,19.83,19.33,19.5,4690,0
FTAIP.US,D,20221107,000000,19.55,20.49,19.295,19.71,10284,0
FTAIP.US,D,20221108,000000,19.5,20.5,19.5,20.17,8476,0
FTAIP.US,D,20221109,000000,19.63,21.23,19.57,20.86,29808,0
FTAIP.US,D,20221110,000000,20.9837,21.55,20.45,21.4,13583,0
FTAIP.US,D,20221111,000000,22,22.885,22,22.7,4814,0
FTAIP.US,D,20221114,000000,22.55,22.62,22.55,22.57,2212,0
FTAIP.US,D,20221115,000000,22.7,22.7335,21.75,22.61,8568,0
FTAIP.US,D,20221116,000000,22.0793,22.5432,21.7607,22.1,4589,0
FTAIP.US,D,20221117,000000,21.75,22.64,21.75,22.21,6565,0
FTAIP.US,D,20221118,000000,22.065,22.8656,22.065,22.6543,4304,0
FTAIP.US,D,20221121,000000,22.47,22.9,21.52,22.25,8804,0
FTAIP.US,D,20221122,000000,22.24,23.78,22.0857,23.58,15629,0
FTAIP.US,D,20221123,000000,23.56,23.56,23.1,23.46,9897,0
FTAIP.US,D,20221125,000000,23.11,23.5899,22.79,23.2,4684,0
FTAIP.US,D,20221128,000000,23.07,23.79,22.385,23.64,17430,0
FTAIP.US,D,20221129,000000,23.31,24.19,23.31,24.09,39810,0
FTAIP.US,D,20221130,000000,23.71,23.71,20.63,21.61,171082,0
FTAIP.US,D,20221201,000000,21.79,22.15,21.02,21.68,28731,0
FTAIP.US,D,20221202,000000,21.5,22.208,21.1301,21.74,16852,0
FTAIP.US,D,20221205,000000,21.6,22.1799,21.17,21.17,4025,0
FTAIP.US,D,20221206,000000,21.17,21.99,20.81,21.05,9248,0
FTAIP.US,D,20221207,000000,20.81,21.215,20.75,20.9,6324,0
FTAIP.US,D,20221208,000000,20.92,20.92,20.25,20.47,24215,0
FTAIP.US,D,20221209,000000,20.4,20.5,19.75,20,25136,0
FTAIP.US,D,20221212,000000,20,20.27,19.81,19.81,20339,0
FTAIP.US,D,20221213,000000,20.24,20.5,19.6101,19.8,15001,0
FTAIP.US,D,20221214,000000,20,20,19.66,19.66,1853,0
FTAIP.US,D,20221215,000000,19.62,19.83,19.51,19.65,17262,0
FTAIP.US,D,20221216,000000,19.6,19.77,19.6,19.665,7833,0
FTAIP.US,D,20221219,000000,19.57,20,19.57,19.8001,7748,0
FTAIP.US,D,20221220,000000,20,21.09,20,20.11,909,0
FTAIP.US,D,20221221,000000,20.5,20.5,20.11,20.1178,8254,0
FTAIP.US,D,20221222,000000,20.11,20.9335,20.11,20.5,10367,0
FTAIP.US,D,20221223,000000,20.6,21.1,19.5501,20.29,29578,0
FTAIP.US,D,20221227,000000,20.3,20.3,19.5601,19.84,21649,0
FTAIP.US,D,20221228,000000,19.7501,20.5,19.75,20.37,16083,0
FTAIP.US,D,20221229,000000,20.1,20.575,19.64,20.05,25014,0
FTAIP.US,D,20221230,000000,20.08,22.56,19.9,22.5,194858,0
FTAIP.US,D,20230103,000000,22.24,22.63,21.815,22.13,24717,0
FTAIP.US,D,20230104,000000,22.07,22.65,22.07,22.5,8505,0
FTAIP.US,D,20230105,000000,22.4,23.26,22.335,22.72,24669,0
FTAIP.US,D,20230106,000000,23.19,23.19,22.5,22.9,16428,0
FTAIP.US,D,20230109,000000,22.68,23,22.6501,23,4806,0
FTAIP.US,D,20230110,000000,23,23,22.75,22.9,10516,0
FTAIP.US,D,20230111,000000,22.95,23.38,22.95,23.1,3087,0
FTAIP.US,D,20230112,000000,23.415,23.7,23.13,23.3,9879,0
FTAIP.US,D,20230113,000000,23.5,23.5,23.3,23.31,7760,0
FTAIP.US,D,20230117,000000,23.3,23.3,22.53,23.055,12770,0
FTAIP.US,D,20230118,000000,23.15,23.6,23.15,23.3,7192,0
FTAIP.US,D,20230119,000000,23.5367,23.5367,23.095,23.35,5208,0
FTAIP.US,D,20230120,000000,23.3,23.5994,23.255,23.255,2160,0
FTAIP.US,D,20230123,000000,23.25,23.25,22.97,23.1,5472,0
FTAIP.US,D,20230124,000000,23.0197,23.25,23.0197,23.1,7534,0
FTAIP.US,D,20230125,000000,23.07,23.66,23.07,23.45,5930,0
FTAIP.US,D,20230126,000000,23.55,23.7,23.32,23.6942,6615,0
FTAIP.US,D,20230127,000000,23.66,23.7,23.0736,23.68,8427,0
FTAIP.US,D,20230130,000000,23.6,24.2199,23.6,24.05,24242,0
FTAIP.US,D,20230131,000000,24.21,24.3026,24,24.07,23326,0
FTAIP.US,D,20230201,000000,24,24.1999,23.9001,24.19,9587,0
FTAIP.US,D,20230202,000000,24.0601,24.18,24.06,24.06,3214,0
FTAIP.US,D,20230203,000000,24.06,24.2897,23.75,24.21,5414,0
FTAIP.US,D,20230206,000000,23.9,24.2,23.7501,23.98,25905,0
FTAIP.US,D,20230207,000000,23.7601,24.25,23.7601,24,24043,0
FTAIP.US,D,20230208,000000,24.125,24.29,23.9,24.29,10156,0
FTAIP.US,D,20230209,000000,23.9477,24.29,23.9477,24.29,4861,0
FTAIP.US,D,20230210,000000,24,24.2855,23.818,24.24,6171,0
FTAIP.US,D,20230213,000000,23.85,24.09,23.84,24.04,14421,0
FTAIP.US,D,20230214,000000,23.97,24.24,23.79,23.995,19343,0
FTAIP.US,D,20230215,000000,23.94,24.2,23.8,23.8,3166,0
FTAIP.US,D,20230216,000000,24.09,24.1602,24.09,24.1,2295,0
FTAIP.US,D,20230217,000000,24.16,24.16,24.01,24.055,1899,0
FTAIP.US,D,20230221,000000,24.1,24.1,23.7501,23.81,9435,0
FTAIP.US,D,20230222,000000,23.84,23.9,23.75,23.9,2320,0
FTAIP.US,D,20230223,000000,23.925,23.925,23.925,23.925,653,0
FTAIP.US,D,20230224,000000,23.835,24.1,23.835,24.01,5817,0
FTAIP.US,D,20230227,000000,24.01,24.24,24.01,24.11,7578,0
FTAIP.US,D,20230228,000000,24.195,24.44,24.07,24.14,5502,0
FTAIP.US,D,20230301,000000,24.3894,24.4,24.33,24.33,3620,0
FTAIP.US,D,20230302,000000,24.68,24.68,24.21,24.505,2151,0
FTAIP.US,D,20230303,000000,24.25,24.66,23.82,24.022,14119,0
FTAIP.US,D,20230306,000000,23.98,24.44,23.6,24.1,14543,0
FTAIP.US,D,20230307,000000,24.2,24.34,24.085,24.1,34054,0
FTAIP.US,D,20230308,000000,23.5082,24.11,23.5082,23.975,3825,0
FTAIP.US,D,20230309,000000,23.9874,23.9874,22.75,22.9,4732,0
FTAIP.US,D,20230310,000000,23.11,23.11,22.54,22.54,3857,0
FTAIP.US,D,20230313,000000,22.53,23.1099,21.4052,21.72,10681,0
FTAIP.US,D,20230314,000000,21.8523,22.49,21.8523,22.09,4659,0
FTAIP.US,D,20230315,000000,21.78,21.8001,21.78,21.79,1947,0
FTAIP.US,D,20230316,000000,21.795,22.5,21.79,22.5,2893,0
FTAIP.US,D,20230317,000000,21.27,22.5,21.27,21.43,15427,0
FTAIP.US,D,20230321,000000,21.62,22.49,21.62,22.0615,12264,0
FTAIP.US,D,20230322,000000,22.4,22.75,22,22.71,5792,0
FTAIP.US,D,20230323,000000,22.06,22.06,22.06,22.06,1017,0
FTAIP.US,D,20230324,000000,22.05,22.05,20.615,21.35,28948,0
FTAIP.US,D,20230327,000000,21.31,22.79,21.31,22.33,3418,0
FTAIP.US,D,20230328,000000,21.66,21.775,21.36,21.75,18349,0
FTAIP.US,D,20230329,000000,21.65,22.8,21.65,22.78,2569,0
FTAIP.US,D,20230330,000000,22.6394,22.78,22.6394,22.78,1003,0
FTAIP.US,D,20230331,000000,22.5,23.72,22.5,23.72,22816,0
FTAIP.US,D,20230403,000000,23.72,23.72,22.43,23.01,9587,0
FTAIP.US,D,20230404,000000,23.71,23.71,23.69,23.69,877,0
FTAIP.US,D,20230405,000000,22.7794,23.67,22.7794,23.07,2411,0
FTAIP.US,D,20230406,000000,22.85,23.48,22.85,23,4993,0
FTAIP.US,D,20230410,000000,23.6134,23.6134,22.98,23.14,7700,0
FTAIP.US,D,20230411,000000,23.1,23.1,22.77,23.07,4116,0
FTAIP.US,D,20230412,000000,23.0002,23.15,22.25,23.125,7552,0
FTAIP.US,D,20230413,000000,23.0528,23.14,22.5,23.14,1070,0
FTAIP.US,D,20230414,000000,22.6406,22.8,22.5,22.8,3238,0
FTAIP.US,D,20230417,000000,22.51,22.99,22.3001,22.99,4704,0
FTAIP.US,D,20230418,000000,22.82,22.82,22.3037,22.75,3107,0
FTAIP.US,D,20230419,000000,22.5,22.76,22.15,22.76,3385,0
FTAIP.US,D,20230420,000000,22.45,22.72,22.45,22.72,2120,0
FTAIP.US,D,20230421,000000,22.6,22.6,22.3,22.38,3827,0
FTAIP.US,D,20230424,000000,22.4,22.6343,22.05,22.6343,1299,0
FTAIP.US,D,20230425,000000,22.61,22.61,22.4213,22.4213,420,0
FTAIP.US,D,20230426,000000,22.26,22.26,22.1,22.2501,5098,0
FTAIP.US,D,20230427,000000,22.5,22.5,22.2471,22.2749,5469,0
FTAIP.US,D,20230428,000000,22.63,23.01,22,23.01,14019,0
FTAIP.US,D,20230501,000000,23,23.05,22.51,23.029,3207,0
FTAIP.US,D,20230502,000000,22.8,23.04,22.8,23.04,652,0
FTAIP.US,D,20230504,000000,22.26,22.26,22.2,22.21,4568,0
FTAIP.US,D,20230505,000000,22.3001,22.67,22.3,22.67,3973,0
FTAIP.US,D,20230508,000000,22.65,22.65,22.21,22.45,16793,0
FTAIP.US,D,20230509,000000,22.25,22.5,22.25,22.35,2290,0
FTAIP.US,D,20230510,000000,22.4,22.545,22.4,22.45,1207,0
FTAIP.US,D,20230511,000000,22.52,22.52,22.4,22.4,4816,0
FTAIP.US,D,20230512,000000,22.4,22.5199,22.35,22.45,8958,0
FTAIP.US,D,20230515,000000,22.49,22.5099,22.15,22.2,13354,0
FTAIP.US,D,20230516,000000,22.19,22.45,22,22.25,12760,0
FTAIP.US,D,20230517,000000,22.44,22.5099,21.6,21.6,44350,0
FTAIP.US,D,20230518,000000,21.7001,21.9892,21.6,21.94,5809,0
FTAIP.US,D,20230519,000000,21.85,22.26,21.85,22.26,14672,0
FTAIP.US,D,20230522,000000,22,22.51,22,22.19,5962,0
FTAIP.US,D,20230523,000000,22.2,22.5199,22.17,22.34,1726,0
FTAIP.US,D,20230524,000000,22.2,22.47,21.81,21.81,5102,0
FTAIP.US,D,20230525,000000,22.08,22.5099,21.9,21.9,3333,0
FTAIP.US,D,20230526,000000,21.97,22.16,21.8,22.084,5579,0
FTAIP.US,D,20230530,000000,22.2899,22.4,22.01,22.01,6257,0
FTAIP.US,D,20230531,000000,21.675,22.8,21.485,22.8,36910,0
FTAIP.US,D,20230601,000000,21.2601,22.965,21.2601,22.14,12463,0
FTAIP.US,D,20230602,000000,22.6,22.6,22.03,22.588,25914,0
FTAIP.US,D,20230605,000000,22.11,23,22.05,23,3311,0
FTAIP.US,D,20230606,000000,23.09,23.43,23.09,23.2,15154,0
FTAIP.US,D,20230607,000000,23.11,23.15,22.57,22.95,10826,0
FTAIP.US,D,20230608,000000,22.96,23.33,22.96,23.02,8719,0
FTAIP.US,D,20230609,000000,23.18,23.18,22.5601,22.73,2606,0
FTAIP.US,D,20230612,000000,22.8999,22.8999,22.548,22.66,5124,0
FTAIP.US,D,20230613,000000,22.65,22.9,22.63,22.9,3476,0
FTAIP.US,D,20230614,000000,22.665,22.9,22.405,22.9,6782,0
FTAIP.US,D,20230615,000000,22.86,22.88,22.71,22.72,1827,0
FTAIP.US,D,20230616,000000,22.76,22.82,22.4,22.75,3863,0
FTAIP.US,D,20230620,000000,22.47,22.48,22.4,22.41,5304,0
FTAIP.US,D,20230621,000000,22.73,22.73,22.4133,22.4133,1803,0
FTAIP.US,D,20230622,000000,22.41,22.98,22.4099,22.98,17813,0
FTAIP.US,D,20230623,000000,23,23.24,22.75,23.24,10266,0
FTAIP.US,D,20230626,000000,23.2001,23.3291,23.05,23.05,7134,0
FTAIP.US,D,20230627,000000,23.105,23.22,23.06,23.1,5347,0
FTAIP.US,D,20230628,000000,23.33,23.33,22.42,23.16,11026,0
FTAIP.US,D,20230629,000000,23.06,23.3185,22.8,23.165,5795,0
FTAIP.US,D,20230630,000000,23.2,23.4,23.0503,23.3,56352,0
FTAIP.US,D,20230703,000000,23.31,23.4,23.05,23.3999,6001,0
FTAIP.US,D,20230705,000000,23.425,23.7199,23.36,23.65,6546,0
FTAIP.US,D,20230706,000000,23.7,23.7,23.25,23.53,2722,0
FTAIP.US,D,20230707,000000,23.67,23.67,22.7,22.7,18937,0
FTAIP.US,D,20230710,000000,22.99,23.55,22.99,23.525,9200,0
FTAIP.US,D,20230711,000000,23.54,23.66,23.21,23.475,10502,0
FTAIP.US,D,20230712,000000,23.51,23.72,23.3,23.53,6394,0
FTAIP.US,D,20230713,000000,23.555,23.72,23.4675,23.65,12180,0
FTAIP.US,D,20230714,000000,23.56,23.65,23.56,23.6496,3213,0
FTAIP.US,D,20230717,000000,23.55,23.7,23.55,23.65,4812,0
FTAIP.US,D,20230718,000000,23.65,23.72,22.7101,23.65,23020,0
FTAIP.US,D,20230719,000000,23.71,23.72,23.507,23.67,3779,0
FTAIP.US,D,20230720,000000,23.4,23.72,23.39,23.72,5425,0
FTAIP.US,D,20230721,000000,23.7,23.83,23.6,23.83,5530,0
FTAIP.US,D,20230724,000000,23.6501,23.82,23.6,23.6,8082,0
FTAIP.US,D,20230725,000000,23.46,23.99,22.75,23.56,19442,0
FTAIP.US,D,20230726,000000,23.89,23.93,23.0364,23.5,14957,0
FTAIP.US,D,20230727,000000,23.5,24.04,23.5,23.99,27807,0
FTAIP.US,D,20230728,000000,23.84,24.3,23.84,24.24,2595,0
FTAIP.US,D,20230731,000000,24.09,24.09,23.91,23.91,3550,0
FTAIP.US,D,20230801,000000,23.83,24.1,23.83,23.9806,1080,0
FTAIP.US,D,20230802,000000,23.94,24.25,23.94,24,3644,0
FTAIP.US,D,20230803,000000,23.97,24.18,23.9,24.1601,6680,0
FTAIP.US,D,20230804,000000,24.01,24.1499,23.277,23.93,27226,0
FTAIP.US,D,20230807,000000,23.75,24.43,23.75,24.16,27689,0
FTAIP.US,D,20230808,000000,24.1,24.3,23.92,24.15,10388,0
FTAIP.US,D,20230809,000000,24.14,24.15,24.002,24.05,95026,0
FTAIP.US,D,20230810,000000,24.15,24.345,24.15,24.2664,4614,0
FTAIP.US,D,20230811,000000,24.4001,24.4022,24.11,24.4,2502,0
FTAIP.US,D,20230814,000000,24.355,24.75,24.22,24.51,10398,0
FTAIP.US,D,20230815,000000,24.5,24.7399,24.5,24.52,2045,0
FTAIP.US,D,20230816,000000,24.47,24.71,24.375,24.45,16109,0
FTAIP.US,D,20230817,000000,24.45,24.67,24.3,24.65,11185,0
FTAIP.US,D,20230818,000000,24.6,24.73,24.25,24.37,10727,0
FTAIP.US,D,20230821,000000,24.3,24.495,24.2733,24.4475,17500,0
FTAIP.US,D,20230822,000000,24.2752,24.28,24.2752,24.28,797,0
FTAIP.US,D,20230823,000000,24.66,24.7,24.55,24.68,18189,0
FTAIP.US,D,20230824,000000,24.67,24.67,24.6,24.67,15280,0
FTAIP.US,D,20230825,000000,24.5937,24.68,24.55,24.61,20844,0
FTAIP.US,D,20230828,000000,24.64,24.75,24.61,24.7,12234,0
FTAIP.US,D,20230829,000000,24.76,24.85,24.61,24.71,19328,0
FTAIP.US,D,20230830,000000,24.84,24.849,24.6774,24.6918,7197,0
FTAIP.US,D,20230831,000000,24.34,24.745,24.34,24.44,5964,0
FTAIP.US,D,20230901,000000,24.1,24.26,24.1,24.21,2794,0
FTAIP.US,D,20230905,000000,24.26,24.36,24.09,24.09,8756,0
FTAIP.US,D,20230906,000000,24.09,24.1001,24,24.03,8187,0
FTAIP.US,D,20230907,000000,23.98,24.1708,23.8,23.81,8405,0
FTAIP.US,D,20230908,000000,23.8,23.95,23.8,23.9,6626,0
FTAIP.US,D,20230911,000000,23.92,23.92,23.92,23.92,1260,0
FTAIP.US,D,20230912,000000,23.9201,24.14,23.91,23.91,2271,0
FTAIP.US,D,20230913,000000,23.9299,23.968,23.9,23.9,5090,0
FTAIP.US,D,20230914,000000,23.95,24.04,23.72,24.04,28387,0
FTAIP.US,D,20230915,000000,24,24.2,23.9,23.99,5825,0
FTAIP.US,D,20230918,000000,24.01,24.15,24.01,24.01,2713,0
FTAIP.US,D,20230919,000000,24,24.1999,23.94,23.94,6610,0
FTAIP.US,D,20230920,000000,24.04,24.22,24.04,24.22,1815,0
FTAIP.US,D,20230921,000000,24.14,24.14,23.94,23.9998,4048,0
FTAIP.US,D,20230922,000000,23.94,23.97,23.84,23.97,5131,0
FTAIP.US,D,20230925,000000,23.9,23.9341,23.9,23.9,3264,0
FTAIP.US,D,20230926,000000,23.9,23.92,23.5,23.74,32017,0
FTAIP.US,D,20230927,000000,23.8,23.89,23.26,23.26,13012,0
FTAIP.US,D,20230928,000000,23.5,23.9399,23,23.38,42093,0
FTAIP.US,D,20230929,000000,23.38,23.435,22.61,22.61,231101,0
FTAIP.US,D,20231002,000000,22.84,22.975,22.8,22.84,25052,0
FTAIP.US,D,20231003,000000,22.8,22.8,22.2814,22.3,26649,0
FTAIP.US,D,20231004,000000,22.31,22.84,22.04,22.11,11342,0
FTAIP.US,D,20231005,000000,22.35,22.6299,22.1,22.14,13224,0
FTAIP.US,D,20231006,000000,22.14,22.7899,22.14,22.27,10050,0
FTAIP.US,D,20231009,000000,22.5475,22.5849,22.33,22.5301,9251,0
FTAIP.US,D,20231010,000000,22.79,22.79,22.655,22.704,10860,0
FTAIP.US,D,20231011,000000,22.8,22.8,22.52,22.67,59821,0
FTAIP.US,D,20231012,000000,22.675,23.5,22.675,22.82,17535,0
FTAIP.US,D,20231013,000000,23.48,23.48,22.56,22.61,23815,0
FTAIP.US,D,20231016,000000,23.0205,23.225,22.77,22.82,11545,0
FTAIP.US,D,20231017,000000,23.15,23.44,23,23.1499,8117,0
FTAIP.US,D,20231018,000000,23.18,23.26,22.82,23.26,8534,0
FTAIP.US,D,20231019,000000,23.31,23.41,23.08,23.08,4620,0
FTAIP.US,D,20231020,000000,23.05,23.19,22.9,23.01,5348,0
FTAIP.US,D,20231023,000000,23.24,23.8212,23.24,23.73,41390,0
FTAIP.US,D,20231024,000000,23.74,23.75,23.6575,23.7,12554,0
FTAIP.US,D,20231025,000000,23.74,23.74,23.69,23.6951,2837,0
FTAIP.US,D,20231026,000000,23.65,23.65,23.58,23.5999,2340,0
FTAIP.US,D,20231027,000000,23.7,23.835,23.65,23.76,11446,0
FTAIP.US,D,20231030,000000,23.65,23.86,23.65,23.755,5711,0
FTAIP.US,D,20231031,000000,23.8599,23.98,23.73,23.98,5456,0
FTAIP.US,D,20231101,000000,23.94,24.47,23.94,24.42,17931,0
FTAIP.US,D,20231102,000000,24.42,24.56,24.2862,24.48,3414,0
FTAIP.US,D,20231103,000000,24.39,24.625,24.39,24.595,12116,0
FTAIP.US,D,20231106,000000,24.275,24.49,24.23,24.37,10581,0
FTAIP.US,D,20231107,000000,24.31,24.375,24.15,24.375,5918,0
FTAIP.US,D,20231108,000000,24.68,24.79,24.36,24.79,9012,0
FTAIP.US,D,20231109,000000,24.45,24.7,24.4,24.5,4120,0
FTAIP.US,D,20231110,000000,24.7,24.7,24.6,24.6,2218,0
FTAIP.US,D,20231113,000000,24.6225,24.7501,24.6,24.64,5295,0
FTAIP.US,D,20231114,000000,24.41,24.63,24.41,24.615,2220,0
FTAIP.US,D,20231115,000000,24.7,24.7468,24.4,24.68,7385,0
FTAIP.US,D,20231116,000000,24.7,24.7,24.28,24.45,5170,0
FTAIP.US,D,20231117,000000,24.68,24.6899,24.33,24.61,3450,0
FTAIP.US,D,20231120,000000,24.8,24.81,24.66,24.66,2707,0
FTAIP.US,D,20231121,000000,24.7411,24.7425,24.68,24.71,4791,0
FTAIP.US,D,20231122,000000,24.72,24.75,24.61,24.63,3986,0
FTAIP.US,D,20231124,000000,24.74,24.75,24.63,24.63,3279,0
FTAIP.US,D,20231127,000000,24.5,24.7,24.5,24.7,10278,0
FTAIP.US,D,20231128,000000,24.61,24.8,24.61,24.72,8484,0
FTAIP.US,D,20231129,000000,24.7,24.75,24.554,24.72,5648,0
FTAIP.US,D,20231130,000000,24.46,24.58,24.3511,24.58,10590,0
FTAIP.US,D,20231201,000000,24.42,24.5,24.1201,24.5,3048,0
FTAIP.US,D,20231204,000000,24.5,24.509,24.4,24.5,3867,0
FTAIP.US,D,20231205,000000,24.5,24.59,24.5,24.59,2830,0
FTAIP.US,D,20231206,000000,24.75,24.75,24.42,24.7,18497,0
FTAIP.US,D,20231207,000000,24.675,24.675,24.4979,24.6,3153,0
FTAIP.US,D,20231208,000000,24.65,24.65,24.62,24.65,2075,0
FTAIP.US,D,20231211,000000,24.5,24.5,24.4101,24.465,5649,0
FTAIP.US,D,20231212,000000,24.54,24.54,24.4,24.5,3051,0
FTAIP.US,D,20231213,000000,24.4,24.55,24.4,24.5,7168,0
FTAIP.US,D,20231214,000000,24.63,24.72,24.6,24.6,9849,0
FTAIP.US,D,20231215,000000,24.55,24.55,24.45,24.45,1451,0
FTAIP.US,D,20231218,000000,24.46,24.6531,24.41,24.45,8176,0
FTAIP.US,D,20231219,000000,24.52,24.61,24.5,24.54,7007,0
FTAIP.US,D,20231220,000000,24.6,24.7,24.53,24.55,5946,0
FTAIP.US,D,20231221,000000,24.65,24.7499,24.55,24.74,11333,0
FTAIP.US,D,20231222,000000,24.635,24.635,24.47,24.59,3196,0
FTAIP.US,D,20231226,000000,24.6,24.62,24.5717,24.62,1379,0
FTAIP.US,D,20231227,000000,24.62,24.75,24.62,24.75,7220,0
FTAIP.US,D,20231228,000000,24.75,24.95,24.7499,24.9401,7360,0
FTAIP.US,D,20231229,000000,24.79,24.9,24.58,24.66,5988,0
FTAIP.US,D,20240102,000000,24.99,25.1,24.95,25.06,13867,0
FTAIP.US,D,20240103,000000,24.99,25,24.7501,24.8901,4420,0
FTAIP.US,D,20240104,000000,24.89,24.945,24.77,24.85,3040,0
FTAIP.US,D,20240105,000000,24.8501,24.974,24.85,24.89,2176,0
FTAIP.US,D,20240108,000000,25,25,24.81,24.82,10167,0
FTAIP.US,D,20240109,000000,24.9999,25,24.746,25,15151,0
FTAIP.US,D,20240110,000000,24.738,25.1301,24.738,25.1301,7463,0
FTAIP.US,D,20240111,000000,25.2184,25.2184,25.04,25.05,5202,0
FTAIP.US,D,20240112,000000,25.105,25.105,24.82,24.82,4357,0
FTAIP.US,D,20240116,000000,25.0266,25.19,25.0266,25.19,4744,0
FTAIP.US,D,20240117,000000,25.18,25.19,24.85,25.19,1996,0
FTAIP.US,D,20240118,000000,25.19,25.335,25.05,25.05,12227,0
FTAIP.US,D,20240119,000000,25.12,25.2899,25,25,18337,0
FTAIP.US,D,20240122,000000,25.02,25.3,25,25.29,10710,0
FTAIP.US,D,20240123,000000,25.1,25.28,25.1,25.2425,7813,0
FTAIP.US,D,20240124,000000,25.35,25.35,24.9,25.1,10219,0
FTAIP.US,D,20240125,000000,24.91,25.3,24.91,25.22,9482,0
FTAIP.US,D,20240126,000000,25.18,25.2,25.125,25.2,3679,0
FTAIP.US,D,20240129,000000,25.19,25.25,25.09,25.2199,4584,0
FTAIP.US,D,20240130,000000,25.33,25.39,25.24,25.3899,3977,0
FTAIP.US,D,20240131,000000,25.31,25.31,25.04,25.04,2137,0
FTAIP.US,D,20240201,000000,25.29,25.29,24.91,25.1,5827,0
FTAIP.US,D,20240202,000000,25.2,25.2,25.1,25.1,4960,0
FTAIP.US,D,20240205,000000,25.21,25.4,25.1,25.1,26670,0
FTAIP.US,D,20240206,000000,25.115,25.22,25.0704,25.11,5066,0
FTAIP.US,D,20240207,000000,25.1,25.17,25,25.1007,3488,0
FTAIP.US,D,20240208,000000,25.1599,25.1885,25.12,25.12,2234,0
FTAIP.US,D,20240209,000000,25.15,25.2,25.1001,25.2,5549,0
FTAIP.US,D,20240212,000000,25.18,25.36,25.18,25.3,8168,0
FTAIP.US,D,20240213,000000,25.23,25.39,25.23,25.3803,6661,0
FTAIP.US,D,20240214,000000,25.38,25.439,25.356,25.39,7897,0
FTAIP.US,D,20240215,000000,25.4,25.44,25.39,25.43,7085,0
FTAIP.US,D,20240216,000000,25.42,25.4285,25.31,25.31,3219,0
FTAIP.US,D,20240220,000000,25.36,25.3924,25.26,25.3,4075,0
FTAIP.US,D,20240221,000000,25.265,25.32,25.24,25.305,2896,0
FTAIP.US,D,20240222,000000,25.33,25.3444,25.33,25.3444,762,0
FTAIP.US,D,20240223,000000,25.355,25.5099,25.355,25.5099,14148,0
FTAIP.US,D,20240226,000000,25.46,25.51,25.46,25.5,2060,0
FTAIP.US,D,20240227,000000,25.5,25.6,25.42,25.6,8003,0
FTAIP.US,D,20240228,000000,25.62,25.62,25.511,25.565,11108,0
FTAIP.US,D,20240229,000000,25.62,25.62,25.46,25.5,10529,0
FTAIP.US,D,20240301,000000,25.5299,25.63,25.5,25.51,47638,0
FTAIP.US,D,20240304,000000,25.44,25.44,25.0254,25.055,21201,0
FTAIP.US,D,20240305,000000,25,25.1949,24.985,25.075,43511,0
FTAIP.US,D,20240306,000000,25.14,25.14,25.02,25.09,71720,0
FTAIP.US,D,20240307,000000,25.13,25.15,24.985,25.01,22020,0
FTAIP.US,D,20240308,000000,25.08,25.17,25.04,25.04,6121,0
FTAIP.US,D,20240311,000000,25.11,25.16,25.11,25.11,2128,0
FTAIP.US,D,20240312,000000,25.17,25.3499,25.15,25.19,5205,0
FTAIP.US,D,20240313,000000,25.22,25.22,25.16,25.16,4712,0
FTAIP.US,D,20240314,000000,25.18,25.18,25.12,25.1722,1497,0
FTAIP.US,D,20240315,000000,25.1907,25.1947,25.165,25.18,4776,0
FTAIP.US,D,20240318,000000,25.19,25.1901,25.14,25.146,7135,0
FTAIP.US,D,20240319,000000,25.16,25.19,25.16,25.17,5960,0
FTAIP.US,D,20240320,000000,25.19,25.1901,25.12,25.19,9528,0
FTAIP.US,D,20240321,000000,25.2,25.21,25.19,25.2,3121,0
FTAIP.US,D,20240322,000000,25.2,25.2199,25.1505,25.205,7578,0
FTAIP.US,D,20240325,000000,25.22,25.22,25.152,25.16,2368,0
FTAIP.US,D,20240326,000000,25.1801,25.1802,25.13,25.1601,6052,0
FTAIP.US,D,20240327,000000,25.18,25.19,25.1475,25.19,16669,0
FTAIP.US,D,20240328,000000,25.19,25.21,25.06,25.08,51236,0
FTAIP.US,D,20240401,000000,25.1,25.2,25.0972,25.18,7012,0
FTAIP.US,D,20240402,000000,25.2,25.2,25.1899,25.19,2337,0
FTAIP.US,D,20240403,000000,25.1,25.21,25.1,25.21,15700,0
FTAIP.US,D,20240404,000000,25.2,25.2,25.16,25.16,20477,0
FTAIP.US,D,20240405,000000,25.2,25.2,25.13,25.2,2960,0
FTAIP.US,D,20240408,000000,25.1302,25.2099,25.1302,25.2,4263,0
FTAIP.US,D,20240409,000000,25.18,25.19,25.18,25.19,749,0
FTAIP.US,D,20240410,000000,25.08,25.121,25.07,25.1,14940,0
FTAIP.US,D,20240411,000000,25.07,25.0999,25.07,25.0999,5136,0
FTAIP.US,D,20240412,000000,25.08,25.08,25.05,25.05,1301,0
FTAIP.US,D,20240415,000000,25.02,25.03,25,25,5329,0
FTAIP.US,D,20240416,000000,25,25.012,24.9,24.93,16674,0
FTAIP.US,D,20240417,000000,24.98,24.98,24.85,24.85,19909,0
FTAIP.US,D,20240418,000000,24.9,24.92,24.85,24.9,16366,0
FTAIP.US,D,20240419,000000,24.94,24.98,24.87,24.902,8048,0
FTAIP.US,D,20240422,000000,24.94,25,24.89,24.9627,10888,0
FTAIP.US,D,20240423,000000,25,25.0355,24.97,24.98,4999,0
FTAIP.US,D,20240424,000000,25.13,25.288,25.052,25.15,7220,0
FTAIP.US,D,20240425,000000,25.24,25.24,25.15,25.2076,22941,0
FTAIP.US,D,20240426,000000,25.19,25.29,25.19,25.2507,5624,0
FTAIP.US,D,20240429,000000,25.29,25.3,25.212,25.26,8203,0
FTAIP.US,D,20240430,000000,25.2,25.35,25.2,25.27,8989,0
FTAIP.US,D,20240501,000000,25.34,25.34,25.27,25.3,3001,0
FTAIP.US,D,20240502,000000,25.27,25.2963,25.25,25.25,4189,0
FTAIP.US,D,20240503,000000,25.2815,25.35,25.26,25.3,3690,0
FTAIP.US,D,20240506,000000,25.3,25.3,25.191,25.191,30307,0
FTAIP.US,D,20240507,000000,25.18,25.3,25.18,25.225,3419,0
FTAIP.US,D,20240508,000000,25.29,25.29,25.1895,25.27,6116,0
FTAIP.US,D,20240510,000000,25.2248,25.2248,25.2,25.2,2125,0
FTAIP.US,D,20240513,000000,25.27,25.27,25.1,25.15,10729,0
FTAIP.US,D,20240514,000000,25.11,25.2899,25.1,25.15,10176,0
FTAIP.US,D,20240515,000000,25.27,25.27,25.22,25.24,4599,0
FTAIP.US,D,20240516,000000,25.22,25.3,25.19,25.3,1964,0
FTAIP.US,D,20240517,000000,25.375,25.4,25.35,25.4,6342,0
FTAIP.US,D,20240520,000000,25.37,25.4,25.3,25.39,8734,0
FTAIP.US,D,20240521,000000,25.3901,25.4,25.35,25.3898,4565,0
FTAIP.US,D,20240522,000000,25.3303,25.4,25.3303,25.35,5753,0
FTAIP.US,D,20240523,000000,25.38,25.4,25.35,25.35,2992,0
FTAIP.US,D,20240524,000000,25.3501,25.3798,25.3501,25.37,1195,0
FTAIP.US,D,20240528,000000,25.49,25.49,25.3747,25.4182,7163,0
FTAIP.US,D,20240529,000000,25.42,25.4235,25.42,25.4235,1114,0
FTAIP.US,D,20240530,000000,25.4322,25.45,25.42,25.42,1470,0
FTAIP.US,D,20240531,000000,25.46,25.66,25.422,25.66,53381,0
FTAIP.US,D,20240603,000000,25.21,25.21,25.1,25.14,14423,0
FTAIP.US,D,20240604,000000,25.17,25.18,25.0999,25.0999,18905,0
FTAIP.US,D,20240605,000000,25.18,25.18,25.09,25.11,4730,0
FTAIP.US,D,20240606,000000,25.11,25.1147,25.0801,25.11,5006,0
FTAIP.US,D,20240607,000000,25.09,25.11,25.0702,25.08,8097,0
FTAIP.US,D,20240610,000000,25.07,25.135,25.05,25.135,9563,0
FTAIP.US,D,20240611,000000,25.075,25.12,25.075,25.1,2947,0
FTAIP.US,D,20240612,000000,25.07,25.14,25.07,25.11,5644,0
FTAIP.US,D,20240613,000000,25.11,25.14,25.05,25.0501,7488,0
FTAIP.US,D,20240614,000000,25.06,25.1,25.05,25.06,7057,0
FTAIP.US,D,20240617,000000,25.06,25.06,25.02,25.05,4103,0
FTAIP.US,D,20240618,000000,25.05,25.06,24.995,25.04,47909,0
FTAIP.US,D,20240620,000000,25.01,25.07,25,25,39030,0
FTAIP.US,D,20240621,000000,25.015,25.05,25.01,25.0424,10822,0
FTAIP.US,D,20240624,000000,25.12,25.12,25.03,25.04,8264,0
FTAIP.US,D,20240625,000000,25.06,25.17,25.01,25.05,14222,0
FTAIP.US,D,20240626,000000,25.13,25.13,25.01,25.05,18020,0
FTAIP.US,D,20240627,000000,25.0772,25.09,25.05,25.05,2654,0
FTAIP.US,D,20240628,000000,25.03,25.1299,25.022,25.03,9446,0
FTAIP.US,D,20240701,000000,25.08,25.11,25.051,25.07,14276,0
FTAIP.US,D,20240702,000000,25.12,25.14,25.06,25.08,20070,0
FTAIP.US,D,20240703,000000,25.1,25.1,25.06,25.1,3888,0
FTAIP.US,D,20240705,000000,25.05,25.14,25.05,25.1,8322,0
FTAIP.US,D,20240708,000000,25.14,25.14,25.08,25.08,5087,0
FTAIP.US,D,20240709,000000,25.09,25.1,25.07,25.09,13032,0
FTAIP.US,D,20240710,000000,25.1001,25.145,25.07,25.14,2998,0
FTAIP.US,D,20240711,000000,25.15,25.19,25.15,25.165,7250,0
FTAIP.US,D,20240712,000000,25.19,25.19,25.14,25.15,8303,0
FTAIP.US,D,20240715,000000,25.16,25.16,25.14,25.16,9973,0
FTAIP.US,D,20240716,000000,25.1601,25.19,25.1,25.13,10574,0
FTAIP.US,D,20240717,000000,25.14,25.155,25.12,25.155,30242,0
FTAIP.US,D,20240718,000000,25.188,25.188,25.14,25.15,23732,0
FTAIP.US,D,20240719,000000,25.15,25.18,25.15,25.18,4082,0
FTAIP.US,D,20240722,000000,25.22,25.3,25.22,25.29,28449,0
FTAIP.US,D,20240723,000000,25.2805,25.31,25.22,25.24,27292,0
FTAIP.US,D,20240724,000000,25.21,25.31,25.21,25.28,7972,0
FTAIP.US,D,20240725,000000,25.295,25.3,25.29,25.3,1476,0
FTAIP.US,D,20240726,000000,25.3,25.325,25.28,25.32,6259,0
FTAIP.US,D,20240729,000000,25.32,25.34,25.3,25.31,8974,0
FTAIP.US,D,20240730,000000,25.33,25.33,25.3,25.33,5834,0
FTAIP.US,D,20240731,000000,25.28,25.34,25.28,25.34,20578,0
FTAIP.US,D,20240801,000000,25.35,25.35,25.29,25.29,14567,0
FTAIP.US,D,20240802,000000,25.34,25.345,25.2,25.22,15174,0
FTAIP.US,D,20240805,000000,25.2,25.34,25.2,25.27,11170,0
FTAIP.US,D,20240806,000000,25.295,25.3052,25.27,25.2701,1482,0
FTAIP.US,D,20240807,000000,25.26,25.31,25.26,25.3,793,0
FTAIP.US,D,20240808,000000,25.31,25.34,25.29,25.34,8780,0
FTAIP.US,D,20240809,000000,25.34,25.34,25.29,25.3,6287,0
FTAIP.US,D,20240812,000000,25.33,25.41,25.3,25.3161,14347,0
FTAIP.US,D,20240813,000000,25.42,25.45,25.3301,25.395,52762,0
FTAIP.US,D,20240814,000000,25.4,25.44,25.36,25.36,18023,0
FTAIP.US,D,20240815,000000,25.39,25.49,25.39,25.405,19653,0
FTAIP.US,D,20240816,000000,25.41,25.51,25.41,25.51,7636,0
FTAIP.US,D,20240819,000000,25.45,25.55,25.43,25.55,9680,0
FTAIP.US,D,20240820,000000,25.4501,25.55,25.4501,25.55,3377,0
FTAIP.US,D,20240821,000000,25.55,25.56,25.508,25.55,5077,0
FTAIP.US,D,20240822,000000,25.44,25.5699,25.44,25.5699,1949,0
FTAIP.US,D,20240823,000000,25.57,25.57,25.49,25.55,3267,0
FTAIP.US,D,20240826,000000,25.55,25.62,25.5301,25.6,5095,0
FTAIP.US,D,20240827,000000,25.55,25.57,25.5372,25.55,7169,0
FTAIP.US,D,20240828,000000,25.5499,25.565,25.53,25.55,6223,0
FTAIP.US,D,20240829,000000,25.58,25.62,25.58,25.62,4220,0
FTAIP.US,D,20240830,000000,25.68,25.68,25.53,25.53,51837,0
FTAIP.US,D,20240903,000000,25.64,25.64,25.54,25.555,5200,0
FTAIP.US,D,20240904,000000,25.57,25.65,25.57,25.65,3973,0
FTAIP.US,D,20240905,000000,25.65,25.75,25.61,25.72,13279,0
FTAIP.US,D,20240906,000000,25.28,25.28,25.1,25.185,6683,0
FTAIP.US,D,20240909,000000,25.18,25.25,25.16,25.22,9055,0
FTAIP.US,D,20240910,000000,25.2399,25.27,25.19,25.2,9151,0
FTAIP.US,D,20240911,000000,25.24,25.25,25.19,25.21,7803,0
FTAIP.US,D,20240912,000000,25.21,25.2437,25.21,25.21,12101,0
FTAIP.US,D,20240913,000000,25.23,25.23,25.19,25.22,4446,0
FTAIP.US,D,20240916,000000,25.27,25.28,25.26,25.28,3893,0
FTAIP.US,D,20240917,000000,25.2777,25.28,25.235,25.25,17527,0
FTAIP.US,D,20240918,000000,25.25,25.33,25.23,25.3114,5486,0
FTAIP.US,D,20240919,000000,25.33,25.4199,25.33,25.4199,18324,0
FTAIP.US,D,20240920,000000,25.4,25.47,25.3747,25.45,19372,0
FTAIP.US,D,20240923,000000,25.48,25.51,25.4281,25.48,34858,0
FTAIP.US,D,20240924,000000,25.49,25.6946,25.435,25.6,35318,0
FTAIP.US,D,20240925,000000,25.5,25.53,25.46,25.53,26958,0
FTAIP.US,D,20240926,000000,25.55,25.55,25.51,25.51,13265,0
FTAIP.US,D,20240927,000000,25.57,25.59,25.4801,25.52,18800,0
FTAIP.US,D,20240930,000000,25.59,25.65,25.48,25.51,23229,0
FTAIP.US,D,20241001,000000,25.34,25.34,25.23,25.2601,140340,0
FTAIP.US,D,20241002,000000,25.26,25.28,25.25,25.25,37811,0
FTAIP.US,D,20241003,000000,25.27,25.28,25.26,25.26,23429,0
FTAIP.US,D,20241004,000000,25.27,25.29,25.27,25.2852,14436,0
FTAIP.US,D,20241007,000000,25.3,25.3,25.2738,25.29,43179,0
FTAIP.US,D,20241008,000000,25.3,25.3,25.28,25.29,11562,0
FTAIP.US,D,20241009,000000,25.28,25.31,25.28,25.28,18552,0
FTAIP.US,D,20241010,000000,25.29,25.31,25.29,25.3,31427,0
FTAIP.US,D,20241011,000000,25.3,25.32,25.3,25.32,6842,0
FTAIP.US,D,20241014,000000,25.3199,25.32,25.31,25.3146,7349,0
FTAIP.US,D,20241015,000000,25.32,25.33,25.31,25.33,16832,0
FTAIP.US,D,20241016,000000,25.32,25.33,25.31,25.31,10834,0
FTAIP.US,D,20241017,000000,25.3204,25.34,25.32,25.32,11734,0
FTAIP.US,D,20241018,000000,25.33,25.34,25.33,25.34,25796,0
FTAIP.US,D,20241021,000000,25.34,25.34,25.33,25.34,7946,0
FTAIP.US,D,20241022,000000,25.34,25.35,25.34,25.34,4012,0
FTAIP.US,D,20241023,000000,25.34,25.3401,25.34,25.34,7319,0
FTAIP.US,D,20241024,000000,25.34,25.35,25.34,25.34,3962,0
FTAIP.US,D,20241025,000000,25.3576,25.36,25.35,25.355,13324,0
FTAIP.US,D,20241028,000000,25.37,25.37,25.36,25.36,18368,0
FTAIP.US,D,20241029,000000,25.3699,25.3699,25.36,25.36,17101,0
