<TICKER>,<PER>,<DATE>,<TIME>,<OPEN>,<HIGH>,<LOW>,<CLOSE>,<VOL>,<OPENINT>
FTCI.US,D,20210428,000000,15.21,15.46,14,14.26,8837651,0
FTCI.US,D,20210429,000000,14.56,14.78,13.06,13.71,2777379,0
FTCI.US,D,20210430,000000,13.33,13.71,13.18,13.61,1210464,0
FTCI.US,D,20210503,000000,13.61,13.669,13,13.12,484237,0
FTCI.US,D,20210504,000000,13.07,13.145,12.5,12.5,3142144,0
FTCI.US,D,20210505,000000,12.59,13.27,12.5561,12.77,507116,0
FTCI.US,D,20210506,000000,12.81,13.1724,12.58,12.8,392004,0
FTCI.US,D,20210507,000000,12.97,13,12.33,12.4,213814,0
FTCI.US,D,20210510,000000,12.42,12.63,12.02,12.05,375689,0
FTCI.US,D,20210511,000000,12,12.13,11.67,11.7,1023065,0
FTCI.US,D,20210512,000000,11.02,11.205,7.79,8.76,4905721,0
FTCI.US,D,20210513,000000,8.59,8.65,7.87,8.28,2433111,0
FTCI.US,D,20210514,000000,8.45,8.53,8.2,8.38,478783,0
FTCI.US,D,20210517,000000,8.47,8.6,8.0478,8.23,235364,0
FTCI.US,D,20210518,000000,8.21,8.5,8.16,8.27,682711,0
FTCI.US,D,20210519,000000,8.21,8.46,8.05,8.39,238719,0
FTCI.US,D,20210520,000000,8.54,8.875,8.474,8.68,274306,0
FTCI.US,D,20210521,000000,8.76,8.76,8.41,8.62,243872,0
FTCI.US,D,20210524,000000,9.05,9.53,9,9.39,1614100,0
FTCI.US,D,20210525,000000,9.79,9.91,9.3,9.45,783536,0
FTCI.US,D,20210526,000000,9.7134,10.5,9.52,9.91,946871,0
FTCI.US,D,20210527,000000,10,10.785,10,10.72,678265,0
FTCI.US,D,20210528,000000,10.86,11.26,10.53,10.76,733381,0
FTCI.US,D,20210601,000000,11.21,11.25,10.4,10.55,721092,0
FTCI.US,D,20210602,000000,10.46,10.81,10.191,10.67,533065,0
FTCI.US,D,20210603,000000,10.64,10.9189,10.2807,10.78,353376,0
FTCI.US,D,20210604,000000,10.92,11.61,10.86,11.25,492362,0
FTCI.US,D,20210607,000000,11.37,11.37,10.76,10.88,810493,0
FTCI.US,D,20210608,000000,10.65,11.26,10.141,11.13,756075,0
FTCI.US,D,20210609,000000,11.03,11.2495,10.3,10.81,720642,0
FTCI.US,D,20210610,000000,10.75,11.03,10.43,11.01,469419,0
FTCI.US,D,20210611,000000,11.02,11.15,10.53,10.8,245719,0
FTCI.US,D,20210614,000000,10.87,11.73,10.83,11.47,1004368,0
FTCI.US,D,20210615,000000,11.48,11.7768,11,11.11,614616,0
FTCI.US,D,20210616,000000,11.17,12.084,11.17,11.81,1022079,0
FTCI.US,D,20210617,000000,11.87,12.6,11.84,12.25,1130098,0
FTCI.US,D,20210618,000000,12.43,12.49,11.63,11.81,1296965,0
FTCI.US,D,20210621,000000,11.9,12.16,11.57,11.57,704882,0
FTCI.US,D,20210622,000000,11.48,11.7857,11.05,11.55,763586,0
FTCI.US,D,20210623,000000,11.7,13.18,11.69,12.93,2101729,0
FTCI.US,D,20210624,000000,12.93,13.17,12.31,12.84,1154707,0
FTCI.US,D,20210625,000000,12.75,13.025,11.85,12.1,4297764,0
FTCI.US,D,20210628,000000,12.3,12.97,11.93,12.62,1393507,0
FTCI.US,D,20210629,000000,12.79,13.53,12.561,13.14,5493699,0
FTCI.US,D,20210630,000000,13.15,13.98,12.92,13.31,774793,0
FTCI.US,D,20210701,000000,13.32,13.68,12.88,13.23,760471,0
FTCI.US,D,20210702,000000,13.25,13.25,12.66,12.72,502695,0
FTCI.US,D,20210706,000000,12.65,12.74,11.73,12.16,725407,0
FTCI.US,D,20210707,000000,12.26,12.27,11.58,12.03,512802,0
FTCI.US,D,20210708,000000,11.8,12.17,11.51,11.84,405956,0
FTCI.US,D,20210709,000000,11.96,11.96,11.21,11.28,465600,0
FTCI.US,D,20210712,000000,11.28,11.52,11.015,11.47,328884,0
FTCI.US,D,20210713,000000,11.32,11.6,11.16,11.44,407047,0
FTCI.US,D,20210714,000000,11.62,11.7,10.64,10.74,472748,0
FTCI.US,D,20210715,000000,10.85,11.05,10.5107,10.6,422003,0
FTCI.US,D,20210716,000000,10.67,10.77,10.11,10.22,588777,0
FTCI.US,D,20210719,000000,10,10.1,9.43,9.78,453827,0
FTCI.US,D,20210720,000000,9.9,10.21,9.74,10.08,453782,0
FTCI.US,D,20210721,000000,10.2,10.56,10.12,10.54,274753,0
FTCI.US,D,20210722,000000,10.47,10.88,10.12,10.56,232668,0
FTCI.US,D,20210723,000000,10.59,10.655,10.1,10.4,283461,0
FTCI.US,D,20210726,000000,10.37,10.59,9.94,10.1,295887,0
FTCI.US,D,20210727,000000,9.96,10,9.56,9.89,174543,0
FTCI.US,D,20210728,000000,9.93,10.72,9.8001,10.53,448918,0
FTCI.US,D,20210729,000000,10.5,10.63,10.33,10.56,249330,0
FTCI.US,D,20210730,000000,10.41,10.57,10.02,10.14,232397,0
FTCI.US,D,20210802,000000,10.29,10.34,10.01,10.21,206178,0
FTCI.US,D,20210803,000000,10.24,10.4338,10.01,10.08,240229,0
FTCI.US,D,20210804,000000,10,10.35,9.89,10.32,171870,0
FTCI.US,D,20210805,000000,10.36,10.46,10.2,10.4,158371,0
FTCI.US,D,20210806,000000,10.52,10.52,10.22,10.35,130433,0
FTCI.US,D,20210809,000000,10.35,10.83,10.33,10.53,258571,0
FTCI.US,D,20210810,000000,10.62,11.22,10.6,11.1,934526,0
FTCI.US,D,20210811,000000,11.47,11.5399,9.9256,10.45,992882,0
FTCI.US,D,20210812,000000,10.31,10.68,10.31,10.51,445482,0
FTCI.US,D,20210813,000000,10.41,10.4176,9.92,10.01,617771,0
FTCI.US,D,20210816,000000,9.88,9.98,9.1091,9.43,714686,0
FTCI.US,D,20210817,000000,9.33,9.39,8.871,9.02,315647,0
FTCI.US,D,20210818,000000,9.08,9.37,8.96,9.18,282096,0
FTCI.US,D,20210819,000000,9.08,9.32,8.97,9.06,246177,0
FTCI.US,D,20210820,000000,9.01,9.56,8.98,9.53,313502,0
FTCI.US,D,20210823,000000,9.73,9.96,9.63,9.89,244508,0
FTCI.US,D,20210824,000000,9.785,10.14,9.5404,10.11,146250,0
FTCI.US,D,20210825,000000,10.09,10.39,10.05,10.17,249072,0
FTCI.US,D,20210826,000000,10.27,10.97,10.27,10.58,278591,0
FTCI.US,D,20210827,000000,10.59,10.85,10.55,10.82,340269,0
FTCI.US,D,20210830,000000,10.91,11.43,10.74,10.84,541243,0
FTCI.US,D,20210831,000000,10.86,11.06,10.81,10.85,168255,0
FTCI.US,D,20210901,000000,10.9,11.15,10.74,10.81,224026,0
FTCI.US,D,20210902,000000,10.87,10.94,10.41,10.49,467038,0
FTCI.US,D,20210903,000000,10.51,10.67,10,10.32,274631,0
FTCI.US,D,20210907,000000,10.37,10.49,10.23,10.29,153061,0
FTCI.US,D,20210908,000000,10.35,10.35,9.74,9.78,664227,0
FTCI.US,D,20210909,000000,9.78,9.95,9.32,9.81,607764,0
FTCI.US,D,20210910,000000,9.86,10.005,9.38,9.59,824414,0
FTCI.US,D,20210913,000000,9.54,10.16,9.54,9.92,845202,0
FTCI.US,D,20210914,000000,9.9,10.03,9.68,9.72,262325,0
FTCI.US,D,20210915,000000,9.67,9.67,9.01,9.36,982194,0
FTCI.US,D,20210916,000000,9.31,9.5,9.04,9.13,428833,0
FTCI.US,D,20210917,000000,9.2,9.57,9.09,9.3,1737819,0
FTCI.US,D,20210920,000000,9,9.24,8.56,8.73,577556,0
FTCI.US,D,20210921,000000,8.76,8.79,8.53,8.71,398261,0
FTCI.US,D,20210922,000000,8.85,9.05,8.67,8.75,338635,0
FTCI.US,D,20210923,000000,8.84,8.9606,8.53,8.59,515216,0
FTCI.US,D,20210924,000000,8.57,8.63,8.13,8.14,530676,0
FTCI.US,D,20210927,000000,8.19,8.19,7.73,8.14,732236,0
FTCI.US,D,20210928,000000,8.01,8.35,7.67,7.77,775762,0
FTCI.US,D,20210929,000000,7.87,8.12,7.71,7.78,768267,0
FTCI.US,D,20210930,000000,7.9,7.9,7.57,7.79,809489,0
FTCI.US,D,20211001,000000,7.82,7.88,7.51,7.62,542674,0
FTCI.US,D,20211004,000000,7.63,7.67,6.63,6.81,1898269,0
FTCI.US,D,20211005,000000,6.96,7,6.4425,6.69,972179,0
FTCI.US,D,20211006,000000,6.6,6.705,6.42,6.51,640932,0
FTCI.US,D,20211007,000000,6.61,7.07,6.61,6.81,879528,0
FTCI.US,D,20211008,000000,6.81,6.97,6.695,6.84,535647,0
FTCI.US,D,20211011,000000,6.84,6.84,6.55,6.56,723354,0
FTCI.US,D,20211012,000000,6.59,6.8,6.43,6.7,1204428,0
FTCI.US,D,20211013,000000,6.74,6.88,6.5234,6.78,681152,0
FTCI.US,D,20211014,000000,6.86,6.89,6.57,6.67,401805,0
FTCI.US,D,20211015,000000,6.75,6.75,6.48,6.58,988418,0
FTCI.US,D,20211018,000000,6.5,6.61,6.22,6.3,582458,0
FTCI.US,D,20211019,000000,6.33,6.92,6.33,6.76,989596,0
FTCI.US,D,20211020,000000,6.9,7.17,6.7,7.15,1616986,0
FTCI.US,D,20211021,000000,7.7,8.15,7.31,7.82,2771436,0
FTCI.US,D,20211022,000000,7.92,8.05,7.3,7.65,1571253,0
FTCI.US,D,20211025,000000,7.74,8.15,7.3,7.89,1354193,0
FTCI.US,D,20211026,000000,8,8.5,7.71,8.14,899623,0
FTCI.US,D,20211027,000000,8.31,8.75,8.29,8.46,1001674,0
FTCI.US,D,20211028,000000,8.55,9.21,8.53,9.11,1404289,0
FTCI.US,D,20211029,000000,9.07,9.55,9.015,9.54,911482,0
FTCI.US,D,20211101,000000,9.62,10.15,9.62,10.08,1056389,0
FTCI.US,D,20211102,000000,9.5362,9.75,8.77,9.41,1434298,0
FTCI.US,D,20211103,000000,9,9.99,8.98,9.91,733362,0
FTCI.US,D,20211104,000000,9.93,10,9.68,9.89,442534,0
FTCI.US,D,20211105,000000,9.97,10.35,9.945,10.18,649899,0
FTCI.US,D,20211108,000000,10.35,10.44,9.8119,9.92,546072,0
FTCI.US,D,20211109,000000,9.95,9.95,9.26,9.42,901617,0
FTCI.US,D,20211110,000000,7.915,8.59,7.42,8.25,2815385,0
FTCI.US,D,20211111,000000,8.41,9.75,8.4,9.15,1392058,0
FTCI.US,D,20211112,000000,9.23,10.45,9.19,10.27,1713452,0
FTCI.US,D,20211115,000000,10.575,11.2,10.575,10.8,1914891,0
FTCI.US,D,20211116,000000,10.83,10.97,10.32,10.8,824652,0
FTCI.US,D,20211117,000000,10.6,10.9,10.43,10.73,297817,0
FTCI.US,D,20211118,000000,10.58,10.7098,9.31,9.49,966824,0
FTCI.US,D,20211119,000000,9.42,9.91,9.4,9.58,445610,0
FTCI.US,D,20211122,000000,9.5,9.69,8.75,9.04,775134,0
FTCI.US,D,20211123,000000,9.02,9.055,8.46,8.83,979099,0
FTCI.US,D,20211124,000000,8.68,9.05,8.25,9.02,1158108,0
FTCI.US,D,20211126,000000,8.74,8.959,8.48,8.75,561780,0
FTCI.US,D,20211129,000000,8.78,8.89,7.93,8.64,905651,0
FTCI.US,D,20211130,000000,8.5856,8.75,8.07,8.56,662361,0
FTCI.US,D,20211201,000000,8.71,8.82,7.505,7.8,1107384,0
FTCI.US,D,20211202,000000,7.72,8.21,7.57,8.09,1340693,0
FTCI.US,D,20211203,000000,8.09,8.09,7.415,7.5,921573,0
FTCI.US,D,20211206,000000,7.5,7.83,7.11,7.63,440196,0
FTCI.US,D,20211207,000000,7.9,8.15,7.58,7.97,1361858,0
FTCI.US,D,20211208,000000,8,8.34,7.815,8.26,1456035,0
FTCI.US,D,20211209,000000,8.26,8.52,7.99,8.17,1142020,0
FTCI.US,D,20211210,000000,8.2,8.26,7.98,8.05,553596,0
FTCI.US,D,20211213,000000,8.12,8.69,8.06,8.5,842730,0
FTCI.US,D,20211214,000000,8.25,8.61,7.92,8,863015,0
FTCI.US,D,20211215,000000,8,8.07,7.19,7.99,1113128,0
FTCI.US,D,20211216,000000,8.17,8.29,7.73,7.85,767706,0
FTCI.US,D,20211217,000000,7.74,7.88,7.46,7.71,2622689,0
FTCI.US,D,20211220,000000,7.41,7.48,6.8,7.05,1589827,0
FTCI.US,D,20211221,000000,7.22,7.75,7.21,7.56,725817,0
FTCI.US,D,20211222,000000,7.5,7.67,7.4,7.6,534758,0
FTCI.US,D,20211223,000000,7.57,7.68,7.31,7.52,405501,0
FTCI.US,D,20211227,000000,7.61,7.61,7.2,7.49,877466,0
FTCI.US,D,20211228,000000,7.39,7.55,7.18,7.32,439131,0
FTCI.US,D,20211229,000000,7.21,7.555,7.04,7.17,795961,0
FTCI.US,D,20211230,000000,7.22,7.67,7.22,7.49,470972,0
FTCI.US,D,20211231,000000,7.46,7.72,7.39,7.56,406628,0
FTCI.US,D,20220103,000000,7.74,7.74,7.47,7.67,409375,0
FTCI.US,D,20220104,000000,7.67,7.75,6.96,7.07,734840,0
FTCI.US,D,20220105,000000,6.97,7.13,6.47,6.5,899482,0
FTCI.US,D,20220106,000000,6.47,6.64,6.21,6.38,1131658,0
FTCI.US,D,20220107,000000,6.36,6.885,6.34,6.81,874331,0
FTCI.US,D,20220110,000000,6.8,6.856,6.2,6.57,671040,0
FTCI.US,D,20220111,000000,6.65,6.74,6.46,6.71,679925,0
FTCI.US,D,20220112,000000,6.7,6.92,6.47,6.61,487681,0
FTCI.US,D,20220113,000000,6.65,6.65,6.06,6.08,984441,0
FTCI.US,D,20220114,000000,5.59,5.68,5.05,5.13,3054519,0
FTCI.US,D,20220118,000000,5.07,5.09,4.48,4.75,2755798,0
FTCI.US,D,20220119,000000,4.81,4.82,4.35,4.46,1495878,0
FTCI.US,D,20220120,000000,4.54,4.75,4.38,4.38,870719,0
FTCI.US,D,20220121,000000,4.3,4.4,4.06,4.11,1855847,0
FTCI.US,D,20220124,000000,3.94,4.19,3.68,4.18,1384587,0
FTCI.US,D,20220125,000000,4.02,4.15,3.82,3.99,838601,0
FTCI.US,D,20220126,000000,4.1,4.39,3.94,3.96,1331743,0
FTCI.US,D,20220127,000000,4.212,4.212,3.595,3.63,1602285,0
FTCI.US,D,20220128,000000,3.62,3.76,3.35,3.74,1099983,0
FTCI.US,D,20220131,000000,3.76,4.22,3.76,4.22,957612,0
FTCI.US,D,20220201,000000,4.26,4.34,4.02,4.21,1736529,0
FTCI.US,D,20220202,000000,4.26,4.36,4.03,4.05,1148012,0
FTCI.US,D,20220203,000000,3.95,4,3.69,3.71,761266,0
FTCI.US,D,20220204,000000,3.71,3.83,3.66,3.76,403399,0
FTCI.US,D,20220207,000000,3.915,3.915,3.58,3.71,2159395,0
FTCI.US,D,20220208,000000,3.66,3.932,3.64,3.86,821373,0
FTCI.US,D,20220209,000000,4.03,4.33,3.91,4.22,1988433,0
FTCI.US,D,20220210,000000,4.06,4.33,3.96,3.98,1005563,0
FTCI.US,D,20220211,000000,4.02,4.07,3.71,3.72,1204445,0
FTCI.US,D,20220214,000000,3.7,4.01,3.65,3.81,750754,0
FTCI.US,D,20220215,000000,3.94,4.3,3.9,4.26,983423,0
FTCI.US,D,20220216,000000,4.2,4.25,3.965,4.21,668352,0
FTCI.US,D,20220217,000000,4.09,4.1999,3.91,3.92,576935,0
FTCI.US,D,20220218,000000,4.09,4.09,3.765,3.84,539608,0
FTCI.US,D,20220222,000000,3.78,3.84,3.57,3.6,912875,0
FTCI.US,D,20220223,000000,3.69,3.72,3.47,3.52,695794,0
FTCI.US,D,20220224,000000,3.32,4.18,3.3,4.16,976280,0
FTCI.US,D,20220225,000000,4.2,4.3,3.9,4.3,868699,0
FTCI.US,D,20220228,000000,4.38,4.73,4.31,4.71,1410958,0
FTCI.US,D,20220301,000000,4.71,4.98,4.49,4.64,992196,0
FTCI.US,D,20220302,000000,4.67,4.67,4.17,4.49,1178026,0
FTCI.US,D,20220303,000000,4.49,4.6992,4.3,4.69,621392,0
FTCI.US,D,20220304,000000,4.7,4.75,4.1,4.2,994101,0
FTCI.US,D,20220307,000000,4.25,4.69,4.25,4.675,1055412,0
FTCI.US,D,20220308,000000,4.94,5.4,4.53,5.32,2083022,0
FTCI.US,D,20220309,000000,5.38,5.78,5.22,5.65,1944017,0
FTCI.US,D,20220310,000000,5.47,5.76,5.43,5.63,535118,0
FTCI.US,D,20220311,000000,5.69,5.83,5.38,5.44,986093,0
FTCI.US,D,20220314,000000,5.4,5.4,4.92,4.95,1301870,0
FTCI.US,D,20220315,000000,4.73,5.65,4.65,5.62,1420486,0
FTCI.US,D,20220316,000000,5.64,6.29,5.64,6.27,1659185,0
FTCI.US,D,20220317,000000,6.19,6.825,6.15,6.64,1824419,0
FTCI.US,D,20220318,000000,6.49,6.715,6.41,6.49,3797156,0
FTCI.US,D,20220321,000000,6.54,6.65,6.27,6.52,1213178,0
FTCI.US,D,20220322,000000,6.51,6.75,6.245,6.34,831826,0
FTCI.US,D,20220323,000000,6.26,6.47,5.91,6.15,890695,0
FTCI.US,D,20220324,000000,6.29,6.6,6.2,6.45,738348,0
FTCI.US,D,20220325,000000,6.47,6.49,5.93,6.09,482393,0
FTCI.US,D,20220328,000000,6.09,6.19,5.61,5.85,853902,0
FTCI.US,D,20220329,000000,6.095,6.095,5.28,5.33,1856599,0
FTCI.US,D,20220330,000000,5.34,5.375,4.94,4.97,1330724,0
FTCI.US,D,20220331,000000,4.97,5.1,4.8,4.93,1126198,0
FTCI.US,D,20220401,000000,5.01,5.278,4.96,5.13,955772,0
FTCI.US,D,20220404,000000,5.13,5.55,5.13,5.35,748504,0
FTCI.US,D,20220405,000000,5.42,5.42,4.89,4.92,696048,0
FTCI.US,D,20220406,000000,4.95,5.01,4.6,4.89,850057,0
FTCI.US,D,20220407,000000,4.84,4.84,4.4,4.625,856093,0
FTCI.US,D,20220408,000000,4.32,4.32,3.68,3.96,3406203,0
FTCI.US,D,20220411,000000,3.93,4.115,3.83,3.93,1565111,0
FTCI.US,D,20220412,000000,3.96,4.05,3.75,3.76,1320363,0
FTCI.US,D,20220413,000000,3.75,3.825,3.58,3.79,1090769,0
FTCI.US,D,20220414,000000,3.77,3.8,3.57,3.59,1342206,0
FTCI.US,D,20220418,000000,3.55,3.565,3.38,3.45,868091,0
FTCI.US,D,20220419,000000,3.43,3.5812,3.36,3.43,868951,0
FTCI.US,D,20220420,000000,3.48,3.57,3.17,3.21,1254546,0
FTCI.US,D,20220421,000000,3.06,3.09,2.8,2.99,2416720,0
FTCI.US,D,20220422,000000,2.97,3.1,2.8806,3.03,2473383,0
FTCI.US,D,20220425,000000,2.9,3.1,2.83,3.09,1245322,0
FTCI.US,D,20220426,000000,3.03,3.0699,2.87,2.92,1041560,0
FTCI.US,D,20220427,000000,2.9,3.015,2.82,2.86,915181,0
FTCI.US,D,20220428,000000,2.87,2.96,2.69,2.94,1099673,0
FTCI.US,D,20220429,000000,2.88,3.04,2.77,2.8,1037164,0
FTCI.US,D,20220502,000000,2.78,3.1,2.73,3.08,1215563,0
FTCI.US,D,20220503,000000,3.12,3.57,2.99,3.54,1383946,0
FTCI.US,D,20220504,000000,3.56,3.82,3.32,3.81,1415208,0
FTCI.US,D,20220505,000000,3.78,3.83,3.38,3.66,864127,0
FTCI.US,D,20220506,000000,3.62,3.66,3.42,3.65,488762,0
FTCI.US,D,20220509,000000,3.54,3.57,3.195,3.29,593772,0
FTCI.US,D,20220510,000000,2.81,2.935,2.115,2.87,2350406,0
FTCI.US,D,20220511,000000,2.68,3.14,2.6,2.83,830624,0
FTCI.US,D,20220512,000000,2.75,2.94,2.5,2.8,932321,0
FTCI.US,D,20220513,000000,2.82,3.24,2.82,3.24,875909,0
FTCI.US,D,20220516,000000,3.21,3.3,2.945,2.96,871223,0
FTCI.US,D,20220517,000000,3.05,3.48,3,3.46,1321025,0
FTCI.US,D,20220518,000000,3.51,4.14,3.49,3.79,2804490,0
FTCI.US,D,20220519,000000,3.74,4.19,3.74,4.14,1413864,0
FTCI.US,D,20220520,000000,4.14,4.2099,3.6501,3.83,800207,0
FTCI.US,D,20220523,000000,3.96,3.96,3.59,3.95,703811,0
FTCI.US,D,20220524,000000,3.88,3.885,3.64,3.86,787818,0
FTCI.US,D,20220525,000000,3.84,4.14,3.73,3.99,704925,0
FTCI.US,D,20220526,000000,3.99,4.255,3.88,4.15,695461,0
FTCI.US,D,20220527,000000,4.19,4.64,4.18,4.5,900385,0
FTCI.US,D,20220531,000000,4.5,4.58,4.035,4.05,1075313,0
FTCI.US,D,20220601,000000,4.11,4.135,3.56,3.6,1056008,0
FTCI.US,D,20220602,000000,3.66,4.22,3.57,4.11,828798,0
FTCI.US,D,20220603,000000,4.01,4.34,3.8985,3.97,584787,0
FTCI.US,D,20220606,000000,4.97,5.31,4.7396,5.23,8601420,0
FTCI.US,D,20220607,000000,5.13,5.67,5.04,5.63,2196192,0
FTCI.US,D,20220608,000000,5.59,6.14,5.335,5.36,1822378,0
FTCI.US,D,20220609,000000,5.29,6.06,5.27,5.47,2005262,0
FTCI.US,D,20220610,000000,5.211,5.49,5.07,5.27,930992,0
FTCI.US,D,20220613,000000,4.995,5.18,4.39,5.04,2258762,0
FTCI.US,D,20220614,000000,5.13,5.22,4.29,4.37,1897387,0
FTCI.US,D,20220615,000000,4.47,4.99,4.26,4.97,2179084,0
FTCI.US,D,20220616,000000,4.64,4.816,4.07,4.16,1527783,0
FTCI.US,D,20220617,000000,4.17,4.67,4.17,4.47,3003437,0
FTCI.US,D,20220621,000000,4.6,4.93,4.432,4.72,1179488,0
FTCI.US,D,20220622,000000,4.53,4.88,4.48,4.75,897042,0
FTCI.US,D,20220623,000000,4.75,5.01,4.5644,4.96,1177239,0
FTCI.US,D,20220624,000000,5.1,5.24,4.55,4.57,1408577,0
FTCI.US,D,20220627,000000,4.62,4.8,4.08,4.26,1614932,0
FTCI.US,D,20220628,000000,4.37,4.37,3.605,3.655,1767134,0
FTCI.US,D,20220629,000000,3.61,3.61,3.18,3.285,1766094,0
FTCI.US,D,20220630,000000,3.21,3.69,3.21,3.62,987181,0
FTCI.US,D,20220701,000000,3.61,3.98,3.6,3.74,1018561,0
FTCI.US,D,20220705,000000,3.58,3.9,3.41,3.9,1069827,0
FTCI.US,D,20220706,000000,3.88,4.04,3.76,3.94,764517,0
FTCI.US,D,20220707,000000,3.99,4.26,3.97,4.13,1099360,0
FTCI.US,D,20220708,000000,4.01,4.38,3.9057,4.26,678013,0
FTCI.US,D,20220711,000000,4.19,4.29,3.605,3.67,959644,0
FTCI.US,D,20220712,000000,3.68,3.825,3.6199,3.76,702140,0
FTCI.US,D,20220713,000000,3.66,3.83,3.57,3.73,753554,0
FTCI.US,D,20220714,000000,3.67,3.72,3.57,3.69,774361,0
FTCI.US,D,20220715,000000,3.65,3.72,3.175,3.5,1460768,0
FTCI.US,D,20220718,000000,3.62,3.9088,3.53,3.55,1238124,0
FTCI.US,D,20220719,000000,3.73,4.03,3.7,3.95,1131288,0
FTCI.US,D,20220720,000000,3.94,4.33,3.94,4.3,961674,0
FTCI.US,D,20220721,000000,4.25,4.29,4,4.26,697956,0
FTCI.US,D,20220722,000000,4.31,4.34,3.87,3.9,929188,0
FTCI.US,D,20220725,000000,3.96,4.09,3.8,4.06,659211,0
FTCI.US,D,20220726,000000,3.99,4.07,3.88,3.94,412327,0
FTCI.US,D,20220727,000000,4.1,4.28,3.98,4.14,1052487,0
FTCI.US,D,20220728,000000,4.43,4.9961,4.43,4.97,2959413,0
FTCI.US,D,20220729,000000,4.9,5.1,4.725,5.02,1329023,0
FTCI.US,D,20220801,000000,5.06,5.13,4.61,5.04,1134811,0
FTCI.US,D,20220802,000000,4.94,5.205,4.87,5.03,885471,0
FTCI.US,D,20220803,000000,5.04,5.09,4.77,4.91,576459,0
FTCI.US,D,20220804,000000,4.98,5.05,4.79,4.95,592090,0
FTCI.US,D,20220805,000000,5.09,5.29,4.8,4.86,1275077,0
FTCI.US,D,20220808,000000,5,5.505,4.745,4.92,1570175,0
FTCI.US,D,20220809,000000,4.56,4.99,4.392,4.77,1203481,0
FTCI.US,D,20220810,000000,5.04,5.51,4.9306,5.47,1787540,0
FTCI.US,D,20220811,000000,5.6,5.66,4.96,5.05,1319317,0
FTCI.US,D,20220812,000000,5.1,5.45,4.91,5.4,1149338,0
FTCI.US,D,20220815,000000,5.31,5.34,5.05,5.19,1065330,0
FTCI.US,D,20220816,000000,5.14,5.19,4.81,4.88,1153164,0
FTCI.US,D,20220817,000000,4.78,4.89,4.53,4.53,1313056,0
FTCI.US,D,20220818,000000,4.52,4.775,4.44,4.72,1137900,0
FTCI.US,D,20220819,000000,4.56,4.58,4.275,4.36,825822,0
FTCI.US,D,20220822,000000,4.2,4.3,4.11,4.17,800370,0
FTCI.US,D,20220823,000000,4.15,4.355,4.14,4.34,680169,0
FTCI.US,D,20220824,000000,4.35,4.7,4.3,4.64,649228,0
FTCI.US,D,20220825,000000,4.74,4.8,4.43,4.51,517048,0
FTCI.US,D,20220826,000000,4.49,4.58,4.31,4.38,488642,0
FTCI.US,D,20220829,000000,4.21,4.5,4.18,4.35,673962,0
FTCI.US,D,20220830,000000,4.41,4.43,4.03,4.07,499280,0
FTCI.US,D,20220831,000000,4.08,4.17,3.95,4.14,946098,0
FTCI.US,D,20220901,000000,4.02,4.12,3.88,4.01,486106,0
FTCI.US,D,20220902,000000,4.06,4.156,3.77,3.91,567974,0
FTCI.US,D,20220906,000000,3.91,4.1495,3.85,4.06,565128,0
FTCI.US,D,20220907,000000,4.08,4.375,4.02,4.36,741564,0
FTCI.US,D,20220908,000000,4.28,4.35,4.19,4.31,417713,0
FTCI.US,D,20220909,000000,4.38,4.41,4.21,4.3,423467,0
FTCI.US,D,20220912,000000,4.37,4.385,4.1,4.25,574471,0
FTCI.US,D,20220913,000000,4.09,4.22,3.97,4.19,658116,0
FTCI.US,D,20220914,000000,4.19,4.41,4.01,4.35,748775,0
FTCI.US,D,20220915,000000,4.36,4.375,3.72,3.77,1818542,0
FTCI.US,D,20220916,000000,3.63,3.91,3.505,3.77,1255058,0
FTCI.US,D,20220919,000000,3.7,3.93,3.69,3.73,731244,0
FTCI.US,D,20220920,000000,3.66,3.75,3.56,3.58,708607,0
FTCI.US,D,20220921,000000,3.64,3.72,3.37,3.55,769172,0
FTCI.US,D,20220922,000000,3.51,3.62,3.3,3.33,904574,0
FTCI.US,D,20220923,000000,3.36,3.36,3.13,3.17,962483,0
FTCI.US,D,20220926,000000,3.11,3.36,3.06,3.14,1125470,0
FTCI.US,D,20220927,000000,3.15,3.35,3.06,3.1,1319622,0
FTCI.US,D,20220928,000000,3.12,3.21,3.01,3.2,1189181,0
FTCI.US,D,20220929,000000,3.23,3.23,2.93,3.05,4275914,0
FTCI.US,D,20220930,000000,2.94,3.19,2.93,2.96,995480,0
FTCI.US,D,20221003,000000,3.01,3.415,2.78,3.18,1767883,0
FTCI.US,D,20221004,000000,3.3,3.4,3.21,3.33,951569,0
FTCI.US,D,20221005,000000,3.21,3.26,3.0015,3.09,661869,0
FTCI.US,D,20221006,000000,3.06,3.25,2.89,2.93,1199220,0
FTCI.US,D,20221007,000000,2.85,2.895,2.75,2.8,1066291,0
FTCI.US,D,20221010,000000,2.82,2.83,2.66,2.71,578365,0
FTCI.US,D,20221011,000000,2.62,2.81,2.57,2.78,963837,0
FTCI.US,D,20221012,000000,2.79,2.82,2.63,2.73,665441,0
FTCI.US,D,20221013,000000,2.62,2.68,2.5222,2.61,1144913,0
FTCI.US,D,20221014,000000,2.66,2.76,2.435,2.44,686486,0
FTCI.US,D,20221017,000000,2.55,2.575,2.215,2.31,1547322,0
FTCI.US,D,20221018,000000,2.39,2.47,2.23,2.28,1037456,0
FTCI.US,D,20221019,000000,2.24,2.25,2.11,2.18,1105319,0
FTCI.US,D,20221020,000000,2.18,2.18,2.07,2.1,1517762,0
FTCI.US,D,20221021,000000,2.13,2.16,2.02,2.11,896807,0
FTCI.US,D,20221024,000000,2.1,2.13,1.805,1.84,2313709,0
FTCI.US,D,20221025,000000,1.91,2.05,1.88,2.02,2162966,0
FTCI.US,D,20221026,000000,2.08,2.17,2.01,2.04,1256193,0
FTCI.US,D,20221027,000000,2.07,2.12,2.03,2.04,800286,0
FTCI.US,D,20221028,000000,2.05,2.05,1.92,2.01,595120,0
FTCI.US,D,20221031,000000,2,2.12,1.98,2.07,1102008,0
FTCI.US,D,20221101,000000,2.13,2.15,2.01,2.02,717149,0
FTCI.US,D,20221102,000000,2.06,2.06,1.84,1.85,1041741,0
FTCI.US,D,20221103,000000,1.82,1.985,1.82,1.91,722095,0
FTCI.US,D,20221104,000000,1.92,1.98,1.8,1.9,706199,0
FTCI.US,D,20221107,000000,1.9,1.93,1.785,1.86,1229239,0
FTCI.US,D,20221108,000000,1.91,2.12,1.86,1.93,1756336,0
FTCI.US,D,20221109,000000,1.78,2.31,1.78,2.18,3387282,0
FTCI.US,D,20221110,000000,2.3,2.815,2.205,2.78,2215752,0
FTCI.US,D,20221111,000000,2.81,3.0099,2.49,2.58,1788174,0
FTCI.US,D,20221114,000000,2.62,2.66,2.23,2.36,1818523,0
FTCI.US,D,20221115,000000,2.46,2.695,2.38,2.41,1382635,0
FTCI.US,D,20221116,000000,2.37,2.41,2.195,2.26,1170819,0
FTCI.US,D,20221117,000000,2.19,2.3894,2.12,2.3,1633585,0
FTCI.US,D,20221118,000000,2.3,2.33,2.14,2.19,678076,0
FTCI.US,D,20221121,000000,2.13,2.21,2.09,2.13,686210,0
FTCI.US,D,20221122,000000,2.12,2.1785,2.05,2.09,675957,0
FTCI.US,D,20221123,000000,2.06,2.38,2.06,2.28,1311831,0
FTCI.US,D,20221125,000000,2.25,2.25,2.13,2.18,504154,0
FTCI.US,D,20221128,000000,2.17,2.19,1.96,1.96,1725942,0
FTCI.US,D,20221129,000000,1.96,2.09,1.925,1.96,1344721,0
FTCI.US,D,20221130,000000,1.98,2.205,1.945,2.12,3417557,0
FTCI.US,D,20221201,000000,2.15,2.33,2.02,2.28,2013800,0
FTCI.US,D,20221202,000000,2.19,2.5,2.16,2.44,1297053,0
FTCI.US,D,20221205,000000,2.44,2.505,2.35,2.41,922660,0
FTCI.US,D,20221206,000000,2.355,2.36,2.165,2.26,1011723,0
FTCI.US,D,20221207,000000,2.17,2.4,2.05,2.39,1316569,0
FTCI.US,D,20221208,000000,2.38,2.59,2.32,2.53,1149229,0
FTCI.US,D,20221209,000000,2.48,2.74,2.4689,2.63,1451089,0
FTCI.US,D,20221212,000000,2.64,2.745,2.5,2.57,965521,0
FTCI.US,D,20221213,000000,2.72,2.79,2.655,2.71,932534,0
FTCI.US,D,20221214,000000,2.73,2.93,2.708,2.83,1229361,0
FTCI.US,D,20221215,000000,2.76,2.985,2.59,2.6,1122752,0
FTCI.US,D,20221216,000000,2.55,2.66,2.385,2.63,1557675,0
FTCI.US,D,20221219,000000,2.61,2.61,2.43,2.45,939209,0
FTCI.US,D,20221220,000000,2.43,2.52,2.32,2.39,903153,0
FTCI.US,D,20221221,000000,2.43,2.61,2.29,2.6,908735,0
FTCI.US,D,20221222,000000,2.51,2.548,2.35,2.47,916583,0
FTCI.US,D,20221223,000000,2.44,2.46,2.33,2.37,732735,0
FTCI.US,D,20221227,000000,2.35,2.35,2.16,2.23,1042159,0
FTCI.US,D,20221228,000000,2.23,2.32,2.195,2.28,810055,0
FTCI.US,D,20221229,000000,2.31,2.575,2.29,2.55,1005407,0
FTCI.US,D,20221230,000000,2.49,2.69,2.465,2.68,699062,0
FTCI.US,D,20230103,000000,2.76,2.84,2.54,2.59,823044,0
FTCI.US,D,20230104,000000,2.61,2.705,2.52,2.67,958146,0
FTCI.US,D,20230105,000000,2.65,2.65,2.51,2.61,790514,0
FTCI.US,D,20230106,000000,2.65,2.69,2.56,2.64,534306,0
FTCI.US,D,20230109,000000,2.63,2.795,2.55,2.57,505443,0
FTCI.US,D,20230110,000000,2.56,2.78,2.535,2.78,608826,0
FTCI.US,D,20230111,000000,2.83,2.985,2.75,2.92,1400470,0
FTCI.US,D,20230112,000000,2.88,3.03,2.8,2.82,913705,0
FTCI.US,D,20230113,000000,2.7,2.8007,2.485,2.52,2257496,0
FTCI.US,D,20230117,000000,2.52,2.71,2.52,2.6,1956939,0
FTCI.US,D,20230118,000000,2.6,3.02,2.6,2.95,2916475,0
FTCI.US,D,20230119,000000,2.97,2.98,2.77,2.83,1071529,0
FTCI.US,D,20230120,000000,2.85,2.92,2.79,2.91,764999,0
FTCI.US,D,20230123,000000,2.94,3.19,2.91,3.15,1551789,0
FTCI.US,D,20230124,000000,3.1,3.15,2.935,2.99,958672,0
FTCI.US,D,20230125,000000,2.93,2.93,2.775,2.83,1443092,0
FTCI.US,D,20230126,000000,2.855,2.9599,2.76,2.82,872328,0
FTCI.US,D,20230127,000000,2.78,3.025,2.7511,2.94,911202,0
FTCI.US,D,20230130,000000,2.87,2.98,2.645,2.675,945635,0
FTCI.US,D,20230131,000000,2.73,2.76,2.65,2.75,662584,0
FTCI.US,D,20230201,000000,2.73,2.845,2.65,2.82,757257,0
FTCI.US,D,20230202,000000,2.93,3.1505,2.69,2.72,2685370,0
FTCI.US,D,20230203,000000,2.73,2.95,2.69,2.81,970837,0
FTCI.US,D,20230206,000000,2.8,3.01,2.79,2.9,1006398,0
FTCI.US,D,20230207,000000,2.9,2.95,2.83,2.93,616695,0
FTCI.US,D,20230208,000000,2.96,3.0699,2.89,2.9,680201,0
FTCI.US,D,20230209,000000,2.99,3.145,2.83,2.85,1368029,0
FTCI.US,D,20230210,000000,2.8,2.855,2.685,2.72,1151691,0
FTCI.US,D,20230213,000000,2.73,2.74,2.63,2.68,786555,0
FTCI.US,D,20230214,000000,2.64,2.7961,2.6,2.78,663431,0
FTCI.US,D,20230215,000000,2.72,2.99,2.72,2.98,509865,0
FTCI.US,D,20230216,000000,2.92,3.0416,2.7888,2.86,912511,0
FTCI.US,D,20230217,000000,2.81,2.97,2.56,2.92,1545245,0
FTCI.US,D,20230221,000000,2.89,2.925,2.66,2.7,960538,0
FTCI.US,D,20230222,000000,2.72,2.78,2.63,2.72,689076,0
FTCI.US,D,20230223,000000,2.78,2.855,2.675,2.81,812194,0
FTCI.US,D,20230224,000000,2.74,2.78,2.63,2.69,583967,0
FTCI.US,D,20230227,000000,2.73,2.85,2.62,2.82,1022607,0
FTCI.US,D,20230228,000000,2.82,3.155,2.82,3.07,1500641,0
FTCI.US,D,20230301,000000,3.13,3.3178,2.84,2.89,2067220,0
FTCI.US,D,20230302,000000,2.88,2.97,2.74,2.87,1307351,0
FTCI.US,D,20230303,000000,2.94,3.18,2.84,2.86,3158317,0
FTCI.US,D,20230306,000000,2.91,3.23,2.865,3.06,2030603,0
FTCI.US,D,20230307,000000,3.06,3.12,2.9054,3,815111,0
FTCI.US,D,20230308,000000,2.99,3.01,2.88,2.9,979487,0
FTCI.US,D,20230309,000000,2.91,2.98,2.7,2.72,1020790,0
FTCI.US,D,20230310,000000,2.75,2.77,2.48,2.54,1587111,0
FTCI.US,D,20230313,000000,2.5,2.71,2.31,2.66,1322795,0
FTCI.US,D,20230314,000000,2.67,2.7,2.35,2.43,1683487,0
FTCI.US,D,20230315,000000,2.51,2.8,2.42,2.42,1950760,0
FTCI.US,D,20230316,000000,2.35,2.37,2.17,2.27,1487793,0
FTCI.US,D,20230317,000000,2.32,2.35,2.09,2.13,1723276,0
FTCI.US,D,20230320,000000,2.12,2.15,1.99,2.02,1533121,0
FTCI.US,D,20230321,000000,2.09,2.11,1.98,2.07,1754257,0
FTCI.US,D,20230322,000000,2.09,2.22,2.02,2.03,1199814,0
FTCI.US,D,20230323,000000,2.06,2.28,2.01,2.14,1726074,0
FTCI.US,D,20230324,000000,2.11,2.11,2.01,2.06,1476798,0
FTCI.US,D,20230327,000000,2.06,2.08,2.01,2.07,854624,0
FTCI.US,D,20230328,000000,2.05,2.12,2.05,2.11,718325,0
FTCI.US,D,20230329,000000,2.1,2.12,1.99,2.1,1955413,0
FTCI.US,D,20230330,000000,2.12,2.27,2.1,2.1,2462442,0
FTCI.US,D,20230331,000000,2.1,2.275,2.1,2.25,1631835,0
FTCI.US,D,20230403,000000,2.23,2.325,2.1984,2.24,1559061,0
FTCI.US,D,20230404,000000,2.38,2.46,2.27,2.38,1975703,0
FTCI.US,D,20230405,000000,2.39,2.4615,2.21,2.33,2131502,0
FTCI.US,D,20230406,000000,2.4,2.465,2.25,2.41,1502512,0
FTCI.US,D,20230410,000000,2.46,2.53,2.38,2.52,1925801,0
FTCI.US,D,20230411,000000,2.53,2.75,2.51,2.7,1801164,0
FTCI.US,D,20230412,000000,2.73,2.7915,2.65,2.74,1044763,0
FTCI.US,D,20230413,000000,2.81,2.9,2.6787,2.82,1174139,0
FTCI.US,D,20230414,000000,2.81,2.87,2.75,2.86,979727,0
FTCI.US,D,20230417,000000,2.81,2.89,2.76,2.78,1689968,0
FTCI.US,D,20230418,000000,2.78,2.825,2.54,2.6,2098535,0
FTCI.US,D,20230419,000000,2.57,2.63,2.5,2.61,732746,0
FTCI.US,D,20230420,000000,2.52,2.59,2.46,2.58,784144,0
FTCI.US,D,20230421,000000,2.58,2.75,2.57,2.68,2810955,0
FTCI.US,D,20230424,000000,2.68,2.7,2.54,2.64,891425,0
FTCI.US,D,20230425,000000,2.59,2.64,2.5,2.58,944214,0
FTCI.US,D,20230426,000000,2.54,2.695,2.52,2.57,1164804,0
FTCI.US,D,20230427,000000,2.63,2.75,2.61,2.71,841406,0
FTCI.US,D,20230428,000000,2.71,2.82,2.64,2.73,792741,0
FTCI.US,D,20230501,000000,2.69,2.71,2.5976,2.64,589887,0
FTCI.US,D,20230502,000000,2.62,2.63,2.5,2.52,541707,0
FTCI.US,D,20230503,000000,2.52,2.65,2.51,2.58,489895,0
FTCI.US,D,20230504,000000,2.6,2.6184,2.5,2.52,614936,0
FTCI.US,D,20230505,000000,2.57,2.63,2.5325,2.61,503358,0
FTCI.US,D,20230508,000000,2.57,2.675,2.57,2.64,504861,0
FTCI.US,D,20230509,000000,2.71,2.715,2.56,2.65,1323628,0
FTCI.US,D,20230510,000000,2.82,2.96,2.71,2.77,1811412,0
FTCI.US,D,20230511,000000,2.81,2.9707,2.77,2.89,1221358,0
FTCI.US,D,20230512,000000,2.92,3.17,2.895,3.1,2251420,0
FTCI.US,D,20230515,000000,3.06,3.505,3.02,3.4,2870131,0
FTCI.US,D,20230516,000000,3.39,3.51,3.09,3.2,1672499,0
FTCI.US,D,20230517,000000,3.25,3.5,3.215,3.4,1257461,0
FTCI.US,D,20230518,000000,3.4,3.41,2.9901,3.02,1864102,0
FTCI.US,D,20230519,000000,3.02,3.23,3,3.08,1250793,0
FTCI.US,D,20230522,000000,3.09,3.42,3.03,3.38,1441479,0
FTCI.US,D,20230523,000000,3.34,3.555,3.335,3.41,1193732,0
FTCI.US,D,20230524,000000,3.39,3.39,3.23,3.24,1358336,0
FTCI.US,D,20230525,000000,3.27,3.29,2.63,2.84,4800682,0
FTCI.US,D,20230526,000000,2.89,2.975,2.79,2.85,966888,0
FTCI.US,D,20230530,000000,2.9,3.0107,2.63,2.68,2490454,0
FTCI.US,D,20230531,000000,2.68,2.85,2.65,2.76,2084587,0
FTCI.US,D,20230601,000000,2.75,2.8285,2.695,2.78,1252182,0
FTCI.US,D,20230602,000000,2.84,2.9609,2.75,2.82,1216189,0
FTCI.US,D,20230605,000000,2.81,2.89,2.765,2.82,923567,0
FTCI.US,D,20230606,000000,2.79,2.84,2.66,2.74,1136105,0
FTCI.US,D,20230607,000000,2.73,2.81,2.68,2.74,984065,0
FTCI.US,D,20230608,000000,2.73,2.775,2.69,2.75,793737,0
FTCI.US,D,20230609,000000,2.75,2.77,2.64,2.71,1042337,0
FTCI.US,D,20230612,000000,2.7,2.75,2.575,2.6,1618886,0
FTCI.US,D,20230613,000000,2.6,2.67,2.5573,2.64,2074158,0
FTCI.US,D,20230614,000000,2.67,2.675,2.55,2.57,1216572,0
FTCI.US,D,20230615,000000,2.56,2.71,2.51,2.7,1422078,0
FTCI.US,D,20230616,000000,2.7,2.75,2.57,2.58,2331324,0
FTCI.US,D,20230620,000000,2.62,2.62,2.43,2.48,1086569,0
FTCI.US,D,20230621,000000,2.48,2.54,2.39,2.48,1534748,0
FTCI.US,D,20230622,000000,2.48,2.71,2.44,2.66,3615624,0
FTCI.US,D,20230623,000000,2.64,2.64,2.44,2.54,6246758,0
FTCI.US,D,20230626,000000,2.57,2.59,2.47,2.53,2295601,0
FTCI.US,D,20230627,000000,2.53,2.68,2.425,2.64,2274447,0
FTCI.US,D,20230628,000000,2.61,2.85,2.6,2.84,1912291,0
FTCI.US,D,20230629,000000,2.84,2.97,2.79,2.96,4339300,0
FTCI.US,D,20230630,000000,2.97,3.28,2.93,3.22,3458489,0
FTCI.US,D,20230703,000000,3.2,3.3,3.17,3.27,1467848,0
FTCI.US,D,20230705,000000,3.25,3.25,3.075,3.15,1439169,0
FTCI.US,D,20230706,000000,3.06,3.07,2.94,3.02,1181703,0
FTCI.US,D,20230707,000000,3.04,3.22,3.02,3.13,1284046,0
FTCI.US,D,20230710,000000,3.11,3.21,3.025,3.2,1280075,0
FTCI.US,D,20230711,000000,3.19,3.23,3.09,3.13,988181,0
FTCI.US,D,20230712,000000,3.18,3.295,3.08,3.28,1400128,0
FTCI.US,D,20230713,000000,3.27,3.35,3.165,3.23,1222489,0
FTCI.US,D,20230714,000000,3.25,3.28,3.12,3.13,896028,0
FTCI.US,D,20230717,000000,3.14,3.36,3.03,3.32,1245819,0
FTCI.US,D,20230718,000000,3.33,3.48,3.21,3.28,1637959,0
FTCI.US,D,20230719,000000,3.3,3.575,3.3,3.34,2182365,0
FTCI.US,D,20230720,000000,3.35,3.47,3.19,3.45,1203572,0
FTCI.US,D,20230721,000000,3.48,3.705,3.46,3.65,2025923,0
FTCI.US,D,20230724,000000,3.67,3.81,3.44,3.79,2187313,0
FTCI.US,D,20230725,000000,3.83,3.85,3.46,3.55,1823622,0
FTCI.US,D,20230726,000000,3.47,3.635,3.452,3.58,882814,0
FTCI.US,D,20230727,000000,3.61,3.76,3.56,3.63,1676712,0
FTCI.US,D,20230728,000000,3.63,3.705,3.59,3.68,1188066,0
FTCI.US,D,20230731,000000,3.7,3.81,3.66,3.8,906402,0
FTCI.US,D,20230801,000000,3.76,3.87,3.73,3.75,1076178,0
FTCI.US,D,20230802,000000,3.72,3.72,3.36,3.51,1111411,0
FTCI.US,D,20230803,000000,3.49,3.65,3.48,3.505,471420,0
FTCI.US,D,20230804,000000,3.59,3.59,3.3805,3.47,1048623,0
FTCI.US,D,20230807,000000,3.44,3.45,3.3,3.38,931455,0
FTCI.US,D,20230808,000000,3.34,3.51,3.11,3.46,3081447,0
FTCI.US,D,20230809,000000,2.66,3.135,2.25,2.3,10254963,0
FTCI.US,D,20230810,000000,2.33,2.55,2.215,2.22,4939022,0
FTCI.US,D,20230811,000000,2.2001,2.48,2.005,2.31,5342496,0
FTCI.US,D,20230814,000000,2.28,2.28,2.03,2.14,2616177,0
FTCI.US,D,20230815,000000,2.1,2.125,1.96,1.99,2556462,0
FTCI.US,D,20230816,000000,2,2.03,1.91,1.95,1658229,0
FTCI.US,D,20230817,000000,1.93,1.98,1.87,1.92,2257256,0
FTCI.US,D,20230818,000000,1.92,1.95,1.855,1.93,999642,0
FTCI.US,D,20230821,000000,1.94,1.975,1.89,1.92,1269812,0
FTCI.US,D,20230822,000000,1.95,1.99,1.875,1.97,1219574,0
FTCI.US,D,20230823,000000,1.95,2.03,1.91,1.91,1101430,0
FTCI.US,D,20230824,000000,1.9,1.9,1.81,1.82,1293967,0
FTCI.US,D,20230825,000000,1.82,1.89,1.8,1.87,950458,0
FTCI.US,D,20230828,000000,1.89,1.99,1.88,1.97,884165,0
FTCI.US,D,20230829,000000,1.97,2.085,1.9175,2.07,1409754,0
FTCI.US,D,20230830,000000,2.07,2.105,1.9,1.92,1850404,0
FTCI.US,D,20230831,000000,1.92,2.04,1.87,1.88,1161350,0
FTCI.US,D,20230901,000000,1.92,2.01,1.92,1.99,753589,0
FTCI.US,D,20230905,000000,2.01,2.02,1.94,1.95,899815,0
FTCI.US,D,20230906,000000,1.94,1.95,1.82,1.85,1152261,0
FTCI.US,D,20230907,000000,1.85,1.85,1.7,1.74,1744889,0
FTCI.US,D,20230908,000000,1.7,1.755,1.59,1.65,1861104,0
FTCI.US,D,20230911,000000,1.67,1.7,1.58,1.62,832498,0
FTCI.US,D,20230912,000000,1.62,1.685,1.48,1.52,2720535,0
FTCI.US,D,20230913,000000,1.49,1.5,1.3,1.32,2741019,0
FTCI.US,D,20230914,000000,1.32,1.45,1.31,1.38,2092340,0
FTCI.US,D,20230915,000000,1.4,1.48,1.3415,1.42,3315285,0
FTCI.US,D,20230918,000000,1.42,1.4518,1.315,1.35,1589887,0
FTCI.US,D,20230919,000000,1.38,1.57,1.355,1.46,3794527,0
FTCI.US,D,20230920,000000,1.48,1.565,1.41,1.46,1817602,0
FTCI.US,D,20230921,000000,1.41,1.44,1.31,1.35,2527327,0
FTCI.US,D,20230922,000000,1.36,1.39,1.27,1.39,3108198,0
FTCI.US,D,20230925,000000,1.37,1.38,1.285,1.32,2084457,0
FTCI.US,D,20230926,000000,1.31,1.318,1.23,1.26,1677907,0
FTCI.US,D,20230927,000000,1.28,1.295,1.15,1.18,1940172,0
FTCI.US,D,20230928,000000,1.19,1.24,1.13,1.19,3243212,0
FTCI.US,D,20230929,000000,1.21,1.29,1.2,1.28,2018909,0
FTCI.US,D,20231002,000000,1.29,1.295,1.19,1.21,1376762,0
FTCI.US,D,20231003,000000,1.2,1.22,1.115,1.18,1285837,0
FTCI.US,D,20231004,000000,1.2,1.22,1.08,1.11,2485690,0
FTCI.US,D,20231005,000000,1.12,1.26,1.07,1.19,2396361,0
FTCI.US,D,20231006,000000,1.15,1.27,1.1,1.26,1830124,0
FTCI.US,D,20231009,000000,1.22,1.295,1.22,1.28,981914,0
FTCI.US,D,20231010,000000,1.3,1.48,1.3,1.45,1586617,0
FTCI.US,D,20231011,000000,1.46,1.485,1.32,1.39,892220,0
FTCI.US,D,20231012,000000,1.36,1.39,1.285,1.31,635689,0
FTCI.US,D,20231013,000000,1.31,1.33,1.28,1.31,660380,0
FTCI.US,D,20231016,000000,1.29,1.33,1.25,1.31,836025,0
FTCI.US,D,20231017,000000,1.32,1.45,1.29,1.41,684299,0
FTCI.US,D,20231018,000000,1.39,1.41,1.25,1.35,771656,0
FTCI.US,D,20231019,000000,1.33,1.38,1.2923,1.315,332381,0
FTCI.US,D,20231020,000000,1.3,1.3,1.2,1.22,863387,0
FTCI.US,D,20231023,000000,1.2,1.28,1.18,1.24,684668,0
FTCI.US,D,20231024,000000,1.26,1.3388,1.24,1.25,684520,0
FTCI.US,D,20231025,000000,1.24,1.28,1.2,1.25,748935,0
FTCI.US,D,20231026,000000,1.24,1.26,1.15,1.19,1001126,0
FTCI.US,D,20231027,000000,1.2,1.2,1.11,1.12,608179,0
FTCI.US,D,20231030,000000,1.13,1.175,1.08,1.09,1029928,0
FTCI.US,D,20231031,000000,1.05,1.13,1.05,1.07,980007,0
FTCI.US,D,20231101,000000,1.09,1.11,1.025,1.05,891506,0
FTCI.US,D,20231102,000000,1.08,1.24,1.07,1.22,935391,0
FTCI.US,D,20231103,000000,1.24,1.36,1.24,1.25,902532,0
FTCI.US,D,20231106,000000,1.28,1.28,1.17,1.2,1010993,0
FTCI.US,D,20231107,000000,1.2,1.22,1.15,1.19,1288237,0
FTCI.US,D,20231108,000000,0.73,0.74,0.2821,0.423,28710632,0
FTCI.US,D,20231109,000000,0.4842,0.55,0.38,0.4496,14115343,0
FTCI.US,D,20231110,000000,0.4593,0.4593,0.3996,0.4401,4310048,0
FTCI.US,D,20231113,000000,0.44,0.458,0.4001,0.4495,3715176,0
FTCI.US,D,20231114,000000,0.461,0.5099,0.43865,0.4932,4193391,0
FTCI.US,D,20231115,000000,0.505,0.56,0.4812,0.5174,3276203,0
FTCI.US,D,20231116,000000,0.5025,0.5299,0.48,0.5084,2220260,0
FTCI.US,D,20231117,000000,0.53,0.5473,0.486,0.5171,3335145,0
FTCI.US,D,20231120,000000,0.5137,0.575,0.5,0.5544,2024233,0
FTCI.US,D,20231121,000000,0.57,0.5721,0.5225,0.5521,2709273,0
FTCI.US,D,20231122,000000,0.5537,0.63,0.5423,0.62,2906786,0
FTCI.US,D,20231124,000000,0.631,0.6477,0.5735,0.6372,939379,0
FTCI.US,D,20231127,000000,0.6375,0.6667,0.6117,0.6214,4768392,0
FTCI.US,D,20231128,000000,0.6,0.6635,0.6,0.65,1086318,0
FTCI.US,D,20231129,000000,0.638,0.7485,0.638,0.7395,2874389,0
FTCI.US,D,20231130,000000,0.759,0.769899,0.65,0.65,1778043,0
FTCI.US,D,20231201,000000,0.65,0.7159,0.65,0.6866,1331498,0
FTCI.US,D,20231204,000000,0.7,0.7379,0.6839,0.7088,731828,0
FTCI.US,D,20231205,000000,0.71,0.7234,0.6606,0.6646,779064,0
FTCI.US,D,20231206,000000,0.7,0.719,0.6727,0.6827,550732,0
FTCI.US,D,20231207,000000,0.7,0.72,0.6739,0.7082,436494,0
FTCI.US,D,20231208,000000,0.6901,0.7589,0.6901,0.7472,1154556,0
FTCI.US,D,20231211,000000,0.76,0.89,0.745501,0.8198,1544329,0
FTCI.US,D,20231212,000000,0.8762,0.8762,0.7427,0.7664,1441265,0
FTCI.US,D,20231213,000000,0.7623,0.8241,0.7,0.8147,1487782,0
FTCI.US,D,20231214,000000,0.8326,0.93,0.83,0.89,2164397,0
FTCI.US,D,20231215,000000,0.93,0.999,0.9077,0.9415,2398868,0
FTCI.US,D,20231218,000000,0.94,0.956,0.8,0.8098,1446444,0
FTCI.US,D,20231219,000000,0.82,0.8898,0.7628,0.7747,1128188,0
FTCI.US,D,20231220,000000,0.7817,0.82,0.7201,0.7318,1211599,0
FTCI.US,D,20231221,000000,0.74,0.7573,0.6668,0.6955,1868477,0
FTCI.US,D,20231222,000000,0.6971,0.73,0.6543,0.6571,1527318,0
FTCI.US,D,20231226,000000,0.66,0.7399,0.6472,0.7369,1491196,0
FTCI.US,D,20231227,000000,0.7369,0.8098,0.7151,0.7289,1194681,0
FTCI.US,D,20231228,000000,0.7339,0.7999,0.707,0.7156,3093474,0
FTCI.US,D,20231229,000000,0.7267,0.7578,0.6701,0.6928,942178,0
FTCI.US,D,20240102,000000,0.7324,0.75,0.66,0.6953,937964,0
FTCI.US,D,20240103,000000,0.7186,0.7278,0.68,0.6924,715385,0
FTCI.US,D,20240104,000000,0.6901,0.695,0.63,0.6407,808283,0
FTCI.US,D,20240105,000000,0.652,0.68,0.612,0.6248,467603,0
FTCI.US,D,20240108,000000,0.6397,0.6606,0.62,0.6427,683242,0
FTCI.US,D,20240109,000000,0.64,0.6537,0.5836,0.5907,466745,0
FTCI.US,D,20240110,000000,0.6,0.6,0.5402,0.5633,734983,0
FTCI.US,D,20240111,000000,0.5701,0.5865,0.51,0.5426,817353,0
FTCI.US,D,20240112,000000,0.5499,0.6199,0.549,0.568,577415,0
FTCI.US,D,20240116,000000,0.5679,0.5682,0.5008,0.5108,508851,0
FTCI.US,D,20240117,000000,0.5,0.55,0.4701,0.4807,669752,0
FTCI.US,D,20240118,000000,0.505,0.522,0.47,0.4941,614737,0
FTCI.US,D,20240119,000000,0.5078,0.5299,0.4708,0.526,580359,0
FTCI.US,D,20240122,000000,0.516,0.6046,0.4979,0.5655,648748,0
FTCI.US,D,20240123,000000,0.5855,0.5885,0.55,0.5672,276400,0
FTCI.US,D,20240124,000000,0.5687,0.5787,0.5215,0.5298,281593,0
FTCI.US,D,20240125,000000,0.525,0.5562,0.51,0.5301,426843,0
FTCI.US,D,20240126,000000,0.57,0.5788,0.5371,0.57,691579,0
FTCI.US,D,20240129,000000,0.5496,0.5893,0.523,0.5798,714157,0
FTCI.US,D,20240130,000000,0.5514,0.5697,0.51,0.5171,492576,0
FTCI.US,D,20240131,000000,0.515,0.5365,0.501,0.5015,453585,0
FTCI.US,D,20240201,000000,0.5015,0.5349,0.5015,0.5244,344246,0
FTCI.US,D,20240202,000000,0.51,0.5299,0.5,0.5055,368519,0
FTCI.US,D,20240205,000000,0.5106,0.5183,0.453001,0.4619,721034,0
FTCI.US,D,20240206,000000,0.4533,0.5,0.4528,0.4886,403560,0
FTCI.US,D,20240207,000000,0.4792,0.5,0.4725,0.4736,494958,0
FTCI.US,D,20240208,000000,0.471,0.52,0.4701,0.4994,667534,0
FTCI.US,D,20240209,000000,0.5239,0.57,0.516,0.5656,735051,0
FTCI.US,D,20240212,000000,0.58,0.7336,0.58,0.7056,1442543,0
FTCI.US,D,20240213,000000,0.6267,0.69,0.6,0.6051,721582,0
FTCI.US,D,20240214,000000,0.625,0.69,0.6,0.6747,784382,0
FTCI.US,D,20240215,000000,0.6747,0.69,0.631,0.6387,324569,0
FTCI.US,D,20240216,000000,0.645,0.67,0.56605,0.5721,713027,0
FTCI.US,D,20240220,000000,0.57,0.589,0.52,0.5426,584803,0
FTCI.US,D,20240221,000000,0.5263,0.5664,0.5188,0.5227,291037,0
FTCI.US,D,20240222,000000,0.5272,0.5486,0.5104,0.5228,397724,0
FTCI.US,D,20240223,000000,0.52,0.57,0.5101,0.54,2087005,0
FTCI.US,D,20240226,000000,0.5606,0.57,0.51,0.523,452824,0
FTCI.US,D,20240227,000000,0.51,0.5551,0.51,0.546,327995,0
FTCI.US,D,20240228,000000,0.546,0.5472,0.43,0.451,1495696,0
FTCI.US,D,20240229,000000,0.4795,0.54,0.4795,0.512,460988,0
FTCI.US,D,20240301,000000,0.5192,0.5487,0.481,0.5075,875430,0
FTCI.US,D,20240304,000000,0.51,0.52,0.4835,0.5044,293554,0
FTCI.US,D,20240305,000000,0.502,0.516,0.4751,0.49,707140,0
FTCI.US,D,20240306,000000,0.497,0.53,0.4781,0.4995,514012,0
FTCI.US,D,20240307,000000,0.5031,0.5205,0.491,0.5061,306082,0
FTCI.US,D,20240308,000000,0.4972,0.5271,0.4958,0.5054,384943,0
FTCI.US,D,20240311,000000,0.515,0.5257,0.471,0.4759,454164,0
FTCI.US,D,20240312,000000,0.485,0.485,0.4497,0.4568,917617,0
FTCI.US,D,20240313,000000,0.4512,0.51,0.4512,0.4747,1771158,0
FTCI.US,D,20240314,000000,0.415,0.4957,0.39,0.4449,2204231,0
FTCI.US,D,20240315,000000,0.4449,0.49,0.43,0.4415,2206880,0
FTCI.US,D,20240318,000000,0.4597,0.5063,0.4429,0.4973,697538,0
FTCI.US,D,20240319,000000,0.5162,0.555,0.497,0.5372,903490,0
FTCI.US,D,20240320,000000,0.55,0.56,0.514,0.5465,1013146,0
FTCI.US,D,20240321,000000,0.5465,0.6161,0.5465,0.5777,1414092,0
FTCI.US,D,20240322,000000,0.571,0.579899,0.43,0.4682,1980444,0
FTCI.US,D,20240325,000000,0.5,0.5078,0.4601,0.4792,618230,0
FTCI.US,D,20240326,000000,0.4665,0.534533,0.46,0.519,795850,0
FTCI.US,D,20240327,000000,0.5128,0.6076,0.5016,0.5883,1144169,0
FTCI.US,D,20240328,000000,0.57,0.6205,0.52,0.539,1237230,0
FTCI.US,D,20240401,000000,0.569,0.569,0.501,0.5262,678178,0
FTCI.US,D,20240402,000000,0.513,0.54,0.48,0.485,756913,0
FTCI.US,D,20240403,000000,0.49,0.5101,0.47,0.5055,587055,0
FTCI.US,D,20240404,000000,0.5172,0.5789,0.5,0.5388,785578,0
FTCI.US,D,20240405,000000,0.54,0.5608,0.50205,0.552,562904,0
FTCI.US,D,20240408,000000,0.55,0.5612,0.51,0.5275,405540,0
FTCI.US,D,20240409,000000,0.547,0.55,0.517,0.5357,303351,0
FTCI.US,D,20240410,000000,0.533,0.555199,0.49,0.51,367528,0
FTCI.US,D,20240411,000000,0.54,0.54,0.4687,0.4846,637800,0
FTCI.US,D,20240412,000000,0.484,0.4958,0.471,0.475,277653,0
FTCI.US,D,20240415,000000,0.4946,0.503,0.442,0.4495,433790,0
FTCI.US,D,20240416,000000,0.445,0.445,0.4,0.4052,534428,0
FTCI.US,D,20240417,000000,0.4,0.4412,0.4,0.407,521147,0
FTCI.US,D,20240418,000000,0.42,0.4217,0.37,0.3805,566773,0
FTCI.US,D,20240419,000000,0.39,0.42,0.3806,0.3907,411201,0
FTCI.US,D,20240422,000000,0.4001,0.4146,0.384,0.3926,467238,0
FTCI.US,D,20240423,000000,0.417,0.4346,0.39,0.4166,248279,0
FTCI.US,D,20240424,000000,0.4103,0.4688,0.4103,0.4524,422695,0
FTCI.US,D,20240425,000000,0.4642,0.4698,0.4,0.4017,489667,0
FTCI.US,D,20240426,000000,0.4016,0.4481,0.39,0.4289,320742,0
FTCI.US,D,20240429,000000,0.43,0.47,0.42,0.4482,365591,0
FTCI.US,D,20240430,000000,0.436,0.49,0.435,0.46,531729,0
FTCI.US,D,20240501,000000,0.4646,0.4987,0.4346,0.4471,632361,0
FTCI.US,D,20240502,000000,0.45,0.47,0.4402,0.4663,259821,0
FTCI.US,D,20240503,000000,0.472,0.580799,0.466,0.543,1468763,0
FTCI.US,D,20240506,000000,0.54,0.57,0.5123,0.5341,1045862,0
FTCI.US,D,20240507,000000,0.518,0.5858,0.518,0.573,741837,0
FTCI.US,D,20240508,000000,0.5608,0.57499,0.5052,0.5126,634937,0
FTCI.US,D,20240509,000000,0.54,0.5509,0.5052,0.55,797138,0
FTCI.US,D,20240510,000000,0.5599,0.56,0.462,0.4657,1209021,0
FTCI.US,D,20240513,000000,0.4711,0.525,0.4711,0.4985,616126,0
FTCI.US,D,20240514,000000,0.5,0.5233,0.485,0.5141,313335,0
FTCI.US,D,20240515,000000,0.5281,0.5281,0.4676,0.5056,375510,0
FTCI.US,D,20240516,000000,0.473,0.5134,0.4672,0.4853,476221,0
FTCI.US,D,20240517,000000,0.4999,0.5154,0.4702,0.4989,459340,0
FTCI.US,D,20240520,000000,0.51,0.5212,0.5046,0.5068,266330,0
FTCI.US,D,20240521,000000,0.5118,0.5213,0.465,0.472,365574,0
FTCI.US,D,20240522,000000,0.4798,0.53,0.4702,0.52,695509,0
FTCI.US,D,20240523,000000,0.52,0.52,0.4811,0.49,405523,0
FTCI.US,D,20240524,000000,0.5,0.52,0.478,0.4901,648183,0
FTCI.US,D,20240528,000000,0.48,0.52,0.48,0.5162,490798,0
FTCI.US,D,20240529,000000,0.4945,0.513,0.4734,0.481,448633,0
FTCI.US,D,20240530,000000,0.4787,0.5066,0.4787,0.4844,296867,0
FTCI.US,D,20240531,000000,0.49,0.52,0.49,0.5181,440117,0
FTCI.US,D,20240603,000000,0.5181,0.52,0.5,0.5005,265003,0
FTCI.US,D,20240604,000000,0.4917,0.509,0.484,0.488,205561,0
FTCI.US,D,20240605,000000,0.497,0.5007,0.485,0.499,267265,0
FTCI.US,D,20240606,000000,0.5,0.504,0.4825,0.4873,427588,0
FTCI.US,D,20240607,000000,0.5,0.504,0.451,0.4587,504584,0
FTCI.US,D,20240610,000000,0.4675,0.47,0.44,0.4478,410684,0
FTCI.US,D,20240611,000000,0.4415,0.485,0.4415,0.4849,436825,0
FTCI.US,D,20240612,000000,0.485,0.485,0.45,0.4525,368629,0
FTCI.US,D,20240613,000000,0.45,0.464,0.4126,0.4212,971376,0
FTCI.US,D,20240614,000000,0.4276,0.475,0.425,0.4692,477225,0
FTCI.US,D,20240617,000000,0.4584,0.4738,0.446,0.4693,285599,0
FTCI.US,D,20240618,000000,0.4675,0.478,0.4619,0.4665,290534,0
FTCI.US,D,20240620,000000,0.447,0.4664,0.4287,0.4334,552862,0
FTCI.US,D,20240621,000000,0.43,0.4499,0.422,0.44,355256,0
FTCI.US,D,20240624,000000,0.423,0.45295,0.4152,0.4216,279819,0
FTCI.US,D,20240625,000000,0.429,0.4392,0.4045,0.4317,381281,0
FTCI.US,D,20240626,000000,0.43,0.4398,0.4001,0.4001,492457,0
FTCI.US,D,20240627,000000,0.411,0.4384,0.401,0.4283,505288,0
FTCI.US,D,20240628,000000,0.419,0.436327,0.353,0.353,9364188,0
FTCI.US,D,20240701,000000,0.379,0.3811,0.3034,0.3034,1612452,0
FTCI.US,D,20240702,000000,0.33,0.3393,0.3,0.3,574016,0
FTCI.US,D,20240703,000000,0.32,0.3289,0.3,0.3034,859002,0
FTCI.US,D,20240705,000000,0.3,0.335,0.3,0.3208,430451,0
FTCI.US,D,20240708,000000,0.3207,0.3324,0.32,0.32,393773,0
FTCI.US,D,20240709,000000,0.32,0.3528,0.31,0.3321,727668,0
FTCI.US,D,20240710,000000,0.345,0.3875,0.3336,0.364,615532,0
FTCI.US,D,20240711,000000,0.38,0.401,0.38,0.3845,370762,0
FTCI.US,D,20240712,000000,0.42,0.434,0.3935,0.419,919979,0
FTCI.US,D,20240715,000000,0.4113,0.43,0.4033,0.4248,453626,0
FTCI.US,D,20240716,000000,0.4115,0.429,0.3705,0.415,738960,0
FTCI.US,D,20240717,000000,0.4199,0.43,0.4153,0.4212,278549,0
FTCI.US,D,20240718,000000,0.402,0.421,0.3815,0.3891,245032,0
FTCI.US,D,20240719,000000,0.38,0.4088,0.38,0.39,359544,0
FTCI.US,D,20240722,000000,0.3949,0.4099,0.38,0.3814,281266,0
FTCI.US,D,20240723,000000,0.388,0.4123,0.3801,0.408,226370,0
FTCI.US,D,20240724,000000,0.4,0.4398,0.3999,0.4188,506521,0
FTCI.US,D,20240725,000000,0.4104,0.43,0.404,0.4161,188507,0
FTCI.US,D,20240726,000000,0.411,0.485,0.408,0.476,715619,0
FTCI.US,D,20240729,000000,0.476,0.485,0.3962,0.402,836733,0
FTCI.US,D,20240730,000000,0.4061,0.44,0.3811,0.3822,523361,0
FTCI.US,D,20240731,000000,0.3903,0.4198,0.3902,0.4177,294897,0
FTCI.US,D,20240801,000000,0.4125,0.42,0.4001,0.4107,117517,0
FTCI.US,D,20240802,000000,0.405,0.4079,0.39,0.4001,447189,0
FTCI.US,D,20240805,000000,0.38,0.3974,0.37,0.395,548129,0
FTCI.US,D,20240806,000000,0.402,0.4049,0.3709,0.3775,387179,0
FTCI.US,D,20240807,000000,0.3775,0.3988,0.3775,0.3802,198682,0
FTCI.US,D,20240808,000000,0.33,0.3491,0.1758,0.2532,4408947,0
FTCI.US,D,20240809,000000,0.2633,0.2696,0.245,0.2452,868359,0
FTCI.US,D,20240812,000000,0.25,0.2599,0.2101,0.2108,2768528,0
FTCI.US,D,20240813,000000,0.219,0.278734,0.2156,0.25,2088112,0
FTCI.US,D,20240814,000000,0.27,0.2701,0.237,0.2542,1647958,0
FTCI.US,D,20240815,000000,0.255,0.2643,0.238,0.2401,1546601,0
FTCI.US,D,20240816,000000,0.26,0.2626,0.2321,0.2374,1643422,0
FTCI.US,D,20240819,000000,0.2537,0.26,0.24,0.2452,1924663,0
FTCI.US,D,20240820,000000,0.2501,0.29,0.25,0.278,1696317,0
FTCI.US,D,20240821,000000,0.3,0.3151,0.2639,0.2681,1296279,0
FTCI.US,D,20240822,000000,0.284,0.284,0.2425,0.2524,795429,0
FTCI.US,D,20240823,000000,0.2526,0.2795,0.241,0.2456,741165,0
FTCI.US,D,20240826,000000,0.2555,0.2645,0.2422,0.2465,799869,0
FTCI.US,D,20240827,000000,0.26,0.2793,0.2467,0.2595,1604268,0
FTCI.US,D,20240828,000000,0.2593,0.2677,0.2423,0.2445,526785,0
FTCI.US,D,20240829,000000,0.2526,0.2619,0.248,0.2501,344988,0
FTCI.US,D,20240830,000000,0.2575,0.2575,0.2313,0.2367,1278289,0
FTCI.US,D,20240903,000000,0.245,0.2454,0.2106,0.2153,826064,0
FTCI.US,D,20240904,000000,0.2113,0.2299,0.2113,0.2272,613408,0
FTCI.US,D,20240905,000000,0.225,0.234,0.211,0.217,474667,0
FTCI.US,D,20240906,000000,0.217,0.217,0.202,0.2051,1059215,0
FTCI.US,D,20240909,000000,0.2134,0.2299,0.2026,0.213,1015467,0
FTCI.US,D,20240910,000000,0.2158,0.2399,0.2109,0.2251,31851381,0
FTCI.US,D,20240911,000000,0.35,0.5758,0.316,0.4592,283388824,0
FTCI.US,D,20240912,000000,0.4024,0.4154,0.3312,0.355,16617461,0
FTCI.US,D,20240913,000000,0.3451,0.4374,0.3203,0.3751,12456030,0
FTCI.US,D,20240916,000000,0.3703,0.4599,0.365,0.456,8938648,0
FTCI.US,D,20240917,000000,0.46,0.57,0.425,0.5491,7672249,0
FTCI.US,D,20240918,000000,0.53,0.587,0.489,0.494,3407508,0
FTCI.US,D,20240919,000000,0.52,0.545,0.4801,0.527,2007908,0
FTCI.US,D,20240920,000000,0.5266,0.5266,0.4909,0.4909,1311612,0
FTCI.US,D,20240923,000000,0.4999,0.5659,0.4947,0.5486,2412547,0
FTCI.US,D,20240924,000000,0.55,0.6003,0.53,0.543,3952292,0
FTCI.US,D,20240925,000000,0.5324,0.5647,0.5148,0.5257,3762085,0
FTCI.US,D,20240926,000000,0.56,0.56,0.52,0.5495,1311495,0
FTCI.US,D,20240927,000000,0.57,0.6543,0.544999,0.645,4313490,0
FTCI.US,D,20240930,000000,0.6366,0.6974,0.6202,0.6806,1975751,0
FTCI.US,D,20241001,000000,0.6777,0.68,0.54,0.5868,2673464,0
FTCI.US,D,20241002,000000,0.5912,0.6175,0.5114,0.5224,2171640,0
FTCI.US,D,20241003,000000,0.52,0.5566,0.5,0.52,948569,0
FTCI.US,D,20241004,000000,0.547,0.55,0.4973,0.5262,723412,0
FTCI.US,D,20241007,000000,0.5125,0.53,0.4688,0.4849,1291895,0
FTCI.US,D,20241008,000000,0.485,0.52,0.45,0.4543,1587066,0
FTCI.US,D,20241009,000000,0.4656,0.48,0.4512,0.4628,745599,0
FTCI.US,D,20241010,000000,0.4733,0.48,0.4438,0.4525,546010,0
FTCI.US,D,20241011,000000,0.4691,0.475,0.4454,0.4497,512119,0
FTCI.US,D,20241014,000000,0.4576,0.4907,0.43,0.482,873821,0
FTCI.US,D,20241015,000000,0.48,0.5483,0.478,0.5145,1289823,0
FTCI.US,D,20241016,000000,0.529,0.54,0.5,0.5341,751424,0
FTCI.US,D,20241017,000000,0.5327,0.566999,0.51,0.5331,858166,0
FTCI.US,D,20241018,000000,0.5331,0.5951,0.5331,0.589,1574598,0
FTCI.US,D,20241021,000000,0.59,0.69,0.5864,0.66,2679626,0
FTCI.US,D,20241022,000000,0.6605,0.679899,0.622,0.633,1148562,0
FTCI.US,D,20241023,000000,0.69,0.7125,0.6244,0.6558,2601630,0
FTCI.US,D,20241024,000000,0.66,0.71,0.6438,0.7057,1486502,0
FTCI.US,D,20241025,000000,0.6945,0.74,0.6435,0.6614,1260474,0
FTCI.US,D,20241028,000000,0.655,0.675,0.63,0.636,874247,0
FTCI.US,D,20241029,000000,0.634,0.67,0.5572,0.59,1654945,0
