<TICKER>,<PER>,<DATE>,<TIME>,<OPEN>,<HIGH>,<LOW>,<CLOSE>,<VOL>,<OPENINT>
GDHG.US,D,20230412,000000,4,4.58,3.6,4.01,899200,0
GDHG.US,D,20230413,000000,3.64,4.14,3.24,4.01,1285371,0
GDHG.US,D,20230414,000000,3.97,4.01,3.41,4,114220,0
GDHG.US,D,20230417,000000,3.81,4.01,3.65,3.99,66538,0
GDHG.US,D,20230418,000000,3.85,4,3.8,3.99,53404,0
GDHG.US,D,20230419,000000,3.82,3.98,3.82,3.97,12561,0
GDHG.US,D,20230420,000000,3.99,4.02,3.42,3.85,86601,0
GDHG.US,D,20230421,000000,3.935,4,3.4773,3.84,49006,0
GDHG.US,D,20230424,000000,3.8001,3.84,3.709,3.709,3492,0
GDHG.US,D,20230425,000000,3.76,3.85,3.65,3.71,3372,0
GDHG.US,D,20230426,000000,3.68,3.98,3.24,3.78,67426,0
GDHG.US,D,20230427,000000,3.66,3.9,3.62,3.78,24758,0
GDHG.US,D,20230428,000000,4,5.04,3.76,4.09,152602,0
GDHG.US,D,20230501,000000,4.1,4.4,3.81,4.22,132883,0
GDHG.US,D,20230502,000000,4.04,4.15,3.33,3.87,137467,0
GDHG.US,D,20230503,000000,4.08,4.12,3.7,3.95,24404,0
GDHG.US,D,20230504,000000,3.8,4.1,3.8,3.9501,99542,0
GDHG.US,D,20230505,000000,3.73,4,3.6,3.83,22982,0
GDHG.US,D,20230508,000000,3.75,3.95,3.75,3.9398,4622,0
GDHG.US,D,20230509,000000,4.06,4.49,4.045,4.21,135633,0
GDHG.US,D,20230510,000000,4.35,4.37,3.7351,4.24,606782,0
GDHG.US,D,20230511,000000,4.03,4.4548,4.03,4.23,245725,0
GDHG.US,D,20230512,000000,4.25,5.23,4.08,4.2,274808,0
GDHG.US,D,20230515,000000,4.14,4.49,4.09,4.22,323033,0
GDHG.US,D,20230516,000000,4.3,4.9399,4.3,4.41,250377,0
GDHG.US,D,20230517,000000,4.266,4.73,4.23,4.3,25458,0
GDHG.US,D,20230518,000000,4.262,4.63,4.2,4.39,127165,0
GDHG.US,D,20230519,000000,4.4501,4.7497,4.21,4.28,211116,0
GDHG.US,D,20230522,000000,4.31,4.398,4.225,4.26,120707,0
GDHG.US,D,20230523,000000,4.28,4.45,4.25,4.25,233834,0
GDHG.US,D,20230524,000000,4.32,4.58,4.29,4.35,164587,0
GDHG.US,D,20230525,000000,4.3943,4.5897,4.3943,4.42,82736,0
GDHG.US,D,20230526,000000,4.6,4.64,4.36,4.36,56356,0
GDHG.US,D,20230530,000000,4.45,4.75,4.39,4.39,178053,0
GDHG.US,D,20230531,000000,4.36,4.565,3.8,4.05,128572,0
GDHG.US,D,20230601,000000,4.09,4.49,4.09,4.13,22573,0
GDHG.US,D,20230602,000000,4.28,4.28,4.06,4.17,3957,0
GDHG.US,D,20230605,000000,4.2,4.248,4,4.04,8859,0
GDHG.US,D,20230606,000000,4.2,4.38,4.19,4.28,53870,0
GDHG.US,D,20230607,000000,4.2527,4.33,4.2071,4.22,17658,0
GDHG.US,D,20230608,000000,4.16,4.45,4.16,4.42,43212,0
GDHG.US,D,20230609,000000,4.32,4.4,4.25,4.3,15647,0
GDHG.US,D,20230612,000000,4.24,4.85,4.22,4.66,123652,0
GDHG.US,D,20230613,000000,4.68,5.0246,4.68,4.79,36384,0
GDHG.US,D,20230614,000000,4.77,4.9,4.23,4.35,76015,0
GDHG.US,D,20230615,000000,4.3,4.69,4.1894,4.33,6995,0
GDHG.US,D,20230616,000000,4.4,4.69,4.4,4.47,38484,0
GDHG.US,D,20230620,000000,4.47,4.538,4.152,4.35,11711,0
GDHG.US,D,20230621,000000,4.19,4.19,4.022,4.15,2263,0
GDHG.US,D,20230622,000000,4.2,4.25,4.03,4.04,9264,0
GDHG.US,D,20230623,000000,4.27,4.69,4.21,4.46,52872,0
GDHG.US,D,20230626,000000,4.5027,4.51,4.502,4.51,1000,0
GDHG.US,D,20230628,000000,4.53,4.71,4.36,4.5,15686,0
GDHG.US,D,20230629,000000,4.32,4.5,4.32,4.46,4141,0
GDHG.US,D,20230630,000000,4.47,4.6,4.4,4.4,13586,0
GDHG.US,D,20230703,000000,4.41,4.41,4.3352,4.4,4816,0
GDHG.US,D,20230705,000000,4.41,4.42,4.39,4.4,6137,0
GDHG.US,D,20230706,000000,4.3501,4.3501,4.35,4.35,933,0
GDHG.US,D,20230707,000000,4.42,4.43,4.41,4.41,1519,0
GDHG.US,D,20230710,000000,4.3973,4.4,4.26,4.385,18681,0
GDHG.US,D,20230711,000000,4.2387,4.49,4.22,4.25,14741,0
GDHG.US,D,20230712,000000,4.25,4.37,4.145,4.23,8053,0
GDHG.US,D,20230713,000000,4.6,5.03,4.2001,4.21,7999,0
GDHG.US,D,20230714,000000,4.06,4.21,4.01,4.01,17500,0
GDHG.US,D,20230717,000000,4.41,4.68,3.77,4.1,113798,0
GDHG.US,D,20230718,000000,3.91,4.19,3.69,4.19,11632,0
GDHG.US,D,20230719,000000,3.8,4.03,3.71,3.87,8750,0
GDHG.US,D,20230720,000000,3.69,3.7931,3.5,3.7,92122,0
GDHG.US,D,20230721,000000,3.59,3.8,3.59,3.63,9568,0
GDHG.US,D,20230724,000000,3.7,3.9,3.62,3.62,15980,0
GDHG.US,D,20230725,000000,3.6465,3.79,3.62,3.68,4355,0
GDHG.US,D,20230726,000000,3.68,3.83,3.65,3.7162,13707,0
GDHG.US,D,20230727,000000,3.65,3.76,3.6,3.75,6508,0
GDHG.US,D,20230728,000000,3.74,3.84,3.56,3.56,2211,0
GDHG.US,D,20230731,000000,3.5501,3.71,3.55,3.7099,8256,0
GDHG.US,D,20230801,000000,3.51,3.68,3.14,3.25,39478,0
GDHG.US,D,20230802,000000,3.25,3.49,3.25,3.48,11855,0
GDHG.US,D,20230803,000000,3.58,3.58,3.25,3.25,11286,0
GDHG.US,D,20230804,000000,3.36,3.36,3.15,3.15,18283,0
GDHG.US,D,20230807,000000,3.1501,3.1501,3.1501,3.1501,1676,0
GDHG.US,D,20230808,000000,3.1473,3.48,3.03,3.25,15908,0
GDHG.US,D,20230809,000000,3.18,3.45,3.16,3.21,23440,0
GDHG.US,D,20230810,000000,3.12,3.369,3.1,3.2462,24060,0
GDHG.US,D,20230811,000000,3.14,3.3999,3.14,3.3999,13199,0
GDHG.US,D,20230814,000000,3.15,3.29,3.15,3.24,10043,0
GDHG.US,D,20230815,000000,3.1966,3.26,3.15,3.1506,2203,0
GDHG.US,D,20230816,000000,3.1,3.3566,3.1,3.19,7450,0
GDHG.US,D,20230817,000000,3.11,3.38,2.96,3.05,13622,0
GDHG.US,D,20230818,000000,3.14,3.25,3,3.04,16811,0
GDHG.US,D,20230821,000000,3.25,3.3,3.1606,3.2,10129,0
GDHG.US,D,20230822,000000,3.3,3.3,3.2,3.21,13465,0
GDHG.US,D,20230823,000000,3.19,3.2,2.94,3.18,10945,0
GDHG.US,D,20230824,000000,3.19,3.2,3.1,3.1,10943,0
GDHG.US,D,20230825,000000,3.02,3.02,3.01,3.01,2009,0
GDHG.US,D,20230828,000000,3.1173,3.3,3,3.29,28890,0
GDHG.US,D,20230829,000000,3.26,3.26,3.26,3.26,154,0
GDHG.US,D,20230830,000000,3.35,3.38,3.29,3.29,1676,0
GDHG.US,D,20230831,000000,3.265,3.38,3.15,3.21,1679,0
GDHG.US,D,20230901,000000,3.16,3.35,3.04,3.11,24029,0
GDHG.US,D,20230905,000000,3.3869,3.46,3.08,3.36,25807,0
GDHG.US,D,20230906,000000,3.32,3.32,3.32,3.32,1741,0
GDHG.US,D,20230907,000000,3.19,3.2,3,3.2,2183,0
GDHG.US,D,20230908,000000,3.2,4.8,3.2,3.98,1243435,0
GDHG.US,D,20230911,000000,4.1,4.65,4.06,4.42,72103,0
GDHG.US,D,20230912,000000,4.54,5,4.03,4.35,50750,0
GDHG.US,D,20230913,000000,4.25,4.4,4.1001,4.38,22747,0
GDHG.US,D,20230914,000000,4.7,4.7,4.1683,4.3,62161,0
GDHG.US,D,20230915,000000,4.2,4.35,3.91,4.15,148146,0
GDHG.US,D,20230918,000000,4.2,4.6,4.2,4.42,26773,0
GDHG.US,D,20230919,000000,4.5,4.54,4.28,4.42,15995,0
GDHG.US,D,20230920,000000,4.68,5.06,4.39,4.84,536458,0
GDHG.US,D,20230921,000000,4.95,4.96,4.7032,4.78,244883,0
GDHG.US,D,20230922,000000,4.89,5.729,4.88,5.605,316731,0
GDHG.US,D,20230925,000000,6.05,7.9,4.3501,5.86,1085433,0
GDHG.US,D,20230926,000000,5.96,6.67,5.86,6.6,181679,0
GDHG.US,D,20230927,000000,6.6,8.23,6.35,7.17,363212,0
GDHG.US,D,20230928,000000,7.05,7.38,6.3475,7.36,240783,0
GDHG.US,D,20230929,000000,7.22,7.88,7,7.88,176839,0
GDHG.US,D,20231002,000000,7.5,7.94,7.48,7.79,155472,0
GDHG.US,D,20231003,000000,7.71,7.9,6.8001,6.95,224682,0
GDHG.US,D,20231004,000000,7.18,7.28,6.195,6.52,261111,0
GDHG.US,D,20231005,000000,6.87,7.4649,6.5,7.02,320389,0
GDHG.US,D,20231006,000000,6.97,7.19,6.7,6.9,267029,0
GDHG.US,D,20231009,000000,6.66,7.75,6.66,7.74,311714,0
GDHG.US,D,20231010,000000,8,8,7.55,7.98,327465,0
GDHG.US,D,20231011,000000,7.84,9.98,7.84,9.88,485206,0
GDHG.US,D,20231012,000000,9.8,10.97,9.4001,10.93,467002,0
GDHG.US,D,20231013,000000,11.29,13.35,10.34,13.34,472336,0
GDHG.US,D,20231016,000000,12.58,14.9,12.51,14.32,526190,0
GDHG.US,D,20231017,000000,14.02,15,13.06,13.35,443541,0
GDHG.US,D,20231018,000000,13.36,14.62,13.0501,13.77,433626,0
GDHG.US,D,20231019,000000,13.86,15,13.55,14.42,506957,0
GDHG.US,D,20231020,000000,14.25,14.52,12.53,13.16,557003,0
GDHG.US,D,20231023,000000,13.31,14.04,12.63,13.58,446221,0
GDHG.US,D,20231024,000000,13.81,13.94,11.6201,12,496427,0
GDHG.US,D,20231025,000000,12.11,12.6,11.98,12.43,539583,0
GDHG.US,D,20231026,000000,12.59,14.21,12.24,13.755,496601,0
GDHG.US,D,20231027,000000,13.73,14.04,12.53,13.44,577669,0
GDHG.US,D,20231030,000000,13.89,13.89,11.29,12.66,572662,0
GDHG.US,D,20231031,000000,12.23,13.89,12.03,13.55,484301,0
GDHG.US,D,20231101,000000,13.37,15,13.01,15,528584,0
GDHG.US,D,20231102,000000,14.83,21.99,14.83,17,704122,0
GDHG.US,D,20231103,000000,17.1,19.6494,16.53,17.14,488763,0
GDHG.US,D,20231106,000000,16.61,19.34,15.81,19.02,396556,0
GDHG.US,D,20231107,000000,19,19.5968,17.84,19.34,353353,0
GDHG.US,D,20231108,000000,19.99,19.99,18.28,19.22,393130,0
GDHG.US,D,20231109,000000,19.99,22,18.5,21.35,371611,0
GDHG.US,D,20231110,000000,21.93,24.63,20.745,23.75,304239,0
GDHG.US,D,20231113,000000,23,24.99,11.005,17.12,1006257,0
GDHG.US,D,20231114,000000,14.62,20,14.62,19.64,456490,0
GDHG.US,D,20231115,000000,19.51,22.9,19.11,19.78,323211,0
GDHG.US,D,20231116,000000,20.35,20.4709,17.8,18.43,357317,0
GDHG.US,D,20231117,000000,18.13,21.43,16.66,20.39,404258,0
GDHG.US,D,20231120,000000,21.82,23.81,20.64,23.45,392852,0
GDHG.US,D,20231121,000000,22.5,24.3,21,21.5,349851,0
GDHG.US,D,20231122,000000,22,22.7099,21.63,22.6,330621,0
GDHG.US,D,20231124,000000,24.3,24.3,19.75,23.49,355513,0
GDHG.US,D,20231127,000000,22.52,24.8299,21.2,24.31,475456,0
GDHG.US,D,20231128,000000,23.41,24.55,22,23.1,391853,0
GDHG.US,D,20231129,000000,23.14,23.5,21.44,23.06,270839,0
GDHG.US,D,20231130,000000,23,23.53,21.41,21.58,360047,0
GDHG.US,D,20231201,000000,22,22,19.75,20.55,338882,0
GDHG.US,D,20231204,000000,19.53,20.8,19,20.14,290682,0
GDHG.US,D,20231205,000000,19.81,20.81,19.17,20.58,304918,0
GDHG.US,D,20231206,000000,20.99,21.74,19.5875,21.08,335584,0
GDHG.US,D,20231207,000000,20.88,22.3,2.2,2.32,8769832,0
GDHG.US,D,20231208,000000,1.82,1.82,1.33,1.36,7824443,0
GDHG.US,D,20231211,000000,1.17,1.42,1.05,1.31,3380704,0
GDHG.US,D,20231212,000000,1.32,1.52,1.22,1.47,2475824,0
GDHG.US,D,20231213,000000,1.44,1.55,1.26,1.36,1949076,0
GDHG.US,D,20231214,000000,1.31,1.44,1.26,1.36,1043988,0
GDHG.US,D,20231215,000000,1.31,1.37,1.2,1.29,1039957,0
GDHG.US,D,20231218,000000,1.24,1.3,1.23,1.26,1542017,0
GDHG.US,D,20231219,000000,1.26,1.49,1.25,1.32,2133699,0
GDHG.US,D,20231220,000000,1.25,1.37,1.15,1.15,1133202,0
GDHG.US,D,20231221,000000,1.16,1.215,1.08,1.2,606092,0
GDHG.US,D,20231222,000000,1.18,1.1801,1.07,1.14,629623,0
GDHG.US,D,20231226,000000,1.09,1.12,0.9,0.9272,2782788,0
GDHG.US,D,20231227,000000,0.9201,0.9201,0.7402,0.77,2327517,0
GDHG.US,D,20231228,000000,0.7852,0.7852,0.7022,0.75,1244269,0
GDHG.US,D,20231229,000000,0.7828,0.7828,0.7102,0.7295,638417,0
GDHG.US,D,20240102,000000,0.7452,0.7452,0.66,0.6715,760619,0
GDHG.US,D,20240103,000000,0.68,0.68,0.622,0.6523,665574,0
GDHG.US,D,20240104,000000,0.65,0.6578,0.6302,0.65,425956,0
GDHG.US,D,20240105,000000,0.65,0.6511,0.6131,0.6242,364933,0
GDHG.US,D,20240108,000000,0.6055,0.62,0.56,0.5716,674259,0
GDHG.US,D,20240109,000000,0.575,0.58,0.5505,0.5687,255973,0
GDHG.US,D,20240110,000000,0.5687,0.58,0.5551,0.5632,370861,0
GDHG.US,D,20240111,000000,0.5693,0.585,0.539,0.5649,445188,0
GDHG.US,D,20240112,000000,0.58,0.599,0.5506,0.56,638336,0
GDHG.US,D,20240116,000000,0.5511,0.56,0.526,0.5353,237323,0
GDHG.US,D,20240117,000000,0.5129,0.539008,0.5015,0.511,233016,0
GDHG.US,D,20240118,000000,0.515,0.515,0.48,0.49,179069,0
GDHG.US,D,20240119,000000,0.500001,0.515,0.4401,0.4507,432031,0
GDHG.US,D,20240122,000000,0.46,0.4722,0.441,0.4642,184560,0
GDHG.US,D,20240123,000000,0.485,0.54,0.465,0.5018,574480,0
GDHG.US,D,20240124,000000,0.5488,0.5488,0.5,0.509,217968,0
GDHG.US,D,20240125,000000,0.51,0.515,0.5,0.5095,120524,0
GDHG.US,D,20240126,000000,0.5081,0.56,0.5024,0.5441,377918,0
GDHG.US,D,20240129,000000,0.5752,0.748,0.550101,0.69,1800690,0
GDHG.US,D,20240130,000000,0.74,0.847,0.55,0.569,2105670,0
GDHG.US,D,20240131,000000,0.5775,0.635592,0.54,0.5925,443379,0
GDHG.US,D,20240201,000000,0.6056,0.69,0.6,0.636,512665,0
GDHG.US,D,20240202,000000,0.64,0.64,0.5933,0.6061,178337,0
GDHG.US,D,20240205,000000,0.61,0.6207,0.4854,0.4955,494068,0
GDHG.US,D,20240206,000000,0.5,0.5707,0.5,0.533,242868,0
GDHG.US,D,20240207,000000,0.5224,0.57,0.51,0.568,878797,0
GDHG.US,D,20240208,000000,0.613,0.769,0.56,0.5874,3887881,0
GDHG.US,D,20240209,000000,0.621,0.63,0.5551,0.57,1435710,0
GDHG.US,D,20240212,000000,0.57,0.6,0.51,0.5812,2439934,0
GDHG.US,D,20240213,000000,0.5483,0.585,0.51,0.5331,2798149,0
GDHG.US,D,20240214,000000,0.54,0.61,0.48,0.525,5221073,0
GDHG.US,D,20240215,000000,0.52,0.569999,0.49,0.5131,5625609,0
GDHG.US,D,20240216,000000,0.5,0.519,0.45,0.503501,2952043,0
GDHG.US,D,20240220,000000,0.49,0.4938,0.4405,0.45,1789547,0
GDHG.US,D,20240221,000000,0.4441,0.458,0.438,0.44,1228985,0
GDHG.US,D,20240222,000000,0.451,0.567,0.451,0.47,9166389,0
GDHG.US,D,20240223,000000,0.47,0.491,0.41,0.473,6324343,0
GDHG.US,D,20240226,000000,0.496,0.5366,0.441,0.5148,5388645,0
GDHG.US,D,20240227,000000,0.5701,0.62,0.4732,0.5,10689436,0
GDHG.US,D,20240228,000000,0.51,0.525,0.4605,0.516,3557580,0
GDHG.US,D,20240229,000000,0.54,0.547,0.4801,0.4967,3938714,0
GDHG.US,D,20240301,000000,0.49,0.5098,0.4769,0.4884,2408135,0
GDHG.US,D,20240304,000000,0.48,0.499,0.48,0.492,1653438,0
GDHG.US,D,20240305,000000,0.48,0.481899,0.45,0.468,1940420,0
GDHG.US,D,20240306,000000,0.48,0.55,0.465,0.51,6051779,0
GDHG.US,D,20240307,000000,0.529,0.53,0.47,0.4927,2547170,0
GDHG.US,D,20240308,000000,0.4919,0.52,0.4801,0.497,2055524,0
GDHG.US,D,20240311,000000,0.497,0.51,0.4801,0.4878,1442031,0
GDHG.US,D,20240312,000000,0.52,0.52,0.483,0.499,1682091,0
GDHG.US,D,20240313,000000,0.49,0.5099,0.4699,0.49,2151121,0
GDHG.US,D,20240314,000000,0.47,0.48,0.439,0.4471,2008213,0
GDHG.US,D,20240315,000000,0.4485,0.46,0.44,0.44,1279385,0
GDHG.US,D,20240318,000000,0.466,0.4799,0.4501,0.4715,1648159,0
GDHG.US,D,20240319,000000,0.496,0.52,0.4637,0.474,2087422,0
GDHG.US,D,20240320,000000,0.474,0.48,0.455,0.4739,694952,0
GDHG.US,D,20240321,000000,0.4738,0.4906,0.47,0.474,1072519,0
GDHG.US,D,20240322,000000,0.489,0.49,0.4602,0.4822,1061235,0
GDHG.US,D,20240325,000000,0.5,0.5399,0.49,0.504,3379570,0
GDHG.US,D,20240326,000000,0.5336,0.5355,0.44,0.4687,3080065,0
GDHG.US,D,20240327,000000,0.4704,0.4779,0.45,0.4639,986847,0
GDHG.US,D,20240328,000000,0.461,0.479,0.45,0.463,1623806,0
GDHG.US,D,20240401,000000,0.485,0.485,0.445,0.4579,972846,0
GDHG.US,D,20240402,000000,0.4545,0.4649,0.445,0.45,1012728,0
GDHG.US,D,20240403,000000,0.4511,0.455001,0.392,0.414,2410151,0
GDHG.US,D,20240404,000000,0.433,0.433,0.32,0.37,2194559,0
GDHG.US,D,20240405,000000,0.3507,0.37,0.321,0.33,2139847,0
GDHG.US,D,20240408,000000,0.33,0.3662,0.3252,0.328,1585721,0
GDHG.US,D,20240409,000000,0.34,0.3477,0.2701,0.3162,2755219,0
GDHG.US,D,20240410,000000,0.3162,0.3163,0.2906,0.309,1205734,0
GDHG.US,D,20240411,000000,0.3099,0.3099,0.2802,0.299,1820576,0
GDHG.US,D,20240412,000000,0.283,0.287,0.2311,0.24,3252875,0
GDHG.US,D,20240415,000000,0.2415,0.255,0.215,0.224449,2098973,0
GDHG.US,D,20240416,000000,0.226,0.2301,0.2113,0.223,1537255,0
GDHG.US,D,20240417,000000,0.233,0.233,0.2144,0.216,1646589,0
GDHG.US,D,20240418,000000,0.2201,0.263,0.215,0.263,13870083,0
GDHG.US,D,20240419,000000,0.2801,0.2909,0.23,0.2352,9426821,0
GDHG.US,D,20240422,000000,0.235,0.241867,0.203,0.2273,3429273,0
GDHG.US,D,20240423,000000,0.2118,0.2599,0.211,0.2579,3015853,0
GDHG.US,D,20240424,000000,0.2411,0.31,0.241,0.2844,4341967,0
GDHG.US,D,20240425,000000,0.291,0.2956,0.26,0.281,1956043,0
GDHG.US,D,20240426,000000,0.29,0.29,0.261,0.2841,1182490,0
GDHG.US,D,20240429,000000,0.2868,0.295,0.2713,0.2759,1388448,0
GDHG.US,D,20240430,000000,0.275,0.36,0.275,0.3474,5112498,0
GDHG.US,D,20240501,000000,0.37,0.38,0.32,0.3399,2823331,0
GDHG.US,D,20240502,000000,0.33,0.35,0.306,0.327,1685636,0
GDHG.US,D,20240503,000000,0.357,0.3792,0.2763,0.335,2356126,0
GDHG.US,D,20240506,000000,0.355,0.3649,0.3223,0.334,1283048,0
GDHG.US,D,20240507,000000,0.3363,0.3363,0.26,0.2806,2144660,0
GDHG.US,D,20240508,000000,0.2779,0.3,0.2701,0.285,823015,0
GDHG.US,D,20240509,000000,0.2764,0.281,0.26,0.261,1218960,0
GDHG.US,D,20240510,000000,0.261,0.2698,0.2455,0.2652,1052976,0
GDHG.US,D,20240513,000000,0.27,0.27,0.253,0.2678,1133755,0
GDHG.US,D,20240514,000000,0.246,0.2598,0.235,0.2441,2645042,0
GDHG.US,D,20240515,000000,0.245,0.250001,0.23,0.2358,2333987,0
GDHG.US,D,20240516,000000,0.2278,0.2589,0.2118,0.25,2637946,0
GDHG.US,D,20240517,000000,0.298,0.32,0.2529,0.29,6790142,0
GDHG.US,D,20240520,000000,0.29,0.32,0.2376,0.2737,4077195,0
GDHG.US,D,20240521,000000,0.278,0.279,0.23,0.245,2018168,0
GDHG.US,D,20240522,000000,0.2402,0.2678,0.235,0.253,1626616,0
GDHG.US,D,20240523,000000,0.25,0.2531,0.2301,0.233,1327087,0
GDHG.US,D,20240524,000000,0.235,0.249899,0.23,0.241,601171,0
GDHG.US,D,20240528,000000,0.26,0.3029,0.25,0.2561,3872158,0
GDHG.US,D,20240529,000000,0.2602,0.27,0.2301,0.247,2155101,0
GDHG.US,D,20240530,000000,0.2499,0.25,0.23,0.2369,1808189,0
GDHG.US,D,20240531,000000,0.244,0.244899,0.2357,0.2411,666679,0
GDHG.US,D,20240603,000000,0.24,0.2544,0.1829,0.234,3736759,0
GDHG.US,D,20240604,000000,0.216,0.2299,0.2123,0.2249,2736099,0
GDHG.US,D,20240605,000000,0.1873,0.2058,0.1873,0.198,1951167,0
GDHG.US,D,20240606,000000,0.2,0.21,0.19,0.1943,1501948,0
GDHG.US,D,20240607,000000,0.1971,0.199,0.18,0.1845,902161,0
GDHG.US,D,20240610,000000,0.179,0.186,0.1751,0.178,812525,0
GDHG.US,D,20240611,000000,0.179,0.185,0.17,0.179,1765762,0
GDHG.US,D,20240612,000000,0.28,0.31,0.202,0.205,180496218,0
GDHG.US,D,20240613,000000,0.1903,0.209,0.1804,0.204,8098390,0
GDHG.US,D,20240614,000000,0.1922,0.1922,0.18,0.18,3475173,0
GDHG.US,D,20240617,000000,0.1852,0.1852,0.162,0.1678,3969914,0
GDHG.US,D,20240618,000000,0.172,0.1732,0.1542,0.16,3066394,0
GDHG.US,D,20240620,000000,0.151,0.168,0.151,0.1627,3031290,0
GDHG.US,D,20240621,000000,0.168,0.1683,0.155,0.1618,2336382,0
GDHG.US,D,20240624,000000,0.1578,0.174,0.1578,0.1714,2133537,0
GDHG.US,D,20240625,000000,0.1663,0.1718,0.1621,0.1677,2269626,0
GDHG.US,D,20240626,000000,0.1622,0.1637,0.1475,0.1551,2539618,0
GDHG.US,D,20240627,000000,0.1601,0.1649,0.1547,0.1648,1211388,0
GDHG.US,D,20240628,000000,0.1616,0.1647,0.151,0.151,1377113,0
GDHG.US,D,20240701,000000,0.199,0.199,0.163,0.1695,74703824,0
GDHG.US,D,20240702,000000,0.1561,0.1949,0.1526,0.1949,13696842,0
GDHG.US,D,20240703,000000,0.18,0.1974,0.17,0.1918,4079660,0
GDHG.US,D,20240705,000000,0.17,0.2115,0.17,0.187,6896485,0
GDHG.US,D,20240708,000000,0.1805,0.1939,0.178,0.1937,3535672,0
GDHG.US,D,20240709,000000,0.1938,0.2045,0.1852,0.193,4690314,0
GDHG.US,D,20240710,000000,0.201,0.213,0.1701,0.182,5827762,0
GDHG.US,D,20240711,000000,0.1827,0.1869,0.1678,0.1846,3050894,0
GDHG.US,D,20240712,000000,0.1738,0.1882,0.1738,0.18,1506348,0
GDHG.US,D,20240715,000000,0.1799,0.186899,0.175,0.1815,1322704,0
GDHG.US,D,20240716,000000,0.1814,0.2,0.1808,0.1927,2554534,0
GDHG.US,D,20240717,000000,0.19,0.192,0.1782,0.1832,1605120,0
GDHG.US,D,20240718,000000,0.181,0.183,0.172,0.172,1291474,0
GDHG.US,D,20240719,000000,0.1746,0.1746,0.16,0.16,1972977,0
GDHG.US,D,20240722,000000,0.165,0.1859,0.16,0.18495,6942998,0
GDHG.US,D,20240723,000000,0.182,0.182,0.162,0.178,3883883,0
GDHG.US,D,20240724,000000,0.1673,0.175,0.1633,0.1689,1085380,0
GDHG.US,D,20240725,000000,0.17,0.175,0.1675,0.1711,1438869,0
GDHG.US,D,20240726,000000,0.1744,0.17962,0.1703,0.176,1201767,0
GDHG.US,D,20240729,000000,0.179,0.191,0.171,0.179,1869291,0
GDHG.US,D,20240730,000000,0.1749,0.1834,0.1741,0.181,1301069,0
GDHG.US,D,20240731,000000,0.1749,0.1749,0.16,0.1632,2751732,0
GDHG.US,D,20240801,000000,0.1618,0.1645,0.12,0.1476,3111406,0
GDHG.US,D,20240802,000000,0.1504,0.1504,0.1228,0.1345,14983480,0
GDHG.US,D,20240805,000000,0.165,0.1674,0.1213,0.1429,29959715,0
GDHG.US,D,20240806,000000,0.1374,0.139,0.1015,0.1273,6068096,0
GDHG.US,D,20240807,000000,0.1228,0.1297,0.1213,0.1235,1949632,0
GDHG.US,D,20240808,000000,0.1223,0.1249,0.1153,0.122,2473298,0
GDHG.US,D,20240809,000000,0.123,0.1244,0.1122,0.1165,3065597,0
GDHG.US,D,20240812,000000,0.115,0.1231,0.1128,0.119,1881337,0
GDHG.US,D,20240813,000000,0.119,0.1218,0.1139,0.1185,1410964,0
GDHG.US,D,20240814,000000,0.1149,0.1165,0.1061,0.1091,3402620,0
GDHG.US,D,20240815,000000,0.1,0.104499,0.0828,0.0963,7142395,0
GDHG.US,D,20240816,000000,0.102,0.1397,0.095,0.12,18383935,0
GDHG.US,D,20240819,000000,0.127,0.135,0.12,0.1289,5008335,0
GDHG.US,D,20240820,000000,0.1275,0.1298,0.12,0.1216,1672985,0
GDHG.US,D,20240821,000000,0.127,0.1273,0.115,0.1198,1043232,0
GDHG.US,D,20240822,000000,0.1248,0.135,0.12,0.1259,2066992,0
GDHG.US,D,20240823,000000,0.128,0.128,0.1199,0.12,1481574,0
GDHG.US,D,20240826,000000,0.1259,0.1259,0.118,0.1181,1478543,0
GDHG.US,D,20240827,000000,0.1201,0.1216,0.115,0.1151,2965604,0
GDHG.US,D,20240828,000000,0.115,0.115,0.1,0.112,1177269,0
GDHG.US,D,20240829,000000,0.1088,0.115,0.1046,0.11,1550860,0
GDHG.US,D,20240830,000000,0.11,0.118,0.1018,0.118,1300739,0
GDHG.US,D,20240903,000000,0.1145,0.119,0.11,0.117,2517174,0
GDHG.US,D,20240904,000000,0.1026,0.1168,0.1026,0.113,696656,0
GDHG.US,D,20240905,000000,0.1166,0.1166,0.10225,0.1055,1711517,0
GDHG.US,D,20240906,000000,0.114,0.1148,0.1015,0.1023,1874493,0
GDHG.US,D,20240909,000000,0.105,0.112,0.0861,0.1033,3030263,0
GDHG.US,D,20240910,000000,0.1002,0.106,0.0958,0.1016,726187,0
GDHG.US,D,20240911,000000,0.106,0.1175,0.1001,0.105,5890372,0
GDHG.US,D,20240912,000000,0.1062,0.1062,0.0997,0.1026,1851768,0
GDHG.US,D,20240913,000000,0.102,0.1028,0.096,0.10015,1041910,0
GDHG.US,D,20240916,000000,0.0997,0.105,0.0931,0.105,2020369,0
GDHG.US,D,20240917,000000,0.0916,0.1044,0.0889,0.103,5260185,0
GDHG.US,D,20240918,000000,0.0936,0.0972,0.082,0.0834,7588692,0
GDHG.US,D,20240919,000000,3.61,3.8499,2.52,3.08,593696,0
GDHG.US,D,20240920,000000,3.87,4.07,2.5,3.01,9378286,0
GDHG.US,D,20240923,000000,2.82,2.98,2.6019,2.88,381895,0
GDHG.US,D,20240924,000000,2.8,3.0696,2.7701,2.92,283872,0
GDHG.US,D,20240925,000000,2.84,3.12,2.7001,2.95,265887,0
GDHG.US,D,20240926,000000,2.94,3.0186,2.71,2.94,190763,0
GDHG.US,D,20240927,000000,2.89,2.95,2.7602,2.81,156821,0
GDHG.US,D,20240930,000000,2.83,2.85,2.58,2.72,119356,0
GDHG.US,D,20241001,000000,2.69,2.7393,2.38,2.57,224676,0
GDHG.US,D,20241002,000000,2.54,2.88,2.51,2.61,320749,0
GDHG.US,D,20241003,000000,2.62,2.63,2.4501,2.53,102447,0
GDHG.US,D,20241004,000000,2.46,2.85,2.412,2.63,754342,0
GDHG.US,D,20241007,000000,2.63,2.85,2.5501,2.67,309308,0
GDHG.US,D,20241008,000000,2.61,2.61,2.2701,2.31,289547,0
GDHG.US,D,20241009,000000,2.26,2.35,1.9,2.3,175406,0
GDHG.US,D,20241010,000000,2.29,2.31,2.1208,2.22,77311,0
GDHG.US,D,20241011,000000,2.19,2.49,2.19,2.44,122970,0
GDHG.US,D,20241014,000000,2.41,2.48,2.3101,2.35,65528,0
GDHG.US,D,20241015,000000,2.32,2.48,2.2256,2.35,229541,0
GDHG.US,D,20241016,000000,2.41,2.75,2.41,2.64,159608,0
GDHG.US,D,20241017,000000,2.62,2.784,2.59,2.65,153361,0
GDHG.US,D,20241018,000000,2.76,2.9,2.5,2.61,203858,0
GDHG.US,D,20241021,000000,2.6,2.8941,2.46,2.49,60463,0
GDHG.US,D,20241022,000000,2.54,2.59,2.31,2.47,96899,0
GDHG.US,D,20241023,000000,2.41,2.47,2.25,2.3,68279,0
GDHG.US,D,20241024,000000,2.28,2.4794,2.2046,2.32,77327,0
GDHG.US,D,20241025,000000,2.31,2.43,2.13,2.15,92538,0
GDHG.US,D,20241028,000000,2.18,2.2499,2,2.11,113992,0
GDHG.US,D,20241029,000000,2.08,2.19,2.08,2.1,58906,0
