<TICKER>,<PER>,<DATE>,<TIME>,<OPEN>,<HIGH>,<LOW>,<CLOSE>,<VOL>,<OPENINT>
GOEV.US,D,20190417,000000,227.47,227.47,226.09,226.32,6003.6086998547,0
GOEV.US,D,20190418,000000,227.01,237.82,226.32,226.32,922.5217397762,0
GOEV.US,D,20190423,000000,225.63,225.63,225.63,225.63,4.8260869599,0
GOEV.US,D,20190424,000000,226.32,226.55,226.32,226.55,800.7826092562,0
GOEV.US,D,20190425,000000,226.55,227.47,226.55,227.01,6157.5217434407,0
GOEV.US,D,20190426,000000,227.24,227.24,226.78,226.78,5676.0434822341,0
GOEV.US,D,20190430,000000,226.32,226.32,226.32,226.32,476.1739133768,0
GOEV.US,D,20190502,000000,226.78,226.78,226.78,226.78,8.7391304409,0
GOEV.US,D,20190503,000000,227.61,227.815,226.78,226.78,30.7826087172,0
GOEV.US,D,20190506,000000,226.78,227.01,226.78,226.78,1052.3913050845,0
GOEV.US,D,20190509,000000,226.78,226.78,226.78,226.78,143.47826097,0
GOEV.US,D,20190510,000000,226.78,227.01,226.78,227.01,2217.3913059,0
GOEV.US,D,20190513,000000,226.584,226.584,226.584,226.584,8.5217391364,0
GOEV.US,D,20190514,000000,226.55,227.01,226.55,226.78,2197.6956537123,0
GOEV.US,D,20190515,000000,226.55,227.24,226.55,227.01,8545.1304407642,0
GOEV.US,D,20190521,000000,227.01,227.01,226.55,226.55,667.9130439458,0
GOEV.US,D,20190522,000000,226.55,227.01,226.55,226.78,2761.0869584545,0
GOEV.US,D,20190523,000000,226.55,226.78,226.55,226.78,1142.4347834084,0
GOEV.US,D,20190524,000000,226.78,227.7,226.55,227.01,1675.8695663905,0
GOEV.US,D,20190529,000000,227.01,227.01,227.01,227.01,47.0000000329,0
GOEV.US,D,20190530,000000,227.47,228.16,226.55,227.24,3676.5652199649,0
GOEV.US,D,20190531,000000,227.24,227.47,227.01,227.24,941.739131094,0
GOEV.US,D,20190604,000000,227.238,227.24,227.238,227.24,170.000000119,0
GOEV.US,D,20190605,000000,227.24,227.24,226.78,226.78,17.39130436,0
GOEV.US,D,20190606,000000,226.895,229.08,226.895,227.24,6292.3478304916,0
GOEV.US,D,20190610,000000,227.24,227.24,227.24,227.24,3508.0434807165,0
GOEV.US,D,20190611,000000,227.7,227.7,227.7,227.7,2646.956523592,0
GOEV.US,D,20190612,000000,228.85,228.85,227.7,227.7,178.26086969,0
GOEV.US,D,20190613,000000,227.7,227.7,227.24,227.24,207.4347827539,0
GOEV.US,D,20190614,000000,227.24,231.15,227.24,231.15,292.1304349871,0
GOEV.US,D,20190617,000000,231.15,231.15,228.85,228.85,2232.5652189541,0
GOEV.US,D,20190618,000000,228.39,228.39,228.16,228.16,4434.7826118,0
GOEV.US,D,20190620,000000,227.7,227.7,227.7,227.7,1526.08695759,0
GOEV.US,D,20190621,000000,228.16,228.85,228.16,228.62,8810.5217452978,0
GOEV.US,D,20190624,000000,228.85,228.85,228.85,228.85,17.4347826209,0
GOEV.US,D,20190625,000000,228.85,228.85,228.85,228.85,4.34782609,0
GOEV.US,D,20190626,000000,229.08,229.08,228.735,228.735,1263.2608704495,0
GOEV.US,D,20190627,000000,228.16,228.85,228.16,228.16,19722.826100763,0
GOEV.US,D,20190628,000000,229.77,229.77,227.7,227.7,174.6086957744,0
GOEV.US,D,20190701,000000,227.7,227.93,227.7,227.7,2147.82608846,0
GOEV.US,D,20190702,000000,227.7,227.7,227.47,227.7,1736.521740346,0
GOEV.US,D,20190703,000000,227.7,227.7,227.7,227.7,134.78260879,0
GOEV.US,D,20190708,000000,227.7,228.85,227.7,227.7,1638.7391315819,0
GOEV.US,D,20190709,000000,227.7,227.7,227.7,227.7,869.565218,0
GOEV.US,D,20190710,000000,227.895,228.39,227.895,228.39,2265.3478276727,0
GOEV.US,D,20190715,000000,228.71,228.85,228.438,228.56,1571.3478271869,0
GOEV.US,D,20190716,000000,228.85,229.425,228.85,229.425,15993.782619891,0
GOEV.US,D,20190717,000000,229.425,229.425,229.425,229.425,4347.82609,0
GOEV.US,D,20190719,000000,230,230,230,230,124.8260870439,0
GOEV.US,D,20190723,000000,228.85,228.85,228.39,228.85,69.6521739618,0
GOEV.US,D,20190725,000000,229.08,229.08,229.08,229.08,213.2173914536,0
GOEV.US,D,20190726,000000,229.08,229.08,229.08,229.08,8.9130434845,0
GOEV.US,D,20190729,000000,229.08,229.08,229.08,229.08,4.34782609,0
GOEV.US,D,20190731,000000,229.54,230,229.08,229.77,187.0434783918,0
GOEV.US,D,20190801,000000,230,230,229.31,229.31,98189.478329602,0
GOEV.US,D,20190802,000000,229.54,229.54,229.31,229.54,35877.086981636,0
GOEV.US,D,20190805,000000,229.31,229.54,229.31,229.54,30.43478263,0
GOEV.US,D,20190806,000000,229.54,232.07,229.54,230,28643.608715703,0
GOEV.US,D,20190808,000000,230,230,229.31,229.31,13220.521748385,0
GOEV.US,D,20190813,000000,229.172,229.172,229.172,229.172,8.4347826146,0
GOEV.US,D,20190814,000000,229.31,229.54,229.31,229.54,161.9565218525,0
GOEV.US,D,20190815,000000,228.85,229.77,228.62,229.77,3321.6521762382,0
GOEV.US,D,20190816,000000,229.54,229.54,229.54,229.54,38.260869592,0
GOEV.US,D,20190819,000000,229.54,229.54,229.54,229.54,202.8695653594,0
GOEV.US,D,20190820,000000,229.77,229.77,229.77,229.77,44.0869565526,0
GOEV.US,D,20190821,000000,230,230,230,230,437.4347829149,0
GOEV.US,D,20190822,000000,229.54,229.54,229.54,229.54,23.8695652341,0
GOEV.US,D,20190823,000000,229.31,229.31,228.852,229.31,501.6956525251,0
GOEV.US,D,20190826,000000,229.31,229.31,229.31,229.31,21.73913045,0
GOEV.US,D,20190827,000000,229.425,229.54,229.31,229.54,4078.7391332899,0
GOEV.US,D,20190828,000000,230,230,230,230,769.7391309736,0
GOEV.US,D,20190829,000000,229.853,229.853,229.853,229.853,44.1739130744,0
GOEV.US,D,20190830,000000,230,230.46,230,230.46,2254.8260885349,0
GOEV.US,D,20190903,000000,230,230,230,230,194.782608832,0
GOEV.US,D,20190904,000000,230,230,230,230,344.4347828498,0
GOEV.US,D,20190905,000000,230,230,230,230,91.3913044118,0
GOEV.US,D,20190906,000000,230,230.23,230,230.23,4680.3478293632,0
GOEV.US,D,20190909,000000,230,230,230,230,3261.1304370654,0
GOEV.US,D,20190910,000000,230,231.15,230,231.15,205.7391305788,0
GOEV.US,D,20190911,000000,230.92,230.92,230.46,230.46,463.5652177158,0
GOEV.US,D,20190912,000000,230.46,230.46,230.46,230.46,4.34782609,0
GOEV.US,D,20190913,000000,230.23,230.46,230.23,230.23,94.2608696312,0
GOEV.US,D,20190918,000000,230.23,230.23,229.77,230,1078.3478268418,0
GOEV.US,D,20190919,000000,230.46,230.46,230.46,230.46,450.6086959676,0
GOEV.US,D,20190920,000000,230.46,234.025,230,233.45,208.6086957982,0
GOEV.US,D,20190923,000000,232.76,232.76,232.76,232.76,8.69565218,0
GOEV.US,D,20190924,000000,231.84,231.84,231.15,231.15,73.2173913556,0
GOEV.US,D,20190925,000000,231.61,231.61,230,230,396.8695654952,0
GOEV.US,D,20190926,000000,230,230.23,230,230.23,135.652174008,0
GOEV.US,D,20191007,000000,230.23,230.23,230.23,230.23,82.6521739709,0
GOEV.US,D,20191008,000000,233.22,233.22,233.22,233.22,8.6086956582,0
GOEV.US,D,20191009,000000,232.3,232.3,232.07,232.07,20.2173913185,0
GOEV.US,D,20191010,000000,231.38,231.38,230,231.38,28.8260869767,0
GOEV.US,D,20191011,000000,231.15,231.15,229.08,229.08,327.4782610988,0
GOEV.US,D,20191015,000000,230,230,230,230,16.0000000112,0
GOEV.US,D,20191016,000000,230,230,230,230,9.8695652243,0
GOEV.US,D,20191017,000000,230,230,230,230,46.5652174239,0
GOEV.US,D,20191018,000000,230.23,230.69,230.23,230.69,174.8260870789,0
GOEV.US,D,20191021,000000,231.38,231.38,231.38,231.38,5.4782608734,0
GOEV.US,D,20191030,000000,231.104,231.38,230.69,230.69,8708.69565827,0
GOEV.US,D,20191031,000000,230.69,231.15,230.69,231.15,104.4782609427,0
GOEV.US,D,20191101,000000,231.15,231.38,231.15,231.38,13.0869565309,0
GOEV.US,D,20191105,000000,230.69,231.15,230.69,231.15,143.47826097,0
GOEV.US,D,20191106,000000,231.38,231.38,231.15,231.15,130.4782609609,0
GOEV.US,D,20191107,000000,231.15,231.38,231.15,231.15,2262.6956537578,0
GOEV.US,D,20191108,000000,231.84,231.84,231.15,231.15,191.30434796,0
GOEV.US,D,20191111,000000,231.38,231.38,231.38,231.38,6.8695652222,0
GOEV.US,D,20191113,000000,230.92,230.92,230.69,230.692,76.3913044013,0
GOEV.US,D,20191118,000000,231.38,231.38,230.69,230.69,19.3478261005,0
GOEV.US,D,20191119,000000,230.92,230.92,230.92,230.92,678.7391309099,0
GOEV.US,D,20191120,000000,230.92,231.15,230.92,230.92,143.47826097,0
GOEV.US,D,20191122,000000,231.15,231.15,231.15,231.15,43.5217391609,0
GOEV.US,D,20191125,000000,231.38,231.38,231.38,231.38,43.913043509,0
GOEV.US,D,20191126,000000,231.38,231.38,231.38,231.38,43.913043509,0
GOEV.US,D,20191127,000000,231.38,231.38,231.38,231.38,45.8695652495,0
GOEV.US,D,20191129,000000,231.38,231.61,231.38,231.61,718.5652178943,0
GOEV.US,D,20191202,000000,231.61,231.61,231.61,231.61,13.04347827,0
GOEV.US,D,20191204,000000,231.84,231.842,231.84,231.842,178.26086969,0
GOEV.US,D,20191205,000000,232.07,232.07,232.07,232.07,113.2608696445,0
GOEV.US,D,20191209,000000,231.84,232.07,231.84,232.07,565.2173917,0
GOEV.US,D,20191210,000000,232.07,232.07,231.84,232.07,1178.26087039,0
GOEV.US,D,20191211,000000,232.3,232.3,232.3,232.3,87.0434783218,0
GOEV.US,D,20191212,000000,232.3,232.3,232.3,232.3,1605.0869576453,0
GOEV.US,D,20191213,000000,232.3,232.3,232.3,232.3,96.4782609371,0
GOEV.US,D,20191216,000000,232.53,233.22,232.53,233.22,256.7826088754,0
GOEV.US,D,20191217,000000,232.99,232.99,232.99,232.99,84.782608755,0
GOEV.US,D,20191218,000000,232.99,233.105,232.76,232.99,265.21739149,0
GOEV.US,D,20191219,000000,233.22,233.45,232.53,233.45,5264.347829772,0
GOEV.US,D,20191220,000000,233.22,233.45,233.22,233.45,1063.6956529185,0
GOEV.US,D,20191223,000000,233.22,233.22,233.22,233.22,100.00000007,0
GOEV.US,D,20191226,000000,232.99,232.99,232.99,232.99,43.4782609,0
GOEV.US,D,20191227,000000,233.22,233.22,233.22,233.22,4369.6086987109,0
GOEV.US,D,20191230,000000,233.45,233.68,233.45,233.68,229.3478262475,0
GOEV.US,D,20191231,000000,233.22,233.68,233.22,233.68,1990.6521753065,0
GOEV.US,D,20200102,000000,233.45,233.685,233.45,233.68,2786.086958472,0
GOEV.US,D,20200103,000000,233.68,233.68,233.68,233.68,838.0000005866,0
GOEV.US,D,20200106,000000,233.68,234.14,233.68,234.14,2308.69565379,0
GOEV.US,D,20200107,000000,234.6,234.6,234.37,234.37,13048.913052613,0
GOEV.US,D,20200108,000000,234.6,235.52,234.6,235.52,27194.347845123,0
GOEV.US,D,20200109,000000,234.6,234.83,234.6,234.6,1704.8260881499,0
GOEV.US,D,20200110,000000,234.6,234.6,234.6,234.6,43.4782609,0
GOEV.US,D,20200114,000000,234.6,234.6,234.6,234.6,23057.608711793,0
GOEV.US,D,20200115,000000,234.6,235.29,234.6,235.06,22760.739146367,0
GOEV.US,D,20200116,000000,235.52,235.75,235.06,235.75,3289.6956544767,0
GOEV.US,D,20200117,000000,235.29,235.29,235.29,235.29,245.3478262587,0
GOEV.US,D,20200121,000000,234.83,235.75,234.83,235.29,25266.000017686,0
GOEV.US,D,20200122,000000,235.29,235.98,235.29,235.98,230.9565219008,0
GOEV.US,D,20200124,000000,235.75,235.75,235.75,235.75,129.2608696557,0
GOEV.US,D,20200127,000000,235.29,235.29,235.205,235.205,783.043478809,0
GOEV.US,D,20200128,000000,235.29,235.52,235.29,235.29,185.4782609994,0
GOEV.US,D,20200130,000000,235.29,235.98,235.29,235.29,1634.8260881009,0
GOEV.US,D,20200131,000000,235.29,235.29,235.29,235.29,10872.173920654,0
GOEV.US,D,20200203,000000,235.98,235.98,235.52,235.52,303.7391306474,0
GOEV.US,D,20200204,000000,235.98,236.44,235.865,235.98,9875.4347895215,0
GOEV.US,D,20200205,000000,236.233,236.233,235.75,235.98,9045.1304411142,0
GOEV.US,D,20200206,000000,236.44,236.67,235.52,235.52,2464.2608712902,0
GOEV.US,D,20200207,000000,236.67,236.67,236.21,236.21,155.0000001085,0
GOEV.US,D,20200211,000000,236.21,236.21,236.21,236.21,113.6956522535,0
GOEV.US,D,20200213,000000,236.21,236.21,236.21,236.21,14.1739130534,0
GOEV.US,D,20200214,000000,238.74,238.74,235.635,236.44,21317.304362748,0
GOEV.US,D,20200218,000000,236.67,236.67,235.52,235.52,4015.0434810714,0
GOEV.US,D,20200219,000000,236.44,236.44,235.98,235.98,170.6086957716,0
GOEV.US,D,20200220,000000,237.36,237.36,236.9,236.9,57.5217391707,0
GOEV.US,D,20200224,000000,238.74,238.74,236.9,236.9,14661.043488524,0
GOEV.US,D,20200225,000000,236.44,236.44,235.75,235.75,324.9565219666,0
GOEV.US,D,20200226,000000,235.98,235.98,235.98,235.98,334.8695654518,0
GOEV.US,D,20200227,000000,236.9,236.9,236.9,236.9,4.4347826118,0
GOEV.US,D,20200228,000000,236.44,236.44,235.29,235.98,7089.0434832232,0
GOEV.US,D,20200302,000000,235.98,235.982,235.75,235.75,26274.043496653,0
GOEV.US,D,20200303,000000,235.75,235.98,235.52,235.75,9091.0434846246,0
GOEV.US,D,20200304,000000,235.52,235.52,235.267,235.29,4378.3478291518,0
GOEV.US,D,20200305,000000,235.98,235.98,235.75,235.75,452.2173916209,0
GOEV.US,D,20200309,000000,235.75,235.75,234.83,235.06,2557.0434800508,0
GOEV.US,D,20200310,000000,235.06,236.44,234.14,234.6,182949.17404111,0
GOEV.US,D,20200311,000000,234.14,235.75,233.91,235.06,2732.9565236522,0
GOEV.US,D,20200312,000000,231.38,234.37,230.46,234.37,24427.304364925,0
GOEV.US,D,20200313,000000,235.175,235.98,232.3,232.3,56588.260909177,0
GOEV.US,D,20200317,000000,228.85,236.9,228.85,234.37,11573.91305158,0
GOEV.US,D,20200318,000000,228.85,234.37,211.83,224.25,26578.26088817,0
GOEV.US,D,20200319,000000,225.4,225.86,224.25,225.86,59.4782609112,0
GOEV.US,D,20200320,000000,229.08,229.08,229.08,229.08,2178.26087109,0
GOEV.US,D,20200323,000000,228.85,229.08,227.47,227.93,3388.0434806325,0
GOEV.US,D,20200324,000000,228.165,229.54,228.16,229.54,5361.8260907098,0
GOEV.US,D,20200325,000000,229.538,233.68,228.85,230.23,2303.7826103083,0
GOEV.US,D,20200326,000000,235.75,235.75,230.92,233.45,222.8260871125,0
GOEV.US,D,20200327,000000,228.85,233.45,228.85,231.84,1049.6521746478,0
GOEV.US,D,20200330,000000,232.3,233.22,232.3,232.99,64.5652174365,0
GOEV.US,D,20200331,000000,232.99,232.99,232.53,232.53,35.1304348072,0
GOEV.US,D,20200401,000000,232.53,232.99,231.84,232.3,302.4782610813,0
GOEV.US,D,20200402,000000,232.53,232.76,231.84,231.84,1581.1304358894,0
GOEV.US,D,20200403,000000,232.53,232.99,231.38,232.53,10558.43479,0
GOEV.US,D,20200406,000000,232.07,232.99,232.07,232.53,1613.9565228689,0
GOEV.US,D,20200407,000000,231.84,231.84,231.84,231.84,418.3043481189,0
GOEV.US,D,20200408,000000,232.76,233.45,232.76,232.99,512.7391307937,0
GOEV.US,D,20200409,000000,232.3,233.22,232.3,232.3,605.6956525979,0
GOEV.US,D,20200413,000000,232.53,232.53,232.53,232.53,14.8695652278,0
GOEV.US,D,20200414,000000,233.22,233.22,232.76,232.76,60.0869565638,0
GOEV.US,D,20200415,000000,233.22,233.68,232.3,233.22,4471.8695683477,0
GOEV.US,D,20200416,000000,233.45,236.9,233.22,233.45,28254.347845865,0
GOEV.US,D,20200417,000000,233.45,233.91,233.22,233.45,4526.4782640381,0
GOEV.US,D,20200420,000000,233.452,233.452,233.452,233.452,21.8260869718,0
GOEV.US,D,20200423,000000,233.91,233.91,233.45,233.68,10770.652181453,0
GOEV.US,D,20200424,000000,233.22,235.52,232.99,233.22,56.8695652572,0
GOEV.US,D,20200427,000000,233.45,233.68,233.45,233.45,1175.6956529969,0
GOEV.US,D,20200428,000000,233.45,233.45,233.45,233.45,36.7826087214,0
GOEV.US,D,20200505,000000,233.45,233.45,233.45,233.45,98.3043478949,0
GOEV.US,D,20200506,000000,233.68,233.68,232.99,233.68,4740.000003318,0
GOEV.US,D,20200507,000000,233.565,235.06,233.45,233.565,1146.086957324,0
GOEV.US,D,20200511,000000,233.68,233.68,233.45,233.45,2843.5217411209,0
GOEV.US,D,20200512,000000,234.14,234.14,234.14,234.14,8.9130434845,0
GOEV.US,D,20200513,000000,233.91,233.91,233.45,233.45,176.3043479495,0
GOEV.US,D,20200514,000000,233.68,233.91,233.68,233.91,54.5217391686,0
GOEV.US,D,20200518,000000,234.14,234.6,234.14,234.6,82.6956522318,0
GOEV.US,D,20200519,000000,234.83,234.83,234.6,234.6,2315.6956537949,0
GOEV.US,D,20200520,000000,234.6,235.635,234.6,235.175,1343.0869574619,0
GOEV.US,D,20200522,000000,241.5,265.65,235.29,235.52,4703.6956554665,0
GOEV.US,D,20200526,000000,244.26,244.26,237.689,238.048,193.5217392659,0
GOEV.US,D,20200528,000000,235.062,235.062,235.062,235.062,21.7826087109,0
GOEV.US,D,20200601,000000,235.75,235.75,235.75,235.75,8702.0000060914,0
GOEV.US,D,20200602,000000,236.21,236.9,236.21,236.9,3766.0000026362,0
GOEV.US,D,20200603,000000,235.98,235.982,235.98,235.982,47.391304381,0
GOEV.US,D,20200604,000000,235.982,235.982,235.982,235.982,114.8695652978,0
GOEV.US,D,20200605,000000,236.9,238.05,236.44,236.67,6774.3043525681,0
GOEV.US,D,20200609,000000,236.67,240.35,236.67,238.05,5512.3478299456,0
GOEV.US,D,20200610,000000,237.36,237.36,236.67,236.67,33964.086980297,0
GOEV.US,D,20200611,000000,236.67,240.12,236.67,238.05,3941.0434810196,0
GOEV.US,D,20200612,000000,236.67,240.35,236.67,239.2,617.7391308672,0
GOEV.US,D,20200615,000000,238.05,239.2,238.05,239.2,101.9130435496,0
GOEV.US,D,20200617,000000,239.773,241.615,238.28,239.2,4014.8695680278,0
GOEV.US,D,20200618,000000,239.2,244.784,239.2,242.535,6973.478265751,0
GOEV.US,D,20200619,000000,243.8,248.285,241.5,243.57,3503.1739154957,0
GOEV.US,D,20200622,000000,244.95,244.95,243.57,244.605,1730.0434794719,0
GOEV.US,D,20200623,000000,243.8,244.973,243.8,243.8,242.6521740829,0
GOEV.US,D,20200624,000000,240.58,240.58,239.775,240.35,9427.3478326861,0
GOEV.US,D,20200625,000000,241.5,241.5,239.43,239.43,758.7826092268,0
GOEV.US,D,20200626,000000,240.235,240.81,239.66,240.235,10064.434789654,0
GOEV.US,D,20200629,000000,241.5,246.56,240.35,243.798,33613.913067008,0
GOEV.US,D,20200630,000000,239.51,249.09,239.43,247.25,2383.3478277553,0
GOEV.US,D,20200701,000000,249.55,250.7,247.02,249.55,3342.4347849484,0
GOEV.US,D,20200702,000000,250.47,250.47,244.95,247.25,2748.6086975762,0
GOEV.US,D,20200706,000000,249.548,249.55,244.03,247.25,8679.0869625971,0
GOEV.US,D,20200707,000000,244.03,247.48,242.765,244.95,6955.3478309557,0
GOEV.US,D,20200708,000000,247.02,247.25,241.5,245.18,19160.086969934,0
GOEV.US,D,20200709,000000,244.95,253,244.95,252.54,30565.956543135,0
GOEV.US,D,20200710,000000,253.92,255.3,253,255.3,25964.869583393,0
GOEV.US,D,20200713,000000,257.6,259.785,251.85,253.69,13101.478270041,0
GOEV.US,D,20200714,000000,253.69,258.29,241.73,252.54,13480.65218335,0
GOEV.US,D,20200715,000000,253,254.15,249.32,253.69,15388.913054251,0
GOEV.US,D,20200716,000000,254.61,254.61,248.4,252.54,25544.086974403,0
GOEV.US,D,20200717,000000,255.3,255.3,250.01,253,7946.3043533885,0
GOEV.US,D,20200720,000000,256.45,257.14,250.7,253.345,18921.304361071,0
GOEV.US,D,20200721,000000,254.84,255.3,253,254.38,7691.0434836446,0
GOEV.US,D,20200722,000000,255.3,257.14,252.312,255.3,19267.260883052,0
GOEV.US,D,20200723,000000,277.15,285.2,269.1,274.39,207164.47840588,0
GOEV.US,D,20200724,000000,264.96,273.7,264.548,267.95,26501.521757682,0
GOEV.US,D,20200727,000000,269.562,271.4,260.13,261.74,18309.130447599,0
GOEV.US,D,20200728,000000,264.96,264.96,256.45,259.9,12038.391312775,0
GOEV.US,D,20200729,000000,259.21,266.11,255.53,264.96,37683.304374204,0
GOEV.US,D,20200730,000000,257.37,262.2,254.61,256.91,22723.304363732,0
GOEV.US,D,20200731,000000,257.6,257.6,243.8,250.7,33686.521762711,0
GOEV.US,D,20200803,000000,254.84,255.3,244.95,250.24,26855.739149234,0
GOEV.US,D,20200804,000000,263.35,268.87,254.84,264.5,95624.565284329,0
GOEV.US,D,20200805,000000,266.8,267.95,257.83,262.2,15345.304358568,0
GOEV.US,D,20200806,000000,262.2,262.2,253,261.74,17739.826099374,0
GOEV.US,D,20200807,000000,257.37,260.13,254.84,255.99,14827.04348864,0
GOEV.US,D,20200810,000000,257.37,258.75,242.65,248.17,84365.69571123,0
GOEV.US,D,20200811,000000,250.7,253,247.02,252.54,20653.000014457,0
GOEV.US,D,20200812,000000,253,253,247.71,249.55,14447.82609707,0
GOEV.US,D,20200813,000000,248.4,251.16,247.71,248.4,10227.608702811,0
GOEV.US,D,20200814,000000,248.4,250.698,247.02,248.17,11350.913051424,0
GOEV.US,D,20200817,000000,249.55,249.55,244.182,245.64,11363.043486215,0
GOEV.US,D,20200818,000000,248.63,252.77,240.12,241.27,419008.34811939,0
GOEV.US,D,20200819,000000,243.8,243.8,238.05,241.04,108995.73920673,0
GOEV.US,D,20200820,000000,241.5,241.96,238.97,240.35,47103.130467755,0
GOEV.US,D,20200821,000000,240.58,241.73,238.51,239.89,70435.347875392,0
GOEV.US,D,20200824,000000,241.27,249.734,240.58,244.03,79981.087012509,0
GOEV.US,D,20200825,000000,248.17,253,245.64,249.55,113108.52181831,0
GOEV.US,D,20200826,000000,253,257.6,249.09,252.54,80839.478317457,0
GOEV.US,D,20200827,000000,253,254.38,247.02,251.62,81194.087013358,0
GOEV.US,D,20200828,000000,252.77,252.77,248.4,249.55,39666.086984288,0
GOEV.US,D,20200831,000000,252.08,252.31,246.79,248.17,39714.652201713,0
GOEV.US,D,20200901,000000,250.7,250.7,242.42,245.87,55950.695691339,0
GOEV.US,D,20200902,000000,248.63,255.07,248.4,251.85,104886.86963864,0
GOEV.US,D,20200903,000000,251.85,252.08,243.8,248.4,48465.173946969,0
GOEV.US,D,20200904,000000,246.56,250.24,240.58,247.94,59016.086997833,0
GOEV.US,D,20200908,000000,247.365,258.75,247.02,253,66835.217438089,0
GOEV.US,D,20200909,000000,256.45,258.29,247.71,254.38,60168.1304769,0
GOEV.US,D,20200910,000000,258.29,258.525,253,256.45,57564.73917073,0
GOEV.US,D,20200911,000000,256.68,275.77,255.53,266.57,114277.04355825,0
GOEV.US,D,20200914,000000,274.85,301.3,272.78,292.33,212428.82623566,0
GOEV.US,D,20200915,000000,297.16,310.5,294.632,299,152849.2174983,0
GOEV.US,D,20200916,000000,305.235,309.12,289.8,294.4,80837.000056586,0
GOEV.US,D,20200917,000000,289.11,295.269,279.45,285.2,52884.434819628,0
GOEV.US,D,20200918,000000,287.5,289.568,272.55,280.6,58572.304388827,0
GOEV.US,D,20200921,000000,273.7,275.54,262.43,267.72,80806.087013086,0
GOEV.US,D,20200922,000000,272.32,281.29,264.5,273.7,55834.913082563,0
GOEV.US,D,20200923,000000,273.7,274.411,250.7,255.53,102947.39137641,0
GOEV.US,D,20200924,000000,248.4,259.44,243.11,252.08,84657.869624478,0
GOEV.US,D,20200925,000000,255.735,257.6,253,257.6,47513.304381085,0
GOEV.US,D,20200928,000000,260.59,262.021,253.69,259.9,32536.565240167,0
GOEV.US,D,20200929,000000,256.91,258.748,254.15,256.91,23427.695668573,0
GOEV.US,D,20200930,000000,258.75,258.75,254.38,256.22,26283.043496659,0
GOEV.US,D,20201001,000000,255.76,257.6,248.86,255.99,36992.913069373,0
GOEV.US,D,20201002,000000,246.79,256.45,246.33,252.54,35139.347850685,0
GOEV.US,D,20201005,000000,252.54,254.61,244.95,247.71,44397.347857165,0
GOEV.US,D,20201006,000000,247.02,248.4,238.97,242.88,62916.043522302,0
GOEV.US,D,20201007,000000,241.96,243.8,239.66,241.73,34390.043502334,0
GOEV.US,D,20201008,000000,240.35,245.64,240.35,245.41,23416.304364217,0
GOEV.US,D,20201009,000000,247.71,248.17,242.535,243.8,20277.565231586,0
GOEV.US,D,20201012,000000,242.19,244.26,240.235,240.58,34123.826110843,0
GOEV.US,D,20201013,000000,241.27,241.403,236.9,239.2,37987.086983113,0
GOEV.US,D,20201014,000000,240.35,240.58,237.59,240.35,14958.521749601,0
GOEV.US,D,20201015,000000,240.12,240.35,237.36,238.74,11575.000008103,0
GOEV.US,D,20201016,000000,237.82,240.35,237.82,239.43,14397.56522747,0
GOEV.US,D,20201019,000000,238.28,242.65,238.28,242.65,22377.695667838,0
GOEV.US,D,20201020,000000,242.19,242.19,238.74,238.74,19150.782622101,0
GOEV.US,D,20201021,000000,238.51,239.43,238.05,238.05,19011.826100265,0
GOEV.US,D,20201022,000000,238.05,240.81,237.245,239.43,40947.478289533,0
GOEV.US,D,20201023,000000,239.2,239.2,237.59,238.05,14367.956531797,0
GOEV.US,D,20201026,000000,237.59,238.28,237.36,237.82,22619.565233225,0
GOEV.US,D,20201027,000000,237.36,239.2,237.13,237.13,22644.260885416,0
GOEV.US,D,20201028,000000,236.67,237.13,234.14,237.13,27875.043497773,0
GOEV.US,D,20201029,000000,235.06,237.82,235.06,235.52,10990.652181607,0
GOEV.US,D,20201030,000000,235.29,236.21,234.6,235.75,17501.130447033,0
GOEV.US,D,20201102,000000,235.75,236.9,235.06,235.29,12253.652182491,0
GOEV.US,D,20201103,000000,235.52,236.9,235.06,235.29,9849.0000068943,0
GOEV.US,D,20201104,000000,235.52,237.362,235.29,235.29,15045.043488792,0
GOEV.US,D,20201105,000000,235.52,237.59,235.06,235.29,17490.217403547,0
GOEV.US,D,20201106,000000,235.29,236.67,235.29,236.21,9965.0869634973,0
GOEV.US,D,20201109,000000,237.59,237.59,235.06,236.9,76642.434836258,0
GOEV.US,D,20201110,000000,236.9,237.13,235.29,235.29,14157.826096867,0
GOEV.US,D,20201111,000000,236.67,236.785,235.29,235.75,13185.695661404,0
GOEV.US,D,20201112,000000,235.29,236.44,235.29,235.29,14050.869575053,0
GOEV.US,D,20201113,000000,236.9,236.9,235.405,236.21,21925.000015348,0
GOEV.US,D,20201116,000000,236.9,237.392,235.29,235.75,36877.478286684,0
GOEV.US,D,20201117,000000,235.98,236.9,235.75,235.75,19878.956535654,0
GOEV.US,D,20201118,000000,236.9,241.04,236.44,238.51,55876.043517374,0
GOEV.US,D,20201119,000000,240.35,250.47,239.89,246.33,129464.30443845,0
GOEV.US,D,20201120,000000,248.478,249.219,242.65,246.1,55721.478299875,0
GOEV.US,D,20201123,000000,250.7,265.88,250.7,259.9,175233.47838353,0
GOEV.US,D,20201124,000000,268.41,282.9,253,257.37,163470.30446226,0
GOEV.US,D,20201125,000000,255.3,266.34,253.23,264.96,96125.391371636,0
GOEV.US,D,20201127,000000,283.36,294.86,278.99,288.88,150460.47836619,0
GOEV.US,D,20201130,000000,310.5,333.27,284.97,299,243091.78277886,0
GOEV.US,D,20201201,000000,309.614,310.27,274.39,287.04,112943.43486167,0
GOEV.US,D,20201202,000000,264.73,278.3,256.91,271.86,91195.304411663,0
GOEV.US,D,20201203,000000,280.6,287.5,276,279.91,61816.173956315,0
GOEV.US,D,20201204,000000,287.5,310.5,287.449,309.35,264747.21757663,0
GOEV.US,D,20201207,000000,398.13,426.88,379.5,418.6,801604.52230025,0
GOEV.US,D,20201208,000000,411.47,436.77,386.86,412.39,261670.95670491,0
GOEV.US,D,20201209,000000,437.46,481.39,425.73,460,348519.34807005,0
GOEV.US,D,20201210,000000,438.61,515.89,427.11,506,282323.56541502,0
GOEV.US,D,20201211,000000,496.11,496.11,434.932,466.44,253782.30452547,0
GOEV.US,D,20201214,000000,479.55,479.55,428.72,444.82,151363.34793204,0
GOEV.US,D,20201215,000000,440.323,440.68,382.03,414.46,217260.8697173,0
GOEV.US,D,20201216,000000,433.044,466.9,408.48,458.16,172983.34794718,0
GOEV.US,D,20201217,000000,441.6,471.27,411.24,434.7,300743.34803661,0
GOEV.US,D,20201218,000000,437,455.86,418.6,443.67,172143.91316398,0
GOEV.US,D,20201221,000000,441.6,466.44,434.7,448.27,191358.78274265,0
GOEV.US,D,20201222,000000,523.25,572.7,416.3,434.47,577728.47866528,0
GOEV.US,D,20201223,000000,464.37,469.2,437,446.2,369814.21765017,0
GOEV.US,D,20201224,000000,451.95,453.1,396.75,409.63,280400.69584845,0
GOEV.US,D,20201228,000000,393.3,393.3,351.9,353.97,395592.47853778,0
GOEV.US,D,20201229,000000,351.67,352.59,322.69,336.49,256405.69583166,0
GOEV.US,D,20201230,000000,333.73,362.25,328.67,329.36,223079.00015616,0
GOEV.US,D,20201231,000000,333.5,335.57,310.96,317.4,210238.95666891,0
GOEV.US,D,20210104,000000,318.09,318.55,276,287.5,330673.56544886,0
GOEV.US,D,20210105,000000,317.4,331.66,308.2,324.07,319000.69587547,0
GOEV.US,D,20210106,000000,330.74,347.07,315.1,322.92,246107.52191141,0
GOEV.US,D,20210107,000000,333.27,339.71,320.62,326.37,163705.73924503,0
GOEV.US,D,20210108,000000,354.2,356.5,324.53,345,268463.08714445,0
GOEV.US,D,20210111,000000,360.985,395.6,356.04,392.15,340200.39154249,0
GOEV.US,D,20210112,000000,377.2,389.85,371.45,384.56,304886.39151777,0
GOEV.US,D,20210113,000000,458.16,460,410.09,437,947682.82675033,0
GOEV.US,D,20210114,000000,444.82,446.2,399.28,401.12,454013.26118737,0
GOEV.US,D,20210115,000000,401.343,411.24,384.33,388.7,194935.3914408,0
GOEV.US,D,20210119,000000,395.315,399.51,368.46,383.64,215563.86971611,0
GOEV.US,D,20210120,000000,389.769,413.252,385.25,399.28,192241.739265,0
GOEV.US,D,20210121,000000,411.7,412.85,387.55,393.76,145231.7392321,0
GOEV.US,D,20210122,000000,392.38,393.07,383.41,391,121116.00008478,0
GOEV.US,D,20210125,000000,391,394.91,359.95,386.4,189305.91317599,0
GOEV.US,D,20210126,000000,374.9,376.51,364.55,372.83,231829.91320576,0
GOEV.US,D,20210127,000000,358.156,372.6,340.4,348.22,222266.21754689,0
GOEV.US,D,20210128,000000,351.9,362.71,342.7,355.81,145857.47836297,0
GOEV.US,D,20210129,000000,347.3,358.8,340.402,346.61,222651.1740689,0
GOEV.US,D,20210201,000000,349.6,372.37,334.422,356.5,170208.08707567,0
GOEV.US,D,20210202,000000,373.865,374.9,358.8,362.71,132178.26096209,0
GOEV.US,D,20210203,000000,370.53,396.75,370.53,377.2,298288.17412185,0
GOEV.US,D,20210204,000000,408.71,434.24,394.91,433.55,664497.95698689,0
GOEV.US,D,20210205,000000,431.48,432.4,400.89,405.49,340808.95676031,0
GOEV.US,D,20210208,000000,393.07,401.58,380.155,391.23,283011.21758941,0
GOEV.US,D,20210209,000000,392.148,397.898,377.89,386.86,206304.78275311,0
GOEV.US,D,20210210,000000,388.389,396.29,359.72,379.96,174445.78273081,0
GOEV.US,D,20210211,000000,380.65,381.57,368,373.06,113986.60877544,0
GOEV.US,D,20210212,000000,373.29,393.99,365.01,383.64,137979.26096615,0
GOEV.US,D,20210216,000000,391,391,376.74,383.87,146881.78271151,0
GOEV.US,D,20210217,000000,381.8,383.18,366.39,378.12,142754.65227384,0
GOEV.US,D,20210218,000000,368.92,372.14,355.58,361.1,155177.04358688,0
GOEV.US,D,20210219,000000,362.71,367.54,350.29,352.13,137650.08705288,0
GOEV.US,D,20210222,000000,346.84,351.67,335.8,337.18,145612.04358019,0
GOEV.US,D,20210223,000000,310.5,317.17,292.1,302.91,251947.52191549,0
GOEV.US,D,20210224,000000,310.96,328.9,307.213,326.83,141539.34792516,0
GOEV.US,D,20210225,000000,324.3,336.718,306.13,310.96,118476.65225685,0
GOEV.US,D,20210226,000000,305.9,313.173,293.25,295.78,178579.21751631,0
GOEV.US,D,20210301,000000,305.44,336.95,299.23,328.21,190589.1305682,0
GOEV.US,D,20210302,000000,324.99,327.75,314.18,319.24,91948.652238277,0
GOEV.US,D,20210303,000000,323.38,323.61,297.16,299.69,147273.30445092,0
GOEV.US,D,20210304,000000,296.424,299.805,250.7,262.89,226442.17407155,0
GOEV.US,D,20210305,000000,266.8,270.02,222.64,257.14,262347.26105321,0
GOEV.US,D,20210308,000000,258.98,279.45,253.69,255.99,131087.43487437,0
GOEV.US,D,20210309,000000,268.037,286.81,266.34,281.06,169932.08707547,0
GOEV.US,D,20210310,000000,290.03,309.81,286.12,296.47,184953.43491208,0
GOEV.US,D,20210311,000000,303.6,341.32,302.45,337.41,354366.60894371,0
GOEV.US,D,20210312,000000,347.07,368,325.45,340.86,569716.26126837,0
GOEV.US,D,20210315,000000,355.332,374.9,345.92,361.1,353470.4785083,0
GOEV.US,D,20210316,000000,363.4,383.64,346.61,355.12,330907.69588381,0
GOEV.US,D,20210317,000000,339.71,370.99,337.03,359.72,388340.0437501,0
GOEV.US,D,20210318,000000,349.6,372.83,345.92,353.05,280315.26106579,0
GOEV.US,D,20210319,000000,356.5,360.87,342.24,353.74,596905.78302653,0
GOEV.US,D,20210322,000000,360.18,364.55,342.7,352.13,233336.95668508,0
GOEV.US,D,20210323,000000,346.84,353.97,337.18,339.71,230827.78277028,0
GOEV.US,D,20210324,000000,345,345,298.54,298.655,220224.82624111,0
GOEV.US,D,20210325,000000,285.2,298.54,276,294.4,179837.91316936,0
GOEV.US,D,20210326,000000,295.55,305.44,273.47,286.58,157716.7827191,0
GOEV.US,D,20210329,000000,286.58,288.42,267.95,271.4,230201.08711766,0
GOEV.US,D,20210330,000000,221.72,224.94,195.962,213.9,1578709.8706703,0
GOEV.US,D,20210331,000000,219.65,220.8,206.08,207.69,564396.56561247,0
GOEV.US,D,20210401,000000,213.9,221.49,206.08,206.77,343975.43502339,0
GOEV.US,D,20210405,000000,210.68,210.68,185.15,194.81,535349.95689648,0
GOEV.US,D,20210406,000000,192.28,216.2,191.36,212.98,344685.69589345,0
GOEV.US,D,20210407,000000,208.38,244.95,205.16,219.19,455262.60901434,0
GOEV.US,D,20210408,000000,227.24,238.74,223.33,237.59,274924.8262794,0
GOEV.US,D,20210409,000000,230.46,234.14,219.42,224.71,173617.4783824,0
GOEV.US,D,20210412,000000,224.02,224.02,202.17,205.62,194577.5653536,0
GOEV.US,D,20210413,000000,205.62,212.75,195.73,211.37,196944.43492047,0
GOEV.US,D,20210414,000000,207,214.59,205.16,210.68,118476.30443076,0
GOEV.US,D,20210415,000000,207.46,209.07,188.602,192.28,266507.30453438,0
GOEV.US,D,20210416,000000,191.13,193.89,186.76,188.83,153127.04358545,0
GOEV.US,D,20210419,000000,188.14,196.19,185.38,190.44,143036.00010013,0
GOEV.US,D,20210420,000000,182.85,184.69,172.5,175.95,227427.91320268,0
GOEV.US,D,20210421,000000,172.5,198.95,168.59,198.03,216638.21754295,0
GOEV.US,D,20210422,000000,197.11,203.32,190.019,194.12,148742.34793021,0
GOEV.US,D,20210423,000000,193.2,204.47,191.36,200.33,84141.130493681,0
GOEV.US,D,20210426,000000,203.55,211.14,198.03,206.31,85955.608755821,0
GOEV.US,D,20210427,000000,209.376,209.76,202.86,206.54,58027.956562359,0
GOEV.US,D,20210428,000000,203.09,219.42,201.71,218.27,118546.82616994,0
GOEV.US,D,20210429,000000,215.97,219.188,204.511,209.53,82834.347884071,0
GOEV.US,D,20210430,000000,204.47,210.68,199.41,202.86,64568.956566937,0
GOEV.US,D,20210503,000000,205.16,205.62,190.67,193.2,73085.739181595,0
GOEV.US,D,20210504,000000,190.9,192.74,182.884,186.53,98564.478329865,0
GOEV.US,D,20210505,000000,186.07,188.14,183.08,184.575,63905.478305603,0
GOEV.US,D,20210506,000000,183.239,183.837,166.405,169.855,143356.00010035,0
GOEV.US,D,20210507,000000,172.27,184.46,168.36,177.79,124223.9566087,0
GOEV.US,D,20210510,000000,175.72,177.56,161,163.07,124173.21747823,0
GOEV.US,D,20210511,000000,157.764,184.23,149.73,182.16,187752.08708795,0
GOEV.US,D,20210512,000000,172.73,178.02,166.06,169.51,92707.391369243,0
GOEV.US,D,20210513,000000,170.66,178.71,162.15,163.99,87243.95658281,0
GOEV.US,D,20210514,000000,168.59,174.34,165.14,167.9,72587.565268203,0
GOEV.US,D,20210517,000000,169.51,183.08,167.21,173.65,125557.60878354,0
GOEV.US,D,20210518,000000,177.1,182.16,162.84,174.57,265563.60888155,0
GOEV.US,D,20210519,000000,167.9,179.63,165.14,178.71,108751.08703265,0
GOEV.US,D,20210520,000000,178.48,179.63,173.19,177.79,82478.304405561,0
GOEV.US,D,20210521,000000,178.94,181.93,175.03,176.18,85113.04353784,0
GOEV.US,D,20210524,000000,186.3,189.244,173.88,178.02,93648.739195989,0
GOEV.US,D,20210525,000000,177.1,179.17,170.662,173.65,82561.82614475,0
GOEV.US,D,20210526,000000,173.599,186.3,172.96,181.7,101395.91311446,0
GOEV.US,D,20210527,000000,182.85,189.52,179.63,188.6,187647.95665309,0
GOEV.US,D,20210528,000000,188.6,194.35,181.7,182.16,82023.087013938,0
GOEV.US,D,20210601,000000,184,189.06,180.09,187.45,72202.173963585,0
GOEV.US,D,20210602,000000,188.83,207,185.38,203.55,246689.82625964,0
GOEV.US,D,20210603,000000,202.63,213.203,195.5,204.93,249349.73930498,0
GOEV.US,D,20210604,000000,207.23,209.53,196.914,199.64,130611.00009143,0
GOEV.US,D,20210607,000000,204.01,210.91,198.03,204.7,135904.78270383,0
GOEV.US,D,20210608,000000,207.69,274.16,207.69,246.33,1150876.2181969,0
GOEV.US,D,20210609,000000,278.3,280.255,225.63,230.92,588561.34823808,0
GOEV.US,D,20210610,000000,229.31,235.29,212.98,224.48,252355.56539404,0
GOEV.US,D,20210611,000000,226.32,229.08,215.05,223.1,146896.82618978,0
GOEV.US,D,20210614,000000,221.95,230,216.2,217.58,108587.21746732,0
GOEV.US,D,20210615,000000,217.35,262.2,215.945,254.15,1389272.0444508,0
GOEV.US,D,20210616,000000,246.56,253.92,226.09,234.6,425101.43508018,0
GOEV.US,D,20210617,000000,237.59,244.886,221.03,228.39,318578.65239692,0
GOEV.US,D,20210618,000000,229.77,238.05,226.09,229.31,276173.65236723,0
GOEV.US,D,20210621,000000,224.94,227.691,214.475,217.81,226819.95668051,0
GOEV.US,D,20210622,000000,219.119,221.26,209.99,218.04,146571.2174939,0
GOEV.US,D,20210623,000000,220.552,231.84,219.65,230,142527.47836064,0
GOEV.US,D,20210624,000000,230.23,233.399,222.18,225.86,136175.34792141,0
GOEV.US,D,20210625,000000,225.86,229.77,221.03,222.41,581111.73953721,0
GOEV.US,D,20210628,000000,224.747,228.344,220.34,225.86,120047.43486664,0
GOEV.US,D,20210629,000000,227.309,234.83,221.72,225.86,243476.78277913,0
GOEV.US,D,20210630,000000,224.71,237.13,221.95,228.62,179772.56534323,0
GOEV.US,D,20210701,000000,231.61,232.755,217.35,217.81,108866.65225012,0
GOEV.US,D,20210702,000000,218.5,222.785,207.92,208.84,97642.347894437,0
GOEV.US,D,20210706,000000,212.692,213.518,205.39,209.76,71069.173962792,0
GOEV.US,D,20210707,000000,209.76,209.99,196.42,202.63,98127.956590429,0
GOEV.US,D,20210708,000000,195.04,203.78,193.51,203.09,58776.565258535,0
GOEV.US,D,20210709,000000,204.24,208.15,200.1,207.23,44778.043509606,0
GOEV.US,D,20210712,000000,207.46,212.26,201.303,209.53,52887.217428325,0
GOEV.US,D,20210713,000000,208.84,210.45,202.17,206.31,52443.347862797,0
GOEV.US,D,20210714,000000,208.15,211.485,199.41,200.33,66558.608742243,0
GOEV.US,D,20210715,000000,200.56,216.2,198.023,202.86,77605.043532584,0
GOEV.US,D,20210716,000000,202.86,203.32,194.35,195.27,52546.826123739,0
GOEV.US,D,20210719,000000,189.29,193.43,182.539,191.59,70160.521788243,0
GOEV.US,D,20210720,000000,192.05,198.72,186.3,195.73,54441.5652555,0
GOEV.US,D,20210721,000000,193.66,202.17,192.05,201.02,52746.695689097,0
GOEV.US,D,20210722,000000,203.55,204.01,193.43,194.12,42539.521768908,0
GOEV.US,D,20210723,000000,193.2,194.741,186.07,188.6,42475.608725385,0
GOEV.US,D,20210726,000000,186.99,199.41,184.851,192.05,60962.217433978,0
GOEV.US,D,20210727,000000,192.05,192.05,182.16,186.07,76336.087009957,0
GOEV.US,D,20210728,000000,187.052,194.58,185.61,192.74,52716.608732554,0
GOEV.US,D,20210729,000000,193.2,193.66,186.76,186.76,59657.608737413,0
GOEV.US,D,20210730,000000,185.15,191.13,183.77,186.99,47428.043511461,0
GOEV.US,D,20210802,000000,189.75,189.75,183.379,183.77,52166.478297386,0
GOEV.US,D,20210803,000000,186.76,186.76,178.758,180.32,46221.695684529,0
GOEV.US,D,20210804,000000,178.71,184.92,175.26,175.49,52858.43481961,0
GOEV.US,D,20210805,000000,175.49,186.53,175.145,182.85,56757.695691904,0
GOEV.US,D,20210806,000000,184,186.53,181.7,184.23,35101.695676745,0
GOEV.US,D,20210809,000000,183.77,189.75,182.85,183.54,71863.956572044,0
GOEV.US,D,20210810,000000,186.463,190.21,181.7,183.77,73855.347877786,0
GOEV.US,D,20210811,000000,184,185.61,179.63,182.62,51664.173949208,0
GOEV.US,D,20210812,000000,182.85,182.85,173.88,175.72,77059.260923507,0
GOEV.US,D,20210813,000000,176.87,178.02,161.23,161.46,118669.17399611,0
GOEV.US,D,20210816,000000,161,162.15,150.65,151.11,149395.17401762,0
GOEV.US,D,20210817,000000,150.65,150.65,141.397,146.05,129561.86965591,0
GOEV.US,D,20210818,000000,149.516,150.19,140.76,141.45,109603.6957289,0
GOEV.US,D,20210819,000000,139.84,140.76,132.25,134.09,169883.78272761,0
GOEV.US,D,20210820,000000,133.4,142.14,133.17,135.93,103636.21746385,0
GOEV.US,D,20210823,000000,141.22,181.01,140.3,179.17,682190.2613471,0
GOEV.US,D,20210824,000000,170.66,174.34,159.16,173.88,314094.86978508,0
GOEV.US,D,20210825,000000,169.51,183.08,169.05,172.5,182809.04360623,0
GOEV.US,D,20210826,000000,172.652,185.61,170.2,175.95,146726.26097227,0
GOEV.US,D,20210827,000000,176.64,178.71,165.6,169.28,154146.47836877,0
GOEV.US,D,20210830,000000,170.43,170.43,160.54,163.76,87930.173974595,0
GOEV.US,D,20210831,000000,163.148,166.98,161.69,165.83,72373.087007183,0
GOEV.US,D,20210901,000000,163.3,172.776,162.61,169.74,109837.8696421,0
GOEV.US,D,20210902,000000,169.74,180.55,169.51,177.56,120746.30443235,0
GOEV.US,D,20210903,000000,175.95,185.15,174.087,175.03,148662.86966928,0
GOEV.US,D,20210907,000000,179.198,189.06,177.562,179.4,151707.73923663,0
GOEV.US,D,20210908,000000,179.4,179.4,163.07,168.59,107798.82616242,0
GOEV.US,D,20210909,000000,168.59,170.927,164.22,166.29,71851.652224209,0
GOEV.US,D,20210910,000000,169.05,170.2,157.55,157.78,102611.00007183,0
GOEV.US,D,20210913,000000,158.93,165.37,155.595,161,74093.26092143,0
GOEV.US,D,20210914,000000,162.38,165.37,156.17,158.24,70114.00004908,0
GOEV.US,D,20210915,000000,157.78,160.54,155.25,158.01,82449.608753367,0
GOEV.US,D,20210916,000000,155.71,156.4,152.95,153.64,80402.347882369,0
GOEV.US,D,20210917,000000,153.87,162.035,153.87,157.09,246403.60886813,0
GOEV.US,D,20210920,000000,149.27,157.09,147.89,155.94,145304.73923215,0
GOEV.US,D,20210921,000000,156.4,159.16,147.89,153.87,176251.04360164,0
GOEV.US,D,20210922,000000,154.482,154.482,144.67,150.65,241772.00016924,0
GOEV.US,D,20210923,000000,156.86,180.78,156.86,170.66,543803.00038066,0
GOEV.US,D,20210924,000000,176.87,210.91,174.11,207.92,1112790.8703442,0
GOEV.US,D,20210927,000000,205.16,211.83,184.23,191.36,468994.4351109,0
GOEV.US,D,20210928,000000,186.3,195.04,175.95,176.64,189808.91317634,0
GOEV.US,D,20210929,000000,180.32,193.2,169.51,170.89,271416.26105956,0
GOEV.US,D,20210930,000000,173.88,178.94,169.395,176.87,117863.47834337,0
GOEV.US,D,20211001,000000,176.64,178.71,163.76,165.14,130969.60878733,0
GOEV.US,D,20211004,000000,164.45,165.14,153.64,156.63,114229.26094953,0
GOEV.US,D,20211005,000000,158.47,161.575,155.94,158.01,95404.478327653,0
GOEV.US,D,20211006,000000,154.79,158.47,151.11,152.95,87390.565278565,0
GOEV.US,D,20211007,000000,155.71,158.47,152.202,152.72,78009.217445911,0
GOEV.US,D,20211008,000000,153.87,155.02,148.35,148.81,83327.782667025,0
GOEV.US,D,20211011,000000,151.503,157.143,148.166,152.49,75514.826139817,0
GOEV.US,D,20211012,000000,152.49,161.23,152.223,160.08,81135.043535055,0
GOEV.US,D,20211013,000000,161.69,166.98,160.54,166.06,68016.000047611,0
GOEV.US,D,20211014,000000,166.29,168.36,160.655,165.6,84707.000059295,0
GOEV.US,D,20211015,000000,168.13,169.28,163.53,167.44,71669.956571908,0
GOEV.US,D,20211018,000000,157.63,165.598,157.55,162.38,73633.087008065,0
GOEV.US,D,20211019,000000,163.07,166.75,161.92,165.83,49228.608730112,0
GOEV.US,D,20211020,000000,166.75,166.75,162.15,163.99,35913.826112096,0
GOEV.US,D,20211021,000000,163.514,170.2,162.357,169.51,91652.130498939,0
GOEV.US,D,20211022,000000,167.9,169.554,159.39,160.77,68693.130482868,0
GOEV.US,D,20211025,000000,164.68,175.72,162.955,171.81,126816.3044366,0
GOEV.US,D,20211026,000000,171.81,181.815,171.81,174.8,96715.565285092,0
GOEV.US,D,20211027,000000,175.03,178.94,167.9,169.05,47776.608729096,0
GOEV.US,D,20211028,000000,170.2,187.45,170.2,183.54,142212.6087952,0
GOEV.US,D,20211029,000000,183.54,191.13,182.16,184.46,85616.087016453,0
GOEV.US,D,20211101,000000,186.53,195.5,186.3,192.51,131485.86965726,0
GOEV.US,D,20211102,000000,192.28,192.97,183.54,191.36,70527.782658065,0
GOEV.US,D,20211103,000000,190.9,199.41,189.704,194.81,76657.695705834,0
GOEV.US,D,20211104,000000,197.34,198.869,190.21,191.82,50280.000035196,0
GOEV.US,D,20211105,000000,193.66,200.33,191.231,196.88,92502.782673448,0
GOEV.US,D,20211108,000000,202.63,213.21,200.114,208.84,168778.69577032,0
GOEV.US,D,20211109,000000,215.51,215.74,191.335,195.73,133069.08704967,0
GOEV.US,D,20211110,000000,189.29,202.198,181.7,185.15,144911.82618839,0
GOEV.US,D,20211111,000000,189.75,197.692,184.483,195.27,83199.652232153,0
GOEV.US,D,20211112,000000,200.1,201.48,194.35,197.57,56226.652213272,0
GOEV.US,D,20211115,000000,197.11,198.03,187.91,194.35,99760.913113311,0
GOEV.US,D,20211116,000000,197.34,242.65,195.5,240.35,872780.47887182,0
GOEV.US,D,20211117,000000,276,290.72,231.38,248.4,3073393.1760644,0
GOEV.US,D,20211118,000000,238.05,243.57,209.323,222.87,592423.73954513,0
GOEV.US,D,20211119,000000,228.65,236.21,225.17,230.46,298196.2610783,0
GOEV.US,D,20211122,000000,232.3,272.32,230.69,262.89,1010374.6528812,0
GOEV.US,D,20211123,000000,259.67,266.8,239.66,265.42,502975.39165643,0
GOEV.US,D,20211124,000000,256.68,286.12,255.76,284.74,617818.47869334,0
GOEV.US,D,20211126,000000,262.2,283.015,259.9,281.06,299606.95673146,0
GOEV.US,D,20211129,000000,287.5,307.05,272.78,296.47,632659.69609504,0
GOEV.US,D,20211130,000000,290.743,292.56,262.2,275.31,475601.65250683,0
GOEV.US,D,20211201,000000,281.52,285.66,254.15,260.13,293209.65237916,0
GOEV.US,D,20211202,000000,249.09,264.73,241.04,262.2,363585.52199364,0
GOEV.US,D,20211203,000000,258.75,260.82,232.07,234.37,285458.00019982,0
GOEV.US,D,20211206,000000,225.86,236.001,212.98,223.1,235381.91320825,0
GOEV.US,D,20211207,000000,232.783,235.29,226.205,228.62,144889.04357968,0
GOEV.US,D,20211208,000000,230,241.04,224.48,233.91,115285.26095026,0
GOEV.US,D,20211209,000000,230,232.76,216.43,217.12,134635.17400729,0
GOEV.US,D,20211210,000000,218.96,226.32,213.555,215.28,128734.78269881,0
GOEV.US,D,20211213,000000,215.28,219.19,204.355,208.84,164166.04359318,0
GOEV.US,D,20211214,000000,201.48,207,192.97,198.72,173830.00012168,0
GOEV.US,D,20211215,000000,198.485,201.71,185.61,198.72,188586.21752331,0
GOEV.US,D,20211216,000000,211.37,217.81,192.395,193.66,288087.56541905,0
GOEV.US,D,20211217,000000,193.89,210.565,185.84,205.62,204464.65231704,0
GOEV.US,D,20211220,000000,196.42,200.675,190.9,194.35,113661.39138391,0
GOEV.US,D,20211221,000000,196.19,197.8,186.76,195.96,138060.73922708,0
GOEV.US,D,20211222,000000,195.96,200.675,188.6,192.28,110879.60877327,0
GOEV.US,D,20211223,000000,192.05,199.64,186.76,195.73,104324.30442085,0
GOEV.US,D,20211227,000000,194.81,196.42,189.405,191.82,111082.26094732,0
GOEV.US,D,20211228,000000,189.29,193.43,182.85,184,125236.56530506,0
GOEV.US,D,20211229,000000,183.77,184.46,174.11,176.18,125835.13052287,0
GOEV.US,D,20211230,000000,176.18,190.325,174.57,186.3,240294.86973342,0
GOEV.US,D,20211231,000000,185.38,189.405,177.215,177.56,100261.04354844,0
GOEV.US,D,20220103,000000,182.62,189.52,180.55,186.53,110136.56529449,0
GOEV.US,D,20220104,000000,187.91,189.009,173.65,178.25,142545.21749109,0
GOEV.US,D,20220105,000000,178.25,181.125,163.99,167.67,185956.86969539,0
GOEV.US,D,20220106,000000,170.89,170.89,159.62,160.54,187493.78273994,0
GOEV.US,D,20220107,000000,161.46,168.59,158.7,161,119908.91312741,0
GOEV.US,D,20220110,000000,159.62,161.228,150.88,157.55,150068.47836592,0
GOEV.US,D,20220111,000000,157.32,169.74,154.56,166.75,127406.17400223,0
GOEV.US,D,20220112,000000,167.9,170.43,163.53,164.68,61206.695695019,0
GOEV.US,D,20220113,000000,165.37,166.75,156.4,157.78,92907.217456339,0
GOEV.US,D,20220114,000000,157.55,160.885,149.96,155.02,120258.43486679,0
GOEV.US,D,20220118,000000,152.09,153.065,144.67,144.9,144276.17401404,0
GOEV.US,D,20220119,000000,146.97,147.531,138.23,138.46,139419.30444542,0
GOEV.US,D,20220120,000000,142.14,146.05,135.585,136.39,124457.52182625,0
GOEV.US,D,20220121,000000,137.31,137.77,127.42,127.42,258715.65235501,0
GOEV.US,D,20220124,000000,125.918,130.41,114.31,129.49,275007.73932294,0
GOEV.US,D,20220125,000000,126.04,132.135,120.98,129.03,146589.69575479,0
GOEV.US,D,20220126,000000,136.045,146.096,131.79,132.71,227009.95668065,0
GOEV.US,D,20220127,000000,134.504,134.55,119.6,121.21,183236.86969348,0
GOEV.US,D,20220128,000000,121.21,124.315,115.69,123.97,142739.78270861,0
GOEV.US,D,20220131,000000,125.35,141.22,124.89,140.76,131602.04357038,0
GOEV.US,D,20220201,000000,141.91,148.58,138.92,145.59,119857.39138825,0
GOEV.US,D,20220202,000000,146.51,146.51,132.94,136.62,130560.08704791,0
GOEV.US,D,20220203,000000,133.4,136.645,129.26,129.26,92930.826152008,0
GOEV.US,D,20220204,000000,130.18,137.31,127.65,134.55,100321.9131137,0
GOEV.US,D,20220207,000000,135.47,141.565,132.94,134.55,73762.434834242,0
GOEV.US,D,20220208,000000,134.55,142.347,132.94,141.22,82726.08701443,0
GOEV.US,D,20220209,000000,143.06,145.82,139.378,145.82,81735.087013736,0
GOEV.US,D,20220210,000000,139.84,148.12,137.655,139.15,98327.391373177,0
GOEV.US,D,20220211,000000,139.38,143.29,132.48,134.55,116954.47834274,0
GOEV.US,D,20220214,000000,133.4,146.28,132.71,136.85,196157.5653547,0
GOEV.US,D,20220215,000000,140.07,144.785,138,143.06,85635.478320814,0
GOEV.US,D,20220216,000000,141.91,144.44,139.382,143.75,74385.173965113,0
GOEV.US,D,20220217,000000,140.53,147.66,138,138.46,99708.434852405,0
GOEV.US,D,20220218,000000,140.311,140.951,129.03,130.87,101366.43485357,0
GOEV.US,D,20220222,000000,128.871,132.825,122.015,123.97,113487.00007944,0
GOEV.US,D,20220223,000000,127.19,128.11,117.76,117.99,87385.826148127,0
GOEV.US,D,20220224,000000,113.16,131.33,112.7,130.87,124250.56530437,0
GOEV.US,D,20220225,000000,132.94,133.745,125.58,132.25,109867.52181604,0
GOEV.US,D,20220228,000000,131.56,134.318,127.42,132.02,134419.60878975,0
GOEV.US,D,20220301,000000,122.13,132.94,122.13,125.81,161631.26098271,0
GOEV.US,D,20220302,000000,127.88,128.915,121.44,128.57,90307.043541476,0
GOEV.US,D,20220303,000000,128.57,129.258,117.53,120.29,121589.73921555,0
GOEV.US,D,20220304,000000,119.6,121.9,111.09,112.93,136744.17400876,0
GOEV.US,D,20220307,000000,113.85,118.91,112.47,113.85,96601.869632839,0
GOEV.US,D,20220308,000000,114.08,120.75,110.63,115.92,113818.13051446,0
GOEV.US,D,20220309,000000,121.67,134.55,120.52,134.32,173082.08707768,0
GOEV.US,D,20220310,000000,129.03,133.745,126.323,133.63,80633.565273835,0
GOEV.US,D,20220311,000000,135.01,135.24,125.81,131.33,75685.087009501,0
GOEV.US,D,20220314,000000,127.65,127.88,118.45,119.14,125311.95660946,0
GOEV.US,D,20220315,000000,120.52,129.03,117.3,128.11,107510.73920569,0
GOEV.US,D,20220316,000000,130.64,134.09,126.385,132.48,99761.565287224,0
GOEV.US,D,20220317,000000,131.33,136.39,128.828,135.01,70388.739179707,0
GOEV.US,D,20220318,000000,134.32,142.812,134.113,139.61,111010.60877336,0
GOEV.US,D,20220321,000000,140.3,140.3,132.135,135.01,76948.391358212,0
GOEV.US,D,20220322,000000,135.93,139.84,133.63,137.54,84149.000058904,0
GOEV.US,D,20220323,000000,135.01,137.34,131.1,132.94,76847.565271185,0
GOEV.US,D,20220324,000000,136.39,140.3,132.48,137.08,88622.304409862,0
GOEV.US,D,20220325,000000,135.93,137.08,124.89,126.96,105884.30442195,0
GOEV.US,D,20220328,000000,130.41,130.41,123.05,128.11,80888.087013143,0
GOEV.US,D,20220329,000000,130.87,139.15,130.18,138.46,175088.13055734,0
GOEV.US,D,20220330,000000,137.54,140.76,132.825,134.32,111069.13051253,0
GOEV.US,D,20220331,000000,135.47,135.93,126.96,126.96,91932.82615131,0
GOEV.US,D,20220401,000000,129.95,129.95,124.66,124.89,102818.43485458,0
GOEV.US,D,20220404,000000,126.73,143.75,125.58,142.37,183001.13056288,0
GOEV.US,D,20220405,000000,142.37,143.52,132.25,133.4,115758.21747234,0
GOEV.US,D,20220406,000000,130.64,131.1,124.66,128.11,98224.956590497,0
GOEV.US,D,20220407,000000,127.65,129.03,121.095,123.97,71647.478311023,0
GOEV.US,D,20220408,000000,125.35,125.35,120.75,120.75,59799.913085338,0
GOEV.US,D,20220411,000000,119.14,123.51,116.84,119.14,56712.869604916,0
GOEV.US,D,20220412,000000,122.13,125.81,116.15,116.61,57363.739170589,0
GOEV.US,D,20220413,000000,118.91,120.75,115.115,118.68,131880.52183145,0
GOEV.US,D,20220414,000000,117.53,118.45,113.85,114.77,109882.65225083,0
GOEV.US,D,20220418,000000,114.77,115.92,111.09,112.01,94937.739196891,0
GOEV.US,D,20220419,000000,112.47,117.53,108.33,115.92,64958.521784601,0
GOEV.US,D,20220420,000000,116.15,116.546,111.09,112.47,52343.434819249,0
GOEV.US,D,20220421,000000,115,119.6,108.1,108.33,100275.30441802,0
GOEV.US,D,20220422,000000,107.87,115,106.03,113.85,98154.521807839,0
GOEV.US,D,20220425,000000,112.7,120.98,112.585,119.14,79658.521794891,0
GOEV.US,D,20220426,000000,117.3,117.762,110.285,114.77,96127.52180642,0
GOEV.US,D,20220427,000000,115.92,117.3,111.09,112.01,79424.217446901,0
GOEV.US,D,20220428,000000,112.93,116.265,110.4,115.46,57552.260909852,0
GOEV.US,D,20220429,000000,115.23,116.84,109.94,110.4,50397.478296148,0
GOEV.US,D,20220502,000000,109.94,112.475,107.41,111.55,64029.434827429,0
GOEV.US,D,20220503,000000,110.4,113.39,107.985,109.25,45806.434814673,0
GOEV.US,D,20220504,000000,109.02,113.85,105.11,112.93,79698.695707963,0
GOEV.US,D,20220505,000000,110.63,111.895,101.545,103.27,91969.695716553,0
GOEV.US,D,20220506,000000,102.12,105.8,97.98,102.81,80971.608752332,0
GOEV.US,D,20220509,000000,98.9,101.315,87.4,87.515,157696.17402343,0
GOEV.US,D,20220510,000000,92.46,92.5244,79.81,83.03,140207.00009814,0
GOEV.US,D,20220511,000000,77.28,79.12,63.94,64.17,318348.86978806,0
GOEV.US,D,20220512,000000,58.65,69.69,58.65,69,193626.34796163,0
GOEV.US,D,20220513,000000,72.45,78.89,70.15,75.44,112802.26094853,0
GOEV.US,D,20220516,000000,78.89,82.8,74.98,76.59,236969.95668762,0
GOEV.US,D,20220517,000000,81.65,84.41,76.82,82.57,124613.65226114,0
GOEV.US,D,20220518,000000,81.88,85.56,77.05,77.74,75674.304400798,0
GOEV.US,D,20220519,000000,76.82,85.79,76.59,83.72,132953.21748437,0
GOEV.US,D,20220520,000000,84.41,85.5899,75.21,77.74,81401.478317851,0
GOEV.US,D,20220523,000000,79.12,79.35,73.6,74.52,82635.826144802,0
GOEV.US,D,20220524,000000,73.83,74.52,69.23,71.3,94271.565283381,0
GOEV.US,D,20220525,000000,71.07,74.29,69.69,73.14,64833.087001905,0
GOEV.US,D,20220526,000000,73.14,78.89,71.76,76.59,76475.087010054,0
GOEV.US,D,20220527,000000,78.66,82.225,77.625,80.96,61081.782651453,0
GOEV.US,D,20220531,000000,80.73,80.96,76.13,77.05,183488.30447627,0
GOEV.US,D,20220601,000000,77.28,79.58,75.44,76.59,64854.652219311,0
GOEV.US,D,20220602,000000,77.97,81.88,75.67,78.43,51090.304383589,0
GOEV.US,D,20220603,000000,77.51,77.51,73.14,76.36,55993.304387021,0
GOEV.US,D,20220606,000000,77.97,79.12,72.91,73.14,59482.13047642,0
GOEV.US,D,20220607,000000,73.37,74.2348,70.84,73.83,49566.565252088,0
GOEV.US,D,20220608,000000,73.14,80.5276,73.14,77.97,53957.217429074,0
GOEV.US,D,20220609,000000,77.97,77.97,73.6,73.83,34806.043502625,0
GOEV.US,D,20220610,000000,72.45,74.405,69.92,70.15,41593.21742042,0
GOEV.US,D,20220613,000000,67.85,70.035,62.79,63.94,123781.6087823,0
GOEV.US,D,20220614,000000,64.63,65.32,60.26,60.49,96944.521806992,0
GOEV.US,D,20220615,000000,60.95,65.2234,59.57,63.48,142122.08705601,0
GOEV.US,D,20220616,000000,60.49,61.64,58.19,58.88,97483.000068238,0
GOEV.US,D,20220617,000000,58.19,60.03,54.97,55.43,291332.65237785,0
GOEV.US,D,20220621,000000,56.58,65.55,56.005,59.8,309202.91325992,0
GOEV.US,D,20220622,000000,57.27,60.49,52.44,53.13,292159.04368277,0
GOEV.US,D,20220623,000000,54.28,54.97,50.6,51.52,237696.56538378,0
GOEV.US,D,20220624,000000,51.75,54.28,50.6,51.29,283666.34802465,0
GOEV.US,D,20220627,000000,51.75,51.98,48.07,48.99,176169.47838419,0
GOEV.US,D,20220628,000000,48.53,51.29,46.46,46.92,131187.00009183,0
GOEV.US,D,20220629,000000,46.69,46.92,43.93,46.69,342829.04371824,0
GOEV.US,D,20220630,000000,45.31,46.115,42.32,42.55,166724.26098627,0
GOEV.US,D,20220701,000000,42.78,44.39,41.055,43.24,121437.21747631,0
GOEV.US,D,20220705,000000,43.24,49.91,40.25,49.45,271243.56540726,0
GOEV.US,D,20220706,000000,49.22,51.29,47.61,49.22,107830.17398852,0
GOEV.US,D,20220707,000000,49.68,58.65,48.645,55.89,221641.69580732,0
GOEV.US,D,20220708,000000,55.89,65.55,53.82,59.34,212378.21753997,0
GOEV.US,D,20220711,000000,62.1,62.1,52.9,54.51,106872.13050959,0
GOEV.US,D,20220712,000000,106.95,115,82.34,83.49,7564308.831382,0
GOEV.US,D,20220713,000000,84.41,85.33,74.98,82.11,1563058.7837028,0
GOEV.US,D,20220714,000000,89.7,115,85.33,106.03,8039349.2664971,0
GOEV.US,D,20220715,000000,105.34,106.49,95.91,98.44,2430355.4364839,0
GOEV.US,D,20220718,000000,97.98,98.44,89.24,91.08,1278192.044373,0
GOEV.US,D,20220719,000000,93.15,95.22,89.9576,92,766366.08749298,0
GOEV.US,D,20220720,000000,92.69,99.59,91.08,95.22,845212.04406991,0
GOEV.US,D,20220721,000000,93.61,93.84,89.93,93.15,475623.47859381,0
GOEV.US,D,20220722,000000,91.77,95.68,83.835,88.55,492669.26121443,0
GOEV.US,D,20220725,000000,87.63,87.63,80.73,85.33,304285.60890865,0
GOEV.US,D,20220726,000000,82.34,84.1777,79.81,80.5,296094.78281596,0
GOEV.US,D,20220727,000000,82.34,83.03,77.28,82.8,233727.65233752,0
GOEV.US,D,20220728,000000,82.57,85.56,81.42,82.34,307814.00021547,0
GOEV.US,D,20220729,000000,81.305,82.57,78.936,79.58,210396.82623423,0
GOEV.US,D,20220801,000000,80.27,82.386,78.43,78.66,196054.95665898,0
GOEV.US,D,20220802,000000,77.2823,87.4,76.59,83.03,304781.56543074,0
GOEV.US,D,20220803,000000,83.72,86.48,81.88,86.02,221272.04363315,0
GOEV.US,D,20220804,000000,84.87,90.6177,81.42,82.11,296952.30455569,0
GOEV.US,D,20220805,000000,82.34,85.79,79.35,85.1,209878.21753822,0
GOEV.US,D,20220808,000000,88.78,96.37,87.17,90.62,680713.82656346,0
GOEV.US,D,20220809,000000,84.755,84.755,73.37,78.43,578224.56562215,0
GOEV.US,D,20220810,000000,80.04,82.57,76.59,82.57,248782.43495676,0
GOEV.US,D,20220811,000000,83.95,99.36,83.26,86.48,779899.21793723,0
GOEV.US,D,20220812,000000,86.71,98.44,83.03,98.44,616065.95695299,0
GOEV.US,D,20220815,000000,96.025,100.97,88.55,91.08,389048.4785332,0
GOEV.US,D,20220816,000000,91.77,93.15,86.94,91.08,371502.91330353,0
GOEV.US,D,20220817,000000,90.16,97.29,88.32,89.93,583932.82649571,0
GOEV.US,D,20220818,000000,92,92.23,85.1,87.63,260411.39148664,0
GOEV.US,D,20220819,000000,84.41,86.595,80.96,84.18,224185.95667867,0
GOEV.US,D,20220822,000000,82.34,83.03,79.58,82.57,170730.17403255,0
GOEV.US,D,20220823,000000,82.57,85.33,76.82,77.51,337904.30458436,0
GOEV.US,D,20220824,000000,77.51,86.02,76.59,83.95,202433.30448953,0
GOEV.US,D,20220825,000000,84.41,86.94,83.95,85.33,109281.56529389,0
GOEV.US,D,20220826,000000,85.79,86.9124,79.81,80.27,159215.21750275,0
GOEV.US,D,20220829,000000,78.89,82.57,76.13,76.36,193735.26100518,0
GOEV.US,D,20220830,000000,76.82,77.28,69.46,71.3,277923.65236846,0
GOEV.US,D,20220831,000000,71.3,73.83,70.265,73.37,170907.82620659,0
GOEV.US,D,20220901,000000,71.07,71.53,66.93,69.23,234405.43494669,0
GOEV.US,D,20220902,000000,69.46,69.69,65.55,66.47,211129.30449562,0
GOEV.US,D,20220906,000000,67.62,68.08,62.1,63.71,191991.434917,0
GOEV.US,D,20220907,000000,62.33,65.3177,60.03,62.33,209640.95666849,0
GOEV.US,D,20220908,000000,59.8,63.71,59.57,61.64,157005.65228382,0
GOEV.US,D,20220909,000000,62.56,63.94,61.64,62.1,167858.65229141,0
GOEV.US,D,20220912,000000,62.33,64.285,59.8,62.33,241790.69582143,0
GOEV.US,D,20220913,000000,59.34,61.87,58.19,58.65,222246.78276427,0
GOEV.US,D,20220914,000000,58.42,59.8,56.12,59.8,227503.30450708,0
GOEV.US,D,20220915,000000,60.95,67.16,59.8,64.4,561117.47865365,0
GOEV.US,D,20220916,000000,62.56,63.595,57.04,57.615,427929.47856042,0
GOEV.US,D,20220919,000000,57.04,58.42,55.2,57.5,178427.60882055,0
GOEV.US,D,20220920,000000,56.12,56.81,53.13,53.59,215285.26102026,0
GOEV.US,D,20220921,000000,53.82,57.73,53.13,55.2,162664.30446169,0
GOEV.US,D,20220922,000000,54.51,55.545,49.45,51.75,258674.82626803,0
GOEV.US,D,20220923,000000,50.14,51.52,49.22,51.06,154616.34793432,0
GOEV.US,D,20220926,000000,50.6,53.015,46.69,46.92,241432.43495161,0
GOEV.US,D,20220927,000000,47.61,49.45,46.23,46.69,261411.56540038,0
GOEV.US,D,20220928,000000,46.69,49.22,45.54,48.53,214434.60884576,0
GOEV.US,D,20220929,000000,46,46.92,43.24,45.54,293795.39151,0
GOEV.US,D,20220930,000000,44.85,45.655,43.01,43.125,169807.60881452,0
GOEV.US,D,20221003,000000,43.24,43.355,40.71,42.32,199781.52187898,0
GOEV.US,D,20221004,000000,43.24,44.85,42.32,43.01,333698.60892924,0
GOEV.US,D,20221005,000000,42.55,42.895,38.87,39.79,386741.08722724,0
GOEV.US,D,20221006,000000,39.33,40.365,37.26,37.26,289678.34802886,0
GOEV.US,D,20221007,000000,36.8,37.49,34.04,34.5,295454.1306416,0
GOEV.US,D,20221010,000000,35.88,35.88,31.28,31.51,249551.95669643,0
GOEV.US,D,20221011,000000,32.43,33.465,30.59,31.28,536098.13081005,0
GOEV.US,D,20221012,000000,31.74,32.89,30.935,31.97,341204.08719536,0
GOEV.US,D,20221013,000000,30.82,32.43,29.67,31.51,326802.9567505,0
GOEV.US,D,20221014,000000,32.2,32.43,29.44,29.67,238471.2610365,0
GOEV.US,D,20221017,000000,32.085,36.34,31.05,33.35,1076732.6964059,0
GOEV.US,D,20221018,000000,37.03,37.03,32.2,33.58,940324.82674518,0
GOEV.US,D,20221019,000000,32.89,33.35,31.97,32.66,293559.91324897,0
GOEV.US,D,20221020,000000,32.43,33.35,31.28,31.74,257061.47844081,0
GOEV.US,D,20221021,000000,30.82,32.2,30.13,31.855,213201.56536663,0
GOEV.US,D,20221024,000000,31.51,32.4277,29.9,31.28,240902.4784295,0
GOEV.US,D,20221025,000000,31.74,33.81,31.28,32.43,591647.34824024,0
GOEV.US,D,20221026,000000,33.58,35.42,32.2,32.43,559199.86995666,0
GOEV.US,D,20221027,000000,33.35,33.58,31.51,31.74,196045.65231115,0
GOEV.US,D,20221028,000000,31.97,32.2,29.9,31.74,208593.52188515,0
GOEV.US,D,20221031,000000,32.2,32.43,31.05,31.51,229726.52189994,0
GOEV.US,D,20221101,000000,32.43,32.66,31.28,31.51,251750.13061101,0
GOEV.US,D,20221102,000000,32.2,32.2,30.36,30.36,250438.30452313,0
GOEV.US,D,20221103,000000,30.13,31.51,29.9,30.59,222339.08711216,0
GOEV.US,D,20221104,000000,31.28,31.97,29.67,30.36,230575.86972662,0
GOEV.US,D,20221107,000000,31.05,31.05,29.67,30.36,241452.26103858,0
GOEV.US,D,20221108,000000,30.59,31.28,29.21,30.015,259941.08713848,0
GOEV.US,D,20221109,000000,29.21,29.44,26.68,26.91,403379.69593454,0
GOEV.US,D,20221110,000000,30.13,30.36,27.14,27.83,991220.47895472,0
GOEV.US,D,20221111,000000,28.29,37.95,26.91,36.34,1586173.1750234,0
GOEV.US,D,20221114,000000,38.41,38.64,32.66,35.075,1175233.392127,0
GOEV.US,D,20221115,000000,35.88,36.8,33.58,33.81,554077.21777916,0
GOEV.US,D,20221116,000000,33.58,34.04,30.36,30.59,490370.04382152,0
GOEV.US,D,20221117,000000,29.67,29.9,28.2923,28.75,386152.52200944,0
GOEV.US,D,20221118,000000,29.44,29.555,27.83,28.52,404823.00028338,0
GOEV.US,D,20221121,000000,28.06,28.52,26.22,26.68,444274.00031099,0
GOEV.US,D,20221122,000000,25.76,25.99,23.46,24.265,564339.34822112,0
GOEV.US,D,20221123,000000,24.38,25.3,24.38,24.84,328353.73936028,0
GOEV.US,D,20221125,000000,29.21,29.44,25.76,25.99,748007.52226274,0
GOEV.US,D,20221128,000000,27.14,28.75,26.45,27.14,666195.47872721,0
GOEV.US,D,20221129,000000,28.29,28.98,27.37,28.52,371344.43504255,0
GOEV.US,D,20221130,000000,29.44,30.82,28.06,30.82,755544.0874854,0
GOEV.US,D,20221201,000000,32.66,34.155,30.59,31.74,695623.82657389,0
GOEV.US,D,20221202,000000,31.51,34.0308,29.4745,33.12,655880.65263303,0
GOEV.US,D,20221205,000000,33.12,33.81,31.97,32.2,396143.65245121,0
GOEV.US,D,20221206,000000,32.2,32.66,28.98,31.05,369379.91330204,0
GOEV.US,D,20221207,000000,29.9,31.97,29.21,31.51,260247.60887783,0
GOEV.US,D,20221208,000000,31.51,32.315,30.13,30.82,286173.21759163,0
GOEV.US,D,20221209,000000,30.59,31.625,28.98,29.44,313471.00021943,0
GOEV.US,D,20221212,000000,29.9,30.36,29.21,29.44,286565.2175919,0
GOEV.US,D,20221213,000000,30.82,31.51,28.75,29.44,340098.34806416,0
GOEV.US,D,20221214,000000,29.67,30.13,27.14,27.83,535298.13080949,0
GOEV.US,D,20221215,000000,27.14,29.21,26.68,28.98,459957.65249588,0
GOEV.US,D,20221216,000000,28.52,29.21,27.14,28.29,659819.43524448,0
GOEV.US,D,20221219,000000,27.83,28.29,26.91,28.06,264373.60888071,0
GOEV.US,D,20221220,000000,27.14,28.06,26.45,26.91,314176.26108949,0
GOEV.US,D,20221221,000000,26.91,28.52,25.76,27.83,252842.08713351,0
GOEV.US,D,20221222,000000,26.91,27.37,24.84,25.76,348110.60893933,0
GOEV.US,D,20221223,000000,25.76,26.68,25.3,26.68,223376.56537375,0
GOEV.US,D,20221227,000000,26.68,26.68,23.92,24.38,381174.04374508,0
GOEV.US,D,20221228,000000,24.61,25.07,24.38,24.61,214398.82623704,0
GOEV.US,D,20221229,000000,25.07,28.06,23.92,28.06,698188.43527134,0
GOEV.US,D,20221230,000000,27.83,30.59,26.91,28.29,402997.0002821,0
GOEV.US,D,20230103,000000,29.21,29.44,27.14,28.75,265732.60888167,0
GOEV.US,D,20230104,000000,28.98,29.44,27.83,28.52,236211.65233926,0
GOEV.US,D,20230105,000000,27.6,27.83,26.22,26.91,244094.91321434,0
GOEV.US,D,20230106,000000,25.3,26.68,24.84,25.07,320393.13065906,0
GOEV.US,D,20230109,000000,25.53,25.99,24.61,24.84,439562.217699,0
GOEV.US,D,20230110,000000,25.3,25.53,24.61,25.3,216527.00015157,0
GOEV.US,D,20230111,000000,25.53,28.06,25.3,27.37,379964.0872225,0
GOEV.US,D,20230112,000000,27.37,30.13,26.68,29.9,386245.73940081,0
GOEV.US,D,20230113,000000,28.75,31.51,28.75,30.82,342137.82632645,0
GOEV.US,D,20230117,000000,31.05,31.74,29.44,30.59,296564.82629455,0
GOEV.US,D,20230118,000000,30.59,31.05,29.44,30.36,271672.34801626,0
GOEV.US,D,20230119,000000,29.44,29.67,27.83,29.21,172180.78272922,0
GOEV.US,D,20230120,000000,29.67,29.9,28.29,28.52,298865.5654266,0
GOEV.US,D,20230123,000000,28.75,30.82,28.06,30.59,433698.73943402,0
GOEV.US,D,20230124,000000,30.13,31.05,28.98,29.21,226820.13059356,0
GOEV.US,D,20230125,000000,32.2,32.43,28.52,28.75,1454183.3923223,0
GOEV.US,D,20230126,000000,29.67,29.9,26.22,27.37,965531.78328457,0
GOEV.US,D,20230127,000000,26.91,33.81,26.45,31.74,1545439.5228209,0
GOEV.US,D,20230130,000000,30.36,30.36,28.06,28.06,753441.39183176,0
GOEV.US,D,20230131,000000,28.29,28.52,27.37,27.6,522447.04384397,0
GOEV.US,D,20230201,000000,26.91,28.06,25.3,27.83,1390100.8705383,0
GOEV.US,D,20230202,000000,28.175,30.13,27.6,27.83,1152920.9573288,0
GOEV.US,D,20230203,000000,27.37,29.44,26.91,28.75,604188.34824902,0
GOEV.US,D,20230206,000000,23,26.22,22.7263,25.185,3593699.741646,0
GOEV.US,D,20230207,000000,25.07,25.3,23,23.69,1656144.1750723,0
GOEV.US,D,20230208,000000,23.92,24.84,23.23,24.15,887365.78322985,0
GOEV.US,D,20230209,000000,24.15,24.38,21.62,22.0823,1253792.218269,0
GOEV.US,D,20230210,000000,22.8068,23.46,22.1329,22.8804,992696.39199924,0
GOEV.US,D,20230213,000000,22.77,22.885,20.493,20.7966,1264586.7400156,0
GOEV.US,D,20230214,000000,20.7276,21.6085,20.033,21.5556,1264816.3052332,0
GOEV.US,D,20230215,000000,21.2474,22.08,20.355,21.7166,1114824.3486065,0
GOEV.US,D,20230216,000000,20.93,21.39,20.5045,20.5942,882310.08757414,0
GOEV.US,D,20230217,000000,20.9139,20.9277,19.5615,20.2377,743191.08747676,0
GOEV.US,D,20230221,000000,20.0675,20.6954,19.78,19.8973,792942.60925071,0
GOEV.US,D,20230222,000000,20.033,20.125,18.4943,18.906,1314996.0443988,0
GOEV.US,D,20230223,000000,18.8899,19.0371,16.79,18.0412,1863048.8273911,0
GOEV.US,D,20230224,000000,17.5766,18.0366,16.5646,16.7831,1133665.0877501,0
GOEV.US,D,20230227,000000,16.7601,17.02,15.9965,16.1069,1448375.0444921,0
GOEV.US,D,20230228,000000,16.33,17.4754,15.962,17.2155,1399574.8270667,0
GOEV.US,D,20230301,000000,17.2707,17.2707,16.1621,16.4082,875703.65278691,0
GOEV.US,D,20230302,000000,16.33,16.5416,15.41,15.9091,898758.87019435,0
GOEV.US,D,20230303,000000,16.1,17.595,15.87,17.0752,1132470.5225319,0
GOEV.US,D,20230306,000000,17.02,17.6203,16.1,16.1092,1558531.1315258,0
GOEV.US,D,20230307,000000,16.3024,16.3024,14.95,14.9845,1390966.6966259,0
GOEV.US,D,20230308,000000,15.1777,15.1777,14.0921,14.2669,1497298.9575698,0
GOEV.US,D,20230309,000000,14.26,15.065,13.5723,13.8,1229167.2182517,0
GOEV.US,D,20230310,000000,13.7287,13.8,12.8846,13.3929,676204.56569073,0
GOEV.US,D,20230313,000000,12.9743,14.2485,12.65,13.547,1005424.870269,0
GOEV.US,D,20230314,000000,13.8299,14.467,13.3469,13.432,1108419.7833846,0
GOEV.US,D,20230315,000000,13.1859,13.34,12.4683,13.0226,1027628.1311541,0
GOEV.US,D,20230316,000000,12.558,13.7977,12.558,13.57,1674119.6098675,0
GOEV.US,D,20230317,000000,13.3469,13.5884,12.7765,13.4803,1891320.6100196,0
GOEV.US,D,20230320,000000,13.4711,14.766,13.3423,14.7476,1082288.0442359,0
GOEV.US,D,20230321,000000,15.41,16.2679,15.019,16.0425,981510.82677401,0
GOEV.US,D,20230322,000000,15.8401,16.0931,13.3423,13.4159,1079180.8268424,0
GOEV.US,D,20230323,000000,13.938,14.03,12.88,12.903,641841.95697103,0
GOEV.US,D,20230324,000000,13.294,13.6953,12.65,13.4918,535618.91341841,0
GOEV.US,D,20230327,000000,13.4734,14.3336,13.1146,13.3515,485535.26120944,0
GOEV.US,D,20230328,000000,13.3515,13.639,13.0985,13.4044,518321.78297152,0
GOEV.US,D,20230329,000000,13.4113,14.3152,13.4113,14.1634,556838.60908544,0
GOEV.US,D,20230330,000000,14.4762,15.1708,14.2807,14.329,823707.2179679,0
GOEV.US,D,20230331,000000,14.1174,15.3525,13.5723,15.0098,850837.91363906,0
GOEV.US,D,20230403,000000,15.9666,16.0402,13.8598,14.2554,874414.73974253,0
GOEV.US,D,20230404,000000,14.26,14.3681,13.4113,13.6781,402979.08723861,0
GOEV.US,D,20230405,000000,13.5769,13.8,12.4729,12.627,634496.26131371,0
GOEV.US,D,20230406,000000,12.65,12.8731,11.9577,11.96,558190.60908639,0
GOEV.US,D,20230410,000000,12.3579,12.42,11.5621,12.2015,692171.60918017,0
GOEV.US,D,20230411,000000,12.5235,14.03,12.3309,13.018,867851.73973793,0
GOEV.US,D,20230412,000000,12.88,15.525,12.88,14.5613,756910.43531245,0
GOEV.US,D,20230413,000000,15.41,15.41,14.2048,14.8442,384050.82635579,0
GOEV.US,D,20230414,000000,14.6418,15.8516,14.582,15.5871,359269.60894714,0
GOEV.US,D,20230417,000000,16.0494,17.8848,15.9505,17.1718,1123182.6964384,0
GOEV.US,D,20230418,000000,17.917,17.917,16.1,16.5232,666091.30481409,0
GOEV.US,D,20230419,000000,15.8723,17.7031,15.41,16.9901,804265.95708473,0
GOEV.US,D,20230420,000000,16.7394,18.1677,16.583,17.8296,662427.34828979,0
GOEV.US,D,20230421,000000,17.733,17.894,16.7923,17.4984,416947.26116143,0
GOEV.US,D,20230424,000000,17.25,17.48,15.6871,16.1966,603036.78303082,0
GOEV.US,D,20230425,000000,15.9988,17.5927,15.5457,17.25,860294.17451525,0
GOEV.US,D,20230426,000000,16.7969,17.687,16.6359,17.135,559763.17430488,0
GOEV.US,D,20230427,000000,17.2454,17.71,16.813,17.4271,591207.00041384,0
GOEV.US,D,20230428,000000,17.48,17.871,16.882,17.365,442032.86987464,0
GOEV.US,D,20230501,000000,17.3558,17.9768,17.1626,17.6732,443066.17422319,0
GOEV.US,D,20230502,000000,17.48,18.1677,17.25,17.6272,410728.52202664,0
GOEV.US,D,20230503,000000,17.3328,18.561,17.3328,18.492,662771.0439422,0
GOEV.US,D,20230504,000000,18.492,18.6254,16.491,16.4933,856231.52233849,0
GOEV.US,D,20230505,000000,17.02,17.02,16.2679,16.2702,480520.60903202,0
GOEV.US,D,20230508,000000,16.3576,17.3466,16.2748,16.8038,489419.30469042,0
GOEV.US,D,20230509,000000,16.5393,16.79,14.973,15.571,841448.04406727,0
GOEV.US,D,20230510,000000,15.847,15.939,15.295,15.295,370947.47852053,0
GOEV.US,D,20230511,000000,14.95,15.2329,14.2623,14.3451,392101.26114404,0
GOEV.US,D,20230512,000000,14.49,14.835,13.455,13.5355,471603.78293882,0
GOEV.US,D,20230515,000000,13.57,13.8713,13.1721,13.8,434013.08726033,0
GOEV.US,D,20230516,000000,14.49,16.79,13.6528,14.2623,1445923.8270991,0
GOEV.US,D,20230517,000000,14.49,15.525,13.8621,15.1064,466941.91337034,0
GOEV.US,D,20230518,000000,15.18,15.2306,14.3106,14.8327,397147.56549539,0
GOEV.US,D,20230519,000000,14.95,15.87,14.72,15.4123,726725.91355219,0
GOEV.US,D,20230522,000000,15.4123,15.6147,14.697,14.9592,733725.60920926,0
GOEV.US,D,20230523,000000,14.8557,14.8557,14.3566,14.7591,563945.39169911,0
GOEV.US,D,20230524,000000,14.26,14.5325,13.6459,14.1634,630337.08739776,0
GOEV.US,D,20230525,000000,14.237,14.2554,12.9973,13.1514,650408.73958572,0
GOEV.US,D,20230526,000000,13.34,14.5337,13.1974,13.616,604885.21781472,0
GOEV.US,D,20230530,000000,13.823,13.9012,12.535,13.2043,945326.52240086,0
GOEV.US,D,20230531,000000,13.202,13.225,12.535,12.788,620202.0439124,0
GOEV.US,D,20230601,000000,12.65,12.8317,12.535,12.6063,510514.34818345,0
GOEV.US,D,20230602,000000,12.88,12.8892,12.4522,12.65,415559.13072567,0
GOEV.US,D,20230605,000000,12.88,13.34,12.65,12.8363,894818.00062637,0
GOEV.US,D,20230606,000000,12.8317,13.11,12.5856,12.9674,737491.39182059,0
GOEV.US,D,20230607,000000,13.11,13.9219,13.11,13.3745,829046.78318903,0
GOEV.US,D,20230608,000000,13.57,13.7241,12.0359,12.3648,1050551.0876919,0
GOEV.US,D,20230609,000000,12.6523,12.742,12.052,12.0543,648695.56567148,0
GOEV.US,D,20230612,000000,12.2383,12.7719,12.0635,12.3786,680529.73960681,0
GOEV.US,D,20230613,000000,12.2521,12.9593,12.029,12.903,949313.04414278,0
GOEV.US,D,20230614,000000,12.995,13.7494,12.9053,12.9444,686688.34830677,0
GOEV.US,D,20230615,000000,13.11,16.4427,13.0019,15.2191,2855509.4802597,0
GOEV.US,D,20230616,000000,16.2817,17.25,15.18,15.18,2246245.1320072,0
GOEV.US,D,20230620,000000,15.4008,15.755,12.8455,12.9122,1764294.3925394,0
GOEV.US,D,20230621,000000,13.11,13.225,11.73,12.1601,2047811.7840422,0
GOEV.US,D,20230622,000000,12.19,12.4936,11.8473,11.9071,961637.39197749,0
GOEV.US,D,20230623,000000,11.96,12.466,11.362,11.5,2695689.7844957,0
GOEV.US,D,20230626,000000,11.5805,11.73,10.3891,10.3891,1203822.5225818,0
GOEV.US,D,20230627,000000,10.649,10.7272,9.5105,9.7635,1318302.7400532,0
GOEV.US,D,20230628,000000,9.8854,10.212,9.66,9.9889,863955.69625694,0
GOEV.US,D,20230629,000000,10.3845,11.4839,9.982,10.7824,1522377.39237,0
GOEV.US,D,20230630,000000,10.971,11.339,10.7801,11.0262,935745.1310898,0
GOEV.US,D,20230703,000000,11.6334,12.42,11.592,12.42,1286748.218292,0
GOEV.US,D,20230705,000000,12.65,12.8777,12.374,12.6454,951606.04414439,0
GOEV.US,D,20230706,000000,12.3832,12.3878,11.5,11.8634,810871.73969805,0
GOEV.US,D,20230707,000000,12.0497,12.9145,11.7668,12.7213,867966.0875641,0
GOEV.US,D,20230710,000000,14.6878,14.7177,11.408,11.5,4786664.0903072,0
GOEV.US,D,20230711,000000,11.707,12.0244,11.5575,11.8841,1549437.2619542,0
GOEV.US,D,20230712,000000,12.627,12.9904,11.9784,12.6385,1470462.1749424,0
GOEV.US,D,20230713,000000,12.65,12.88,12.2015,12.7696,1148154.044282,0
GOEV.US,D,20230714,000000,13.225,16.9717,12.9467,16.2564,8235340.7448952,0
GOEV.US,D,20230717,000000,15.5227,16.8245,14.536,15.9942,2764874.1758485,0
GOEV.US,D,20230718,000000,16.1184,18.239,15.64,16.1,3539120.43726,0
GOEV.US,D,20230719,000000,17.2523,19.4971,16.1322,16.5048,4344714.0899978,0
GOEV.US,D,20230720,000000,16.905,17.1948,14.9776,15.2996,1968098.7839864,0
GOEV.US,D,20230721,000000,15.8125,16.0494,14.1473,14.8189,1767316.5664545,0
GOEV.US,D,20230724,000000,14.72,14.8051,13.5148,14.007,1449799.6531888,0
GOEV.US,D,20230725,000000,14.214,14.4371,12.535,12.5741,1820662.1751875,0
GOEV.US,D,20230726,000000,12.7558,13.4527,12.5465,13.2871,1308385.348742,0
GOEV.US,D,20230727,000000,13.5769,13.593,11.9646,11.9991,1538876.1749903,0
GOEV.US,D,20230728,000000,12.282,13.2457,11.9623,12.466,1630441.1315761,0
GOEV.US,D,20230731,000000,12.88,15.0512,12.7765,14.8396,2896509.2628971,0
GOEV.US,D,20230801,000000,15.1294,15.5181,14.2922,15.0903,1549456.566302,0
GOEV.US,D,20230802,000000,14.49,14.996,13.846,14.4739,972504.26155032,0
GOEV.US,D,20230803,000000,14.1588,15.1202,13.777,14.8948,1045766.7833407,0
GOEV.US,D,20230804,000000,15.18,15.2076,13.6206,13.8621,1361754.9139967,0
GOEV.US,D,20230807,000000,13.754,13.754,12.075,13.087,2114568.4797411,0
GOEV.US,D,20230808,000000,12.6063,13.11,12.535,12.8179,782247.17446062,0
GOEV.US,D,20230809,000000,12.65,12.8248,11.6587,12.2176,1226911.0878154,0
GOEV.US,D,20230810,000000,12.351,12.3602,11.6978,11.9922,1028640.2181114,0
GOEV.US,D,20230811,000000,11.96,12.1785,11.5092,11.8381,1041355.3920333,0
GOEV.US,D,20230814,000000,11.9922,12.19,11.04,11.7139,1661888.6533372,0
GOEV.US,D,20230815,000000,12.052,12.1141,10.81,11.1389,1715190.9142441,0
GOEV.US,D,20230816,000000,10.695,10.7525,9.89,10.0556,1611092.2185191,0
GOEV.US,D,20230817,000000,10.189,10.5685,9.9291,10.1568,942801.9571817,0
GOEV.US,D,20230818,000000,9.66,10.235,9.66,10.1614,709669.30484459,0
GOEV.US,D,20230821,000000,10.097,11.1688,9.9406,10.9595,904844.2180247,0
GOEV.US,D,20230822,000000,10.9618,11.891,10.948,11.845,1445186.8270986,0
GOEV.US,D,20230823,000000,11.73,12.6431,11.73,12.2843,1087835.5659789,0
GOEV.US,D,20230824,000000,12.3533,12.512,11.1918,11.8243,1220782.8269415,0
GOEV.US,D,20230825,000000,11.5184,12.5419,11.5092,12.1532,1304480.8270001,0
GOEV.US,D,20230828,000000,12.19,14.812,12.1831,14.812,4968165.6121734,0
GOEV.US,D,20230829,000000,13.9564,15.8424,13.11,14.6648,2636154.3931497,0
GOEV.US,D,20230830,000000,14.628,15.962,14.628,15.4675,1990787.1318283,0
GOEV.US,D,20230831,000000,15.41,15.5894,13.3423,13.6275,1710223.479458,0
GOEV.US,D,20230901,000000,14.2025,14.4325,13.34,13.5815,942396.0876162,0
GOEV.US,D,20230905,000000,13.685,14.1795,13.34,13.6988,752761.82661389,0
GOEV.US,D,20230906,000000,13.5263,13.7379,12.7075,12.788,705997.65266811,0
GOEV.US,D,20230907,000000,12.19,12.42,11.5966,12.351,767524.17445031,0
GOEV.US,D,20230908,000000,12.19,12.305,11.155,11.4218,1019762.4354964,0
GOEV.US,D,20230911,000000,11.6081,12.19,11.569,11.9669,594878.95693815,0
GOEV.US,D,20230912,000000,11.9784,13.0433,11.96,12.0842,606215.08738087,0
GOEV.US,D,20230913,000000,12.1118,12.167,11.6403,11.73,416338.39159578,0
GOEV.US,D,20230914,000000,11.8772,12.2613,11.6058,11.73,571672.47866104,0
GOEV.US,D,20230915,000000,11.9416,12.0014,10.8399,11.0906,1342317.3487657,0
GOEV.US,D,20230918,000000,11.2194,11.224,10.4811,10.6237,1431815.8270892,0
GOEV.US,D,20230919,000000,10.81,11.3919,10.235,10.9664,1194408.2617057,0
GOEV.US,D,20230920,000000,10.9871,11.155,10.4098,10.4213,591079.60910941,0
GOEV.US,D,20230921,000000,10.4029,10.6007,10.0671,10.1959,542994.86994531,0
GOEV.US,D,20230922,000000,10.3247,10.534,9.9291,10.35,605583.5656413,0
GOEV.US,D,20230925,000000,10.1361,10.5708,9.8279,10.5248,622513.87000098,0
GOEV.US,D,20230926,000000,10.4811,11.6495,10.35,10.81,1188342.6530058,0
GOEV.US,D,20230927,000000,10.7065,11.27,10.58,11.2654,895267.08758321,0
GOEV.US,D,20230928,000000,10.902,11.27,10.8077,11.1435,299400.04368784,0
GOEV.US,D,20230929,000000,10.925,11.4287,10.925,11.27,692161.5657019,0
GOEV.US,D,20231002,000000,11.1734,11.3114,10.12,10.2649,801665.56577856,0
GOEV.US,D,20231003,000000,10.3155,10.4397,10.0073,10.2373,454011.60901346,0
GOEV.US,D,20231004,000000,10.12,10.35,9.6623,9.8923,646471.52219166,0
GOEV.US,D,20231005,000000,9.9222,10.2327,9.2,10.212,835487.47884571,0
GOEV.US,D,20231006,000000,9.6876,9.8233,9.4323,9.5818,872758.56582832,0
GOEV.US,D,20231009,000000,9.3564,9.3863,8.5859,8.832,1280705.8704617,0
GOEV.US,D,20231010,000000,8.786,9.3357,8.786,8.9792,790070.04403131,0
GOEV.US,D,20231011,000000,9.1034,9.3035,8.4686,8.4686,823280.2179676,0
GOEV.US,D,20231012,000000,8.4801,8.5054,7.59,7.7487,1207290.3486712,0
GOEV.US,D,20231013,000000,7.8016,7.935,7.4681,7.682,870182.17452217,0
GOEV.US,D,20231016,000000,7.9028,7.9626,7.3899,7.4014,658703.17437414,0
GOEV.US,D,20231017,000000,7.59,8.0132,7.567,7.7119,828313.43536243,0
GOEV.US,D,20231018,000000,7.6245,7.8476,7.1277,7.1875,784920.47881031,0
GOEV.US,D,20231019,000000,7.13,7.13,6.44,6.44,1155037.6529824,0
GOEV.US,D,20231020,000000,6.394,6.44,6.0306,6.0306,857891.30494835,0
GOEV.US,D,20231023,000000,6.0835,6.6424,5.9409,6.4216,775635.08749947,0
GOEV.US,D,20231024,000000,6.7413,7.245,6.5734,6.8563,769025.78314701,0
GOEV.US,D,20231025,000000,7.13,7.1415,6.1479,6.2353,798138.43534131,0
GOEV.US,D,20231026,000000,6.2008,6.44,6.003,6.2031,558018.1308254,0
GOEV.US,D,20231027,000000,6.3135,6.325,5.9363,6.0881,680118.8700413,0
GOEV.US,D,20231030,000000,6.1203,6.3135,5.7822,6.0306,684148.52221803,0
GOEV.US,D,20231031,000000,5.888,6.3043,5.75,6.3043,391454.08723054,0
GOEV.US,D,20231101,000000,6.21,6.371,5.8075,5.9202,633005.60913876,0
GOEV.US,D,20231102,000000,6.026,6.8977,5.9478,6.325,1238894.957389,0
GOEV.US,D,20231103,000000,6.233,6.5136,6.1479,6.2836,991756.17460727,0
GOEV.US,D,20231106,000000,6.5504,6.5527,5.8742,6.0191,926265.26151795,0
GOEV.US,D,20231107,000000,6.1134,6.1226,5.612,5.934,1302986.5661295,0
GOEV.US,D,20231108,000000,5.9156,5.9455,5.3406,5.3912,1076526.7833623,0
GOEV.US,D,20231109,000000,5.4487,5.4924,5.0623,5.2072,986197.43547295,0
GOEV.US,D,20231110,000000,5.29,5.635,5.0945,5.635,902951.60932772,0
GOEV.US,D,20231113,000000,5.75,5.8305,5.3728,5.8121,1166036.7834249,0
GOEV.US,D,20231114,000000,5.9915,6.4515,5.911,6.21,1481636.305385,0
GOEV.US,D,20231115,000000,6.7183,7.5187,6.2123,6.2583,2295791.3059549,0
GOEV.US,D,20231116,000000,6.3227,6.6562,5.8259,5.98,1460806.2618921,0
GOEV.US,D,20231117,000000,6.1686,6.9621,6.1111,6.9345,1748395.3925282,0
GOEV.US,D,20231120,000000,7.36,8.809,7.2703,8.3674,4472292.1335654,0
GOEV.US,D,20231121,000000,8.7124,8.7147,7.82,7.9143,1964445.2187664,0
GOEV.US,D,20231122,000000,8.1029,8.1167,7.245,7.5601,1471822.7401607,0
GOEV.US,D,20231124,000000,7.314,7.59,7.0035,7.3968,686571.82656756,0
GOEV.US,D,20231127,000000,7.2105,7.6843,7.015,7.6337,923939.13108154,0
GOEV.US,D,20231128,000000,7.82,8.1098,7.5486,7.9327,966579.69632878,0
GOEV.US,D,20231129,000000,8.05,8.2662,7.13,7.13,1559531.6967438,0
GOEV.US,D,20231130,000000,7.3255,7.49225,7.13,7.13,1279181.1748085,0
GOEV.US,D,20231201,000000,7.0495,7.13,6.67,6.67,1364425.653129,0
GOEV.US,D,20231204,000000,6.9,6.9,6.187,6.21,1533857.6967259,0
GOEV.US,D,20231205,000000,6.187,6.21,5.7523,5.8972,1265799.826973,0
GOEV.US,D,20231206,000000,5.9823,6.4745,5.796,6.1985,1166204.609512,0
GOEV.US,D,20231207,000000,6.1824,6.2491,5.75,5.75,988820.34851826,0
GOEV.US,D,20231208,000000,5.75,5.8627,5.566,5.6994,1046138.3920366,0
GOEV.US,D,20231211,000000,5.7822,6.0329,5.5476,5.7247,949766.78327353,0
GOEV.US,D,20231212,000000,5.635,5.7109,5.3429,5.566,1140898.3486247,0
GOEV.US,D,20231213,000000,5.3797,5.6764,5.221,5.5982,1457906.0444988,0
GOEV.US,D,20231214,000000,5.8052,6.1847,5.75,5.865,1537306.3054239,0
GOEV.US,D,20231215,000000,6.0398,6.2077,5.8236,5.8857,1803252.5230014,0
GOEV.US,D,20231218,000000,6.0375,6.3365,5.9455,5.98,1981184.1752999,0
GOEV.US,D,20231219,000000,6.187,6.21,5.6971,5.865,2113414.9580011,0
GOEV.US,D,20231220,000000,5.773,5.9777,5.704,5.7983,1299432.2617792,0
GOEV.US,D,20231221,000000,5.8236,5.888,5.4142,5.5545,1827224.4360617,0
GOEV.US,D,20231222,000000,5.566,5.727,5.4487,5.451,1810897.1317024,0
GOEV.US,D,20231226,000000,5.4947,5.52,5.244,5.382,1702503.4359744,0
GOEV.US,D,20231227,000000,5.3429,5.681,5.3429,5.6741,1428519.7836087,0
GOEV.US,D,20231228,000000,5.6327,6.2468,5.6327,6.0513,2308151.4363983,0
GOEV.US,D,20231229,000000,6.1594,6.2376,5.8305,5.9156,1361532.3487792,0
GOEV.US,D,20240102,000000,5.842,5.9156,5.2762,5.29,1761435.0881895,0
GOEV.US,D,20240103,000000,5.29,5.3889,5.1842,5.3314,1114418.7399105,0
GOEV.US,D,20240104,000000,5.2371,5.3015,4.876,4.9082,1906155.2187256,0
GOEV.US,D,20240105,000000,5.336,5.5016,4.7564,5.4786,3814805.9591921,0
GOEV.US,D,20240108,000000,6.3986,7.084,5.612,5.796,9329136.0065304,0
GOEV.US,D,20240109,000000,5.29,5.4579,4.8852,4.899,4306394.6986667,0
GOEV.US,D,20240110,000000,5.0485,5.474,4.899,5.0301,3119831.4804448,0
GOEV.US,D,20240111,000000,5.06,5.2279,4.83,4.8415,2534241.3061218,0
GOEV.US,D,20240112,000000,4.8484,4.92791,4.6322,4.6736,2330986.2625013,0
GOEV.US,D,20240116,000000,4.6874,4.715,4.14,4.2435,3117470.132617,0
GOEV.US,D,20240117,000000,4.1975,4.4505,4.0664,4.1446,2423518.4364791,0
GOEV.US,D,20240118,000000,4.1584,4.1745,3.7306,4.0365,2658557.8714262,0
GOEV.US,D,20240119,000000,3.91,3.9123,3.6501,3.7927,1991323.2187852,0
GOEV.US,D,20240122,000000,3.7421,4.255,3.7145,4.255,2689618.8279697,0
GOEV.US,D,20240123,000000,4.1883,4.2182,3.818,3.9836,2459197.0017214,0
GOEV.US,D,20240124,000000,4.14,4.2205,3.795,3.8663,1806270.2186557,0
GOEV.US,D,20240125,000000,3.9767,3.9767,3.6547,3.7421,2997041.0020979,0
GOEV.US,D,20240126,000000,3.7582,3.8042,3.565,3.5719,2401707.8277682,0
GOEV.US,D,20240129,000000,3.6524,4.3194,3.5765,4.2987,4253814.1768907,0
GOEV.US,D,20240130,000000,4.2826,4.6897,3.9813,4.1469,3795089.1330913,0
GOEV.US,D,20240131,000000,4.209,4.899,4.071,4.6966,4041421.3071768,0
GOEV.US,D,20240201,000000,4.83,5.1037,4.071,4.1446,4072577.872416,0
GOEV.US,D,20240202,000000,4.1239,4.2021,3.91,3.91,2485950.480001,0
GOEV.US,D,20240205,000000,3.956,4.002,3.542,3.5903,3533251.9155168,0
GOEV.US,D,20240206,000000,3.6363,3.7467,3.5512,3.7007,2584945.262679,0
GOEV.US,D,20240207,000000,3.7007,3.9629,3.565,3.795,2475328.7408632,0
GOEV.US,D,20240208,000000,3.7904,3.8985,3.7007,3.772,2546417.6974347,0
GOEV.US,D,20240209,000000,3.8387,3.8525,3.5374,3.565,3651892.8721215,0
GOEV.US,D,20240212,000000,3.6202,3.7076,3.4638,3.4983,2929875.0020509,0
GOEV.US,D,20240213,000000,3.45,3.4684,3.2407,3.3304,2569990.5670164,0
GOEV.US,D,20240214,000000,3.3833,3.4017,3.2545,3.2752,2255012.7407089,0
GOEV.US,D,20240215,000000,3.3304,3.5719,3.266,3.3465,3133003.3934975,0
GOEV.US,D,20240216,000000,3.335,3.427,3.1993,3.2407,3117978.741313,0
GOEV.US,D,20240220,000000,3.2752,3.2913,2.898,2.9532,4175126.6116182,0
GOEV.US,D,20240221,000000,2.99,3.059,2.875,2.8773,1720478.0881609,0
GOEV.US,D,20240222,000000,2.7922,2.806,2.5921,2.6749,3944512.4375438,0
GOEV.US,D,20240223,000000,2.645,2.7301,2.4012,2.6611,3024533.6108128,0
GOEV.US,D,20240226,000000,2.691,2.6933,2.3322,2.4173,4635542.2641144,0
GOEV.US,D,20240227,000000,2.4242,2.6427,2.3023,2.6174,5165293.5253548,0
GOEV.US,D,20240228,000000,2.714,2.714,2.3943,2.4173,4966340.5252156,0
GOEV.US,D,20240229,000000,2.4932,2.553,2.346,2.4196,6173723.9608433,0
GOEV.US,D,20240301,000000,2.4104,2.4472,2.346,2.4127,3389327.0893291,0
GOEV.US,D,20240304,000000,2.3943,2.415,2.139,2.2103,4779940.003346,0
GOEV.US,D,20240305,000000,2.2195,2.2793,2.1666,2.185,2494159.5669633,0
GOEV.US,D,20240306,000000,1.9711,2.047,1.84,1.9964,4613220.0901858,0
GOEV.US,D,20240307,000000,1.9964,2.507,1.9021,2.277,6361461.2653226,0
GOEV.US,D,20240308,000000,2.27,2.47,2.13,2.13,4300211,0
GOEV.US,D,20240311,000000,2.06,2.07,1.7049,1.795,4700421,0
GOEV.US,D,20240312,000000,1.75,1.77,1.28,1.36,13183601,0
GOEV.US,D,20240313,000000,1.36,1.47,1.31,1.36,6355744,0
GOEV.US,D,20240314,000000,1.38,1.38,1.22,1.31,4846170,0
GOEV.US,D,20240315,000000,1.29,2.08,1.28,1.94,29877055,0
GOEV.US,D,20240318,000000,2.34,3.88,2.2,2.9,108380125,0
GOEV.US,D,20240319,000000,2.9,3.18,2.51,2.78,17750913,0
GOEV.US,D,20240320,000000,2.74,3.55,2.61,3.41,23675763,0
GOEV.US,D,20240321,000000,3.88,4.8088,3.7,4.34,46445614,0
GOEV.US,D,20240322,000000,4.19,4.6,3.72,4.28,22817003,0
GOEV.US,D,20240325,000000,4.4,4.67,3.95,4.2,11324505,0
GOEV.US,D,20240326,000000,3.88,3.89,3.22,3.44,14362476,0
GOEV.US,D,20240327,000000,3.51,3.51,3.18,3.25,6743169,0
GOEV.US,D,20240328,000000,3.28,3.735,3.23,3.57,10708591,0
GOEV.US,D,20240401,000000,3.71,3.93,3.415,3.87,13614137,0
GOEV.US,D,20240402,000000,2.4801,2.92,2.35,2.8,13194485,0
GOEV.US,D,20240403,000000,2.59,2.87,2.405,2.47,8360459,0
GOEV.US,D,20240404,000000,2.53,2.64,2.2,2.24,6164354,0
GOEV.US,D,20240405,000000,2.2,2.27,2.11,2.13,3973892,0
GOEV.US,D,20240408,000000,2.16,2.54,2.16,2.41,7163543,0
GOEV.US,D,20240409,000000,2.46,2.55,2.33,2.42,4546818,0
GOEV.US,D,20240410,000000,2.35,2.48,2.31,2.37,2124213,0
GOEV.US,D,20240411,000000,2.36,2.375,2.2,2.28,2104123,0
GOEV.US,D,20240412,000000,2.21,2.4,2.07,2.4,3655075,0
GOEV.US,D,20240415,000000,2.32,2.56,2.21,2.48,4013584,0
GOEV.US,D,20240416,000000,2.38,3.2985,2.3799,2.93,14688935,0
GOEV.US,D,20240417,000000,3.07,3.49,2.84,2.86,9042607,0
GOEV.US,D,20240418,000000,3.02,3.23,2.9209,3,5762204,0
GOEV.US,D,20240419,000000,3.01,3.1,2.75,2.85,3589467,0
GOEV.US,D,20240422,000000,2.88,3.41,2.68,3.4,5980914,0
GOEV.US,D,20240423,000000,3.27,3.45,3.14,3.17,3537676,0
GOEV.US,D,20240424,000000,3.25,3.2845,2.87,2.9,3933648,0
GOEV.US,D,20240425,000000,2.89,2.99,2.68,2.7,3749037,0
GOEV.US,D,20240426,000000,2.76,2.83,2.7,2.77,2265739,0
GOEV.US,D,20240429,000000,2.76,2.8898,2.71,2.82,1913719,0
GOEV.US,D,20240430,000000,2.8,2.895,2.69,2.88,2028526,0
GOEV.US,D,20240501,000000,2.79,2.94,2.75,2.79,2009123,0
GOEV.US,D,20240502,000000,2.8,2.83,2.63,2.83,2638924,0
GOEV.US,D,20240503,000000,2.81,2.8899,2.75,2.77,2045970,0
GOEV.US,D,20240506,000000,2.73,2.77,2.61,2.63,3025530,0
GOEV.US,D,20240507,000000,2.62,2.64,2.38,2.58,3348392,0
GOEV.US,D,20240508,000000,2.52,2.58,2.45,2.54,1840125,0
GOEV.US,D,20240509,000000,2.55,2.6,2.44,2.53,2206879,0
GOEV.US,D,20240510,000000,2.53,2.59,2.5,2.56,2549665,0
GOEV.US,D,20240513,000000,2.63,2.88,2.63,2.72,4894317,0
GOEV.US,D,20240514,000000,2.81,3.02,2.74,2.79,8019313,0
GOEV.US,D,20240515,000000,2.7,2.77,2.53,2.65,6248980,0
GOEV.US,D,20240516,000000,2.64,2.91,2.62,2.87,5164983,0
GOEV.US,D,20240517,000000,2.83,2.86,2.7,2.78,3825890,0
GOEV.US,D,20240520,000000,2.73,2.8189,2.675,2.73,2433563,0
GOEV.US,D,20240521,000000,2.76,2.76,2.57,2.59,2242718,0
GOEV.US,D,20240522,000000,2.57,2.65,2.53,2.56,1776917,0
GOEV.US,D,20240523,000000,2.58,2.59,2.35,2.36,2220416,0
GOEV.US,D,20240524,000000,2.45,2.48,2.3466,2.46,1784587,0
GOEV.US,D,20240528,000000,2.49,2.505,2.35,2.4,2139257,0
GOEV.US,D,20240529,000000,2.345,2.36,2.17,2.18,3811036,0
GOEV.US,D,20240530,000000,2.21,2.27,2.07,2.09,2652142,0
GOEV.US,D,20240531,000000,2.15,2.47,2.11,2.25,6324213,0
GOEV.US,D,20240603,000000,2.28,2.375,2.05,2.1,5188655,0
GOEV.US,D,20240604,000000,2.11,2.12,2.02,2.06,2624092,0
GOEV.US,D,20240605,000000,2.07,2.12,2.03,2.11,2179818,0
GOEV.US,D,20240606,000000,2.12,2.14,2.075,2.12,1251675,0
GOEV.US,D,20240607,000000,2.1,2.1,2,2.04,1632164,0
GOEV.US,D,20240610,000000,2.01,2.07,1.93,2.04,2018199,0
GOEV.US,D,20240611,000000,2.04,2.06,1.9501,2.02,1265198,0
GOEV.US,D,20240612,000000,2.05,2.13,2.03,2.03,2789498,0
GOEV.US,D,20240613,000000,2.06,2.61,2.05,2.18,10501945,0
GOEV.US,D,20240614,000000,2.21,2.65,1.44,1.8,28791017,0
GOEV.US,D,20240617,000000,1.95,2.005,1.82,1.98,4790144,0
GOEV.US,D,20240618,000000,1.94,1.95,1.79,1.81,3161416,0
GOEV.US,D,20240620,000000,1.84,1.8693,1.78,1.81,2531323,0
GOEV.US,D,20240621,000000,1.79,1.89,1.79,1.88,3544307,0
GOEV.US,D,20240624,000000,1.87,1.91,1.7,1.7,3185008,0
GOEV.US,D,20240625,000000,1.72,1.72,1.62,1.62,3207146,0
GOEV.US,D,20240626,000000,1.66,2,1.66,1.96,5620930,0
GOEV.US,D,20240627,000000,1.93,2.1,1.91,1.99,4424027,0
GOEV.US,D,20240628,000000,2.01,2.15,1.93,2.13,11720099,0
GOEV.US,D,20240701,000000,2.08,2.135,1.98,2.02,2382592,0
GOEV.US,D,20240702,000000,2.02,2.36,2.01,2.33,7546657,0
GOEV.US,D,20240703,000000,2.33,2.3427,2.19,2.23,2438523,0
GOEV.US,D,20240705,000000,2.25,2.27,2.09,2.12,2341494,0
GOEV.US,D,20240708,000000,2.19,2.3,2.15,2.26,2114864,0
GOEV.US,D,20240709,000000,2.29,2.47,2.23,2.44,4457272,0
GOEV.US,D,20240710,000000,2.44,2.565,2.4,2.44,2370098,0
GOEV.US,D,20240711,000000,2.31,2.39,2.265,2.38,2348732,0
GOEV.US,D,20240712,000000,2.39,2.64,2.385,2.52,5090835,0
GOEV.US,D,20240715,000000,2.49,2.69,2.3901,2.68,2815606,0
GOEV.US,D,20240716,000000,2.65,2.81,2.641,2.78,3164142,0
GOEV.US,D,20240717,000000,2.76,2.815,2.61,2.64,2162925,0
GOEV.US,D,20240718,000000,2.64,2.76,2.325,2.36,3108938,0
GOEV.US,D,20240719,000000,2.35,2.43,2.235,2.3,2272789,0
GOEV.US,D,20240722,000000,2.33,2.33,2.09,2.15,3400701,0
GOEV.US,D,20240723,000000,2.16,2.17,2.05,2.12,2706484,0
GOEV.US,D,20240724,000000,2.05,2.0895,1.92,1.93,3254593,0
GOEV.US,D,20240725,000000,1.96,2.11,1.91,2.06,1975970,0
GOEV.US,D,20240726,000000,2.12,2.12,2.02,2.07,1047571,0
GOEV.US,D,20240729,000000,2.05,2.1,1.91,1.95,2640332,0
GOEV.US,D,20240730,000000,1.95,2.105,1.92,2.06,2757577,0
GOEV.US,D,20240731,000000,2.09,2.135,1.99,2.01,2453586,0
GOEV.US,D,20240801,000000,2,2,1.85,1.87,3095768,0
GOEV.US,D,20240802,000000,1.78,1.86,1.76,1.8,2294214,0
GOEV.US,D,20240805,000000,1.64,1.74,1.54,1.71,3568662,0
GOEV.US,D,20240806,000000,1.78,1.78,1.65,1.67,2382611,0
GOEV.US,D,20240807,000000,1.68,1.7,1.64,1.68,2210777,0
GOEV.US,D,20240808,000000,1.69,1.79,1.6606,1.76,1654073,0
GOEV.US,D,20240809,000000,1.76,1.79,1.73,1.78,1411058,0
GOEV.US,D,20240812,000000,1.78,1.785,1.53,1.55,4336415,0
GOEV.US,D,20240813,000000,1.6,1.67,1.49,1.5,6360451,0
GOEV.US,D,20240814,000000,1.5,1.51,1.4,1.41,5296244,0
GOEV.US,D,20240815,000000,1.49,1.57,1.44,1.54,4984727,0
GOEV.US,D,20240816,000000,1.51,1.56,1.47,1.5,2471920,0
GOEV.US,D,20240819,000000,1.49,1.53,1.37,1.4,5095810,0
GOEV.US,D,20240820,000000,1.41,1.44,1.36,1.38,2331719,0
GOEV.US,D,20240821,000000,1.4,1.45,1.38,1.43,2329028,0
GOEV.US,D,20240822,000000,1.41,1.49,1.41,1.41,1807120,0
GOEV.US,D,20240823,000000,1.44,1.47,1.41,1.47,1853895,0
GOEV.US,D,20240826,000000,1.47,1.5,1.41,1.49,2606678,0
GOEV.US,D,20240827,000000,1.48,1.5,1.42,1.47,1875472,0
GOEV.US,D,20240828,000000,1.46,1.47,1.41,1.44,1598677,0
GOEV.US,D,20240829,000000,1.45,1.465,1.38,1.43,1341291,0
GOEV.US,D,20240830,000000,1.44,1.56,1.42,1.52,2101465,0
GOEV.US,D,20240903,000000,1.52,1.61,1.48,1.56,1964704,0
GOEV.US,D,20240904,000000,1.56,1.615,1.53,1.55,1460574,0
GOEV.US,D,20240905,000000,1.59,1.61,1.47,1.47,5388049,0
GOEV.US,D,20240906,000000,1.47,1.48,1.41,1.44,1674379,0
GOEV.US,D,20240909,000000,1.45,1.45,1.29,1.31,3531466,0
GOEV.US,D,20240910,000000,1.32,1.32,1.16,1.23,6020563,0
GOEV.US,D,20240911,000000,1.23,1.26,1.19,1.22,2085947,0
GOEV.US,D,20240912,000000,1.24,1.2599,1.2,1.24,1568228,0
GOEV.US,D,20240913,000000,1.26,1.3,1.24,1.25,2593900,0
GOEV.US,D,20240916,000000,1.18,1.19,1,1.03,10636120,0
GOEV.US,D,20240917,000000,1.05,1.12,1.03,1.04,4325836,0
GOEV.US,D,20240918,000000,1.05,1.08,1.02,1.05,2921847,0
GOEV.US,D,20240919,000000,1.09,1.14,1.04,1.05,3595760,0
GOEV.US,D,20240920,000000,1.06,1.07,1.01,1.01,4658531,0
GOEV.US,D,20240923,000000,1.02,1.04,0.93,0.9804,5874670,0
GOEV.US,D,20240924,000000,0.9943,1.01,0.9388,0.9449,3981643,0
GOEV.US,D,20240925,000000,0.96,1.01,0.94,0.946,4810853,0
GOEV.US,D,20240926,000000,0.9699,1,0.9605,0.9823,3131271,0
GOEV.US,D,20240927,000000,1,1.08,0.993,1.07,4375504,0
GOEV.US,D,20240930,000000,1.02,1.04,0.9722,0.9835,3562015,0
GOEV.US,D,20241001,000000,0.9999,1,0.8842,0.9092,6231996,0
GOEV.US,D,20241002,000000,0.9201,0.94,0.89,0.9231,2125977,0
GOEV.US,D,20241003,000000,0.9131,0.97935,0.9001,0.9568,2811761,0
GOEV.US,D,20241004,000000,0.9639,1.01,0.9359,0.9876,3450292,0
GOEV.US,D,20241007,000000,0.9751,0.9952,0.9511,0.9872,1389259,0
GOEV.US,D,20241008,000000,0.9722,0.9988,0.9506,0.9898,1365769,0
GOEV.US,D,20241009,000000,0.995,0.9988,0.9503,0.9525,1477026,0
GOEV.US,D,20241010,000000,0.9528,0.9528,0.91,0.9265,2223465,0
GOEV.US,D,20241011,000000,0.91,0.9725,0.9,0.9632,2378809,0
GOEV.US,D,20241014,000000,0.96,0.992969,0.93,0.9801,1817786,0
GOEV.US,D,20241015,000000,0.988,0.99,0.932,0.9489,2131149,0
GOEV.US,D,20241016,000000,0.935,1.03,0.9116,0.9916,5099896,0
GOEV.US,D,20241017,000000,0.9835,0.9999,0.96,0.9782,1390509,0
GOEV.US,D,20241018,000000,0.975,1.06,0.975,1.01,3598825,0
GOEV.US,D,20241021,000000,1.0302,1.0302,0.9482,0.9523,5532377,0
GOEV.US,D,20241022,000000,0.9561,0.983,0.9462,0.9571,2419487,0
GOEV.US,D,20241023,000000,0.953,0.963399,0.9219,0.9305,1806770,0
GOEV.US,D,20241024,000000,0.9236,0.958,0.9032,0.9426,2660020,0
GOEV.US,D,20241025,000000,0.94,0.9417,0.903,0.9124,3363460,0
GOEV.US,D,20241028,000000,0.914,0.925,0.894,0.9176,2709510,0
GOEV.US,D,20241029,000000,0.918,0.918,0.8663,0.8839,3633348,0
