<TICKER>,<PER>,<DATE>,<TIME>,<OPEN>,<HIGH>,<LOW>,<CLOSE>,<VOL>,<OPENINT>
GROM.US,D,20210618,000000,1782,1884,1734,1824,597.4299940257,0
GROM.US,D,20210621,000000,1878,1878,1704,1752,366.7266629994,0
GROM.US,D,20210622,000000,1722,1752,1632,1734,294.00166372665,0
GROM.US,D,20210623,000000,1782,1782,1674,1710,227.9066643876,0
GROM.US,D,20210624,000000,1770,1830,1632,1650,1911.2583142207,0
GROM.US,D,20210625,000000,1752,2448,1656,2058,7822.7499217725,0
GROM.US,D,20210628,000000,1998,2670,1986,2382,6899.251597674,0
GROM.US,D,20210629,000000,2293.98,2820,2280,2460,4631.9649536804,0
GROM.US,D,20210630,000000,2508,2556,2040,2100,2074.1433125919,0
GROM.US,D,20210701,000000,2100,2142,1770,1896,1708.2499829175,0
GROM.US,D,20210702,000000,1848,2040,1776,1986,1451.9749854803,0
GROM.US,D,20210706,000000,1896,2256,1872,2154,2134.6966453197,0
GROM.US,D,20210707,000000,2094,2694,2084.1,2430,6993.038263403,0
GROM.US,D,20210708,000000,2256.6,2586,2250,2364,2140.0216452664,0
GROM.US,D,20210709,000000,2274,2442,2052,2136,1227.399987726,0
GROM.US,D,20210712,000000,2172,2436,2136,2268,2519.6449748036,0
GROM.US,D,20210713,000000,2442,2964,2250,2370,14631.248187021,0
GROM.US,D,20210714,000000,2346,2400,2052,2088,2236.5783109675,0
GROM.US,D,20210715,000000,2154,2214,2016,2172,1083.4916558317,0
GROM.US,D,20210716,000000,2124,2213.7,1920,1962,779.7699922023,0
GROM.US,D,20210719,000000,1932,1995,1836,1908,439.4833289385,0
GROM.US,D,20210720,000000,1860,1941,1764,1824,637.6766602899,0
GROM.US,D,20210721,000000,1830,1944,1710,1776,1243.1983209014,0
GROM.US,D,20210722,000000,1782,1817.94,1710,1740,535.35832797975,0
GROM.US,D,20210723,000000,1698,1763.4,1620,1656,1021.1416564553,0
GROM.US,D,20210726,000000,1650,1692,1554,1560,635.933326974,0
GROM.US,D,20210727,000000,1590,1734,1410,1662,1070.4899892951,0
GROM.US,D,20210728,000000,1614,1697.94,1555.8,1638,261.2366640543,0
GROM.US,D,20210729,000000,1626,1740,1626,1686,450.0633288327,0
GROM.US,D,20210730,000000,1650,1704,1596,1642.8,188.933331444,0
GROM.US,D,20210802,000000,1680,1723.38,1620,1704,176.28166490385,0
GROM.US,D,20210803,000000,1680,1755,1620,1632,185.9233314741,0
GROM.US,D,20210804,000000,1644,1650,1590,1602,359.48166307185,0
GROM.US,D,20210805,000000,1632,1698,1560,1614,479.0966618757,0
GROM.US,D,20210806,000000,1644,1806,1578.6,1698,886.8233244651,0
GROM.US,D,20210809,000000,1728,1776,1626,1638,594.06499405935,0
GROM.US,D,20210810,000000,1626,1806,1626,1668,541.07166125595,0
GROM.US,D,20210811,000000,1668,1752,1628.28,1692,447.20499552795,0
GROM.US,D,20210812,000000,1650,1770,1644,1752,739.8499926015,0
GROM.US,D,20210813,000000,1734,1770,1662,1668,439.5966622707,0
GROM.US,D,20210816,000000,1680,1854,1644,1788,1830.266648364,0
GROM.US,D,20210817,000000,1764,1764,1587.24,1698,741.8433259149,0
GROM.US,D,20210818,000000,1728,1860,1674,1788,794.12165872545,0
GROM.US,D,20210819,000000,1788,1974,1740.9,1836,1520.6633181267,0
GROM.US,D,20210820,000000,1830,1908,1770,1842,636.91499363085,0
GROM.US,D,20210823,000000,1854,1871.94,1740,1800,565.6399943436,0
GROM.US,D,20210824,000000,1788,1824,1680,1728,696.18832637145,0
GROM.US,D,20210825,000000,1710,1746,1644,1668,593.09166073575,0
GROM.US,D,20210826,000000,1718.82,1718.82,1608,1644,352.0766631459,0
GROM.US,D,20210827,000000,1668,1710,1602,1674,521.53832811795,0
GROM.US,D,20210830,000000,1674,1830,1626,1758,1314.7199868528,0
GROM.US,D,20210831,000000,1728,1764,1668,1728,607.2466605942,0
GROM.US,D,20210901,000000,1764,1794,1716,1722,436.31166230355,0
GROM.US,D,20210902,000000,1704,1824,1680,1746,326.20833007125,0
GROM.US,D,20210903,000000,1752,1770,1680,1710,464.9866620168,0
GROM.US,D,20210907,000000,1740,1800,1716,1758,301.38833031945,0
GROM.US,D,20210908,000000,1758,1758,1650,1686,560.3466610632,0
GROM.US,D,20210909,000000,1674,1710,1638.66,1686,208.39833124935,0
GROM.US,D,20210910,000000,1680,1680,1602.06,1614,339.3733299396,0
GROM.US,D,20210913,000000,1638,1668,1560,1620,209.10499790895,0
GROM.US,D,20210914,000000,1662,1662,1584,1620,242.0199975798,0
GROM.US,D,20210915,000000,1596,1668,1566,1584,219.23499780765,0
GROM.US,D,20210916,000000,1602,1632,1380,1398,1077.2933225604,0
GROM.US,D,20210917,000000,1386,1452,1350,1350,619.8866604678,0
GROM.US,D,20210920,000000,1296,1296,1158,1164,1099.9699890003,0
GROM.US,D,20210921,000000,1182.36,1235.94,1110,1110,462.28832871045,0
GROM.US,D,20210922,000000,1128,1326,1128,1212,1289.0449871095,0
GROM.US,D,20210923,000000,1200,1257,1170,1212,321.7133301162,0
GROM.US,D,20210924,000000,1212,1212,1158,1158,180.91499819085,0
GROM.US,D,20210927,000000,1146,1182,1116,1146,281.79499718205,0
GROM.US,D,20210928,000000,1146,1158.06,1026,1050,757.2833257605,0
GROM.US,D,20210929,000000,1074,4038,1038,2052,84026.030826405,0
GROM.US,D,20210930,000000,2088,2790,1836,2400,107192.18392808,0
GROM.US,D,20211001,000000,2346,2544,1746,1962,27633.118057002,0
GROM.US,D,20211004,000000,1854,2160,1842,1950,6973.248263601,0
GROM.US,D,20211005,000000,1884,2190,1872,1998,6400.538269328,0
GROM.US,D,20211006,000000,1962,3540,1938,2988,160160.65006506,0
GROM.US,D,20211007,000000,2820,3810,2670.3,2856,134289.24699044,0
GROM.US,D,20211008,000000,2904,3252,2616,2754,43049.111236176,0
GROM.US,D,20211011,000000,2712,2880,2448,2562,10022.124899779,0
GROM.US,D,20211012,000000,2658,2802,2328,2436,7314.2032601915,0
GROM.US,D,20211013,000000,2502,3048,2424,2580,28672.878046605,0
GROM.US,D,20211014,000000,2550,2802,2466,2508,8014.7965865185,0
GROM.US,D,20211015,000000,2580,2592,2238,2310,4532.2732880106,0
GROM.US,D,20211018,000000,2250,2352,2118,2280,2790.2966387637,0
GROM.US,D,20211019,000000,2265.66,2298,2082,2136,2028.0199797198,0
GROM.US,D,20211020,000000,2208,2292,2118,2196,2227.9949777201,0
GROM.US,D,20211021,000000,2154,2442,2094,2130,7104.2782622905,0
GROM.US,D,20211022,000000,2640,4164,2328,2736,52694.012806395,0
GROM.US,D,20211025,000000,2628,2760,2418,2682,5192.874948071,0
GROM.US,D,20211026,000000,2484,2520,2190,2208,3376.0249662398,0
GROM.US,D,20211027,000000,2244,2340,2088,2196,1882.1516478452,0
GROM.US,D,20211028,000000,2244,2333.94,2088,2244,4045.0049595499,0
GROM.US,D,20211029,000000,2262,2283,2160,2202,1188.7616547791,0
GROM.US,D,20211101,000000,2220,2274,2106,2226,1065.6083226773,0
GROM.US,D,20211102,000000,2244,2286,2136,2178,1129.7199887028,0
GROM.US,D,20211103,000000,2220,2400,2172.06,2340,2152.733311806,0
GROM.US,D,20211104,000000,2310,2364,2154,2196,1095.7633223757,0
GROM.US,D,20211105,000000,2208,2292,2130,2202,591.39832741935,0
GROM.US,D,20211108,000000,2214,2268,2161.08,2256,636.866660298,0
GROM.US,D,20211109,000000,2256,2304,2112,2166,664.2599933574,0
GROM.US,D,20211110,000000,2148,2148,1926,1986,854.2299914577,0
GROM.US,D,20211111,000000,1980,2010,1926,1962,415.55166251115,0
GROM.US,D,20211112,000000,1926,2028,1866,2022,624.599993754,0
GROM.US,D,20211115,000000,2016,2028,1926,2028,469.0299953097,0
GROM.US,D,20211116,000000,1986,2184,1968,2136,1250.0049875,0
GROM.US,D,20211117,000000,2130,2136,2022,2112,479.2766618739,0
GROM.US,D,20211118,000000,2094,2094,1890,1908,518.15499481845,0
GROM.US,D,20211119,000000,1950,2052,1926,1980,335.3133299802,0
GROM.US,D,20211122,000000,1980,2040,1680,1734,1105.6316556103,0
GROM.US,D,20211123,000000,1698,1716,1332,1350,1443.4866522318,0
GROM.US,D,20211124,000000,1356,1902,1350,1632,7272.3032606105,0
GROM.US,D,20211126,000000,1458,1524,1404,1500,640.87166025795,0
GROM.US,D,20211129,000000,1524,1638,1458,1494,1633.7399836626,0
GROM.US,D,20211130,000000,1440,1536,1296,1350,1087.5566557911,0
GROM.US,D,20211201,000000,1380,1392.6,1224,1242,1039.2799896072,0
GROM.US,D,20211202,000000,1260,1260,1168.2,1230,687.30499312695,0
GROM.US,D,20211203,000000,1248,1248,1116,1176,592.0699940793,0
GROM.US,D,20211206,000000,1164,1296,1116,1236,703.4233262991,0
GROM.US,D,20211207,000000,1236,1362,1212,1314,804.4899919551,0
GROM.US,D,20211208,000000,1302,1374,1266,1350,345.9366632073,0
GROM.US,D,20211209,000000,1350,1536,1320,1380,2571.6866409498,0
GROM.US,D,20211210,000000,1374,1404,1213.14,1224,673.99999326,0
GROM.US,D,20211213,000000,1230,1350,1224,1326,804.699991953,0
GROM.US,D,20211214,000000,1302,1338,1248,1326,292.11499707885,0
GROM.US,D,20211215,000000,1290,1332,1242,1320,225.03166441635,0
GROM.US,D,20211216,000000,1308,1326,1236.6,1278,140.3233319301,0
GROM.US,D,20211217,000000,1248,1308,1179,1302,441.55499558445,0
GROM.US,D,20211220,000000,1260,1290,1206,1230,257.39499742605,0
GROM.US,D,20211221,000000,1242,1279.44,1170,1254,326.7099967329,0
GROM.US,D,20211222,000000,1266,1302,1176,1290,781.45165885215,0
GROM.US,D,20211223,000000,1260,1302,1224,1254,612.72166053945,0
GROM.US,D,20211227,000000,1224,1254,1170,1182,954.70832378625,0
GROM.US,D,20211228,000000,1176,1221.06,1128,1146,254.5533307878,0
GROM.US,D,20211229,000000,1158,1170,1038,1038,650.6933268264,0
GROM.US,D,20211230,000000,1038,1140,1038,1074,388.6633294467,0
GROM.US,D,20211231,000000,1050,1098,1032,1080,323.5799967642,0
GROM.US,D,20220103,000000,1092,1260,1038.24,1224,1797.0966486957,0
GROM.US,D,20220104,000000,1236,1242,1116,1140,541.2833279205,0
GROM.US,D,20220105,000000,1146,1170,1050,1074,328.9599967104,0
GROM.US,D,20220106,000000,1074,1086,996,1026,209.32833124005,0
GROM.US,D,20220107,000000,1050,1098,1032,1092,429.466662372,0
GROM.US,D,20220110,000000,1098,1109.7,1026,1038,296.20499703795,0
GROM.US,D,20220111,000000,1053,1116,996.72,1098,527.4133280592,0
GROM.US,D,20220112,000000,1116,1158,1080.06,1140,971.0399902896,0
GROM.US,D,20220113,000000,1206,1206,1056,1080,753.1433258019,0
GROM.US,D,20220114,000000,1056,1140,1056,1125.36,299.3566636731,0
GROM.US,D,20220118,000000,1104,1410,1068,1278,2860.2983047304,0
GROM.US,D,20220119,000000,1314,1404,1092.06,1116,1387.7183194562,0
GROM.US,D,20220120,000000,1134,1308,1116,1164,2418.7983091454,0
GROM.US,D,20220121,000000,1110,1158,1056,1080,328.4366633823,0
GROM.US,D,20220124,000000,1020,1029.84,864,942,617.0499938295,0
GROM.US,D,20220125,000000,918,942,888,930,238.21166428455,0
GROM.US,D,20220126,000000,948,968.1,912,954,145.69833187635,0
GROM.US,D,20220127,000000,978,978,900,936,174.2733315906,0
GROM.US,D,20220128,000000,906,971.76,882,912,232.49499767505,0
GROM.US,D,20220131,000000,870,1002,870,1002,1176.0116549066,0
GROM.US,D,20220201,000000,990,1014,942.06,979.2,552.2533278108,0
GROM.US,D,20220202,000000,954,972.18,885.12,900,557.36499442635,0
GROM.US,D,20220203,000000,888,936,870,900,553.05166113615,0
GROM.US,D,20220204,000000,924,954,888,924,528.28832805045,0
GROM.US,D,20220207,000000,954,990,900,930,1012.1883232115,0
GROM.US,D,20220208,000000,906,954,906,936,450.82499549175,0
GROM.US,D,20220209,000000,972,972,924,948,585.03166081635,0
GROM.US,D,20220210,000000,936,948,906,918,186.17833147155,0
GROM.US,D,20220211,000000,900,942,888,894,274.91499725085,0
GROM.US,D,20220214,000000,906,906,840,846,686.58165980085,0
GROM.US,D,20220215,000000,882,954,864.06,894,500.4699949953,0
GROM.US,D,20220216,000000,882,906,864,894,170.1433316319,0
GROM.US,D,20220217,000000,876,882,798,834,560.58832772745,0
GROM.US,D,20220218,000000,852,852,672,696,1030.4516563622,0
GROM.US,D,20220222,000000,696,701.16,633,660,652.83832680495,0
GROM.US,D,20220223,000000,660,690,636,642,279.9566638671,0
GROM.US,D,20220224,000000,588,672,577.44,672,274.5433305879,0
GROM.US,D,20220225,000000,666,666.06,633.48,648,113.34166553325,0
GROM.US,D,20220228,000000,666,666,630,636,100.8633323247,0
GROM.US,D,20220301,000000,642,654,618,624,158.3933317494,0
GROM.US,D,20220302,000000,630,648,624,630,71.41499928585,0
GROM.US,D,20220303,000000,618,647.94,600,618,200.7799979922,0
GROM.US,D,20220304,000000,618,626.58,600,618,185.699998143,0
GROM.US,D,20220307,000000,600,617.94,510.36,527.4,669.4399933056,0
GROM.US,D,20220308,000000,527.4,528,474,490.14,774.3499922565,0
GROM.US,D,20220309,000000,516,622.14,480.06,543.6,1040.9116562576,0
GROM.US,D,20220310,000000,534,654,534,630,1984.2683134907,0
GROM.US,D,20220311,000000,630,834,600,666,7434.0115923265,0
GROM.US,D,20220314,000000,666,669,588,606,911.466657552,0
GROM.US,D,20220315,000000,588,618,563.88,570,542.14499457855,0
GROM.US,D,20220316,000000,576,618,516.3,564,2341.9116432476,0
GROM.US,D,20220317,000000,564,576,540,571.8,6140.97993859,0
GROM.US,D,20220318,000000,840,999,738,768,152588.76180745,0
GROM.US,D,20220321,000000,738,756,660,738,15892.433174409,0
GROM.US,D,20220322,000000,702,702,621,684,6093.628272397,0
GROM.US,D,20220323,000000,666,666,624,642,3082.6733025066,0
GROM.US,D,20220324,000000,660,798,630,690,11332.033220013,0
GROM.US,D,20220325,000000,666,743.94,624,648,7535.9932579735,0
GROM.US,D,20220328,000000,660,768,630,756,13458.478198749,0
GROM.US,D,20220329,000000,738,756,690,714,3180.7099681929,0
GROM.US,D,20220330,000000,708,708,654,666,2695.494973045,0
GROM.US,D,20220331,000000,672,672,624,636,1995.33331338,0
GROM.US,D,20220401,000000,642,654,624,636,1347.0783198626,0
GROM.US,D,20220404,000000,642,690,639.84,672,4139.4849586052,0
GROM.US,D,20220405,000000,672,678,624,636,1429.3566523731,0
GROM.US,D,20220406,000000,618,636,570.6,636,1625.0199837498,0
GROM.US,D,20220407,000000,618,630,588,618,549.59832783735,0
GROM.US,D,20220408,000000,600,612.6,583.02,600,487.8933284544,0
GROM.US,D,20220411,000000,591,612,564.06,588,1131.8899886811,0
GROM.US,D,20220412,000000,570,592.5,541.62,542.16,697.4566596921,0
GROM.US,D,20220413,000000,540,551.94,532.56,540,624.91832708415,0
GROM.US,D,20220414,000000,540,552,522,546,769.9899923001,0
GROM.US,D,20220418,000000,540,540,503.1,522,495.2266617144,0
GROM.US,D,20220419,000000,499.2,532.56,499.2,532.38,322.08166344585,0
GROM.US,D,20220420,000000,533.28,533.28,508.5,521.88,495.1399950486,0
GROM.US,D,20220421,000000,495,526.98,480,498,3001.9899699801,0
GROM.US,D,20220422,000000,480,486,465.06,478.86,528.90832804425,0
GROM.US,D,20220425,000000,476.04,534,450,504,2201.8083113153,0
GROM.US,D,20220426,000000,468,522,463.86,504.12,839.00165827665,0
GROM.US,D,20220427,000000,507.66,510,472.2,483.12,640.14166026525,0
GROM.US,D,20220428,000000,510,510,480.06,493.38,998.9833233435,0
GROM.US,D,20220429,000000,492,504,468.6,485.28,359.8699964013,0
GROM.US,D,20220502,000000,480,499.74,450,462,410.49832922835,0
GROM.US,D,20220503,000000,453.3,466.32,450.42,460.74,215.2799978472,0
GROM.US,D,20220504,000000,456,456.3,426.9,438.616,400.92832932405,0
GROM.US,D,20220505,000000,441.12,462,424.74,433.68,300.96833032365,0
GROM.US,D,20220506,000000,422.88,426,392.7,397.74,573.2699942673,0
GROM.US,D,20220509,000000,393.84,393.84,332.1,342.458,717.599992824,0
GROM.US,D,20220510,000000,349.5,357.12,324,348,264.1499973585,0
GROM.US,D,20220511,000000,348.36,360,336,356.64,235.6933309764,0
GROM.US,D,20220512,000000,321,342.54,321,333.66,259.5833307375,0
GROM.US,D,20220513,000000,368.82,372,336,342.42,299.4499970055,0
GROM.US,D,20220516,000000,354,360,342.42,342.48,267.3766639929,0
GROM.US,D,20220517,000000,354,371.88,337.56,360.06,464.09832869235,0
GROM.US,D,20220518,000000,370.8,370.8,348.6,349.98,175.7899982421,0
GROM.US,D,20220519,000000,354,383.58,347.4,364.5,839.81165826855,0
GROM.US,D,20220520,000000,384,384,346.2,352.8,114.09499885905,0
GROM.US,D,20220523,000000,342,373.44,342,358.74,186.8266647984,0
GROM.US,D,20220524,000000,352.86,360,342.6,348,64.3366660233,0
GROM.US,D,20220525,000000,354,360,336,346.98,152.55499847445,0
GROM.US,D,20220526,000000,336,383.52,336,360.06,476.90499523095,0
GROM.US,D,20220527,000000,367.5,474,354,451.8,5837.9299416205,0
GROM.US,D,20220531,000000,468,474,411,446.94,1585.4799841452,0
GROM.US,D,20220601,000000,444,447.9,403.2,431.28,1608.9116505776,0
GROM.US,D,20220602,000000,426,431.34,394.62,419.94,1001.4266566524,0
GROM.US,D,20220603,000000,408,420.12,336.3,354.06,1258.8266540784,0
GROM.US,D,20220606,000000,357,366,336,339.54,466.6766619999,0
GROM.US,D,20220607,000000,348,348,318,321,483.1733285016,0
GROM.US,D,20220608,000000,318,333,318,321.12,348.40832984925,0
GROM.US,D,20220609,000000,324,330,313.62,320.94,275.7699972423,0
GROM.US,D,20220610,000000,318,329.34,300,305.4,755.0566591161,0
GROM.US,D,20220613,000000,270,288,258,267,397.8566626881,0
GROM.US,D,20220614,000000,277.08,281.94,258,259.8,217.6099978239,0
GROM.US,D,20220615,000000,264,275.94,264,270,148.38166518285,0
GROM.US,D,20220616,000000,271.98,272.52,244.26,258,256.8566640981,0
GROM.US,D,20220617,000000,271.56,272.52,252,254.94,213.85833119475,0
GROM.US,D,20220621,000000,263.94,264,252,253.2,414.00166252665,0
GROM.US,D,20220622,000000,258,267,246.6,252.18,344.1233298921,0
GROM.US,D,20220623,000000,252,276.06,240.6,252,397.04499602955,0
GROM.US,D,20220624,000000,255.84,270,246.6,257.34,289.40499710595,0
GROM.US,D,20220627,000000,264,269.4,246,264,313.66666353,0
GROM.US,D,20220628,000000,275.94,428.1,262.68,335.52,10193.339898067,0
GROM.US,D,20220629,000000,294,295.2,264,270.06,1272.8649872714,0
GROM.US,D,20220630,000000,264,269.34,240,244.56,979.35499020645,0
GROM.US,D,20220701,000000,248.46,263.94,240,240,653.8466601282,0
GROM.US,D,20220705,000000,258.9,258.9,240,246,322.6299967737,0
GROM.US,D,20220706,000000,240,252,219.06,226.62,678.95499321045,0
GROM.US,D,20220707,000000,224.52,239.34,219,233.52,1108.3316555834,0
GROM.US,D,20220708,000000,254.82,279,243.3,258,1237.2149876278,0
GROM.US,D,20220711,000000,276,282,252.3,269.4,1561.9499843805,0
GROM.US,D,20220712,000000,270,276,240,247.5,1060.1849893982,0
GROM.US,D,20220713,000000,240,252,223.2,244.8,718.7733261456,0
GROM.US,D,20220714,000000,252,252,228.6,241.5,433.8233289951,0
GROM.US,D,20220715,000000,234.24,244.56,231.12,237,637.9833269535,0
GROM.US,D,20220718,000000,235.44,247.2,228,228,494.366661723,0
GROM.US,D,20220719,000000,233.4,233.4,223.8,229.98,636.55832696775,0
GROM.US,D,20220720,000000,233.4,248.46,229.8,243.06,698.74499301255,0
GROM.US,D,20220721,000000,242.58,257.4,234,251.34,739.65832593675,0
GROM.US,D,20220722,000000,246,270,231.06,256.08,1072.2449892776,0
GROM.US,D,20220725,000000,255.36,257.46,240,243.54,291.57833041755,0
GROM.US,D,20220726,000000,243.54,252,231.6,235.32,220.6166644605,0
GROM.US,D,20220727,000000,233.58,246,222.6,240,555.6266611104,0
GROM.US,D,20220728,000000,239.94,246,225.3,232.56,233.87499766125,0
GROM.US,D,20220729,000000,228,240.06,210,219.96,743.7899925621,0
GROM.US,D,20220801,000000,219.78,219.78,210,213.06,309.1699969083,0
GROM.US,D,20220802,000000,210,222,210,218.16,475.36499524635,0
GROM.US,D,20220803,000000,227.7,228,207.66,217.8,991.86832341465,0
GROM.US,D,20220804,000000,234,234,213,223.32,891.9899910801,0
GROM.US,D,20220805,000000,228,228,216.6,227.16,562.94166103725,0
GROM.US,D,20220808,000000,228,246,227.16,240.06,747.0833258625,0
GROM.US,D,20220809,000000,240,245.88,225.6,229.26,593.82499406175,0
GROM.US,D,20220810,000000,238.02,240.06,226.74,236.91,186.6633314667,0
GROM.US,D,20220811,000000,241.56,269.64,229.26,262.56,829.20165837465,0
GROM.US,D,20220812,000000,264,264,246,254.58,313.57499686425,0
GROM.US,D,20220815,000000,267.36,267.36,240.6,263.94,543.199994568,0
GROM.US,D,20220816,000000,259.26,299.94,241.2,274.32,1340.67165326,0
GROM.US,D,20220817,000000,276,291.6,263.97,290.94,767.8566589881,0
GROM.US,D,20220818,000000,294,420,270,278.46,10891.143224422,0
GROM.US,D,20220819,000000,271.98,312,267,299.52,899.18499100815,0
GROM.US,D,20220822,000000,304.8,304.8,252,260.94,1199.9183213342,0
GROM.US,D,20220823,000000,252,264,247.2,260.94,489.88499510115,0
GROM.US,D,20220824,000000,260.94,260.94,252,256.14,113.4066655326,0
GROM.US,D,20220825,000000,261.78,262.92,246,252.9,92.26499907735,0
GROM.US,D,20220826,000000,258,261.72,240.9,246,253.5766641309,0
GROM.US,D,20220829,000000,246,263.94,234,248.82,374.6199962538,0
GROM.US,D,20220830,000000,246,252,234,242.64,666.95499333045,0
GROM.US,D,20220831,000000,248.64,252,234,234.6,492.08832841245,0
GROM.US,D,20220901,000000,246.18,251.94,234,239.16,296.3366637033,0
GROM.US,D,20220902,000000,248.4,252,231.66,240,846.46832486865,0
GROM.US,D,20220906,000000,240.18,247.68,223.02,225,266.533330668,0
GROM.US,D,20220907,000000,228,244.92,225,225.72,219.0166644765,0
GROM.US,D,20220908,000000,239.4,240,228,228.6,161.50499838495,0
GROM.US,D,20220909,000000,234,238.02,222.42,228,187.40166479265,0
GROM.US,D,20220912,000000,229.62,275.94,229.62,253.26,911.80165754865,0
GROM.US,D,20220913,000000,231.48,252,231.48,240.3,130.0866653658,0
GROM.US,D,20220914,000000,251.34,253.8,234.06,251.04,139.95499860045,0
GROM.US,D,20220915,000000,241.86,264.6,234,262.02,717.2966594937,0
GROM.US,D,20220916,000000,269.46,270,228,228,912.2433242109,0
GROM.US,D,20220919,000000,228,234,204,219.36,1172.4633216087,0
GROM.US,D,20220920,000000,210.66,234,210.66,228.66,238.60499761395,0
GROM.US,D,20220921,000000,223.56,225.66,201,216,333.28166333385,0
GROM.US,D,20220922,000000,217.32,221.934,200.4,202.5,210.2133312312,0
GROM.US,D,20220923,000000,202.5,212.4,192,194.04,317.61499682385,0
GROM.US,D,20220926,000000,203.7,216,195.54,201.3,607.8899939211,0
GROM.US,D,20220927,000000,205.74,216.48,192,198,475.2866619138,0
GROM.US,D,20220928,000000,210,210,192.6,194.76,392.0799960792,0
GROM.US,D,20220929,000000,200.76,222,198,201,539.47832793855,0
GROM.US,D,20220930,000000,200.76,216.6,198,199.8,180.2033315313,0
GROM.US,D,20221003,000000,208.44,208.44,198,198.06,138.90166527765,0
GROM.US,D,20221004,000000,198,229.26,198,210,1815.4066485126,0
GROM.US,D,20221005,000000,214.2,215.4,198,200.88,1252.704987473,0
GROM.US,D,20221006,000000,209.28,234,201.96,227.88,1844.8616482181,0
GROM.US,D,20221007,000000,222,222,199.32,204.12,505.32499494675,0
GROM.US,D,20221010,000000,204,221.7,201.84,215.52,201.26166465405,0
GROM.US,D,20221011,000000,212.1,227.4,205.86,205.92,323.51166343155,0
GROM.US,D,20221012,000000,205.92,213.06,198,198.6,463.0133287032,0
GROM.US,D,20221013,000000,198,216,196.2,209.16,710.57832622755,0
GROM.US,D,20221014,000000,202.86,209.94,198.6,198.96,84.29499915705,0
GROM.US,D,20221017,000000,204,216,198.06,205.32,474.23499525765,0
GROM.US,D,20221018,000000,204,207,198.42,204.72,213.53166453135,0
GROM.US,D,20221019,000000,200.34,206.94,193.5,196.2,143.5966652307,0
GROM.US,D,20221020,000000,192,198,180.6,185.82,350.1933298314,0
GROM.US,D,20221021,000000,192,193.86,180,187.92,253.14166413525,0
GROM.US,D,20221024,000000,197.22,197.22,180,180,261.6533307168,0
GROM.US,D,20221025,000000,180,197.88,180,189.6,603.0633273027,0
GROM.US,D,20221026,000000,192,227.34,189.629,209.678,2251.4816441519,0
GROM.US,D,20221027,000000,207,210,180.601,185.22,640.2033269313,0
GROM.US,D,20221028,000000,186,203.64,182.4,192.48,271.49833061835,0
GROM.US,D,20221031,000000,186,203.28,180.18,187.68,144.88499855115,0
GROM.US,D,20221101,000000,186,201,183,192.96,585.00499414995,0
GROM.US,D,20221102,000000,195.72,195.72,180,186.06,111.9133322142,0
GROM.US,D,20221103,000000,197.94,197.94,180.84,181.02,196.8533313648,0
GROM.US,D,20221104,000000,181.02,186,174,174.72,277.6433305569,0
GROM.US,D,20221107,000000,174.78,195,163.68,187.2,775.3299922467,0
GROM.US,D,20221108,000000,193.14,193.14,162.48,170.82,287.34833045985,0
GROM.US,D,20221109,000000,171,179.64,162.66,163.98,475.62166191045,0
GROM.US,D,20221110,000000,150.66,151.8,82.2,96.72,6485.0549351495,0
GROM.US,D,20221111,000000,90,102,87,96.84,1632.6749836733,0
GROM.US,D,20221114,000000,103.92,107.94,96,104.4,602.44166064225,0
GROM.US,D,20221115,000000,101.28,113.94,99,106.68,669.84499330155,0
GROM.US,D,20221116,000000,111.42,112.2,99,104.28,300.65499699345,0
GROM.US,D,20221117,000000,106.74,109.32,99,103.2,174.01166492655,0
GROM.US,D,20221118,000000,102.18,109.194,99.54,105,207.28833126045,0
GROM.US,D,20221121,000000,105,105,102,102.48,288.44166378225,0
GROM.US,D,20221122,000000,102,107.22,102,102,321.0566634561,0
GROM.US,D,20221123,000000,108.96,111,99,107.76,419.34499580655,0
GROM.US,D,20221125,000000,115.26,115.26,96.9,107.34,76.7266658994,0
GROM.US,D,20221128,000000,107.34,113.52,102.6,108.134,119.7899988021,0
GROM.US,D,20221129,000000,102.6,106.2,98.28,102,374.84499625155,0
GROM.US,D,20221130,000000,101.34,102.06,96,100.86,209.1366645753,0
GROM.US,D,20221201,000000,102,108,96,104.28,263.88499736115,0
GROM.US,D,20221202,000000,102,103.44,96.3,101.224,144.23833189095,0
GROM.US,D,20221205,000000,106.26,107.22,90,95.4,257.3266640934,0
GROM.US,D,20221206,000000,95.4,100.02,90,90.9,344.7199965528,0
GROM.US,D,20221207,000000,90,90,60.96,65.94,3213.9066345276,0
GROM.US,D,20221208,000000,66,89.58,60,77.1,11470.284885297,0
GROM.US,D,20221209,000000,32,35,22.6,26,142321.8,0
GROM.US,D,20221212,000000,27.8,29,24.4,26.8,36708.55,0
GROM.US,D,20221213,000000,29.2,37,29,31.4,357467.8,0
GROM.US,D,20221214,000000,30.2,30.94,25,30,85520.15,0
GROM.US,D,20221215,000000,28.6,30.2,26.2,27.2,34371.25,0
GROM.US,D,20221216,000000,27,30.2,26.2,28.4,61290.9,0
GROM.US,D,20221219,000000,28.6,28.6,24.2,25,27181.8,0
GROM.US,D,20221220,000000,24.6,24.8,22.2,23.6,23133.85,0
GROM.US,D,20221221,000000,23.6,31.6,22.4,30.2,113864.55,0
GROM.US,D,20221222,000000,37.6,40.2,25.4,27.4,486048.65,0
GROM.US,D,20221223,000000,26.2,27.4,24.2,25.8,43876.05,0
GROM.US,D,20221227,000000,25.2,29.8,24.6,27,33068.05,0
GROM.US,D,20221228,000000,27.4,28.4,25,25.6,20953,0
GROM.US,D,20221229,000000,26,30.6,25,27,52631.85,0
GROM.US,D,20221230,000000,28,33.4,26.8,30.8,53376.9,0
GROM.US,D,20230103,000000,37,43.4,32.4,35.6,330793.25,0
GROM.US,D,20230104,000000,31.8,35.6,29.4,32.4,53686.3,0
GROM.US,D,20230105,000000,32.4,33.9,28.602,33.248,28180.8,0
GROM.US,D,20230106,000000,32.6,35.4,30,31.2,17734.5,0
GROM.US,D,20230109,000000,31.2,32.4,28,29.4,13553.6,0
GROM.US,D,20230110,000000,29,33.4,27.2,29,35211.45,0
GROM.US,D,20230111,000000,30.6,30.6,25.402,27.8,31405.15,0
GROM.US,D,20230112,000000,28,28.798,25.2,26.4,92404.85,0
GROM.US,D,20230113,000000,35,39.2,30,32,561167.15,0
GROM.US,D,20230117,000000,30.6,31.8,28.6,30.6,78993.25,0
GROM.US,D,20230118,000000,29.6,30.8,26.8,28.2,45708.05,0
GROM.US,D,20230119,000000,27.4,38.6,26.6,32.4,244903.7,0
GROM.US,D,20230120,000000,31,37.8,27.8,34.4,294118.05,0
GROM.US,D,20230123,000000,33.2,46.6,31,44.4,612144.15,0
GROM.US,D,20230124,000000,64.8,75.4,51.2,64,3592402.85,0
GROM.US,D,20230125,000000,46,52.6,40.4,41.2,415141.65,0
GROM.US,D,20230126,000000,40,42.8,36.2,37.6,147094.85,0
GROM.US,D,20230127,000000,37.4,51.8,37.2,41,318770.55,0
GROM.US,D,20230130,000000,39.6,43.8,38,40.6,113848.9,0
GROM.US,D,20230131,000000,40.6,46,40.256,43,146030,0
GROM.US,D,20230201,000000,43.2,43.6,38.2,41.4,78950.25,0
GROM.US,D,20230202,000000,41,43.2,40,40.6,86119.35,0
GROM.US,D,20230203,000000,37.8,40.8,37.2,37.8,51772.35,0
GROM.US,D,20230206,000000,38,38.2,35,36.2,35308.75,0
GROM.US,D,20230207,000000,35.8,35.912,32.6,32.8,36347.5,0
GROM.US,D,20230208,000000,32.6,33.662,31.6,32.4,25184.9,0
GROM.US,D,20230209,000000,33.4,33.4,30.6,31.4,20974.9,0
GROM.US,D,20230210,000000,30,30.4,28.2,29.2,36346.05,0
GROM.US,D,20230213,000000,29.8,29.8,28,28.2,17301.35,0
GROM.US,D,20230214,000000,27.4,28.4,26.6,27.8,21387.6,0
GROM.US,D,20230215,000000,27,27.8,26.2,27.4,24586.2,0
GROM.US,D,20230216,000000,26.4,26.75,25.2,26.2,34446.7,0
GROM.US,D,20230217,000000,26,26.196,23.6,23.8,40088.8,0
GROM.US,D,20230221,000000,23.2,23.6,21.2,21.6,40614.1,0
GROM.US,D,20230222,000000,21.8,23.6,21.2,22.4,35179.1,0
GROM.US,D,20230223,000000,22.4,22.598,20.202,21,33611.75,0
GROM.US,D,20230224,000000,20.6,20.798,18.864,19.312,41096.2,0
GROM.US,D,20230227,000000,19,19,17.6,18.3,30199.35,0
GROM.US,D,20230228,000000,18.4,19.98,18.348,18.498,15125.85,0
GROM.US,D,20230301,000000,18.786,18.798,17,17.3,19508.15,0
GROM.US,D,20230302,000000,17.2,17.8,16.6,17.426,16640.6,0
GROM.US,D,20230303,000000,17.6,18.6,16.8,18.578,10418.8,0
GROM.US,D,20230306,000000,18.8,18.8,17,17.59,11384.55,0
GROM.US,D,20230307,000000,17.4,18,15.41,16.362,18610.75,0
GROM.US,D,20230308,000000,16.2,16.8,15.82,16.1,12007.1,0
GROM.US,D,20230309,000000,16.46,16.8,14.216,14.402,26759.65,0
GROM.US,D,20230310,000000,14.6,14.6,13,13.798,19439.85,0
GROM.US,D,20230313,000000,13.62,13.64,12.4,13.04,25444.4,0
GROM.US,D,20230314,000000,13.366,13.6,12.82,13.144,8052.6,0
GROM.US,D,20230315,000000,13.146,14.396,12.564,12.98,12519.4,0
GROM.US,D,20230316,000000,12.98,13.11,12.196,12.49,11040.4,0
GROM.US,D,20230317,000000,12.8,12.8,11,11.6,8417.2,0
GROM.US,D,20230320,000000,11.99,12.424,11.624,12.118,6543.4,0
GROM.US,D,20230321,000000,11.95,13.974,11.95,12.962,13116.2,0
GROM.US,D,20230322,000000,12.602,13.172,12.2,12.422,4268.55,0
GROM.US,D,20230323,000000,12.492,13,12.202,12.5,3807.05,0
GROM.US,D,20230324,000000,13,13,11.4,12.524,6334.55,0
GROM.US,D,20230327,000000,12.4,14.714,12.4,13.3,28745.2,0
GROM.US,D,20230328,000000,13.4,13.56,12.7,13.4,6590,0
GROM.US,D,20230329,000000,13.8,13.8,11.61,13,13609.4,0
GROM.US,D,20230330,000000,12.8,13.4,12,12.56,10532.45,0
GROM.US,D,20230331,000000,12.7,13.4,12.4023,13.2,13732.2,0
GROM.US,D,20230403,000000,13.2,13.5,12.2,13.5,13397.85,0
GROM.US,D,20230404,000000,14,14,12.44,12.584,7162.9,0
GROM.US,D,20230405,000000,12.398,12.6,11.8,12.6,6574.8,0
GROM.US,D,20230406,000000,12.6,12.6,12,12.564,4794.95,0
GROM.US,D,20230410,000000,12.188,13.17,12.01,12.81,10481.55,0
GROM.US,D,20230411,000000,12.6,13.2,12.2,12.7,7976.75,0
GROM.US,D,20230412,000000,12.8,13,12.1,12.402,8382.85,0
GROM.US,D,20230413,000000,12.402,12.798,12.2,12.68,15110.75,0
GROM.US,D,20230414,000000,12.424,12.998,12.4,12.598,10102.65,0
GROM.US,D,20230417,000000,12.854,13.1125,12.1,13.0389,15023.9,0
GROM.US,D,20230418,000000,12.6,13.198,12.41,12.796,8940.75,0
GROM.US,D,20230419,000000,12.7,12.9,12.022,12.6,6877.6,0
GROM.US,D,20230420,000000,12.35,12.35,11.9,12.26,8678.15,0
GROM.US,D,20230421,000000,12.26,12.638,11.71,12.48,10749.15,0
GROM.US,D,20230424,000000,12.372,12.372,11.6,11.998,6633.9,0
GROM.US,D,20230425,000000,11.806,11.9,11.24,11.378,6571.35,0
GROM.US,D,20230426,000000,11.6,12,9.172,10.594,57262.95,0
GROM.US,D,20230427,000000,10.4,10.584,8.62,9.778,42435.25,0
GROM.US,D,20230428,000000,8.438,9.398,8.438,9.14,21390.1,0
GROM.US,D,20230501,000000,9,9.318,8.602,9.182,11079.25,0
GROM.US,D,20230502,000000,9.798,9.798,9,9.152,9547.9,0
GROM.US,D,20230503,000000,9.20402,9.8,9.20402,9.7,6668.7,0
GROM.US,D,20230504,000000,9.4,9.7,9,9.042,2987.05,0
GROM.US,D,20230505,000000,9.042,9.2,8.04,9.158,13074.5,0
GROM.US,D,20230508,000000,9.004,9.5,9,9.136,4714.2,0
GROM.US,D,20230509,000000,9.5,9.6,9,9.592,11849.95,0
GROM.US,D,20230510,000000,9.592,10,9.22,9.60402,10106.9,0
GROM.US,D,20230511,000000,9.6,9.866,9.202,9.79444,3787,0
GROM.US,D,20230512,000000,9.598,9.6,8.2,8.962,13026.75,0
GROM.US,D,20230515,000000,8.67902,9,8.35,8.92,7821.95,0
GROM.US,D,20230516,000000,8.63926,8.89998,7.6,8.048,15849.7,0
GROM.US,D,20230517,000000,8.2,8.388,7.6,7.77998,12129.7,0
GROM.US,D,20230518,000000,8.112,8.776,7.826,8.28598,21272.65,0
GROM.US,D,20230519,000000,8.6,8.6,7.6,7.80998,14655.3,0
GROM.US,D,20230522,000000,7.84,8.59,7.84,8.198,7973.3,0
GROM.US,D,20230523,000000,8.4,8.496,7.822,7.99098,8219.95,0
GROM.US,D,20230524,000000,8.06,8.06,6.81,7,34433.35,0
GROM.US,D,20230525,000000,7,7.8,6.81,7,33049,0
GROM.US,D,20230526,000000,6.82,7,6.43,6.778,13289.9,0
GROM.US,D,20230530,000000,6.8,7.99998,6.584,7.84,40551.8,0
GROM.US,D,20230531,000000,7.604,7.61,6.56,7,21122.2,0
GROM.US,D,20230601,000000,6.826,7,6.606,6.84,9391.1,0
GROM.US,D,20230602,000000,6.84,7.76,6.62,7.2,16421.25,0
GROM.US,D,20230605,000000,7.1,7.198,6.64,6.956,7837.4,0
GROM.US,D,20230606,000000,7.2,7.3,6.8,7.18,9726.25,0
GROM.US,D,20230607,000000,7.16,7.4,6.926,7.12,7052.3,0
GROM.US,D,20230608,000000,7.1,7.2,7,7.18,20948,0
GROM.US,D,20230609,000000,7.078,11.76,7.078,9.89662,638608.8,0
GROM.US,D,20230612,000000,8,10.8,7.64,10.36,210020.1,0
GROM.US,D,20230613,000000,10.242,10.884,9.26,10.438,75199.85,0
GROM.US,D,20230614,000000,10.354,10.4,8.5974,9.6,45802.45,0
GROM.US,D,20230615,000000,9.312,9.598,8.24,8.58,25243.55,0
GROM.US,D,20230616,000000,8.468,9.146,7.986,8.1,23096.2,0
GROM.US,D,20230620,000000,8.18,8.34998,7.024,7.404,14254,0
GROM.US,D,20230621,000000,7.8,7.8,7.2,7.5,8449.2,0
GROM.US,D,20230622,000000,7.48,7.958,7.2,7.3,18093.95,0
GROM.US,D,20230623,000000,7.348,8,7.2,7.8,17883.2,0
GROM.US,D,20230626,000000,7.6,8,7.4,7.44,8342.75,0
GROM.US,D,20230627,000000,7.272,7.358,6.16,6.64,18692.7,0
GROM.US,D,20230628,000000,6.8,7.2,6.6,6.674,8678,0
GROM.US,D,20230629,000000,6.76,7,6.404,6.8,10545.4,0
GROM.US,D,20230630,000000,6.56,6.8,6.2,6.26,11955,0
GROM.US,D,20230703,000000,6.6,6.632,6.21,6.248,10041.75,0
GROM.US,D,20230705,000000,6.2,6.64,6.2,6.4,8540.95,0
GROM.US,D,20230706,000000,6.38156,6.596,6.026,6.16,8808.25,0
GROM.US,D,20230707,000000,6.172,6.466,6.12,6.29,5112.7,0
GROM.US,D,20230710,000000,6.38,7.8,6.38,7.242,48194.9,0
GROM.US,D,20230711,000000,7.58,7.58,7,7.174,8795.2,0
GROM.US,D,20230712,000000,7.174,8.2,7.05,8.198,23327.1,0
GROM.US,D,20230713,000000,7.988,8,7.4,7.78,10228.75,0
GROM.US,D,20230714,000000,7.74,7.74,6.854,7.2,7263.25,0
GROM.US,D,20230717,000000,7.5,7.5,6.67046,6.868,3997.85,0
GROM.US,D,20230718,000000,6.7,7.216,6.64,7.198,3506.55,0
GROM.US,D,20230719,000000,7.094,7.5,6.686,6.962,12215.6,0
GROM.US,D,20230720,000000,6.838,7.198,6.838,7,6528.45,0
GROM.US,D,20230721,000000,7.08,8.176,6.812,7.2,32868.4,0
GROM.US,D,20230724,000000,7.16,7.16,5.8,6.34,20146.95,0
GROM.US,D,20230725,000000,6.392,6.64,6.102,6.206,8048.55,0
GROM.US,D,20230726,000000,6.28,6.598,6.106,6.382,6701.8,0
GROM.US,D,20230727,000000,6.382,6.4505,5.6,6.05,10285.5,0
GROM.US,D,20230728,000000,6.048,6.68,5.86,6.38,9267.55,0
GROM.US,D,20230731,000000,6.38,7.3,6,6.06,46444.5,0
GROM.US,D,20230801,000000,6,6.596,6,6.32,9637.75,0
GROM.US,D,20230802,000000,6.596,7,6.302,6.422,29886.4,0
GROM.US,D,20230803,000000,6.7,7.2,6.602,6.84,21662.95,0
GROM.US,D,20230804,000000,7.4,7.4,6.61,6.96,9386.4,0
GROM.US,D,20230807,000000,6.96,7.1,6.6,6.9,5573,0
GROM.US,D,20230808,000000,6.8,6.98,6.6,6.84,5738.05,0
GROM.US,D,20230809,000000,6.54,7,6.54,6.64,2264.05,0
GROM.US,D,20230810,000000,6.642,6.99998,6.6,6.8,2612.95,0
GROM.US,D,20230811,000000,6.608,6.998,6.424,6.424,4104.15,0
GROM.US,D,20230814,000000,6.24,6.56898,5.6,6.22,7933.15,0
GROM.US,D,20230815,000000,6.22,6.6,6.22,6.34,2082.7,0
GROM.US,D,20230816,000000,6.2,6.904,5.822,6.16,5329.9,0
GROM.US,D,20230817,000000,6.18086,6.376,5.8,6.082,10369.3,0
GROM.US,D,20230818,000000,5.998,5.998,5.822,5.86,1133.6,0
GROM.US,D,20230821,000000,5.7,6.198,5.58,5.738,7388.4,0
GROM.US,D,20230822,000000,5.498,6.4,4.96,5.76,27000.8,0
GROM.US,D,20230823,000000,5.002,5.6,4.484,4.904,24097.3,0
GROM.US,D,20230824,000000,5,5.0525,4.62,4.8,5652,0
GROM.US,D,20230825,000000,4.72,4.954,4.408,4.6,7169,0
GROM.US,D,20230828,000000,4.248,5.104,4.1,4.604,3845.95,0
GROM.US,D,20230829,000000,5.278,6.292,5,5.306,272747.55,0
GROM.US,D,20230830,000000,5.412,5.412,4.62,5.14,27223.4,0
GROM.US,D,20230831,000000,4.986,5.7,4.916,5.6,21969.4,0
GROM.US,D,20230901,000000,5.398,6.2,5.2,5.4,19800.1,0
GROM.US,D,20230905,000000,5.48,5.62,5.022,5.022,9048.25,0
GROM.US,D,20230906,000000,4.8,6.8,4.62,5.64,193211.6,0
GROM.US,D,20230907,000000,6,9,3.82,4.05,2749771,0
GROM.US,D,20230908,000000,2.02,2.3811,1.95,2.28,4234509,0
GROM.US,D,20230911,000000,2.19,2.63,2.01,2.1764,1265376,0
GROM.US,D,20230912,000000,2.17,2.43,2.01,2.22,982716,0
GROM.US,D,20230913,000000,2.34,2.6,2.15,2.28,1457598,0
GROM.US,D,20230914,000000,2.24,2.38,2.1,2.24,477037,0
GROM.US,D,20230915,000000,2.22,2.28,2,2.27,735924,0
GROM.US,D,20230918,000000,2.19,2.2299,2.01,2.05,414023,0
GROM.US,D,20230919,000000,2.06,2.16,1.92,2.02,253202,0
GROM.US,D,20230920,000000,2.02,2.08,1.89,1.91,158142,0
GROM.US,D,20230921,000000,1.89,1.92,1.7338,1.77,193780,0
GROM.US,D,20230922,000000,1.77,1.82,1.61,1.635,245239,0
GROM.US,D,20230925,000000,1.64,1.688,1.52,1.54,119510,0
GROM.US,D,20230926,000000,1.52,1.5836,1.42,1.44,122613,0
GROM.US,D,20230927,000000,1.45,1.4799,1.37,1.4,89586,0
GROM.US,D,20230928,000000,1.48,1.48,1.25,1.32,196491,0
GROM.US,D,20230929,000000,1.35,1.428,1.35,1.37,70371,0
GROM.US,D,20231002,000000,1.34,1.84,1.34,1.53,1538135,0
GROM.US,D,20231003,000000,1.47,1.5967,1.37,1.55,506623,0
GROM.US,D,20231004,000000,1.56,1.76,1.53,1.75,869907,0
GROM.US,D,20231005,000000,2.21,2.78,1.7,1.96,33796021,0
GROM.US,D,20231006,000000,1.8,1.97,1.7,1.72,1006751,0
GROM.US,D,20231009,000000,1.47,1.59,1.3337,1.35,586044,0
GROM.US,D,20231010,000000,1.27,1.44,1.24,1.38,315144,0
GROM.US,D,20231011,000000,1.35,1.39,1.26,1.3,223306,0
GROM.US,D,20231012,000000,1.31,1.3635,1.23,1.26,355915,0
GROM.US,D,20231013,000000,1.25,1.46,1.21,1.42,270272,0
GROM.US,D,20231016,000000,1.39,1.4499,1.34,1.36,116417,0
GROM.US,D,20231017,000000,1.36,1.4598,1.3,1.34,147734,0
GROM.US,D,20231018,000000,1.4,1.4,1.2601,1.29,86992,0
GROM.US,D,20231019,000000,1.3,1.32,1.22,1.24,64074,0
GROM.US,D,20231020,000000,1.23,1.2463,1.17,1.21,86723,0
GROM.US,D,20231023,000000,1.21,1.23,1.17,1.19,48299,0
GROM.US,D,20231024,000000,1.22,1.5,1.19,1.44,531779,0
GROM.US,D,20231025,000000,1.35,1.4,1.155,1.25,519088,0
GROM.US,D,20231026,000000,1.28,1.28,1.21,1.23,56758,0
GROM.US,D,20231027,000000,1.22,1.27,1.2001,1.22,67128,0
GROM.US,D,20231030,000000,1.25,1.27,1.2001,1.26,86160,0
GROM.US,D,20231031,000000,1.27,1.3,1.21,1.29,79256,0
GROM.US,D,20231101,000000,1.27,1.4354,1.23,1.36,199644,0
GROM.US,D,20231102,000000,1.36,1.36,1.25,1.28,57413,0
GROM.US,D,20231103,000000,1.34,1.34,1.2501,1.33,52450,0
GROM.US,D,20231106,000000,1.34,1.4,1.25,1.33,54104,0
GROM.US,D,20231107,000000,1.34,1.42,1.281,1.35,140761,0
GROM.US,D,20231108,000000,1.44,1.44,1.27,1.35,37926,0
GROM.US,D,20231109,000000,1.36,1.3899,1.25,1.3,44075,0
GROM.US,D,20231110,000000,1.2801,1.34,1.25,1.28,43901,0
GROM.US,D,20231113,000000,1.38,1.38,1.28,1.34,40814,0
GROM.US,D,20231114,000000,1.37,1.37,1.25,1.26,55205,0
GROM.US,D,20231115,000000,1.34,1.34,1.22,1.28,48850,0
GROM.US,D,20231116,000000,1.26,1.2799,1.12,1.2,95643,0
GROM.US,D,20231117,000000,1.2,1.2,1.15,1.15,30187,0
GROM.US,D,20231120,000000,1.1899,1.1899,1.0701,1.1389,58770,0
GROM.US,D,20231121,000000,1.11,1.12,1.01,1.04,96839,0
GROM.US,D,20231122,000000,1.11,1.15,1.01,1.01,1164393,0
GROM.US,D,20231124,000000,1.01,1.08,1.01,1.08,58415,0
GROM.US,D,20231127,000000,1.08,1.14,1.06,1.11,41608,0
GROM.US,D,20231128,000000,1.13,1.1794,1.12,1.14,78723,0
GROM.US,D,20231129,000000,1.1456,1.22,1.1456,1.2,63224,0
GROM.US,D,20231130,000000,1.27,1.27,1.13,1.15,94088,0
GROM.US,D,20231201,000000,1.08,1.13,1.03,1.1,60432,0
GROM.US,D,20231204,000000,1.12,1.12,1.04,1.08,61181,0
GROM.US,D,20231205,000000,1.11,1.11,1.05,1.07,34152,0
GROM.US,D,20231206,000000,1.05,1.0791,1.0114,1.06,39206,0
GROM.US,D,20231207,000000,1.04,1.15,0.9845,1.01,137982,0
GROM.US,D,20231208,000000,1.03,1.05,0.98,0.99,59708,0
GROM.US,D,20231211,000000,1.02,1.02,0.98,1.01,41644,0
GROM.US,D,20231212,000000,0.99,1.0199,0.931,0.9599,35841,0
GROM.US,D,20231213,000000,0.93,0.9658,0.8334,0.8664,94585,0
GROM.US,D,20231214,000000,0.86,0.90709,0.86,0.8984,48778,0
GROM.US,D,20231215,000000,0.92,0.943,0.879999,0.89,43423,0
GROM.US,D,20231218,000000,0.86,0.92,0.82,0.88,51072,0
GROM.US,D,20231219,000000,0.8541,0.89,0.8401,0.88,46078,0
GROM.US,D,20231220,000000,0.86,0.8946,0.831,0.8365,39067,0
GROM.US,D,20231221,000000,0.8365,1.54,0.8,1.31,5554402,0
GROM.US,D,20231222,000000,1.16,1.35,1.07,1.2,936174,0
GROM.US,D,20231226,000000,1.08,1.23,1.0601,1.1227,196418,0
GROM.US,D,20231227,000000,1.13,1.165,1.0701,1.15,93078,0
GROM.US,D,20231228,000000,1.16,1.26,1.15,1.2,263067,0
GROM.US,D,20231229,000000,1.2,1.235,1.1,1.13,85481,0
GROM.US,D,20240102,000000,1.1,1.21,1.1,1.15,103472,0
GROM.US,D,20240103,000000,1.15,1.19,1.09,1.13,24203,0
GROM.US,D,20240104,000000,1.1,1.1499,1.08,1.1499,25963,0
GROM.US,D,20240105,000000,1.134,1.18,1.11,1.17,26046,0
GROM.US,D,20240108,000000,1.12,1.21,1.0808,1.17,44906,0
GROM.US,D,20240109,000000,1.18,1.19,1.1,1.19,57780,0
GROM.US,D,20240110,000000,1.17,1.17,1.08,1.13,36901,0
GROM.US,D,20240111,000000,1.17,1.22,1.1,1.1,184405,0
GROM.US,D,20240112,000000,1.08,1.1482,1.06,1.09,35525,0
GROM.US,D,20240116,000000,1.05,1.33,0.98,1.13,1158979,0
GROM.US,D,20240117,000000,1.09,1.09,0.912,0.912,310233,0
GROM.US,D,20240118,000000,0.9121,0.9282,0.76,0.84,141324,0
GROM.US,D,20240119,000000,0.816,0.8457,0.76,0.76,46380,0
GROM.US,D,20240122,000000,0.818,0.98,0.72,0.8662,983716,0
GROM.US,D,20240123,000000,0.83,0.929899,0.812,0.899,132664,0
GROM.US,D,20240124,000000,0.8818,0.93,0.78,0.84,94427,0
GROM.US,D,20240125,000000,0.831,0.865,0.83,0.8427,25483,0
GROM.US,D,20240126,000000,0.84,0.9,0.7808,0.791099,59205,0
GROM.US,D,20240129,000000,0.79,0.861,0.79,0.8301,101312,0
GROM.US,D,20240130,000000,0.8,0.8505,0.8,0.81,35844,0
GROM.US,D,20240131,000000,0.8046,0.8175,0.7,0.7749,71465,0
GROM.US,D,20240201,000000,0.753,0.768,0.72,0.749,24256,0
GROM.US,D,20240202,000000,0.7301,0.769999,0.7199,0.7264,26136,0
GROM.US,D,20240205,000000,0.7099,0.73,0.7,0.7125,40053,0
GROM.US,D,20240206,000000,0.71,0.769,0.694,0.74,65801,0
GROM.US,D,20240207,000000,0.74,0.7648,0.7053,0.732,66306,0
GROM.US,D,20240208,000000,0.7399,0.7993,0.69,0.7993,66884,0
GROM.US,D,20240209,000000,0.7753,0.8,0.723,0.768,21081,0
GROM.US,D,20240212,000000,0.75,0.8188,0.7301,0.7894,41748,0
GROM.US,D,20240213,000000,0.81,0.85,0.7269,0.75,56117,0
GROM.US,D,20240214,000000,0.77,0.8488,0.7669,0.816,31926,0
GROM.US,D,20240215,000000,0.84,0.84,0.7651,0.8116,47716,0
GROM.US,D,20240216,000000,0.87,0.87,0.7954,0.8133,40854,0
GROM.US,D,20240220,000000,0.89,0.89,0.7819,0.8256,42514,0
GROM.US,D,20240221,000000,0.799,0.815,0.7515,0.8025,15075,0
GROM.US,D,20240222,000000,0.8,0.8001,0.7252,0.7252,64401,0
GROM.US,D,20240223,000000,0.77,0.777,0.726501,0.777,22376,0
GROM.US,D,20240226,000000,0.7671,0.775,0.74,0.7581,15092,0
GROM.US,D,20240227,000000,0.74,0.809999,0.7305,0.777,25539,0
GROM.US,D,20240228,000000,0.81,0.81,0.745,0.78,45197,0
GROM.US,D,20240229,000000,0.79,0.82,0.775,0.798,19532,0
GROM.US,D,20240301,000000,0.781,0.81,0.7499,0.808,39996,0
GROM.US,D,20240304,000000,0.8,0.81,0.73,0.7646,70880,0
GROM.US,D,20240305,000000,0.7775,0.7799,0.7409,0.7409,34684,0
GROM.US,D,20240306,000000,0.7779,0.7779,0.741,0.7699,28294,0
GROM.US,D,20240307,000000,0.9134,1.61,0.9134,1.27,32935778,0
GROM.US,D,20240308,000000,1.16,1.3,1.06,1.07,1275866,0
GROM.US,D,20240311,000000,1.15,1.24,1.01,1.08,1018490,0
GROM.US,D,20240312,000000,1.08,1.16,1.015,1.08,374618,0
GROM.US,D,20240313,000000,1.02,1.035,0.9063,0.96,371959,0
GROM.US,D,20240314,000000,0.96,1.21,0.9,0.984,1071312,0
GROM.US,D,20240315,000000,1.03,1.11,0.8701,1.11,446493,0
GROM.US,D,20240318,000000,1.04,1.0499,0.9601,1,109222,0
GROM.US,D,20240319,000000,0.95,1,0.93,0.98,59646,0
GROM.US,D,20240320,000000,0.96,0.9931,0.93,0.9501,35167,0
GROM.US,D,20240321,000000,0.99,1.01,0.93,0.947,419244,0
GROM.US,D,20240322,000000,0.93,0.9768,0.8633,0.89,116367,0
GROM.US,D,20240325,000000,0.9,0.9387,0.87,0.871,93260,0
GROM.US,D,20240326,000000,0.8816,0.9024,0.8,0.8012,61684,0
GROM.US,D,20240327,000000,0.816,0.835,0.7753,0.824,47187,0
GROM.US,D,20240328,000000,0.817,0.8499,0.8001,0.83,22417,0
GROM.US,D,20240401,000000,0.8298,0.86,0.8032,0.814,19536,0
GROM.US,D,20240402,000000,0.8177,0.8177,0.754,0.789,78792,0
GROM.US,D,20240403,000000,0.767,0.8053,0.76,0.7968,79198,0
GROM.US,D,20240404,000000,0.82,0.86,0.75,0.778,181106,0
GROM.US,D,20240405,000000,0.7547,0.7791,0.75,0.7548,83238,0
GROM.US,D,20240408,000000,0.78,0.79,0.7418,0.757,88943,0
GROM.US,D,20240409,000000,0.741,0.7845,0.7377,0.758,105718,0
GROM.US,D,20240410,000000,0.7353,0.76,0.735,0.7486,32769,0
GROM.US,D,20240411,000000,0.734,0.7769,0.6863,0.7198,133541,0
GROM.US,D,20240412,000000,0.72,0.76,0.69,0.7,142418,0
GROM.US,D,20240415,000000,0.701,0.701,0.65,0.6691,110295,0
GROM.US,D,20240416,000000,0.642,0.69,0.6,0.6499,47986,0
GROM.US,D,20240417,000000,0.6204,0.7321,0.6204,0.6331,26305,0
GROM.US,D,20240418,000000,0.651,0.7,0.65,0.6815,72884,0
GROM.US,D,20240419,000000,0.661,0.7,0.655,0.66,21264,0
GROM.US,D,20240422,000000,0.68,0.6847,0.643,0.643,29408,0
GROM.US,D,20240423,000000,0.637,0.672799,0.61,0.62,30028,0
GROM.US,D,20240424,000000,0.6101,0.6931,0.5701,0.593,317292,0
GROM.US,D,20240425,000000,0.5752,0.6,0.5526,0.574,36419,0
GROM.US,D,20240426,000000,0.6,0.62,0.552001,0.6015,6830,0
GROM.US,D,20240429,000000,0.62,0.64,0.583,0.5887,31625,0
GROM.US,D,20240430,000000,0.59,0.6601,0.59,0.6163,138718,0
GROM.US,D,20240501,000000,0.601,0.6119,0.55975,0.57,38957,0
GROM.US,D,20240502,000000,0.56,0.5985,0.55,0.5673,116264,0
GROM.US,D,20240503,000000,0.551,0.6,0.55,0.59,14264,0
GROM.US,D,20240506,000000,0.59,0.6002,0.55676,0.588,63349,0
GROM.US,D,20240507,000000,0.67,0.7,0.5513,0.56,790372,0
GROM.US,D,20240508,000000,0.56,0.58,0.5203,0.5356,186586,0
GROM.US,D,20240509,000000,0.5375,0.579,0.53065,0.548,85593,0
GROM.US,D,20240510,000000,0.555347,0.558099,0.5307,0.531,49826,0
GROM.US,D,20240513,000000,0.549,0.6,0.520101,0.53,95177,0
GROM.US,D,20240514,000000,0.5594,0.5594,0.5212,0.5499,59744,0
GROM.US,D,20240515,000000,0.5462,0.5791,0.54,0.556,56312,0
GROM.US,D,20240516,000000,0.5854,0.5854,0.54,0.5685,109133,0
GROM.US,D,20240517,000000,0.567,0.5881,0.54,0.55,151666,0
GROM.US,D,20240520,000000,0.55,0.57,0.55,0.55,52244,0
GROM.US,D,20240521,000000,0.5483,0.565,0.531,0.55,59409,0
GROM.US,D,20240522,000000,0.57,0.57,0.5212,0.523,96250,0
GROM.US,D,20240523,000000,0.559,0.56,0.53,0.53,47127,0
GROM.US,D,20240524,000000,0.531,0.55,0.4901,0.5127,134209,0
GROM.US,D,20240528,000000,0.501,0.5112,0.4901,0.4901,47854,0
GROM.US,D,20240529,000000,0.509,0.516,0.4701,0.49745,128835,0
GROM.US,D,20240530,000000,0.472,0.51,0.472,0.4863,23446,0
GROM.US,D,20240531,000000,0.496,0.4968,0.48,0.482,36987,0
GROM.US,D,20240603,000000,0.483,0.5135,0.483,0.483,12629,0
GROM.US,D,20240604,000000,0.48,0.505,0.48,0.4926,29507,0
GROM.US,D,20240605,000000,0.5037,0.5037,0.477,0.4784,52431,0
GROM.US,D,20240606,000000,0.4823,0.5098,0.48,0.4835,59892,0
GROM.US,D,20240607,000000,0.5,0.5069,0.4612,0.4656,69640,0
GROM.US,D,20240610,000000,0.4887,0.488813,0.4511,0.465,45654,0
GROM.US,D,20240611,000000,0.4501,0.49472,0.4501,0.489,23613,0
GROM.US,D,20240612,000000,0.4671,0.5,0.4671,0.4925,19981,0
GROM.US,D,20240613,000000,0.4716,0.49,0.454,0.455,52844,0
GROM.US,D,20240614,000000,0.47,0.4877,0.47,0.47,22476,0
GROM.US,D,20240617,000000,0.493,0.493,0.4505,0.4569,31922,0
GROM.US,D,20240618,000000,0.461,0.479,0.33055,0.4501,50304,0
GROM.US,D,20240620,000000,0.478,0.5249,0.438553,0.49915,335908,0
GROM.US,D,20240621,000000,0.5126,0.5126,0.4401,0.4561,123433,0
GROM.US,D,20240624,000000,0.4756,0.609822,0.4306,0.5,552372,0
GROM.US,D,20240625,000000,0.495,0.495,0.432,0.4471,153427,0
GROM.US,D,20240626,000000,0.4337,0.4725,0.4337,0.452,19564,0
GROM.US,D,20240627,000000,0.469,0.539,0.4361,0.441,66358,0
GROM.US,D,20240628,000000,0.434,0.456051,0.3826,0.4018,96530,0
GROM.US,D,20240701,000000,0.416,0.4162,0.360701,0.3801,22988,0
GROM.US,D,20240702,000000,0.3653,0.4299,0.3615,0.363,16747,0
GROM.US,D,20240703,000000,0.38,0.435,0.38,0.38505,52913,0
GROM.US,D,20240705,000000,0.38,0.41,0.375699,0.399,32987,0
GROM.US,D,20240708,000000,0.4016,0.42,0.385,0.3931,24090,0
GROM.US,D,20240709,000000,0.3901,0.4142,0.39,0.4042,16233,0
GROM.US,D,20240710,000000,0.4,0.41,0.395,0.4001,13983,0
GROM.US,D,20240711,000000,0.4154,0.42,0.38,0.381,75224,0
GROM.US,D,20240712,000000,0.385,0.414,0.38,0.3899,28697,0
GROM.US,D,20240715,000000,0.405,0.4564,0.3986,0.4294,447748,0
GROM.US,D,20240716,000000,0.4006,0.4438,0.3899,0.4053,203225,0
GROM.US,D,20240717,000000,0.4031,0.43,0.4031,0.4142,51611,0
GROM.US,D,20240718,000000,0.4046,0.4308,0.4043,0.408,53588,0
GROM.US,D,20240719,000000,0.396,0.424,0.386,0.386,57305,0
GROM.US,D,20240722,000000,0.3869,0.391228,0.333,0.34,151077,0
GROM.US,D,20240723,000000,0.34,0.36,0.33,0.332,115204,0
GROM.US,D,20240724,000000,0.3344,0.36,0.3202,0.3336,142642,0
GROM.US,D,20240725,000000,0.34,0.38,0.325,0.38,541640,0
GROM.US,D,20240726,000000,0.3522,0.3572,0.256,0.2859,640056,0
GROM.US,D,20240729,000000,0.29,0.29,0.26,0.275,127370,0
GROM.US,D,20240730,000000,0.2701,0.28,0.265,0.28,52973,0
GROM.US,D,20240731,000000,0.2824,0.2991,0.276,0.28,53678,0
GROM.US,D,20240801,000000,0.294,0.294,0.255,0.274,112339,0
GROM.US,D,20240802,000000,0.2625,0.2748,0.2555,0.2636,78391,0
GROM.US,D,20240805,000000,0.25,0.2636,0.2001,0.2238,344887,0
GROM.US,D,20240806,000000,0.2503,0.279,0.1907,0.1999,301423,0
GROM.US,D,20240807,000000,0.2,0.22,0.1948,0.2049,188092,0
GROM.US,D,20240808,000000,0.214,0.2294,0.2078,0.2195,10951,0
GROM.US,D,20240809,000000,0.2079,0.2258,0.2003,0.209,84087,0
GROM.US,D,20240812,000000,0.206,0.2122,0.2026,0.2122,85686,0
GROM.US,D,20240813,000000,0.2064,0.22,0.199,0.219,54217,0
GROM.US,D,20240814,000000,0.219,0.2193,0.1912,0.1944,112782,0
GROM.US,D,20240815,000000,0.19,0.19,0.125,0.1402,2371279,0
GROM.US,D,20240816,000000,0.136,0.15,0.127,0.14,929330,0
