<TICKER>,<PER>,<DATE>,<TIME>,<OPEN>,<HIGH>,<LOW>,<CLOSE>,<VOL>,<OPENINT>
HAIA.US,D,20220202,000000,9.84,9.86,9.82,9.82,113378,0
HAIA.US,D,20220204,000000,9.82,9.82,9.82,9.82,100044,0
HAIA.US,D,20220210,000000,9.83,9.84,9.83,9.84,6595,0
HAIA.US,D,20220211,000000,9.84,9.85,9.84,9.85,4000,0
HAIA.US,D,20220214,000000,9.85,9.85,9.85,9.85,31800,0
HAIA.US,D,20220225,000000,9.85,9.86,9.82,9.86,294808,0
HAIA.US,D,20220228,000000,9.88,9.9,9.87,9.9,637588,0
HAIA.US,D,20220301,000000,9.88,9.89,9.88,9.89,22000,0
HAIA.US,D,20220302,000000,9.88,9.88,9.88,9.88,100,0
HAIA.US,D,20220303,000000,9.8842,9.8842,9.875,9.875,445,0
HAIA.US,D,20220311,000000,9.9,9.9,9.87,9.9,319094,0
HAIA.US,D,20220317,000000,9.87,9.87,9.87,9.87,231,0
HAIA.US,D,20220321,000000,9.87,9.88,9.87,9.88,3343,0
HAIA.US,D,20220322,000000,9.88,9.88,9.88,9.88,204,0
HAIA.US,D,20220323,000000,9.87,9.87,9.87,9.87,1200,0
HAIA.US,D,20220324,000000,9.87,9.89,9.87,9.89,12402,0
HAIA.US,D,20220325,000000,9.87,9.87,9.87,9.87,350005,0
HAIA.US,D,20220328,000000,9.87,9.87,9.87,9.87,161,0
HAIA.US,D,20220329,000000,9.87,9.87,9.87,9.87,25050,0
HAIA.US,D,20220331,000000,9.9,9.9201,9.895,9.91,33998,0
HAIA.US,D,20220401,000000,9.94,9.94,9.94,9.94,567,0
HAIA.US,D,20220405,000000,9.87,9.915,9.87,9.915,2437,0
HAIA.US,D,20220406,000000,9.93,9.93,9.93,9.93,1776,0
HAIA.US,D,20220412,000000,9.915,9.94,9.9,9.93,32648,0
HAIA.US,D,20220413,000000,9.95,9.95,9.92,9.92,2026,0
HAIA.US,D,20220421,000000,9.91,9.91,9.91,9.91,601,0
HAIA.US,D,20220425,000000,9.93,9.93,9.93,9.93,113670,0
HAIA.US,D,20220426,000000,9.96,9.96,9.93,9.93,9040,0
HAIA.US,D,20220427,000000,9.94,9.94,9.94,9.94,121854,0
HAIA.US,D,20220428,000000,9.94,9.95,9.94,9.95,37000,0
HAIA.US,D,20220502,000000,9.96,9.96,9.96,9.96,9901,0
HAIA.US,D,20220503,000000,10,10.02,9.96,9.96,21216,0
HAIA.US,D,20220505,000000,9.942,9.942,9.94,9.94,1800,0
HAIA.US,D,20220509,000000,9.92,9.92,9.92,9.92,1100,0
HAIA.US,D,20220510,000000,9.93,10.2526,9.88,9.92,150740,0
HAIA.US,D,20220518,000000,9.88,9.88,9.88,9.88,410,0
HAIA.US,D,20220524,000000,9.91,9.91,9.91,9.91,150001,0
HAIA.US,D,20220526,000000,9.91,9.91,9.88,9.88,2711,0
HAIA.US,D,20220602,000000,9.92,9.94,9.92,9.93,129045,0
HAIA.US,D,20220609,000000,9.91,9.91,9.91,9.91,397300,0
HAIA.US,D,20220610,000000,9.91,9.91,9.91,9.91,3315,0
HAIA.US,D,20220614,000000,9.95,9.95,9.9,9.9,1079,0
HAIA.US,D,20220617,000000,10.61,10.61,10.61,10.61,17292,0
HAIA.US,D,20220621,000000,10.55,10.55,9.92,9.95,105036,0
HAIA.US,D,20220622,000000,9.91,9.95,9.91,9.94,277702,0
HAIA.US,D,20220628,000000,9.99,9.99,9.92,9.95,373295,0
HAIA.US,D,20220629,000000,10.82,10.82,9.92,9.92,17110,0
HAIA.US,D,20220630,000000,10.04,10.04,9.92,9.92,963,0
HAIA.US,D,20220701,000000,9.92,9.92,9.92,9.92,410,0
HAIA.US,D,20220705,000000,9.92,9.96,9.92,9.94,293872,0
HAIA.US,D,20220706,000000,9.92,9.92,9.92,9.92,649,0
HAIA.US,D,20220707,000000,9.89,9.92,9.89,9.92,480,0
HAIA.US,D,20220708,000000,9.92,9.92,9.92,9.92,4577,0
HAIA.US,D,20220711,000000,9.96,9.96,9.95,9.96,1884,0
HAIA.US,D,20220712,000000,9.945,9.945,9.93,9.93,1517,0
HAIA.US,D,20220714,000000,9.93,9.95,9.925,9.94,134176,0
HAIA.US,D,20220715,000000,9.94,9.94,9.94,9.94,50102,0
HAIA.US,D,20220720,000000,9.97,9.97,9.94,9.96,123845,0
HAIA.US,D,20220721,000000,9.975,9.975,9.97,9.97,1812,0
HAIA.US,D,20220722,000000,9.97,9.97,9.97,9.97,400109,0
HAIA.US,D,20220726,000000,9.96,9.9725,9.955,9.96,756973,0
HAIA.US,D,20220728,000000,9.97,9.97,9.97,9.97,100,0
HAIA.US,D,20220802,000000,9.98,9.98,9.97,9.97,2013,0
HAIA.US,D,20220803,000000,9.98,9.98,9.98,9.98,7601,0
HAIA.US,D,20220805,000000,9.98,9.98,9.98,9.98,120511,0
HAIA.US,D,20220810,000000,9.98,9.981,9.98,9.981,1001,0
HAIA.US,D,20220812,000000,9.98,9.99,9.98,9.99,53029,0
HAIA.US,D,20220815,000000,10.01,10.01,9.98,9.98,85115,0
HAIA.US,D,20220816,000000,10.01,10.01,9.98,9.98,822,0
HAIA.US,D,20220817,000000,9.97,10.01,9.96,9.97,656013,0
HAIA.US,D,20220819,000000,9.99,9.99,9.98,9.98,1317,0
HAIA.US,D,20220822,000000,10.055,10.055,10.055,10.055,205,0
HAIA.US,D,20220823,000000,10.06,10.06,10.06,10.06,4212,0
HAIA.US,D,20220824,000000,10.05,10.05,10.04,10.04,6608,0
HAIA.US,D,20220830,000000,10.02,10.02,10.02,10.02,143,0
HAIA.US,D,20220831,000000,10.02,10.02,10.02,10.02,100,0
HAIA.US,D,20220906,000000,10.02,10.03,10.02,10.02,1304,0
HAIA.US,D,20220907,000000,10.03,10.03,10.03,10.03,1200,0
HAIA.US,D,20220912,000000,10.03,10.03,10.03,10.03,612,0
HAIA.US,D,20220914,000000,10.02,10.03,10.01,10.03,5411,0
HAIA.US,D,20220915,000000,10.03,10.04,10.03,10.04,9402,0
HAIA.US,D,20220919,000000,10.03,10.05,10.01,10.025,2948,0
HAIA.US,D,20220926,000000,10.05,10.08,10.04,10.08,8704,0
HAIA.US,D,20220928,000000,10.07,10.08,10.06,10.08,3612,0
HAIA.US,D,20220929,000000,10.07,10.08,10.07,10.08,226101,0
HAIA.US,D,20220930,000000,10.08,10.09,10.08,10.085,44578,0
HAIA.US,D,20221003,000000,10.09,10.09,10.09,10.09,3472,0
HAIA.US,D,20221007,000000,10.04,10.05,10.04,10.05,5075,0
HAIA.US,D,20221010,000000,10.05,10.06,10.05,10.06,31125,0
HAIA.US,D,20221011,000000,10.0855,10.0855,10.0855,10.0855,1988,0
HAIA.US,D,20221012,000000,10.08,10.08,10.08,10.08,200000,0
HAIA.US,D,20221013,000000,10.05,10.05,10.05,10.05,4100,0
HAIA.US,D,20221017,000000,10.06,10.07,10.06,10.06,693419,0
HAIA.US,D,20221018,000000,10.06,10.06,10.06,10.06,3663,0
HAIA.US,D,20221019,000000,10.06,10.0601,10.06,10.0601,3880,0
HAIA.US,D,20221020,000000,10.11,10.11,10.11,10.11,111,0
HAIA.US,D,20221024,000000,10.12,10.12,10.12,10.12,2674,0
HAIA.US,D,20221025,000000,10.125,10.125,10.125,10.125,112,0
HAIA.US,D,20221027,000000,10.12,10.12,10.12,10.12,122629,0
HAIA.US,D,20221101,000000,10.13,10.13,10.13,10.13,4300,0
HAIA.US,D,20221104,000000,10.135,10.15,10.135,10.15,30825,0
HAIA.US,D,20221107,000000,10.12,10.13,10.12,10.13,2267,0
HAIA.US,D,20221109,000000,10.13,10.13,10.13,10.13,45236,0
HAIA.US,D,20221110,000000,10.13,10.16,10.13,10.14,89015,0
HAIA.US,D,20221114,000000,10.155,10.17,10.14,10.14,15212,0
HAIA.US,D,20221115,000000,10.17,10.17,10.16,10.17,100271,0
HAIA.US,D,20221116,000000,10.17,10.17,10.17,10.17,85047,0
HAIA.US,D,20221117,000000,10.155,10.17,10.155,10.17,342,0
HAIA.US,D,20221118,000000,10.17,10.17,10.17,10.17,182,0
HAIA.US,D,20221122,000000,10.18,10.32,10.18,10.32,116908,0
HAIA.US,D,20221128,000000,10.24,10.24,10.165,10.17,20777,0
HAIA.US,D,20221206,000000,10.19,10.19,10.19,10.19,559,0
HAIA.US,D,20221212,000000,10.23,10.23,10.23,10.23,3802,0
HAIA.US,D,20221220,000000,10.22,10.25,10.22,10.25,1815,0
HAIA.US,D,20221222,000000,10.24,10.2575,10.23,10.2575,5520,0
HAIA.US,D,20221223,000000,10.26,10.26,10.26,10.26,294,0
HAIA.US,D,20230103,000000,10.28,10.28,10.25,10.25,21421,0
HAIA.US,D,20230104,000000,10.25,10.25,10.25,10.25,2502,0
HAIA.US,D,20230105,000000,10.25,10.26,10.25,10.26,6603,0
HAIA.US,D,20230106,000000,10.26,10.26,10.26,10.26,7680,0
HAIA.US,D,20230109,000000,10.26,10.27,10.26,10.27,106423,0
HAIA.US,D,20230110,000000,10.27,10.3,10.27,10.3,50298,0
HAIA.US,D,20230112,000000,10.31,10.31,10.3,10.3,1013,0
HAIA.US,D,20230118,000000,10.3,10.3,10.3,10.3,25034,0
HAIA.US,D,20230119,000000,10.3,10.3,10.3,10.3,14257,0
HAIA.US,D,20230120,000000,10.3,10.3,10.3,10.3,42980,0
HAIA.US,D,20230123,000000,10.3,10.3,10.3,10.3,360,0
HAIA.US,D,20230124,000000,10.3,10.31,10.29,10.3,24975,0
HAIA.US,D,20230125,000000,10.3,10.3,10.3,10.3,1020,0
HAIA.US,D,20230126,000000,10.31,10.31,10.31,10.31,450806,0
HAIA.US,D,20230127,000000,10.32,10.33,10.31,10.31,24015,0
HAIA.US,D,20230130,000000,10.32,10.34,10.32,10.32,102519,0
HAIA.US,D,20230131,000000,10.32,10.335,10.32,10.32,1874844,0
HAIA.US,D,20230201,000000,10.34,10.34,10.32,10.32,52400,0
HAIA.US,D,20230202,000000,10.335,10.335,10.335,10.335,371,0
HAIA.US,D,20230203,000000,10.34,10.34,10.34,10.34,9042,0
HAIA.US,D,20230206,000000,10.345,10.35,10.34,10.34,247692,0
HAIA.US,D,20230207,000000,10.34,10.35,10.34,10.35,376212,0
HAIA.US,D,20230208,000000,10.35,10.46,10.35,10.36,19689,0
HAIA.US,D,20230210,000000,10.85,10.85,10.35,10.35,5586,0
HAIA.US,D,20230213,000000,10.35,10.365,10.35,10.35,201386,0
HAIA.US,D,20230214,000000,10.37,10.85,10.35,10.36,670,0
HAIA.US,D,20230215,000000,10.35,10.36,10.35,10.36,6570,0
HAIA.US,D,20230217,000000,10.365,10.365,10.36,10.36,2758,0
HAIA.US,D,20230222,000000,10.37,10.37,10.37,10.37,106,0
HAIA.US,D,20230224,000000,10.37,10.37,10.37,10.37,402,0
HAIA.US,D,20230227,000000,10.39,10.39,10.39,10.39,104,0
HAIA.US,D,20230228,000000,10.38,10.39,10.38,10.39,200,0
HAIA.US,D,20230301,000000,10.385,10.385,10.38,10.38,2269,0
HAIA.US,D,20230302,000000,10.39,10.41,10.39,10.395,2250410,0
HAIA.US,D,20230303,000000,10.85,10.85,10.385,10.42,27562,0
HAIA.US,D,20230306,000000,10.41,10.41,10.41,10.41,5969,0
HAIA.US,D,20230307,000000,10.4,10.41,10.4,10.4,785207,0
HAIA.US,D,20230308,000000,10.4,10.42,10.4,10.4,11356,0
HAIA.US,D,20230309,000000,10.41,10.41,10.41,10.41,203590,0
HAIA.US,D,20230310,000000,10.415,10.42,10.4,10.4,116378,0
HAIA.US,D,20230314,000000,10.41,10.41,10.41,10.41,116,0
HAIA.US,D,20230316,000000,10.41,10.41,10.41,10.41,351,0
HAIA.US,D,20230317,000000,10.41,10.41,10.41,10.41,229,0
HAIA.US,D,20230320,000000,10.41,10.41,10.41,10.41,145,0
HAIA.US,D,20230321,000000,10.41,10.42,10.41,10.42,7386,0
HAIA.US,D,20230323,000000,11,11,10.41,10.41,543,0
HAIA.US,D,20230327,000000,10.41,10.41,10.41,10.41,553,0
HAIA.US,D,20230328,000000,10.65,10.753,10.4173,10.45,27207,0
HAIA.US,D,20230329,000000,10.425,10.455,10.425,10.45,948922,0
HAIA.US,D,20230331,000000,10.43,10.43,10.43,10.43,418051,0
HAIA.US,D,20230403,000000,10.45,10.45,10.43,10.45,204013,0
HAIA.US,D,20230404,000000,10.43,10.43,10.43,10.43,342,0
HAIA.US,D,20230406,000000,10.44,10.45,10.43,10.44,4434,0
HAIA.US,D,20230411,000000,10.45,10.45,10.44,10.45,19837,0
HAIA.US,D,20230412,000000,10.44,10.45,10.44,10.45,176159,0
HAIA.US,D,20230413,000000,10.77,10.77,10.45,10.45,617275,0
HAIA.US,D,20230414,000000,10.455,10.47,10.455,10.47,19575,0
HAIA.US,D,20230417,000000,10.46,10.46,10.46,10.46,22810,0
HAIA.US,D,20230418,000000,10.51,10.51,10.51,10.51,108,0
HAIA.US,D,20230419,000000,10.47,10.47,10.47,10.47,621607,0
HAIA.US,D,20230420,000000,10.47,10.47,10.47,10.47,750000,0
HAIA.US,D,20230425,000000,10.51,10.51,10.49,10.51,16002,0
HAIA.US,D,20230426,000000,10.5041,10.5041,10.5041,10.5041,411,0
HAIA.US,D,20230428,000000,10.47,10.47,10.46,10.47,4302,0
HAIA.US,D,20230502,000000,10.47,10.47,10.47,10.47,3502,0
HAIA.US,D,20230503,000000,10.47,10.47,10.47,10.47,8515,0
HAIA.US,D,20230504,000000,10.7,10.7902,10.49,10.5006,30285,0
HAIA.US,D,20230505,000000,10.51,10.8437,10.48,10.64,53858,0
HAIA.US,D,20230508,000000,10.8,10.8,10.53,10.53,32968,0
HAIA.US,D,20230512,000000,10.74,10.74,10.51,10.51,10078,0
HAIA.US,D,20230515,000000,10.5,10.5,10.5,10.5,7124,0
HAIA.US,D,20230516,000000,10.5,10.5,10.5,10.5,977,0
HAIA.US,D,20230517,000000,10.5,10.5,10.5,10.5,1764,0
HAIA.US,D,20230518,000000,10.5,10.51,10.5,10.5,2504,0
HAIA.US,D,20230519,000000,10.515,10.57,10.51,10.57,3748,0
HAIA.US,D,20230524,000000,10.51,10.51,10.51,10.51,457,0
HAIA.US,D,20230525,000000,10.5532,10.5883,10.51,10.53,4877,0
HAIA.US,D,20230526,000000,10.51,10.57,10.51,10.57,3579,0
HAIA.US,D,20230531,000000,10.54,10.54,10.53,10.53,9305,0
HAIA.US,D,20230601,000000,10.54,10.54,10.53,10.53,12970,0
HAIA.US,D,20230602,000000,10.5495,10.5499,10.53,10.53,8580,0
HAIA.US,D,20230605,000000,10.53,10.54,10.52,10.54,59378,0
HAIA.US,D,20230606,000000,10.53,10.55,10.53,10.53,4938,0
HAIA.US,D,20230607,000000,10.52,10.54,10.52,10.53,17078,0
HAIA.US,D,20230608,000000,10.6033,11.03,10.53,10.5799,8788,0
HAIA.US,D,20230609,000000,10.53,11.045,10.53,10.58,6435,0
HAIA.US,D,20230612,000000,10.95,10.95,10.65,10.6599,950,0
HAIA.US,D,20230613,000000,10.6,10.6,10.6,10.6,184,0
HAIA.US,D,20230614,000000,10.58,10.6,10.53,10.56,9166,0
HAIA.US,D,20230615,000000,10.6,10.62,10.56,10.62,3206,0
HAIA.US,D,20230620,000000,10.61,10.61,10.56,10.57,9620,0
HAIA.US,D,20230621,000000,10.58,10.58,10.58,10.58,63193,0
HAIA.US,D,20230622,000000,10.56,10.63,10.56,10.63,3775,0
HAIA.US,D,20230623,000000,10.57,10.57,10.57,10.57,197,0
HAIA.US,D,20230626,000000,10.57,10.57,10.57,10.57,302,0
HAIA.US,D,20230627,000000,10.57,10.57,10.57,10.57,302,0
HAIA.US,D,20230628,000000,10.58,10.605,10.57,10.605,2072,0
HAIA.US,D,20230629,000000,10.59,10.64,10.59,10.64,1720,0
HAIA.US,D,20230630,000000,10.66,10.67,10.66,10.6699,1431,0
HAIA.US,D,20230712,000000,10.6,10.6,10.6,10.6,101,0
HAIA.US,D,20230713,000000,10.69,10.71,10.68,10.71,8810,0
HAIA.US,D,20230714,000000,10.69,10.69,10.67,10.67,8914,0
HAIA.US,D,20230717,000000,10.69,10.69,10.68,10.68,2124,0
HAIA.US,D,20230719,000000,10.6102,10.69,10.6102,10.69,1256,0
HAIA.US,D,20230720,000000,10.67,10.67,10.67,10.67,511,0
HAIA.US,D,20230721,000000,10.6898,10.6898,10.67,10.67,599,0
HAIA.US,D,20230724,000000,10.67,10.67,10.6597,10.6597,16403,0
HAIA.US,D,20230726,000000,10.6699,10.67,10.6697,10.6697,806,0
HAIA.US,D,20230727,000000,10.66,10.66,10.6595,10.6599,6160,0
HAIA.US,D,20230728,000000,10.66,10.66,10.66,10.66,168,0
HAIA.US,D,20230731,000000,10.66,10.66,10.64,10.64,1471,0
HAIA.US,D,20230801,000000,10.64,10.75,10.64,10.75,136954,0
HAIA.US,D,20230802,000000,10.74,10.7401,10.71,10.72,1468,0
HAIA.US,D,20230803,000000,10.76,10.76,10.76,10.76,180,0
HAIA.US,D,20230804,000000,10.77,10.77,10.77,10.77,532,0
HAIA.US,D,20230807,000000,10.72,10.72,10.7,10.7,117282,0
HAIA.US,D,20230808,000000,10.71,10.8,10.6101,10.6301,4321,0
HAIA.US,D,20230809,000000,10.68,10.68,10.65,10.65,1674,0
HAIA.US,D,20230810,000000,10.65,10.99,10.65,10.65,2018,0
HAIA.US,D,20230814,000000,10.75,10.75,10.7401,10.7401,1000,0
HAIA.US,D,20230815,000000,10.69,10.75,10.69,10.69,4644,0
HAIA.US,D,20230816,000000,10.7117,10.75,10.7,10.75,6460,0
HAIA.US,D,20230817,000000,10.75,11.2408,10.72,11,10244,0
HAIA.US,D,20230821,000000,11,11,10.86,11,2133,0
HAIA.US,D,20230822,000000,11.01,11.0299,11.01,11.0299,1244,0
HAIA.US,D,20230823,000000,11.45,11.45,11.02,11.02,512,0
HAIA.US,D,20230824,000000,11.19,11.19,11.19,11.19,188,0
HAIA.US,D,20230829,000000,11.2,11.23,11.2,11.2,7745,0
HAIA.US,D,20230830,000000,11.48,11.48,11.48,11.48,354,0
HAIA.US,D,20230901,000000,11,11,10.965,10.9899,6650,0
HAIA.US,D,20230905,000000,11.1,11.1,10.99,10.99,10955,0
HAIA.US,D,20230906,000000,10.99,10.99,10.95,10.95,1910,0
HAIA.US,D,20230907,000000,10.95,11,10.94,11,4157,0
HAIA.US,D,20230908,000000,10.97,11,10.97,10.985,1458,0
HAIA.US,D,20230911,000000,11,11.05,10.9988,11.05,3826,0
HAIA.US,D,20230919,000000,11.05,11.05,11.05,11.05,270,0
HAIA.US,D,20230928,000000,11.15,11.15,11.15,11.15,135,0
HAIA.US,D,20231002,000000,11.02,11.02,11.02,11.02,193,0
HAIA.US,D,20231003,000000,11.02,11.05,11,11,30551,0
HAIA.US,D,20231004,000000,11.01,11.0255,10.95,10.95,41242,0
HAIA.US,D,20231005,000000,10.96,10.9681,10.93,10.93,11064,0
HAIA.US,D,20231006,000000,10.96,10.9899,10.93,10.935,57119,0
HAIA.US,D,20231009,000000,10.93,10.94,10.93,10.93,11316,0
HAIA.US,D,20231010,000000,10.93,10.95,10.92,10.95,117174,0
HAIA.US,D,20231011,000000,10.92,10.92,10.92,10.92,256,0
HAIA.US,D,20231012,000000,10.92,10.92,10.92,10.92,7401,0
HAIA.US,D,20231013,000000,10.93,10.93,10.86,10.86,27677,0
HAIA.US,D,20231023,000000,10.86,10.86,10.86,10.86,181,0
HAIA.US,D,20231024,000000,10.86,10.9,10.86,10.86,797,0
HAIA.US,D,20231027,000000,10.86,10.89,10.86,10.86,76294,0
HAIA.US,D,20231030,000000,10.93,10.93,10.9,10.9,1509,0
HAIA.US,D,20231107,000000,10.88,10.88,10.88,10.88,1180,0
HAIA.US,D,20231109,000000,10.88,10.8801,10.88,10.8801,1001,0
HAIA.US,D,20231113,000000,10.9,10.9,10.9,10.9,502,0
HAIA.US,D,20231116,000000,10.91,10.91,10.84,10.84,17525,0
HAIA.US,D,20231117,000000,10.85,10.9,10.85,10.9,22154,0
HAIA.US,D,20231120,000000,10.9,10.98,10.9,10.94,14064,0
HAIA.US,D,20231121,000000,10.91,10.91,10.89,10.89,21226,0
HAIA.US,D,20231128,000000,10.89,10.89,10.89,10.89,500,0
HAIA.US,D,20231129,000000,10.89,10.92,10.89,10.92,5782,0
HAIA.US,D,20231206,000000,10.9,10.9,10.89,10.89,320,0
HAIA.US,D,20231207,000000,10.89,10.89,10.89,10.89,305,0
HAIA.US,D,20231208,000000,10.9,10.9,10.9,10.9,230,0
HAIA.US,D,20231213,000000,10.89,10.89,10.89,10.89,5983,0
HAIA.US,D,20231214,000000,10.89,10.92,10.89,10.89,4537,0
HAIA.US,D,20231215,000000,10.9,10.9,10.9,10.9,117,0
HAIA.US,D,20231218,000000,10.9,10.9,10.89,10.9,3992,0
HAIA.US,D,20231219,000000,10.92,10.92,10.92,10.92,142,0
HAIA.US,D,20231221,000000,10.89,10.89,10.89,10.89,3126,0
HAIA.US,D,20231222,000000,10.89,10.89,10.89,10.89,1796,0
HAIA.US,D,20231228,000000,10.92,10.92,10.89,10.89,12365,0
HAIA.US,D,20240108,000000,10.89,10.89,10.89,10.89,336,0
HAIA.US,D,20240109,000000,10.92,10.93,10.92,10.93,993,0
HAIA.US,D,20240110,000000,10.939,10.939,10.9232,10.9232,1334,0
HAIA.US,D,20240111,000000,10.93,10.93,10.93,10.93,30044,0
HAIA.US,D,20240112,000000,10.9,10.9,10.9,10.9,118,0
HAIA.US,D,20240116,000000,10.9,10.9,10.89,10.89,345,0
HAIA.US,D,20240117,000000,10.89,10.89,10.89,10.89,138,0
HAIA.US,D,20240124,000000,10.89,10.89,10.89,10.89,203,0
HAIA.US,D,20240125,000000,10.89,10.89,10.89,10.89,403,0
HAIA.US,D,20240126,000000,10.92,10.92,10.92,10.92,4254,0
HAIA.US,D,20240131,000000,10.94,10.94,10.94,10.94,150,0
HAIA.US,D,20240205,000000,10.9,10.94,10.9,10.94,22191,0
HAIA.US,D,20240206,000000,10.94,10.94,10.94,10.94,900,0
HAIA.US,D,20240207,000000,10.94,10.95,10.94,10.94,42945,0
HAIA.US,D,20240208,000000,10.94,10.94,10.94,10.94,709,0
HAIA.US,D,20240209,000000,10.95,10.95,10.95,10.95,294,0
HAIA.US,D,20240213,000000,10.98,10.98,10.94,10.94,355,0
HAIA.US,D,20240220,000000,10.98,10.98,10.98,10.98,1097,0
HAIA.US,D,20240221,000000,10.96,10.96,10.96,10.96,847,0
HAIA.US,D,20240226,000000,10.94,10.98,10.94,10.98,20815,0
HAIA.US,D,20240227,000000,10.97,11,10.97,11,2323,0
HAIA.US,D,20240228,000000,10.97,10.97,10.97,10.97,444,0
HAIA.US,D,20240229,000000,10.97,10.97,10.97,10.97,257,0
HAIA.US,D,20240301,000000,10.98,10.98,10.98,10.98,327,0
HAIA.US,D,20240304,000000,10.97,10.97,10.97,10.97,227,0
HAIA.US,D,20240306,000000,11,11,11,11,292,0
HAIA.US,D,20240307,000000,11,11,11,11,283,0
HAIA.US,D,20240308,000000,10.96,11.01,10.96,11.01,2463,0
HAIA.US,D,20240311,000000,11.01,11.01,11.01,11.01,128,0
HAIA.US,D,20240312,000000,10.9,10.9,10.9,10.9,133,0
HAIA.US,D,20240315,000000,10.91,10.91,10.91,10.91,308,0
HAIA.US,D,20240318,000000,10.9,10.97,10.9,10.97,6588,0
HAIA.US,D,20240319,000000,10.93,10.99,10.93,10.99,4480,0
HAIA.US,D,20240320,000000,11,11,10.97,10.97,1278,0
HAIA.US,D,20240326,000000,10.97,10.97,10.97,10.97,312,0
HAIA.US,D,20240327,000000,11,11,10.97,10.97,308,0
HAIA.US,D,20240401,000000,10.98,11.05,10.97,10.97,1402,0
HAIA.US,D,20240402,000000,10.97,10.97,10.97,10.97,157,0
HAIA.US,D,20240403,000000,10.97,10.97,10.97,10.97,166,0
HAIA.US,D,20240404,000000,11.05,11.05,11.05,11.05,2038,0
HAIA.US,D,20240405,000000,11.05,11.14,10.98,11.14,13560,0
HAIA.US,D,20240408,000000,11.11,11.11,11.07,11.07,3140,0
HAIA.US,D,20240410,000000,11.1,11.1,11.1,11.1,1955,0
HAIA.US,D,20240411,000000,11.12,11.13,11.12,11.13,428,0
HAIA.US,D,20240412,000000,11.14,11.14,11.13,11.13,423,0
HAIA.US,D,20240415,000000,11.14,11.14,11,11,378,0
HAIA.US,D,20240423,000000,11.11,11.11,10.99,11,5231,0
HAIA.US,D,20240429,000000,11.13,11.13,11.13,11.13,643,0
HAIA.US,D,20240501,000000,11.05,11.05,11.05,11.05,156,0
HAIA.US,D,20240502,000000,11.05,11.05,11.05,11.05,211,0
HAIA.US,D,20240503,000000,11.05,11.05,11.05,11.05,137,0
HAIA.US,D,20240507,000000,11.1,11.1,11.1,11.1,673,0
HAIA.US,D,20240508,000000,10.98,10.98,10.98,10.98,215,0
HAIA.US,D,20240509,000000,11.05,11.08,11.05,11.08,2720,0
HAIA.US,D,20240516,000000,11.08,11.14,11.08,11.14,4529,0
HAIA.US,D,20240521,000000,11.14,11.14,11.06,11.14,773,0
HAIA.US,D,20240523,000000,11.1,11.14,11.1,11.1,1250,0
HAIA.US,D,20240524,000000,11.14,11.14,11.14,11.14,204,0
HAIA.US,D,20240528,000000,11.1,11.2,11.1,11.2,8881,0
HAIA.US,D,20240531,000000,11.1999,11.2265,11.1999,11.22,6565,0
HAIA.US,D,20240603,000000,11.148,11.3,11.1101,11.3,7460,0
HAIA.US,D,20240604,000000,11.3,11.5,11.3,11.305,1871,0
HAIA.US,D,20240605,000000,11.29,11.29,11.29,11.29,169,0
HAIA.US,D,20240606,000000,11.24,11.24,11.24,11.24,2274,0
HAIA.US,D,20240610,000000,11.111,11.111,11.111,11.111,105,0
HAIA.US,D,20240611,000000,11.3,11.3,11.3,11.3,882,0
HAIA.US,D,20240620,000000,11.12,11.12,11.12,11.12,329,0
HAIA.US,D,20240621,000000,11.28,11.28,11.28,11.28,203,0
HAIA.US,D,20240626,000000,11.3,11.3,11.3,11.3,307,0
HAIA.US,D,20240702,000000,11.33,11.34,11.32,11.34,1324,0
HAIA.US,D,20240708,000000,11.13,11.26,11.13,11.26,1128,0
HAIA.US,D,20240717,000000,11.31,11.31,11.13,11.13,541,0
HAIA.US,D,20240718,000000,11.3,11.3,11.13,11.3,3406,0
HAIA.US,D,20240722,000000,11.34,11.35,11.34,11.35,5016,0
HAIA.US,D,20240723,000000,11.37,11.37,11.37,11.37,518,0
HAIA.US,D,20240724,000000,11.27,11.41,11.26,11.41,5424,0
HAIA.US,D,20240725,000000,11.39,11.39,11.3,11.3,1172,0
HAIA.US,D,20240729,000000,11.28,11.28,11.25,11.25,364,0
HAIA.US,D,20240730,000000,11.25,11.4,11.25,11.4,2905,0
HAIA.US,D,20240805,000000,11.28,11.41,11.25,11.41,6590,0
HAIA.US,D,20240806,000000,11.41,11.41,11.4,11.41,5318,0
HAIA.US,D,20240807,000000,11.41,11.42,11.41,11.41,660,0
HAIA.US,D,20240808,000000,11.47,11.47,11.29,11.29,1131,0
HAIA.US,D,20240809,000000,11.29,11.29,11.25,11.25,1040,0
HAIA.US,D,20240812,000000,11.26,11.26,11.26,11.26,605,0
HAIA.US,D,20240813,000000,11.33,11.46,11.26,11.34,1908,0
HAIA.US,D,20240814,000000,11.29,11.44,11.28,11.44,460,0
HAIA.US,D,20240815,000000,11.42,11.43,11.28,11.4,3160,0
HAIA.US,D,20240816,000000,11.42,11.42,11.31,11.31,358,0
HAIA.US,D,20240820,000000,11.31,11.31,11.31,11.31,148,0
HAIA.US,D,20240821,000000,11.3,11.3,11.3,11.3,178,0
HAIA.US,D,20240823,000000,11.28,11.28,11.28,11.28,351,0
HAIA.US,D,20240903,000000,11.29,11.29,11.29,11.29,110,0
HAIA.US,D,20240904,000000,11.3,11.3,11.3,11.3,154,0
HAIA.US,D,20240912,000000,11.28,11.28,11.28,11.28,968,0
HAIA.US,D,20240916,000000,11.42,11.42,11.42,11.42,301,0
HAIA.US,D,20240917,000000,11.43,11.44,11.43,11.44,820,0
HAIA.US,D,20240920,000000,11.31,11.31,11.31,11.31,121,0
HAIA.US,D,20240925,000000,11.44,11.45,11.31,11.31,2139,0
HAIA.US,D,20241010,000000,11.32,11.33,11.25,11.25,15058,0
HAIA.US,D,20241011,000000,11.27,11.35,11.27,11.27,10180,0
HAIA.US,D,20241015,000000,11.28,11.28,11.28,11.28,200000,0
HAIA.US,D,20241017,000000,11.38,11.38,11.38,11.38,262,0
HAIA.US,D,20241021,000000,11.42,11.42,11.38,11.38,659,0
HAIA.US,D,20241023,000000,11.38,11.45,11.38,11.38,1434,0
HAIA.US,D,20241028,000000,11.38,11.38,11.38,11.38,420,0
HAIA.US,D,20241029,000000,11.38,11.38,11.38,11.38,669,0
