<TICKER>,<PER>,<DATE>,<TIME>,<OPEN>,<HIGH>,<LOW>,<CLOSE>,<VOL>,<OPENINT>
HRTS.US,D,20231124,000000,26.64,26.9683,26.64,26.89,19291,0
HRTS.US,D,20231127,000000,26.89,26.89,26.67,26.7,15291,0
HRTS.US,D,20231128,000000,26.63,26.63,26.38,26.4852,389506,0
HRTS.US,D,20231129,000000,26.61,26.932,26.61,26.7366,15709,0
HRTS.US,D,20231130,000000,26.82,27.139,26.79,26.79,10842,0
HRTS.US,D,20231201,000000,26.63,27.31,26.62,27.31,3958,0
HRTS.US,D,20231204,000000,27.31,27.74,27.31,27.61,19455,0
HRTS.US,D,20231205,000000,27.52,27.68,27.3682,27.525,9349,0
HRTS.US,D,20231206,000000,27.74,27.88,27.59,27.61,8184,0
HRTS.US,D,20231207,000000,27.6158,27.94,27.6158,27.86,10560,0
HRTS.US,D,20231208,000000,27.89,27.95,27.55,27.6,15074,0
HRTS.US,D,20231211,000000,27.65,27.65,27.1,27.43,4958,0
HRTS.US,D,20231212,000000,27.54,27.82,27.5,27.81,3435,0
HRTS.US,D,20231213,000000,28,28.89,28,28.89,3825,0
HRTS.US,D,20231214,000000,29.22,29.479,29.07,29.3191,7161,0
HRTS.US,D,20231215,000000,29.3458,29.3458,29,29.2328,3940,0
HRTS.US,D,20231218,000000,29.3,29.3,29,29.08,14281,0
HRTS.US,D,20231219,000000,29.3,29.68,29.3,29.68,5815,0
HRTS.US,D,20231220,000000,29.72,29.72,29.01,29.0394,22715,0
HRTS.US,D,20231221,000000,29.11,29.37,29.11,29.37,10479,0
HRTS.US,D,20231222,000000,30,30.25,29.76,30.15,11748,0
HRTS.US,D,20231226,000000,30.17,30.5099,30.17,30.26,8131,0
HRTS.US,D,20231227,000000,30.69,31.38,30.6,30.945,18812,0
HRTS.US,D,20231228,000000,33.56,33.56,30.79,30.79,27132,0
HRTS.US,D,20231229,000000,30.99,30.99,30.61,30.61,6710,0
HRTS.US,D,20240102,000000,30.61,31.0313,30.28,30.6544,16356,0
HRTS.US,D,20240103,000000,30.7,30.7,30.15,30.27,7823,0
HRTS.US,D,20240104,000000,30.3,30.7251,30.2594,30.63,27073,0
HRTS.US,D,20240105,000000,30.51,30.67,30.27,30.5789,8627,0
HRTS.US,D,20240108,000000,30.7,31.75,30.57,31.75,10176,0
HRTS.US,D,20240109,000000,31.59,31.905,31.59,31.8601,98796,0
HRTS.US,D,20240110,000000,31.77,31.7991,31.5,31.7063,10239,0
HRTS.US,D,20240111,000000,31.84,31.84,31.2,31.6238,12520,0
HRTS.US,D,20240112,000000,31.9296,31.9296,31.25,31.48,11389,0
HRTS.US,D,20240116,000000,31.5,31.5,31,31.19,18035,0
HRTS.US,D,20240117,000000,31.05,31.05,30.775,30.9805,7272,0
HRTS.US,D,20240118,000000,30.92,30.95,30.5216,30.7941,15739,0
HRTS.US,D,20240119,000000,30.77,31.08,30.4788,31.02,89552,0
HRTS.US,D,20240122,000000,31.15,31.55,31.15,31.4206,16965,0
HRTS.US,D,20240123,000000,31.42,31.4399,31.04,31.4092,12244,0
HRTS.US,D,20240124,000000,31.57,31.59,31.0701,31.1,57107,0
HRTS.US,D,20240125,000000,31.23,31.35,31.08,31.35,181338,0
HRTS.US,D,20240126,000000,31.3,31.5,31.25,31.34,27380,0
HRTS.US,D,20240129,000000,31.3,31.9926,31.12,31.9926,11874,0
HRTS.US,D,20240130,000000,31.84,31.84,31.3701,31.47,14563,0
HRTS.US,D,20240131,000000,31.51,31.83,31.21,31.2752,17055,0
HRTS.US,D,20240201,000000,31.31,31.88,31.01,31.7991,11793,0
HRTS.US,D,20240202,000000,31.72,31.765,31.2833,31.735,48707,0
HRTS.US,D,20240205,000000,31.63,31.846,31.5,31.7949,10017,0
HRTS.US,D,20240206,000000,31.79,32.05,31.63,32.05,9986,0
HRTS.US,D,20240207,000000,32.1,32.1,31.69,31.69,13477,0
HRTS.US,D,20240208,000000,32.38,32.38,32.025,32.19,10968,0
HRTS.US,D,20240209,000000,32.28,32.7014,31.86,32.62,16935,0
HRTS.US,D,20240212,000000,32.62,33.07,32.62,33.07,13329,0
HRTS.US,D,20240213,000000,32.58,32.58,32,32.17,23009,0
HRTS.US,D,20240214,000000,32.34,32.75,32.27,32.61,21750,0
HRTS.US,D,20240215,000000,32.53,32.8265,32.34,32.67,15557,0
HRTS.US,D,20240216,000000,32.73,33.235,32.69,32.91,19358,0
HRTS.US,D,20240220,000000,33.11,33.11,32.52,32.64,23480,0
HRTS.US,D,20240221,000000,32.64,32.64,32.23,32.53,23705,0
HRTS.US,D,20240222,000000,32.62,33.06,32.5,32.89,7101,0
HRTS.US,D,20240223,000000,32.91,33.18,32.81,32.98,16207,0
HRTS.US,D,20240226,000000,33.14,33.7,32.99,33.39,87181,0
HRTS.US,D,20240227,000000,33.83,34.8,33.795,34.72,21555,0
HRTS.US,D,20240228,000000,35.02,35.0596,34.45,34.5918,44000,0
HRTS.US,D,20240229,000000,34.73,35.29,33.83,33.83,46706,0
HRTS.US,D,20240301,000000,34.02,35.0101,34.02,34.89,36048,0
HRTS.US,D,20240304,000000,35.58,35.58,34.5415,34.63,53788,0
HRTS.US,D,20240305,000000,34.63,34.71,33.85,34.05,30914,0
HRTS.US,D,20240306,000000,34.28,34.5,34.13,34.35,22337,0
HRTS.US,D,20240307,000000,34.52,34.56,34.26,34.28,35722,0
HRTS.US,D,20240308,000000,34.28,34.8008,34.12,34.32,29451,0
HRTS.US,D,20240311,000000,34.32,34.32,33.48,33.48,26476,0
HRTS.US,D,20240312,000000,33.69,33.8496,33.5,33.78,17032,0
HRTS.US,D,20240313,000000,33.77,33.92,33.5,33.62,36402,0
HRTS.US,D,20240314,000000,33.4,33.4,32.59,33.04,30500,0
HRTS.US,D,20240315,000000,33.13,33.33,32.89,32.95,28501,0
HRTS.US,D,20240318,000000,33.13,33.245,32.72,33.03,12250,0
HRTS.US,D,20240319,000000,33.12,33.3997,32.85,33.275,11049,0
HRTS.US,D,20240320,000000,33.28,33.44,32.82,33.39,122708,0
HRTS.US,D,20240321,000000,33.53,33.68,33.2,33.2,35904,0
HRTS.US,D,20240322,000000,33.32,33.39,33.0319,33.12,19769,0
HRTS.US,D,20240325,000000,33.22,33.4591,33.187,33.26,37340,0
HRTS.US,D,20240326,000000,33.38,33.92,33.02,33.56,43153,0
HRTS.US,D,20240327,000000,33.71,33.96,33.426,33.96,29887,0
HRTS.US,D,20240328,000000,33.99,34.36,33.9825,34.18,30022,0
HRTS.US,D,20240401,000000,34.18,34.48,33.58,33.82,31818,0
HRTS.US,D,20240402,000000,33.51,33.51,32.89,33.01,21887,0
HRTS.US,D,20240403,000000,33.01,33.1639,32.9,33.13,26114,0
HRTS.US,D,20240404,000000,33.39,33.45,32.5501,32.66,27334,0
HRTS.US,D,20240405,000000,32.54,33.17,32.2,33.05,30614,0
HRTS.US,D,20240408,000000,33.14,33.15,32.8,33.04,17141,0
HRTS.US,D,20240409,000000,33.12,33.16,32.88,33.16,11887,0
HRTS.US,D,20240410,000000,32.68,32.68,32.33,32.6,23038,0
HRTS.US,D,20240411,000000,32.75,32.9262,32.5286,32.76,26046,0
HRTS.US,D,20240412,000000,33,33,31.77,31.97,43682,0
HRTS.US,D,20240415,000000,32.06,32.06,31.41,31.51,21033,0
HRTS.US,D,20240416,000000,31.55,31.609,31.26,31.45,19104,0
HRTS.US,D,20240417,000000,31.55,31.6011,31.1522,31.22,12299,0
HRTS.US,D,20240418,000000,31.21,31.25,30.8509,31,12386,0
HRTS.US,D,20240419,000000,30.9,30.97,30.53,30.8,58119,0
HRTS.US,D,20240422,000000,30.93,31.31,30.65,31.12,13491,0
HRTS.US,D,20240423,000000,31.29,31.795,31.29,31.57,32331,0
HRTS.US,D,20240424,000000,31.41,31.6709,31.37,31.41,12300,0
HRTS.US,D,20240425,000000,31.22,31.22,30.41,30.9,16628,0
HRTS.US,D,20240426,000000,30.7,30.95,30.7,30.9,16644,0
HRTS.US,D,20240429,000000,30.83,31.3924,30.83,31.22,18424,0
HRTS.US,D,20240430,000000,31.13,31.49,31.13,31.26,9794,0
HRTS.US,D,20240501,000000,31.21,32.28,31.21,31.75,11283,0
HRTS.US,D,20240502,000000,31.89,32.003,31.6428,31.85,20638,0
HRTS.US,D,20240503,000000,32.11,32.41,32.11,32.27,13490,0
HRTS.US,D,20240506,000000,32.33,32.35,32.04,32.34,22544,0
HRTS.US,D,20240507,000000,32.74,32.74,32.315,32.53,11889,0
HRTS.US,D,20240508,000000,32.35,32.36,32.21,32.36,9779,0
HRTS.US,D,20240509,000000,32.38,32.6899,32.24,32.59,13928,0
HRTS.US,D,20240510,000000,32.68,32.68,32.08,32.12,19618,0
HRTS.US,D,20240513,000000,32.22,32.47,31.91,32.01,12353,0
HRTS.US,D,20240514,000000,32.04,32.28,32,32.19,12866,0
HRTS.US,D,20240515,000000,32.34,32.8626,32.34,32.81,17186,0
HRTS.US,D,20240516,000000,33,33,32.46,32.9,21242,0
HRTS.US,D,20240517,000000,32.87,32.87,32.5,32.67,8621,0
HRTS.US,D,20240520,000000,32.6,32.9,32.6,32.63,15257,0
HRTS.US,D,20240521,000000,32.77,32.908,32.52,32.63,11964,0
HRTS.US,D,20240522,000000,32.56,32.7746,32.51,32.56,7121,0
HRTS.US,D,20240523,000000,32.57,32.57,31.71,31.81,12850,0
HRTS.US,D,20240524,000000,31.67,32.05,31.62,31.99,8797,0
HRTS.US,D,20240528,000000,31.99,32.24,31.6201,31.92,18993,0
HRTS.US,D,20240529,000000,31.52,31.6,31.39,31.44,97295,0
HRTS.US,D,20240530,000000,31.5,31.9129,31.5,31.68,15299,0
HRTS.US,D,20240531,000000,31.94,32.19,31.66,31.92,12408,0
HRTS.US,D,20240603,000000,32,32.6599,32,32.37,34236,0
HRTS.US,D,20240604,000000,32.52,32.539,32.22,32.38,13861,0
HRTS.US,D,20240605,000000,32.39,32.8206,32.24,32.74,11162,0
HRTS.US,D,20240606,000000,32.84,32.84,32.565,32.59,11010,0
HRTS.US,D,20240607,000000,32.38,32.65,32.31,32.425,19540,0
HRTS.US,D,20240610,000000,32.5,32.66,32.08,32.63,34460,0
HRTS.US,D,20240611,000000,32.54,32.762,32.3488,32.74,10505,0
HRTS.US,D,20240612,000000,33.17,33.31,33.06,33.18,19934,0
HRTS.US,D,20240613,000000,33.13,33.1835,32.74,33.08,12071,0
HRTS.US,D,20240614,000000,32.85,32.94,32.62,32.8597,34335,0
HRTS.US,D,20240617,000000,32.71,32.82,32.47,32.51,109262,0
HRTS.US,D,20240618,000000,32.61,32.61,32.17,32.24,56946,0
HRTS.US,D,20240620,000000,32.2,32.242,32.08,32.185,28728,0
HRTS.US,D,20240621,000000,32.42,32.8,32.42,32.7708,15121,0
HRTS.US,D,20240624,000000,33.39,33.615,33.13,33.385,17353,0
HRTS.US,D,20240625,000000,33.54,33.8095,33.4101,33.51,21422,0
HRTS.US,D,20240626,000000,33.45,33.45,32.99,33.075,14571,0
HRTS.US,D,20240627,000000,33.15,33.3,33.12,33.275,34411,0
HRTS.US,D,20240628,000000,33.4,33.4,33.16,33.34,6438,0
HRTS.US,D,20240701,000000,33.43,33.77,33.18,33.5,48935,0
HRTS.US,D,20240702,000000,33.24,33.3321,33,33.08,15193,0
HRTS.US,D,20240703,000000,33.11,33.27,33,33,31836,0
HRTS.US,D,20240705,000000,33.11,33.53,32.94,33.53,23300,0
HRTS.US,D,20240708,000000,33.54,33.95,33.54,33.76,62705,0
HRTS.US,D,20240709,000000,33.88,33.97,33.5801,33.94,17842,0
HRTS.US,D,20240710,000000,34,34.37,33.93,34.28,28633,0
HRTS.US,D,20240711,000000,34.4,35.31,34.28,35.01,28798,0
HRTS.US,D,20240712,000000,35.27,35.6498,35.17,35.39,21478,0
HRTS.US,D,20240715,000000,35.61,35.735,35.0973,35.5,34303,0
HRTS.US,D,20240716,000000,35.83,36.03,35.62,35.9,19943,0
HRTS.US,D,20240717,000000,35.63,35.83,35,35.28,55973,0
HRTS.US,D,20240718,000000,35.16,35.2,34,34.15,32141,0
HRTS.US,D,20240719,000000,34.3,34.47,34.27,34.3,14746,0
HRTS.US,D,20240722,000000,34.67,34.94,34.37,34.84,47120,0
HRTS.US,D,20240723,000000,34.86,35.28,34.86,35.2,13485,0
HRTS.US,D,20240724,000000,35.05,35.11,34.8,34.8,8831,0
HRTS.US,D,20240725,000000,34.94,35.16,34.6,34.6,146762,0
HRTS.US,D,20240726,000000,34.69,34.8399,34.38,34.51,11289,0
HRTS.US,D,20240729,000000,34.5809,34.6,34.15,34.32,7249,0
HRTS.US,D,20240730,000000,34.435,34.435,34,34.07,25473,0
HRTS.US,D,20240731,000000,34.47,34.68,34.08,34.25,17720,0
HRTS.US,D,20240801,000000,34.39,34.57,34.05,34.27,9863,0
HRTS.US,D,20240802,000000,33.89,33.89,33.18,33.79,39878,0
HRTS.US,D,20240805,000000,32.25,33.11,32.18,32.7,29106,0
HRTS.US,D,20240806,000000,32.84,33.415,32.54,32.95,12493,0
HRTS.US,D,20240807,000000,33.14,33.14,32,32.05,128054,0
HRTS.US,D,20240808,000000,32.54,33.085,32.4325,33.07,10780,0
HRTS.US,D,20240809,000000,33.18,33.1965,32.94,33.08,10439,0
HRTS.US,D,20240812,000000,33.14,33.2899,32.76,33.0564,7689,0
HRTS.US,D,20240813,000000,33.28,33.48,32.91,33.46,13466,0
HRTS.US,D,20240814,000000,33.44,33.44,33.23,33.28,5814,0
HRTS.US,D,20240815,000000,33.68,33.9475,33.6,33.87,9489,0
HRTS.US,D,20240816,000000,33.91,34.03,33.8632,34.03,10489,0
HRTS.US,D,20240819,000000,34.01,34.6,33.93,34.6,14219,0
HRTS.US,D,20240820,000000,34.63,34.72,34.45,34.7,70750,0
HRTS.US,D,20240821,000000,34.42,35.08,34.42,35.08,21062,0
HRTS.US,D,20240822,000000,35.13,35.13,34.725,34.74,10588,0
HRTS.US,D,20240823,000000,34.88,35.35,34.88,35.08,32278,0
HRTS.US,D,20240826,000000,35.08,35.18,34.91,34.98,23316,0
HRTS.US,D,20240827,000000,34.96,35.39,34.835,35.1,8041,0
HRTS.US,D,20240828,000000,34.97,35.45,34.8923,35.0058,16081,0
HRTS.US,D,20240829,000000,35.27,35.52,35.16,35.2,9286,0
HRTS.US,D,20240830,000000,35.39,35.39,35.04,35.34,7592,0
HRTS.US,D,20240903,000000,35.31,35.59,34.47,34.5,18607,0
HRTS.US,D,20240904,000000,34.36,34.65,34.225,34.65,6363,0
HRTS.US,D,20240905,000000,34.4707,34.4707,34.12,34.17,2994,0
HRTS.US,D,20240906,000000,34.4303,34.4303,33.575,33.94,35128,0
HRTS.US,D,20240909,000000,34,34.56,34,34.42,10541,0
HRTS.US,D,20240910,000000,34.1,34.395,34,34.28,11528,0
HRTS.US,D,20240911,000000,34.15,34.47,34,34.42,8343,0
HRTS.US,D,20240912,000000,34.45,34.47,34.14,34.2967,66654,0
HRTS.US,D,20240913,000000,34.47,34.77,34.12,34.77,7614,0
HRTS.US,D,20240916,000000,34.96,35.0297,34.84,34.9315,6010,0
HRTS.US,D,20240917,000000,34.99,35.06,34.53,34.62,5837,0
HRTS.US,D,20240918,000000,34.71,35.2,34.5748,34.67,8861,0
HRTS.US,D,20240919,000000,35.29,35.53,35.09,35.34,7725,0
HRTS.US,D,20240920,000000,34.85,34.85,34,34.68,27449,0
HRTS.US,D,20240923,000000,34.54,34.54,34,34.02,7785,0
HRTS.US,D,20240924,000000,34.14,34.14,33.62,33.86,102643,0
HRTS.US,D,20240925,000000,33.9,33.94,33.57,33.6,12085,0
HRTS.US,D,20240926,000000,33.83,33.83,33.46,33.64,13116,0
HRTS.US,D,20240927,000000,33.71,33.77,33.52,33.52,16655,0
HRTS.US,D,20240930,000000,33.4,33.69,33.3533,33.6,4635,0
HRTS.US,D,20241001,000000,33.61,33.61,33.0001,33.47,14093,0
HRTS.US,D,20241002,000000,33.27,33.555,33.14,33.45,7070,0
HRTS.US,D,20241003,000000,33.41,33.47,33.1,33.13,7651,0
HRTS.US,D,20241004,000000,33.3248,33.34,33.039,33.27,7127,0
HRTS.US,D,20241007,000000,33.35,33.35,32.89,32.99,9992,0
HRTS.US,D,20241008,000000,33.04,33.48,33.04,33.2,8334,0
HRTS.US,D,20241009,000000,33.16,33.16,33.0199,33.1,5799,0
HRTS.US,D,20241010,000000,32.98,33.2,32.86,33.2,9290,0
HRTS.US,D,20241011,000000,33.23,33.83,33.225,33.83,10543,0
HRTS.US,D,20241014,000000,33.75,33.9,33.71,33.84,7657,0
HRTS.US,D,20241015,000000,33.93,33.99,33.74,33.99,3975,0
HRTS.US,D,20241016,000000,33.955,34.44,33.955,34.34,35325,0
HRTS.US,D,20241017,000000,34.4,34.47,34.1703,34.32,35672,0
HRTS.US,D,20241018,000000,34.34,34.47,34.34,34.41,4553,0
HRTS.US,D,20241021,000000,34.35,34.35,33.79,33.93,6300,0
HRTS.US,D,20241022,000000,33.71,33.97,33.71,33.97,12939,0
HRTS.US,D,20241023,000000,33.76,33.8414,33.331,33.41,13114,0
HRTS.US,D,20241024,000000,33.61,33.628,33.38065,33.4,4114,0
HRTS.US,D,20241025,000000,33.49,33.636,33.33,33.34,11352,0
HRTS.US,D,20241028,000000,33.45,33.79,33.45,33.52,9330,0
HRTS.US,D,20241029,000000,33.46,33.46,33.3,33.33,3475,0
