<TICKER>,<PER>,<DATE>,<TIME>,<OPEN>,<HIGH>,<LOW>,<CLOSE>,<VOL>,<OPENINT>
IDAI.US,D,20220201,000000,32.95,35,29.75,30.1105,1996.6,0
IDAI.US,D,20220202,000000,32.4,32.756,27.5,28.25,1727.2,0
IDAI.US,D,20220203,000000,28.5,28.5,25.1,25.6855,1459.2,0
IDAI.US,D,20220204,000000,26.85,26.9,22.51,24.88,1532.8,0
IDAI.US,D,20220207,000000,26.8,26.8,22.453,26,1512.8,0
IDAI.US,D,20220208,000000,24.95,24.95,23.25,24.25,644.2,0
IDAI.US,D,20220209,000000,23.2515,24.95,23.25,24.9,847.2,0
IDAI.US,D,20220210,000000,22.4,28,22.4,25.375,7908,0
IDAI.US,D,20220211,000000,24.75,25.8,23.3935,23.3935,2751.4,0
IDAI.US,D,20220214,000000,25,25,20,20.25,2143.4,0
IDAI.US,D,20220215,000000,20,20.05,18.5005,19.2,1684.8,0
IDAI.US,D,20220216,000000,20.155,20.825,18.75,20,3204.2,0
IDAI.US,D,20220217,000000,19.45,20.45,18.4865,20.15,5277.2,0
IDAI.US,D,20220218,000000,20,20.1055,17.5,19.2,949.8,0
IDAI.US,D,20220222,000000,17.5,19.2,17.5,18.625,408,0
IDAI.US,D,20220223,000000,18.75,19.9,17.75,19.35,1609.2,0
IDAI.US,D,20220224,000000,19.95,20,17.5005,19.5,961.4,0
IDAI.US,D,20220225,000000,18.8,18.8,17.6,17.6,1876,0
IDAI.US,D,20220228,000000,17.5,19.2495,17.25,17.45,1893.4,0
IDAI.US,D,20220301,000000,17.25,19.4,15.75,19.4,1723.6,0
IDAI.US,D,20220302,000000,17.35,20.05,17.35,20.05,1933,0
IDAI.US,D,20220303,000000,19.95,19.95,18.05,19.5,860,0
IDAI.US,D,20220304,000000,18.05,19.035,16.5,16.939,1213.6,0
IDAI.US,D,20220307,000000,17.65,17.65,13.5,16,2767,0
IDAI.US,D,20220308,000000,16.25,16.25,14.95,14.95,3852.8,0
IDAI.US,D,20220309,000000,15.25,15.5,15,15.4565,3422.8,0
IDAI.US,D,20220310,000000,16,16.875,15,15,1375.4,0
IDAI.US,D,20220311,000000,15,15.006,14.75,15.006,2793.2,0
IDAI.US,D,20220314,000000,15.0005,15.354,14.05,14.05,2274.4,0
IDAI.US,D,20220315,000000,14.95,14.95,13.25,13.725,1287,0
IDAI.US,D,20220316,000000,13.6105,13.9125,13.575,13.85,822.8,0
IDAI.US,D,20220317,000000,14.54,14.54,13.25,13.25,508,0
IDAI.US,D,20220318,000000,13.3,14,12.9,12.9,2079.8,0
IDAI.US,D,20220321,000000,12.95,13.15,12.5,12.6,1076.8,0
IDAI.US,D,20220322,000000,12.2,12.2495,11,11.65,7979.4,0
IDAI.US,D,20220323,000000,11.65,11.71,11.325,11.325,1110.2,0
IDAI.US,D,20220324,000000,11.55,12.343,11.151,11.95,2693,0
IDAI.US,D,20220325,000000,11.65,12.046,11,11.05,1115,0
IDAI.US,D,20220328,000000,11.5,11.527,11,11,2341.8,0
IDAI.US,D,20220329,000000,10.55,12.065,10.5,11.426,2816,0
IDAI.US,D,20220330,000000,11.45,12.0665,10.7,11.375,2045.8,0
IDAI.US,D,20220331,000000,12.1,12.2475,10.85,11.4055,1109.8,0
IDAI.US,D,20220401,000000,10.7,12.3,10.7,10.95,1535.4,0
IDAI.US,D,20220404,000000,10.7,12.0495,10.7,11.058,1288.4,0
IDAI.US,D,20220405,000000,11,11.143,10.6,11,379,0
IDAI.US,D,20220406,000000,11.1,11.1,10.55,10.9565,1025.4,0
IDAI.US,D,20220407,000000,10.8,10.8,10.5,10.5,1172.6,0
IDAI.US,D,20220408,000000,11.25,11.25,10.5,10.75,2568,0
IDAI.US,D,20220411,000000,10.25,10.65,10.05,10.65,655,0
IDAI.US,D,20220412,000000,10.7,17.5,10.5,13.95,67995.8,0
IDAI.US,D,20220413,000000,13.75,13.75,11.3,12.45,10322.2,0
IDAI.US,D,20220414,000000,12,12.45,11.1185,12.3,2960.6,0
IDAI.US,D,20220418,000000,12.45,12.45,10.975,11.2,1053,0
IDAI.US,D,20220419,000000,11.1005,11.949,10.8035,11.025,883.4,0
IDAI.US,D,20220420,000000,11.55,11.85,11.069,11.069,1022.2,0
IDAI.US,D,20220421,000000,11.645,11.645,11.4,11.4,101,0
IDAI.US,D,20220422,000000,10.712,10.85,9.5,9.5,1610,0
IDAI.US,D,20220425,000000,9.45,10.1,9.1005,9.7495,1797.8,0
IDAI.US,D,20220426,000000,9.95,9.95,9.7,9.7,993.2,0
IDAI.US,D,20220427,000000,9.911,11.2,8.7,10.5,8053.4,0
IDAI.US,D,20220428,000000,31.45,40.2495,22.1,23.5,11083469.4,0
IDAI.US,D,20220429,000000,20.3,21.55,18,20.6,420853.2,0
IDAI.US,D,20220502,000000,18.9,20,14.108,15.55,159052.2,0
IDAI.US,D,20220503,000000,15.1,16.15,14.2,14.7,94199.6,0
IDAI.US,D,20220504,000000,14.4,14.7,11.7485,12.35,93415.4,0
IDAI.US,D,20220505,000000,12.25,13.4,12.0595,12.25,31618.4,0
IDAI.US,D,20220506,000000,11.95,13.15,11,12.15,72495.2,0
IDAI.US,D,20220509,000000,11.75,12.1,10.05,10.35,30623.6,0
IDAI.US,D,20220510,000000,9.7,10.549,9.1,9.5,51579.6,0
IDAI.US,D,20220511,000000,9.05,9.95,8.819,9.2,24230.6,0
IDAI.US,D,20220512,000000,9.25,9.8,8.45,9,49924.4,0
IDAI.US,D,20220513,000000,10,11.7,9.1,10.65,61110.8,0
IDAI.US,D,20220516,000000,11,12,10.1,10.45,31569.8,0
IDAI.US,D,20220517,000000,10.25,10.8375,9.65,10.25,19022.2,0
IDAI.US,D,20220518,000000,9.95,11,9.3,9.8,55541.8,0
IDAI.US,D,20220519,000000,9.5,10.35,9.3,9.3,15188.8,0
IDAI.US,D,20220520,000000,11,11,9.25,9.504,12872.4,0
IDAI.US,D,20220523,000000,9.6,9.675,9.4,9.6,3266.8,0
IDAI.US,D,20220524,000000,9.35,9.35,8.75,9.1,6977.8,0
IDAI.US,D,20220525,000000,9.5,9.5,8.75,9.15,2722.6,0
IDAI.US,D,20220526,000000,9,10.05,9,9.65,8192.2,0
IDAI.US,D,20220527,000000,9.95,10.2695,9.4,10,3001.6,0
IDAI.US,D,20220531,000000,10.2,10.35,9.5,9.95,6519.6,0
IDAI.US,D,20220601,000000,9.9,9.95,9.5,9.75,4865,0
IDAI.US,D,20220602,000000,9.6,10,9.6,9.95,2612.8,0
IDAI.US,D,20220603,000000,9.35,10.5,9.35,10.4,4692.2,0
IDAI.US,D,20220606,000000,10.05,10.7,9.05,9.625,11610.8,0
IDAI.US,D,20220607,000000,8.9,9.8,8.9,9.3,4281,0
IDAI.US,D,20220608,000000,9.6,9.6,8.85,9.2,6533,0
IDAI.US,D,20220609,000000,9.3,9.65,8.5,8.8,9409,0
IDAI.US,D,20220610,000000,8.9,8.9,8.05,8.25,6236.4,0
IDAI.US,D,20220613,000000,8.25,8.8225,8.25,8.25,7289.4,0
IDAI.US,D,20220614,000000,9.15,9.15,8,8,7529,0
IDAI.US,D,20220615,000000,8,8.5,7.5,7.8,9744.6,0
IDAI.US,D,20220616,000000,7.55,8.4,7.45,7.45,3694.8,0
IDAI.US,D,20220617,000000,7.8,8.1495,6.05,6.05,11248.8,0
IDAI.US,D,20220621,000000,7.35,7.5,6.7,6.9,7334.8,0
IDAI.US,D,20220622,000000,6.7,7.7,6.1,6.15,13166,0
IDAI.US,D,20220623,000000,6.55,6.8935,6.55,6.7,2949.6,0
IDAI.US,D,20220624,000000,7.15,9.25,6.6005,9.25,10441.8,0
IDAI.US,D,20220627,000000,9.2,9.2,8.65,8.9,5611,0
IDAI.US,D,20220628,000000,9.25,9.25,8,8.5,2614,0
IDAI.US,D,20220629,000000,8.3,8.4,7.9,7.9,1195.2,0
IDAI.US,D,20220630,000000,8.1,8.525,7.75,8.45,2671.4,0
IDAI.US,D,20220701,000000,7.8215,8.9365,7.8215,8.55,3200.8,0
IDAI.US,D,20220705,000000,6.7,8.7305,6.7,8.35,1324.8,0
IDAI.US,D,20220706,000000,8.2,8.7,7.677,7.9505,1914,0
IDAI.US,D,20220707,000000,7.95,8.7,7.95,8.65,2549.6,0
IDAI.US,D,20220708,000000,8.65,8.65,8.3,8.45,1241.2,0
IDAI.US,D,20220711,000000,8.9,8.9,6.6,8.1,5698.2,0
IDAI.US,D,20220712,000000,7.95,8,7.75,7.85,1022.6,0
IDAI.US,D,20220713,000000,7.5005,8,7.05,7.75,3388.6,0
IDAI.US,D,20220714,000000,7.909,8.035,7.55,7.75,1014.6,0
IDAI.US,D,20220715,000000,7.636,7.8,7.5,7.5,336.8,0
IDAI.US,D,20220718,000000,8.05,8.05,7.2,7.5,1198.6,0
IDAI.US,D,20220719,000000,7.8,7.8,6.8,7.1,3170.4,0
IDAI.US,D,20220720,000000,7.33,7.5,7.15,7.15,509.4,0
IDAI.US,D,20220721,000000,7.316,7.316,6.5,7.25,2098.6,0
IDAI.US,D,20220722,000000,7.5495,7.5495,6.975,6.975,1369.6,0
IDAI.US,D,20220725,000000,6.7505,7,6.55,7,2391.2,0
IDAI.US,D,20220726,000000,7,7,6.55,6.775,1372.8,0
IDAI.US,D,20220727,000000,6.964,6.964,6.55,6.825,744.2,0
IDAI.US,D,20220728,000000,6.65,6.9,6.65,6.65,1039.4,0
IDAI.US,D,20220729,000000,6.6,6.85,6.3575,6.6,2096.2,0
IDAI.US,D,20220801,000000,6.85,6.85,5.914,5.95,8086,0
IDAI.US,D,20220802,000000,6.1225,6.4,5.974,5.974,5511.8,0
IDAI.US,D,20220803,000000,5.95,6.65,5.95,6.15,5255.8,0
IDAI.US,D,20220804,000000,6.55,6.55,6.2,6.2,1828.6,0
IDAI.US,D,20220805,000000,6.4795,7.95,6.219,7.002,18575.4,0
IDAI.US,D,20220808,000000,7.2,8.3,7.2,7.2,2075,0
IDAI.US,D,20220809,000000,7.95,7.95,7.1,7.325,7953.6,0
IDAI.US,D,20220810,000000,7.3065,7.922,7.3065,7.6435,1374.2,0
IDAI.US,D,20220811,000000,7.95,8.15,7.85,7.85,3321.6,0
IDAI.US,D,20220812,000000,7.525,7.8,6.85,7.4,11724.8,0
IDAI.US,D,20220815,000000,7,7.419,7,7.15,1120.8,0
IDAI.US,D,20220816,000000,7.25,7.25,6.85,6.85,1593.8,0
IDAI.US,D,20220817,000000,6.7535,6.9,6.75,6.8,926.8,0
IDAI.US,D,20220818,000000,7.15,7.45,6.8,7.3,2100.4,0
IDAI.US,D,20220819,000000,6.85,9.25,6.85,8.75,14797,0
IDAI.US,D,20220822,000000,9.85,9.85,7.35,7.65,16947.8,0
IDAI.US,D,20220823,000000,7.25,7.9,7.25,7.4,1751.2,0
IDAI.US,D,20220824,000000,7,7.75,6.9005,6.95,4193.8,0
IDAI.US,D,20220825,000000,7.355,7.355,6.65,6.65,2550.4,0
IDAI.US,D,20220826,000000,7,7.15,6.7,6.7525,6593.2,0
IDAI.US,D,20220829,000000,7.3,7.3,6.7,6.7,930.6,0
IDAI.US,D,20220830,000000,6.8005,6.906,6.7,6.8,2597.4,0
IDAI.US,D,20220831,000000,6.8,6.9505,6.8,6.8,783.6,0
IDAI.US,D,20220901,000000,6.9005,7.15,6.8,6.85,1271.8,0
IDAI.US,D,20220902,000000,6.8,7,6.8,6.9,2450.8,0
IDAI.US,D,20220906,000000,7.35,8.75,6.95,8.6,27049.4,0
IDAI.US,D,20220907,000000,8.3,8.3,7.4,7.4,11745.2,0
IDAI.US,D,20220908,000000,7.85,9.6735,7.85,9.25,25767.8,0
IDAI.US,D,20220909,000000,9.25,9.75,8.659,9.25,12126.2,0
IDAI.US,D,20220912,000000,8.85,9.1,7.45,7.75,15207.4,0
IDAI.US,D,20220913,000000,7.6,8.95,7.6,8.5,13685.2,0
IDAI.US,D,20220914,000000,8.95,8.95,7.55,8.025,17021.6,0
IDAI.US,D,20220915,000000,8.3,9.05,7.6,8,7421,0
IDAI.US,D,20220916,000000,8.4,9.2,6,6,32156.2,0
IDAI.US,D,20220919,000000,6.5,7.1495,5.375,5.65,32915.8,0
IDAI.US,D,20220920,000000,5.5,5.75,5.5,5.6,1878.2,0
IDAI.US,D,20220921,000000,5.15,5.5985,4.5005,4.554,14071.2,0
IDAI.US,D,20220922,000000,4.6,4.64519,4.0005,4.27,12575.4,0
IDAI.US,D,20220923,000000,4.213,4.929,4.213,4.4865,3155,0
IDAI.US,D,20220926,000000,4.487,4.711,4.01,4.1485,3396.8,0
IDAI.US,D,20220927,000000,4.4755,4.656,4.238,4.656,5830.4,0
IDAI.US,D,20220928,000000,4.75,5.1,4.75,4.8425,1313,0
IDAI.US,D,20220929,000000,4.7,5.2,4.7,4.901,1344.2,0
IDAI.US,D,20220930,000000,4.7,5.2,4.7,4.9405,2521.8,0
IDAI.US,D,20221003,000000,4.75,5.0995,4.7,4.938,1999.4,0
IDAI.US,D,20221004,000000,4.9,5,4.8,4.8025,877.8,0
IDAI.US,D,20221005,000000,4.85,4.99875,4.6695,4.7985,1090,0
IDAI.US,D,20221006,000000,5,5,4.75,4.75,428,0
IDAI.US,D,20221007,000000,4.65,4.75,4.1,4.3925,1063.4,0
IDAI.US,D,20221010,000000,4.15,5,4.15,4.477,1655.4,0
IDAI.US,D,20221011,000000,4.75,4.75,4.45,4.497,1729,0
IDAI.US,D,20221012,000000,4.45,4.45,4.275,4.375,668.4,0
IDAI.US,D,20221013,000000,4.25,4.5675,4.25,4.423,1320.8,0
IDAI.US,D,20221014,000000,4.1,4.15,4,4.15,1178.8,0
IDAI.US,D,20221017,000000,4.45,4.55,4.45,4.5495,217.8,0
IDAI.US,D,20221018,000000,4.7765,4.8,4.45,4.4525,1193.6,0
IDAI.US,D,20221019,000000,4.8,4.8,4.6075,4.6075,627,0
IDAI.US,D,20221020,000000,4.75,4.797,4.75,4.797,242.2,0
IDAI.US,D,20221021,000000,4.4505,4.5,4.3675,4.3675,911.2,0
IDAI.US,D,20221024,000000,4.693,4.8,4.693,4.75,349.8,0
IDAI.US,D,20221025,000000,4.75,4.75,4.39775,4.62226,1107.2,0
IDAI.US,D,20221026,000000,4.25,4.4995,4.25,4.251,3603.6,0
IDAI.US,D,20221027,000000,4.15,4.449,4.15,4.449,746.4,0
IDAI.US,D,20221028,000000,4.531,4.551,4.35,4.551,657.2,0
IDAI.US,D,20221031,000000,4.45,4.4505,3.4995,4.0775,2527.8,0
IDAI.US,D,20221101,000000,4.2815,4.44,4.2815,4.44,271,0
IDAI.US,D,20221102,000000,4.3045,4.305,3.8,3.9605,257,0
IDAI.US,D,20221103,000000,3.9605,4.4925,3.7305,4.0215,1304.2,0
IDAI.US,D,20221104,000000,4.125,4.277,4.0215,4.206,584,0
IDAI.US,D,20221107,000000,4.416,4.416,4.25,4.3785,185,0
IDAI.US,D,20221108,000000,4.12154,4.17326,3.603,3.798,1400.8,0
IDAI.US,D,20221109,000000,3.94876,3.94876,3.55,3.7505,1052.8,0
IDAI.US,D,20221110,000000,4.326,4.326,3.75,3.975,12861,0
IDAI.US,D,20221111,000000,4.25,4.2505,3.65,3.9,7843.4,0
IDAI.US,D,20221114,000000,4.35,4.4995,3.9,3.9,1928.4,0
IDAI.US,D,20221115,000000,4.0495,4.05,3.825,3.9135,1044,0
IDAI.US,D,20221116,000000,3.9135,4.05,3.8,3.875,821.8,0
IDAI.US,D,20221117,000000,3.7755,3.8995,3.7755,3.8995,151.2,0
IDAI.US,D,20221118,000000,3.825,3.825,3.825,3.825,365,0
IDAI.US,D,20221121,000000,3.85,4.05,3.75,3.75,2178,0
IDAI.US,D,20221122,000000,3.7,4.1915,3.5505,3.95,2811.4,0
IDAI.US,D,20221123,000000,3.915,4.4865,3.6,4.15,2311.6,0
IDAI.US,D,20221125,000000,3.9995,4.15,3.95,3.95,246.6,0
IDAI.US,D,20221128,000000,4.15,4.575,4.1,4.15,4863,0
IDAI.US,D,20221129,000000,4.4,4.4435,4.34,4.34,617,0
IDAI.US,D,20221130,000000,4.594,4.594,4.027,4.1,700.8,0
IDAI.US,D,20221201,000000,4.125,4.5,4.0565,4.1,523.6,0
IDAI.US,D,20221202,000000,3.95,3.9505,3.95,3.9505,201.6,0
IDAI.US,D,20221205,000000,3.85,4.225,3.65,3.651,5139.8,0
IDAI.US,D,20221206,000000,3.75,3.925,3.75,3.925,300.4,0
IDAI.US,D,20221207,000000,3.9025,3.9025,3.5,3.52029,4867.4,0
IDAI.US,D,20221208,000000,3.5525,3.5535,3.35,3.4995,2070.6,0
IDAI.US,D,20221209,000000,3.714,3.8525,3.669,3.75,963,0
IDAI.US,D,20221212,000000,3.7475,3.8,3.35,3.4995,8761.8,0
IDAI.US,D,20221213,000000,3.5,3.7295,3.35,3.651,2080.4,0
IDAI.US,D,20221214,000000,3.65,3.65,3.35,3.3505,866.8,0
IDAI.US,D,20221215,000000,3.35,3.65,3.35,3.3515,2789,0
IDAI.US,D,20221216,000000,3.65,3.65,3.05,3.05,3302.6,0
IDAI.US,D,20221219,000000,2.956,3.05,2.47876,2.4875,7400,0
IDAI.US,D,20221220,000000,2.612,2.9495,2.05,2.4515,7219,0
IDAI.US,D,20221221,000000,2.5745,2.577,2.225,2.4,3932,0
IDAI.US,D,20221222,000000,2.25,2.3825,2.0505,2.25,3743,0
IDAI.US,D,20221223,000000,2.29949,2.29949,2,2,4829.4,0
IDAI.US,D,20221227,000000,2,2.4,2,2.0525,3332.4,0
IDAI.US,D,20221228,000000,2.479,2.75,2.479,2.5495,3968.4,0
IDAI.US,D,20221229,000000,2.75,3.125,2.6765,2.677,7236.2,0
IDAI.US,D,20221230,000000,2.75,2.75,2.056,2.4055,3918.6,0
IDAI.US,D,20230103,000000,2.15,2.95,2.15,2.3585,2676.6,0
IDAI.US,D,20230104,000000,2.65,2.65,2.33649,2.6495,1376.6,0
IDAI.US,D,20230105,000000,2.65,2.65,2.35,2.6495,1599.2,0
IDAI.US,D,20230106,000000,2.6495,2.65,2.425,2.5975,670.2,0
IDAI.US,D,20230109,000000,3.0635,3.1,2.612,2.65,1063,0
IDAI.US,D,20230110,000000,2.8885,2.8885,2.8885,2.8885,81,0
IDAI.US,D,20230111,000000,2.88799,2.888,2.7,2.888,2595,0
IDAI.US,D,20230112,000000,2.9,3.423,2.888,3.423,1804.8,0
IDAI.US,D,20230113,000000,3.65,3.675,2.95,3.4505,6084.4,0
IDAI.US,D,20230117,000000,3.75,3.875,3.55,3.7405,2515.4,0
IDAI.US,D,20230118,000000,3.9,4.49949,3.2995,3.775,2765.6,0
IDAI.US,D,20230119,000000,4,4.25,3.0455,3.255,4985.2,0
IDAI.US,D,20230120,000000,3.45,3.45,3.173,3.245,2432.8,0
IDAI.US,D,20230123,000000,3.35,8.7,3.35,4.8,4007378,0
IDAI.US,D,20230124,000000,4.6725,5.25,4.4,5,243177,0
IDAI.US,D,20230125,000000,4.65,6.05,4.5,5.3,181823,0
IDAI.US,D,20230126,000000,5.35,5.8,4.9,5.2,90098,0
IDAI.US,D,20230127,000000,5.25,5.35,3.9285,4,129447.6,0
IDAI.US,D,20230130,000000,4.325,4.5,3.7945,4.0035,62668.2,0
IDAI.US,D,20230131,000000,3.75,4.04,3.4045,3.557,91171,0
IDAI.US,D,20230201,000000,3.525,3.845,3.003,3.3245,42880.2,0
IDAI.US,D,20230202,000000,3.35,3.9995,3.2,3.294,47466.8,0
IDAI.US,D,20230203,000000,3.325,4.425,3.2005,3.8585,140722.4,0
IDAI.US,D,20230206,000000,3.99,4.05,3.55,3.7,49913.4,0
IDAI.US,D,20230207,000000,3.75,3.845,3.5,3.7,16101.4,0
IDAI.US,D,20230208,000000,3.65,3.65,3.5495,3.649,25351.2,0
IDAI.US,D,20230209,000000,3.65,3.65,3.3505,3.4685,21186.8,0
IDAI.US,D,20230210,000000,3.4685,3.4685,3.0005,3.26,16451,0
IDAI.US,D,20230213,000000,3.4,3.65,3.104,3.498,13618.8,0
IDAI.US,D,20230214,000000,3.44,3.6,3.11325,3.39,14697.6,0
IDAI.US,D,20230215,000000,3.2345,3.65,3.15,3.373,18764.4,0
IDAI.US,D,20230216,000000,3.3225,3.56,3.1155,3.3475,10593,0
IDAI.US,D,20230217,000000,3.06,3.3495,3,3.2,13927,0
IDAI.US,D,20230221,000000,3.25,3.61,3.2,3.2,44197.8,0
IDAI.US,D,20230222,000000,3.2,3.5,3.005,3.116,24034.8,0
IDAI.US,D,20230223,000000,3.3,3.3035,3,3.15,17347,0
IDAI.US,D,20230224,000000,2.8,3.5005,2.6875,2.9995,22716,0
IDAI.US,D,20230227,000000,3.1995,3.2995,2.9,3.15,8097.6,0
IDAI.US,D,20230228,000000,3.15,3.2495,3.0005,3.2225,10935,0
IDAI.US,D,20230301,000000,3.25,3.25,2.8,2.885,10651.8,0
IDAI.US,D,20230302,000000,2.8,3.275,2.655,3.0675,36101.4,0
IDAI.US,D,20230303,000000,2.95,3.35,2.801,2.994,33664.2,0
IDAI.US,D,20230306,000000,2.7515,3.0495,2.7515,2.9885,13170.4,0
IDAI.US,D,20230307,000000,2.9885,3.105,2.8355,2.855,3476,0
IDAI.US,D,20230308,000000,2.8,3.049,2.718,2.9,8247.4,0
IDAI.US,D,20230309,000000,2.9,3.0495,2.75,2.7505,8970.4,0
IDAI.US,D,20230310,000000,2.75,2.8995,2.75,2.8,4450.6,0
IDAI.US,D,20230313,000000,2.75,3,2.55,2.75,11404,0
IDAI.US,D,20230314,000000,2.75,2.8,2.574,2.574,6525,0
IDAI.US,D,20230315,000000,2.6,2.73174,1.75,2.295,15546.8,0
IDAI.US,D,20230316,000000,2.2,2.6495,2.12776,2.45,4725.6,0
IDAI.US,D,20230317,000000,2.317,2.498,2.151,2.45,3946.4,0
IDAI.US,D,20230320,000000,2.65,2.7245,2.4745,2.55,2850,0
IDAI.US,D,20230321,000000,2.6775,2.6775,2.478,2.6525,5450.8,0
IDAI.US,D,20230322,000000,2.9,2.9,2.5,2.725,6394.8,0
IDAI.US,D,20230323,000000,2.63,2.96,2.32,2.6,100867,0
IDAI.US,D,20230324,000000,2.5,2.5367,2.435,2.49,13278,0
IDAI.US,D,20230327,000000,2.42,2.45,2.2955,2.396,9223,0
IDAI.US,D,20230328,000000,2.2438,2.37,2.2438,2.37,5486,0
IDAI.US,D,20230329,000000,2.5199,2.66,2.28,2.45,3859,0
IDAI.US,D,20230330,000000,2.35,2.5,2.35,2.36,5562,0
IDAI.US,D,20230331,000000,2.26,2.82,2.26,2.57,50236,0
IDAI.US,D,20230403,000000,2.65,3.1,2.33,3,124997,0
IDAI.US,D,20230404,000000,2.88,2.98,2.36,2.39,43393,0
IDAI.US,D,20230405,000000,2.33,2.339,2.1083,2.13,18257,0
IDAI.US,D,20230406,000000,2.24,2.5,2.14,2.19,62168,0
IDAI.US,D,20230410,000000,2.15,2.2795,1.94,1.965,19781,0
IDAI.US,D,20230411,000000,1.84,2.01,1.84,1.91,14040,0
IDAI.US,D,20230412,000000,1.91,4.1,1.7797,3.82,3226995,0
IDAI.US,D,20230413,000000,3.27,6.6,3.0607,5.55,13458432,0
IDAI.US,D,20230414,000000,4.04,4.58,3.52,3.75,5073980,0
IDAI.US,D,20230417,000000,3.7,4.1,3.51,3.8,1200076,0
IDAI.US,D,20230418,000000,3.7,3.98,3.25,3.37,457175,0
IDAI.US,D,20230419,000000,3.22,3.74,2.98,3.23,917127,0
IDAI.US,D,20230420,000000,3.18,3.39,3.06,3.12,240503,0
IDAI.US,D,20230421,000000,3.1,3.19,2.36,2.44,432737,0
IDAI.US,D,20230424,000000,2.48,2.69,2.08,2.25,851830,0
IDAI.US,D,20230425,000000,2.23,2.6,2.08,2.16,1147867,0
IDAI.US,D,20230426,000000,2.17,2.4,1.9,2.03,1010290,0
IDAI.US,D,20230427,000000,2,2.11,1.95,1.98,306615,0
IDAI.US,D,20230428,000000,1.87,2.05,1.78,1.82,738974,0
IDAI.US,D,20230501,000000,1.78,1.88,1.68,1.85,235354,0
IDAI.US,D,20230502,000000,1.84,1.84,1.24,1.3,442002,0
IDAI.US,D,20230503,000000,1.35,1.49,1.29,1.33,179937,0
IDAI.US,D,20230504,000000,1.35,1.47,1.28,1.35,291119,0
IDAI.US,D,20230505,000000,1.33,1.42,1.27,1.38,157516,0
IDAI.US,D,20230508,000000,1.37,1.59,1.28,1.33,379602,0
IDAI.US,D,20230509,000000,1.33,1.47,1.33,1.38,231320,0
IDAI.US,D,20230510,000000,1.39,1.6483,1.35,1.59,497453,0
IDAI.US,D,20230511,000000,1.6,1.65,1.42,1.48,179904,0
IDAI.US,D,20230512,000000,1.57,1.62,1.4,1.46,126940,0
IDAI.US,D,20230515,000000,1.52,1.59,1.42,1.54,162444,0
IDAI.US,D,20230516,000000,1.54,1.57,1.45,1.46,142123,0
IDAI.US,D,20230517,000000,1.5,1.75,1.47,1.63,919216,0
IDAI.US,D,20230518,000000,1.65,1.66,1.5,1.53,196871,0
IDAI.US,D,20230519,000000,1.43,1.59,1.33,1.43,173162,0
IDAI.US,D,20230522,000000,1.38,1.54,1.38,1.45,195892,0
IDAI.US,D,20230523,000000,1.62,2.1947,1.54,1.88,9852295,0
IDAI.US,D,20230524,000000,1.65,1.9897,1.62,1.87,832720,0
IDAI.US,D,20230525,000000,1.83,1.9999,1.5918,1.73,463279,0
IDAI.US,D,20230526,000000,1.67,1.81,1.64,1.73,171336,0
IDAI.US,D,20230530,000000,1.75,2.14,1.75,2.05,1608110,0
IDAI.US,D,20230531,000000,1.96,2.98,1.85,2.54,24695598,0
IDAI.US,D,20230601,000000,1.98,2.3,1.94,2.19,2208586,0
IDAI.US,D,20230602,000000,2.13,2.469,2.06,2.13,1101153,0
IDAI.US,D,20230605,000000,2.06,2.15,1.92,2.14,577775,0
IDAI.US,D,20230606,000000,2.18,2.3399,2,2.13,548263,0
IDAI.US,D,20230607,000000,2.16,2.22,2,2.02,344634,0
IDAI.US,D,20230608,000000,2,2.1,1.93,2,231006,0
IDAI.US,D,20230609,000000,2,2.09,1.77,1.8,317489,0
IDAI.US,D,20230612,000000,1.78,1.87,1.68,1.68,183844,0
IDAI.US,D,20230613,000000,1.68,1.7699,1.61,1.7,451182,0
IDAI.US,D,20230614,000000,1.69,1.74,1.56,1.6,176482,0
IDAI.US,D,20230615,000000,1.55,1.9287,1.55,1.66,569704,0
IDAI.US,D,20230616,000000,1.64,1.74,1.52,1.55,253653,0
IDAI.US,D,20230620,000000,1.57,1.5978,1.4,1.49,294176,0
IDAI.US,D,20230621,000000,1.47,1.5099,1.38,1.43,100626,0
IDAI.US,D,20230622,000000,1.43,1.4999,1.35,1.42,180339,0
IDAI.US,D,20230623,000000,1.4,1.5,1.31,1.36,496958,0
IDAI.US,D,20230626,000000,1.361,1.42,1.29,1.35,129100,0
IDAI.US,D,20230627,000000,1.38,1.55,1.3,1.4,622514,0
IDAI.US,D,20230628,000000,1.4,1.54,1.31,1.32,1579968,0
IDAI.US,D,20230629,000000,1.31,1.33,1.24,1.24,529855,0
IDAI.US,D,20230630,000000,1.25,1.3,1.25,1.28,185519,0
IDAI.US,D,20230703,000000,1.26,1.29,1.24,1.25,134069,0
IDAI.US,D,20230705,000000,1.26,1.2998,1.24,1.25,173726,0
IDAI.US,D,20230706,000000,1.21,1.22,1.03,1.1001,480352,0
IDAI.US,D,20230707,000000,1.14,1.1799,1.07,1.12,180008,0
IDAI.US,D,20230710,000000,1.14,1.14,0.9647,1.03,337108,0
IDAI.US,D,20230711,000000,1,1.05,0.98,1.02,157729,0
IDAI.US,D,20230712,000000,1.05,1.14,1.0195,1.05,172111,0
IDAI.US,D,20230713,000000,1.04,1.07,0.9997,1.03,260897,0
IDAI.US,D,20230714,000000,1.0141,1.02,0.97,0.9716,194270,0
IDAI.US,D,20230717,000000,0.9892,0.999699,0.884,0.9009,204498,0
IDAI.US,D,20230718,000000,0.8671,0.919899,0.7717,0.817,473405,0
IDAI.US,D,20230719,000000,0.8188,0.8796,0.8188,0.8411,140407,0
IDAI.US,D,20230720,000000,0.84,0.88,0.827751,0.8392,196015,0
IDAI.US,D,20230721,000000,0.83,0.8724,0.83,0.84,81920,0
IDAI.US,D,20230724,000000,0.85,0.8501,0.803,0.832,88004,0
IDAI.US,D,20230725,000000,0.8551,0.8624,0.82,0.8376,119168,0
IDAI.US,D,20230726,000000,0.83,0.830111,0.7902,0.83,167156,0
IDAI.US,D,20230727,000000,0.845,0.8499,0.801,0.8079,74864,0
IDAI.US,D,20230728,000000,0.7997,0.8393,0.7952,0.8069,49542,0
IDAI.US,D,20230731,000000,0.822,0.8398,0.801,0.83,106449,0
IDAI.US,D,20230801,000000,0.933,1.68,0.86,1.45,22368773,0
IDAI.US,D,20230802,000000,1.72,2.9,1.705,2.19,119016008,0
IDAI.US,D,20230803,000000,2.1,2.45,1.82,2.21,9377504,0
IDAI.US,D,20230804,000000,2,2.3,1.98,1.99,2206966,0
IDAI.US,D,20230807,000000,1.99,2.07,1.65,1.81,948514,0
IDAI.US,D,20230808,000000,1.69,1.79,1.47,1.58,753146,0
IDAI.US,D,20230809,000000,1.63,2.85,1.6001,2.45,14346659,0
IDAI.US,D,20230810,000000,2.37,2.67,2.2,2.575,2732497,0
IDAI.US,D,20230811,000000,2.79,3.19,2.56,2.73,12426708,0
IDAI.US,D,20230814,000000,2.56,2.6045,2.35,2.47,1080469,0
IDAI.US,D,20230815,000000,2.07,2.5,1.9701,2.34,1006806,0
IDAI.US,D,20230816,000000,2.6,2.97,2.4,2.49,1283634,0
IDAI.US,D,20230817,000000,2.55,3.33,2.45,3.05,7901276,0
IDAI.US,D,20230818,000000,3,3.5,2.7,2.8,3282139,0
IDAI.US,D,20230821,000000,2.68,3.26,2.6101,3.24,1187987,0
IDAI.US,D,20230822,000000,3.15,3.32,2.9201,3.14,705714,0
IDAI.US,D,20230823,000000,3.04,3.1399,2.8,2.96,554161,0
IDAI.US,D,20230824,000000,3.05,3.0899,2.6,2.72,475628,0
IDAI.US,D,20230825,000000,2.6,2.83,2.52,2.56,327970,0
IDAI.US,D,20230828,000000,2.51,2.6,1.5,1.67,2469664,0
IDAI.US,D,20230829,000000,1.75,1.8999,1.61,1.65,775545,0
IDAI.US,D,20230830,000000,1.77,1.7899,1.6754,1.71,374723,0
IDAI.US,D,20230831,000000,1.71,1.71,1.6391,1.65,162676,0
IDAI.US,D,20230901,000000,1.67,1.7096,1.45,1.49,385897,0
IDAI.US,D,20230905,000000,1.47,1.47,1.3401,1.41,206285,0
IDAI.US,D,20230906,000000,1.55,1.77,1.4798,1.56,1100287,0
IDAI.US,D,20230907,000000,1.54,1.56,1.38,1.47,192853,0
IDAI.US,D,20230908,000000,1.49,1.5,1.43,1.49,61039,0
IDAI.US,D,20230911,000000,1.44,1.46,1.36,1.44,129729,0
IDAI.US,D,20230912,000000,1.41,1.66,1.4062,1.62,311613,0
IDAI.US,D,20230913,000000,1.65,2.4,1.61,2.34,1718518,0
IDAI.US,D,20230914,000000,2.23,2.29,1.92,2.22,677241,0
IDAI.US,D,20230915,000000,2.22,2.295,2.075,2.09,210786,0
IDAI.US,D,20230918,000000,2.1,2.5,2.05,2.06,843379,0
IDAI.US,D,20230919,000000,2.11,2.35,1.85,2,318841,0
IDAI.US,D,20230920,000000,2.17,2.17,1.8901,2,126000,0
IDAI.US,D,20230921,000000,2.06,2.07,1.92,1.97,79645,0
IDAI.US,D,20230922,000000,1.99,2.0833,1.7627,1.81,134653,0
IDAI.US,D,20230925,000000,1.77,1.85,1.7,1.77,132071,0
IDAI.US,D,20230926,000000,1.77,1.77,1.6123,1.62,122224,0
IDAI.US,D,20230927,000000,1.59,1.67,1.59,1.63,58421,0
IDAI.US,D,20230928,000000,1.63,1.69,1.58,1.64,80428,0
IDAI.US,D,20230929,000000,1.66,1.7299,1.624,1.65,43663,0
IDAI.US,D,20231002,000000,1.71,1.79,1.57,1.59,168349,0
IDAI.US,D,20231003,000000,1.6,1.707,1.4667,1.5,113713,0
IDAI.US,D,20231004,000000,1.48,1.59,1.48,1.59,42458,0
IDAI.US,D,20231005,000000,1.56,1.5999,1.5301,1.55,16958,0
IDAI.US,D,20231006,000000,1.55,1.6,1.5,1.6,47423,0
IDAI.US,D,20231009,000000,1.6,1.63,1.54,1.56,45344,0
IDAI.US,D,20231010,000000,1.6,1.6107,1.515,1.61,74387,0
IDAI.US,D,20231011,000000,1.67,1.6999,1.56,1.65,48476,0
IDAI.US,D,20231012,000000,1.67,1.6721,1.51,1.53,150844,0
IDAI.US,D,20231013,000000,1.6259,1.6259,1.5,1.52,31259,0
IDAI.US,D,20231016,000000,1.5021,1.53,1.45,1.46,82619,0
IDAI.US,D,20231017,000000,1.46,1.53,1.42,1.45,37467,0
IDAI.US,D,20231018,000000,1.42,1.4999,1.32,1.35,133175,0
IDAI.US,D,20231019,000000,1.38,1.38,1.29,1.35,28052,0
IDAI.US,D,20231020,000000,1.2973,1.34,1.29,1.29,41262,0
IDAI.US,D,20231023,000000,1.29,1.29,1.17,1.24,104624,0
IDAI.US,D,20231024,000000,1.2,1.3,1.1977,1.24,26901,0
IDAI.US,D,20231025,000000,1.34,1.35,1.22,1.35,81195,0
IDAI.US,D,20231026,000000,1.335,1.35,1.21,1.27,83688,0
IDAI.US,D,20231027,000000,1.315,1.3487,1.25,1.33,37629,0
IDAI.US,D,20231030,000000,1.3,1.32,1.11,1.15,97890,0
IDAI.US,D,20231031,000000,1.18,1.22,1.14,1.16,14312,0
IDAI.US,D,20231101,000000,1.18,1.21,1.15,1.16,20847,0
IDAI.US,D,20231102,000000,1.23,1.3978,1.15,1.33,202921,0
IDAI.US,D,20231103,000000,1.4,1.4399,1.27,1.39,134440,0
IDAI.US,D,20231106,000000,1.5,1.5,1.4,1.41,55682,0
IDAI.US,D,20231107,000000,1.42,1.59,1.4,1.565,102246,0
IDAI.US,D,20231108,000000,1.65,1.7,1.4301,1.47,177745,0
IDAI.US,D,20231109,000000,1.54,1.54,1.32,1.37,70709,0
IDAI.US,D,20231110,000000,1.46,1.46,1.37,1.42,38051,0
IDAI.US,D,20231113,000000,1.48,1.48,1.344,1.41,19379,0
IDAI.US,D,20231114,000000,1.4,1.5199,1.4,1.47,61201,0
IDAI.US,D,20231115,000000,1.47,1.605,1.45,1.54,71651,0
IDAI.US,D,20231116,000000,1.505,1.51,1.41,1.45,30686,0
IDAI.US,D,20231117,000000,1.41,1.49,1.41,1.475,44642,0
IDAI.US,D,20231120,000000,1.4,1.48,1.35,1.4652,42529,0
IDAI.US,D,20231121,000000,1.46,1.5009,1.4333,1.47,20768,0
IDAI.US,D,20231122,000000,1.46,1.5499,1.46,1.51,12903,0
IDAI.US,D,20231124,000000,1.5,1.58,1.48,1.58,22178,0
IDAI.US,D,20231127,000000,1.6,1.63,1.51,1.6,57457,0
IDAI.US,D,20231128,000000,1.63,1.6499,1.52,1.6,30774,0
IDAI.US,D,20231129,000000,1.57,1.6,1.52,1.54,23007,0
IDAI.US,D,20231130,000000,1.61,1.69,1.5942,1.65,63216,0
IDAI.US,D,20231201,000000,1.6481,1.77,1.6001,1.65,102304,0
IDAI.US,D,20231204,000000,1.57,1.618,1.49,1.56,84524,0
IDAI.US,D,20231205,000000,1.5493,1.62,1.5,1.51,45426,0
IDAI.US,D,20231206,000000,1.5219,1.56,1.38,1.46,44559,0
IDAI.US,D,20231207,000000,1.464,1.4647,1.25,1.35,43359,0
IDAI.US,D,20231208,000000,1.37,1.39,1.28,1.3699,42140,0
IDAI.US,D,20231211,000000,1.39,1.39,1.31,1.32,35382,0
IDAI.US,D,20231212,000000,1.3,1.32,1.29,1.3,22440,0
IDAI.US,D,20231213,000000,1.28,1.4,1.28,1.36,69870,0
IDAI.US,D,20231214,000000,1.4088,1.41,1.2101,1.31,236988,0
IDAI.US,D,20231215,000000,1.33,1.33,1.2,1.2,165149,0
IDAI.US,D,20231218,000000,1.29,1.33,1.25,1.3,49886,0
IDAI.US,D,20231219,000000,1.29,1.32,1.2504,1.3,61917,0
IDAI.US,D,20231220,000000,1.26,1.35,1.26,1.34,34756,0
IDAI.US,D,20231221,000000,1.29,1.45,1.26,1.43,52279,0
IDAI.US,D,20231222,000000,1.4,1.4903,1.29,1.36,107481,0
IDAI.US,D,20231226,000000,1.33,1.34,1.2752,1.32,58252,0
IDAI.US,D,20231227,000000,1.31,1.34,1.28,1.32,23811,0
IDAI.US,D,20231228,000000,1.4,1.47,1.32,1.46,130616,0
IDAI.US,D,20231229,000000,1.45,1.4876,1.36,1.37,84620,0
IDAI.US,D,20240102,000000,1.43,1.5,1.35,1.46,114090,0
IDAI.US,D,20240103,000000,1.51,1.51,1.43,1.5,40538,0
IDAI.US,D,20240104,000000,1.5,1.69,1.4,1.45,149260,0
IDAI.US,D,20240105,000000,1.42,1.47,1.41,1.46,21140,0
IDAI.US,D,20240108,000000,1.49,1.53,1.46,1.49,42706,0
IDAI.US,D,20240109,000000,1.49,1.49,1.32,1.3901,55806,0
IDAI.US,D,20240110,000000,1.4,1.4478,1.33,1.3701,29354,0
IDAI.US,D,20240111,000000,1.36,1.4,1.3,1.3001,108355,0
IDAI.US,D,20240112,000000,1.375,1.375,1.3,1.33,28425,0
IDAI.US,D,20240116,000000,1.39,1.54,1.38,1.43,160511,0
IDAI.US,D,20240117,000000,1.43,1.45,1.4,1.42,67134,0
IDAI.US,D,20240118,000000,1.42,1.42,1.35,1.39,36512,0
IDAI.US,D,20240119,000000,1.4499,1.46,1.4,1.46,29252,0
IDAI.US,D,20240122,000000,1.51,1.7499,1.46,1.58,395559,0
IDAI.US,D,20240123,000000,1.67,1.7094,1.5,1.54,136796,0
IDAI.US,D,20240124,000000,1.64,1.64,1.4,1.5,48357,0
IDAI.US,D,20240125,000000,1.45,1.54,1.42,1.46,39084,0
IDAI.US,D,20240126,000000,1.49,1.52,1.45,1.48,27089,0
IDAI.US,D,20240129,000000,1.52,1.55,1.4,1.48,56772,0
IDAI.US,D,20240130,000000,1.51,1.51,1.43,1.48,24362,0
IDAI.US,D,20240131,000000,1.5,1.5001,1.41,1.44,76207,0
IDAI.US,D,20240201,000000,1.46,1.46,1.4,1.46,42119,0
IDAI.US,D,20240202,000000,1.49,1.49,1.33,1.42,110001,0
IDAI.US,D,20240205,000000,1.4324,1.4699,1.402,1.45,26157,0
IDAI.US,D,20240206,000000,1.4524,1.4524,1.36,1.395,49625,0
IDAI.US,D,20240207,000000,1.42,1.44,1.37,1.4399,29087,0
IDAI.US,D,20240208,000000,1.44,1.49,1.33,1.39,81276,0
IDAI.US,D,20240209,000000,1.415,1.4999,1.35,1.43,112153,0
IDAI.US,D,20240212,000000,1.41,1.49,1.35,1.4,80701,0
IDAI.US,D,20240213,000000,1.43,1.46,1.36,1.45,123363,0
IDAI.US,D,20240214,000000,1.45,1.57,1.42,1.48,57423,0
IDAI.US,D,20240215,000000,1.55,1.55,1.41,1.54,103620,0
IDAI.US,D,20240216,000000,1.51,2.5,1.39,1.4,2177797,0
IDAI.US,D,20240220,000000,1.4,1.5,1.35,1.45,276936,0
IDAI.US,D,20240221,000000,1.44,1.4565,1.32,1.355,149727,0
IDAI.US,D,20240222,000000,1.38,1.38,1.2321,1.275,293898,0
IDAI.US,D,20240223,000000,1.29,1.29,1.23,1.26,92812,0
IDAI.US,D,20240226,000000,1.28,1.43,1.21,1.33,555933,0
IDAI.US,D,20240227,000000,1.31,1.53,1.2524,1.32,1842877,0
IDAI.US,D,20240228,000000,1.35,1.37,1.16,1.16,1417016,0
IDAI.US,D,20240229,000000,1.18,1.22,1.04,1.08,523272,0
IDAI.US,D,20240301,000000,1.12,1.18,1.0499,1.08,296623,0
IDAI.US,D,20240304,000000,1.1,1.1599,1.05,1.09,271262,0
IDAI.US,D,20240305,000000,1.09,1.1,1.04,1.08,152064,0
IDAI.US,D,20240306,000000,1.08,1.11,1.04,1.05,145018,0
IDAI.US,D,20240307,000000,1.04,1.33,1.04,1.11,1425372,0
IDAI.US,D,20240308,000000,1.14,1.16,1.06,1.13,202200,0
IDAI.US,D,20240311,000000,1.14,1.1479,1.06,1.11,187787,0
IDAI.US,D,20240312,000000,1.12,1.14,1.0501,1.08,369513,0
IDAI.US,D,20240313,000000,1.12,1.5,0.9823,0.99,5787216,0
IDAI.US,D,20240314,000000,1,1.14,0.99,1.04,716889,0
IDAI.US,D,20240315,000000,1.05,1.27,1.02,1.07,1579895,0
IDAI.US,D,20240318,000000,1.1,1.17,1.05,1.08,1095403,0
IDAI.US,D,20240319,000000,1.08,1.0957,0.9939,1.01,799062,0
IDAI.US,D,20240320,000000,1.01,1.0299,0.9226,0.96,471673,0
IDAI.US,D,20240321,000000,0.985,0.99,0.885,0.8944,460375,0
IDAI.US,D,20240322,000000,0.8777,0.9898,0.8682,0.8775,550861,0
IDAI.US,D,20240325,000000,0.88,0.9449,0.88,0.9098,164569,0
IDAI.US,D,20240326,000000,0.9,0.932,0.89,0.89,192389,0
IDAI.US,D,20240327,000000,0.8978,0.9498,0.89,0.9397,320395,0
IDAI.US,D,20240328,000000,0.9397,0.9584,0.88,0.9236,242353,0
IDAI.US,D,20240401,000000,0.9699,0.9789,0.93,0.968,144794,0
IDAI.US,D,20240402,000000,0.965,0.968,0.895,0.9079,150690,0
IDAI.US,D,20240403,000000,0.9,0.93,0.8501,0.9198,191616,0
IDAI.US,D,20240404,000000,0.9298,0.9669,0.9001,0.95,226028,0
IDAI.US,D,20240405,000000,0.948,0.9651,0.92,0.95,86756,0
IDAI.US,D,20240408,000000,0.9499,1.07,0.93,0.9789,267765,0
IDAI.US,D,20240409,000000,0.9899,0.9899,0.9423,0.97,91910,0
IDAI.US,D,20240410,000000,0.95,0.97,0.9401,0.9694,69562,0
IDAI.US,D,20240411,000000,0.9549,1.05,0.9404,1.01,278432,0
IDAI.US,D,20240412,000000,0.98,0.9994,0.9301,0.9624,122185,0
IDAI.US,D,20240415,000000,1,1,0.91,0.9359,124124,0
IDAI.US,D,20240416,000000,0.92,0.9425,0.89,0.9325,132594,0
IDAI.US,D,20240417,000000,0.93,0.9399,0.8355,0.8502,152721,0
IDAI.US,D,20240418,000000,0.865,0.8898,0.82,0.8375,69036,0
IDAI.US,D,20240419,000000,0.82,0.837,0.802708,0.8318,110465,0
IDAI.US,D,20240422,000000,0.81,0.8181,0.7502,0.7798,191611,0
IDAI.US,D,20240423,000000,0.76,0.8052,0.76,0.7829,43004,0
IDAI.US,D,20240424,000000,0.768,0.7883,0.76,0.762,41199,0
IDAI.US,D,20240425,000000,0.769,0.7879,0.73,0.76,88854,0
IDAI.US,D,20240426,000000,0.7869,0.7872,0.7625,0.77,23834,0
IDAI.US,D,20240429,000000,0.78,0.82,0.7564,0.7866,64912,0
IDAI.US,D,20240430,000000,0.7846,0.8179,0.7701,0.7749,13163,0
IDAI.US,D,20240501,000000,0.79,0.8398,0.7849,0.8199,85549,0
IDAI.US,D,20240502,000000,0.815,0.887,0.815,0.8348,116628,0
IDAI.US,D,20240503,000000,0.87,0.87,0.81,0.825,48254,0
IDAI.US,D,20240506,000000,0.82,0.8488,0.81,0.8301,33769,0
IDAI.US,D,20240507,000000,0.8445,0.8599,0.83,0.845,19906,0
IDAI.US,D,20240508,000000,0.8318,0.8698,0.825,0.8602,24841,0
IDAI.US,D,20240509,000000,0.8697,0.8697,0.8258,0.835,15916,0
IDAI.US,D,20240510,000000,0.836251,0.87,0.7811,0.8,48889,0
IDAI.US,D,20240513,000000,0.825,0.825,0.66,0.7635,170643,0
IDAI.US,D,20240514,000000,0.7536,0.7719,0.7292,0.748,50330,0
IDAI.US,D,20240515,000000,0.7345,0.74,0.67,0.68,95002,0
IDAI.US,D,20240516,000000,0.69,0.7373,0.671,0.6775,174681,0
IDAI.US,D,20240517,000000,0.6722,0.7148,0.6722,0.6802,72783,0
IDAI.US,D,20240520,000000,0.65,0.7097,0.65,0.6851,200463,0
IDAI.US,D,20240521,000000,0.69,0.697149,0.6624,0.6792,131482,0
IDAI.US,D,20240522,000000,0.6775,0.69,0.61,0.649,183345,0
IDAI.US,D,20240523,000000,0.6748,0.93,0.6199,0.6521,4868436,0
IDAI.US,D,20240524,000000,0.653,0.653,0.54,0.585,1173665,0
IDAI.US,D,20240528,000000,0.576,0.595,0.52,0.5599,354396,0
IDAI.US,D,20240529,000000,0.5599,0.589899,0.5303,0.5886,112201,0
IDAI.US,D,20240530,000000,0.549,0.58,0.5401,0.552,185903,0
IDAI.US,D,20240531,000000,0.55,0.574799,0.5333,0.555,198306,0
IDAI.US,D,20240603,000000,0.5487,0.567,0.54,0.5582,122387,0
IDAI.US,D,20240604,000000,0.569,0.569,0.539142,0.5628,120091,0
IDAI.US,D,20240605,000000,0.57,0.6198,0.56,0.604,231074,0
IDAI.US,D,20240606,000000,0.6,0.6,0.5656,0.579,101567,0
IDAI.US,D,20240607,000000,0.58,0.6,0.56,0.587,107993,0
IDAI.US,D,20240610,000000,0.5694,0.5866,0.55,0.566,93163,0
IDAI.US,D,20240611,000000,0.55,0.566,0.5111,0.54,206393,0
IDAI.US,D,20240612,000000,0.55,0.5649,0.518101,0.552,111308,0
IDAI.US,D,20240613,000000,0.5524,0.5524,0.5271,0.535,109759,0
IDAI.US,D,20240614,000000,0.519,0.5449,0.519,0.5245,27384,0
IDAI.US,D,20240617,000000,0.53,0.5399,0.5,0.51,284619,0
IDAI.US,D,20240618,000000,0.5,0.5598,0.4537,0.52,948443,0
IDAI.US,D,20240620,000000,0.5044,0.558,0.46,0.4932,480611,0
IDAI.US,D,20240621,000000,0.49,0.505,0.4617,0.498,123623,0
IDAI.US,D,20240624,000000,0.4977,0.5029,0.4682,0.487,142429,0
IDAI.US,D,20240625,000000,0.48,0.4987,0.469,0.4801,39669,0
IDAI.US,D,20240626,000000,0.4988,0.4988,0.4601,0.486,48679,0
IDAI.US,D,20240627,000000,0.5,0.5,0.461,0.4811,64553,0
IDAI.US,D,20240628,000000,0.4601,0.4702,0.455,0.4649,98967,0
IDAI.US,D,20240701,000000,0.4648,0.4668,0.4514,0.4655,67866,0
IDAI.US,D,20240702,000000,0.4654,0.4686,0.4432,0.46,78665,0
IDAI.US,D,20240703,000000,0.4599,0.4703,0.4345,0.445648,47192,0
IDAI.US,D,20240705,000000,0.4455,0.459799,0.43,0.4476,55631,0
IDAI.US,D,20240708,000000,0.4475,0.4598,0.43,0.4333,68476,0
IDAI.US,D,20240709,000000,0.4332,0.45,0.4175,0.4303,69780,0
IDAI.US,D,20240710,000000,0.438,0.4389,0.3908,0.411,175408,0
IDAI.US,D,20240711,000000,0.42,0.59,0.42,0.435,2650494,0
IDAI.US,D,20240712,000000,0.427,0.4399,0.3929,0.439,546884,0
IDAI.US,D,20240715,000000,0.47,0.47,0.42,0.44,1978582,0
IDAI.US,D,20240716,000000,0.4699,0.4699,0.4081,0.4348,461727,0
IDAI.US,D,20240717,000000,0.4347,0.49,0.4199,0.4685,526278,0
IDAI.US,D,20240718,000000,0.4756,0.588,0.4012,0.4199,3736432,0
IDAI.US,D,20240719,000000,0.409,0.428,0.372,0.3775,587877,0
IDAI.US,D,20240722,000000,0.374,0.3849,0.368,0.384,175303,0
IDAI.US,D,20240723,000000,0.3857,0.44,0.3751,0.4196,862672,0
IDAI.US,D,20240724,000000,0.407,0.4149,0.3812,0.3956,284157,0
IDAI.US,D,20240725,000000,0.4,0.445,0.3839,0.415,714598,0
IDAI.US,D,20240726,000000,0.42,0.47,0.3849,0.419,542130,0
IDAI.US,D,20240729,000000,0.427,0.427,0.3919,0.4045,142899,0
IDAI.US,D,20240730,000000,0.391,0.412,0.3709,0.384,136561,0
IDAI.US,D,20240731,000000,0.3896,0.45,0.3896,0.3967,459811,0
IDAI.US,D,20240801,000000,0.3989,0.4042,0.3801,0.3852,123349,0
IDAI.US,D,20240802,000000,0.391435,0.434551,0.3626,0.4078,976456,0
IDAI.US,D,20240805,000000,0.3701,0.48,0.3,0.363,1545592,0
IDAI.US,D,20240806,000000,0.36001,0.3717,0.341,0.3628,228393,0
IDAI.US,D,20240807,000000,0.5488,0.5672,0.3722,0.4497,65245670,0
IDAI.US,D,20240808,000000,0.457,0.5194,0.4105,0.4825,4146048,0
IDAI.US,D,20240809,000000,0.4521,0.5275,0.4521,0.4678,3731144,0
IDAI.US,D,20240812,000000,0.434,0.507,0.413,0.4735,1211939,0
IDAI.US,D,20240813,000000,0.47,0.5,0.4352,0.451,446002,0
IDAI.US,D,20240814,000000,0.44,0.469,0.418,0.4234,582721,0
IDAI.US,D,20240815,000000,0.4403,0.4655,0.4021,0.43,851005,0
IDAI.US,D,20240816,000000,0.4285,0.4749,0.42,0.44,593362,0
IDAI.US,D,20240819,000000,0.43,0.4569,0.331,0.408,918650,0
IDAI.US,D,20240820,000000,0.4097,0.455,0.4,0.419,444969,0
IDAI.US,D,20240821,000000,0.4088,0.4389,0.405,0.4281,102604,0
IDAI.US,D,20240822,000000,0.4177,0.465,0.4177,0.442,207368,0
IDAI.US,D,20240823,000000,0.4417,0.47,0.4201,0.4688,302982,0
IDAI.US,D,20240826,000000,0.456,0.456,0.42,0.445,209957,0
IDAI.US,D,20240827,000000,0.4316,0.4316,0.4,0.4204,159086,0
IDAI.US,D,20240828,000000,0.426,0.432,0.3522,0.354999,269756,0
IDAI.US,D,20240829,000000,0.352,0.3624,0.294,0.3166,862630,0
IDAI.US,D,20240830,000000,0.3292,0.3292,0.3051,0.3223,231368,0
IDAI.US,D,20240903,000000,0.3126,0.3198,0.2566,0.2586,754262,0
IDAI.US,D,20240904,000000,0.257,0.2632,0.235,0.2406,447228,0
IDAI.US,D,20240905,000000,0.2435,0.2435,0.2381,0.24,149093,0
IDAI.US,D,20240906,000000,0.24,0.243,0.2113,0.2271,272172,0
IDAI.US,D,20240909,000000,0.23,0.239,0.2149,0.2224,676454,0
IDAI.US,D,20240910,000000,0.2312,0.2397,0.2224,0.2351,182188,0
IDAI.US,D,20240911,000000,0.225,0.2498,0.2151,0.2439,275176,0
IDAI.US,D,20240912,000000,0.2416,0.2549,0.234,0.2451,270891,0
IDAI.US,D,20240913,000000,0.2451,0.2493,0.2301,0.2449,164374,0
IDAI.US,D,20240916,000000,0.257,0.257,0.2401,0.2425,120802,0
IDAI.US,D,20240917,000000,0.2405,0.2573,0.2222,0.2373,263329,0
IDAI.US,D,20240918,000000,0.245,0.245,0.2351,0.2377,46665,0
IDAI.US,D,20240919,000000,0.2447,0.2499,0.2312,0.2342,118835,0
IDAI.US,D,20240920,000000,0.2358,0.2358,0.2151,0.2165,223008,0
IDAI.US,D,20240923,000000,0.2165,0.2166,0.193,0.2065,253231,0
IDAI.US,D,20240924,000000,0.2065,0.2224,0.2065,0.2196,207582,0
IDAI.US,D,20240925,000000,0.22,0.2296,0.2115,0.2224,200280,0
IDAI.US,D,20240926,000000,0.2224,0.2574,0.2122,0.2131,277964,0
IDAI.US,D,20240927,000000,0.2131,0.2274,0.2131,0.2238,170548,0
IDAI.US,D,20240930,000000,0.22,0.223,0.2113,0.22,160171,0
IDAI.US,D,20241001,000000,0.222,0.227,0.2199,0.221,172910,0
IDAI.US,D,20241002,000000,0.222,0.222,0.2101,0.2145,149623,0
IDAI.US,D,20241003,000000,0.2122,0.2198,0.21,0.2112,148226,0
IDAI.US,D,20241004,000000,0.2112,0.2169,0.2051,0.2153,197704,0
IDAI.US,D,20241007,000000,0.2169,0.227,0.2145,0.2225,285355,0
IDAI.US,D,20241008,000000,0.23,0.23,0.219,0.224,188482,0
IDAI.US,D,20241009,000000,0.2214,0.224899,0.2159,0.2178,88243,0
IDAI.US,D,20241010,000000,0.2209,0.2219,0.2107,0.2161,137296,0
IDAI.US,D,20241011,000000,0.22,0.2207,0.2001,0.206,296734,0
IDAI.US,D,20241014,000000,0.2,0.2079,0.198,0.1993,145030,0
IDAI.US,D,20241015,000000,0.1993,0.2018,0.1911,0.1933,220566,0
IDAI.US,D,20241016,000000,0.1933,0.1999,0.193,0.1976,250609,0
IDAI.US,D,20241017,000000,0.199,0.2169,0.199,0.2098,335791,0
IDAI.US,D,20241018,000000,0.206,0.2108,0.205,0.2088,120527,0
IDAI.US,D,20241021,000000,0.2053,0.2179,0.2053,0.2169,198851,0
IDAI.US,D,20241022,000000,0.2169,0.2474,0.2161,0.2245,830662,0
IDAI.US,D,20241023,000000,0.22,0.2468,0.2144,0.2179,1400386,0
IDAI.US,D,20241024,000000,0.215,0.2419,0.215,0.2287,579215,0
IDAI.US,D,20241025,000000,0.2239,0.2299,0.2154,0.2214,226882,0
IDAI.US,D,20241028,000000,0.22,0.2249,0.21831,0.2244,154034,0
IDAI.US,D,20241029,000000,0.2244,0.2289,0.2151,0.2246,373610,0
