<TICKER>,<PER>,<DATE>,<TIME>,<OPEN>,<HIGH>,<LOW>,<CLOSE>,<VOL>,<OPENINT>
ILIT.US,D,20230627,000000,24.4599,24.5176,24.4599,24.5176,459,0
ILIT.US,D,20230628,000000,24.35,24.35,24.23,24.3,505,0
ILIT.US,D,20230629,000000,24.06,24.35,24.06,24.29,786,0
ILIT.US,D,20230630,000000,24.61,24.98,24.61,24.8266,2338,0
ILIT.US,D,20230703,000000,25.17,25.525,25.17,25.515,1219,0
ILIT.US,D,20230705,000000,25.52,25.52,25.2,25.2,1356,0
ILIT.US,D,20230706,000000,24.62,24.62,24.2462,24.473,770,0
ILIT.US,D,20230707,000000,24.63,25.25,24.63,25.0199,3222,0
ILIT.US,D,20230710,000000,25,25.35,25,25.28,339,0
ILIT.US,D,20230711,000000,25.63,25.69,25.463,25.65,3716,0
ILIT.US,D,20230712,000000,25.82,25.82,25.82,25.82,55,0
ILIT.US,D,20230713,000000,26.33,26.33,26.15,26.1884,426,0
ILIT.US,D,20230714,000000,26.02,26.02,25.75,25.78,2683,0
ILIT.US,D,20230717,000000,25.43,25.75,25.34,25.63,4357,0
ILIT.US,D,20230718,000000,25.67,25.75,25.45,25.62,2251,0
ILIT.US,D,20230719,000000,25.53,25.53,25.2902,25.2902,1693,0
ILIT.US,D,20230720,000000,25.16,25.24,25.0337,25.0337,564,0
ILIT.US,D,20230721,000000,24.79,24.79,24.2215,24.275,2752,0
ILIT.US,D,20230724,000000,23.74,23.74,23.376,23.376,3523,0
ILIT.US,D,20230725,000000,23.78,23.9654,23.78,23.9654,229,0
ILIT.US,D,20230726,000000,24.29,24.29,24.1483,24.1483,237,0
ILIT.US,D,20230727,000000,23.95,23.95,23.2838,23.2838,1094,0
ILIT.US,D,20230728,000000,23.59,23.6531,23.59,23.6531,771,0
ILIT.US,D,20230731,000000,23.7585,23.91,23.68,23.7624,3009,0
ILIT.US,D,20230801,000000,23.4896,23.4896,23.27,23.3464,1168,0
ILIT.US,D,20230802,000000,23.23,23.23,22.76,22.9216,3536,0
ILIT.US,D,20230803,000000,23.19,23.19,23.0816,23.0816,107,0
ILIT.US,D,20230804,000000,23.07,23.2531,23.005,23.005,905,0
ILIT.US,D,20230807,000000,22.797,22.797,22.797,22.797,98,0
ILIT.US,D,20230808,000000,22.4606,22.4606,22.4606,22.4606,66,0
ILIT.US,D,20230809,000000,22.27,22.3465,22.27,22.3465,406,0
ILIT.US,D,20230810,000000,22.48,22.48,22.44,22.44,697,0
ILIT.US,D,20230811,000000,22.21,22.21,22.0462,22.0462,304,0
ILIT.US,D,20230814,000000,21.58,21.58,21.58,21.58,129,0
ILIT.US,D,20230815,000000,21.19,21.19,20.89,20.9418,1012,0
ILIT.US,D,20230816,000000,20.66,20.74,20.4699,20.4699,1722,0
ILIT.US,D,20230817,000000,20.59,20.59,20.3878,20.3878,206,0
ILIT.US,D,20230818,000000,20.11,20.19,20.11,20.19,856,0
ILIT.US,D,20230821,000000,20.5,20.6332,20.5,20.6332,508,0
ILIT.US,D,20230822,000000,20.57,20.57,20.4993,20.4993,143,0
ILIT.US,D,20230823,000000,20.76,20.76,20.71,20.71,420,0
ILIT.US,D,20230824,000000,20.59,20.59,20.48,20.4802,908,0
ILIT.US,D,20230825,000000,20.2496,20.2496,20.2496,20.2496,207,0
ILIT.US,D,20230828,000000,19.95,20.04,19.8924,19.8924,944,0
ILIT.US,D,20230829,000000,20.5001,20.62,20.5001,20.6072,8936,0
ILIT.US,D,20230830,000000,20.42,20.47,20.42,20.47,256,0
ILIT.US,D,20230831,000000,20.35,20.38,20.35,20.3586,740,0
ILIT.US,D,20230901,000000,20.37,20.43,20.37,20.43,234,0
ILIT.US,D,20230905,000000,20.5298,20.65,20.4898,20.549,1140,0
ILIT.US,D,20230906,000000,20.5,20.5,20.07,20.1596,807,0
ILIT.US,D,20230907,000000,19.9423,19.9423,19.9423,19.9423,242,0
ILIT.US,D,20230908,000000,19.82,19.82,19.5859,19.622,740,0
ILIT.US,D,20230911,000000,19.74,19.74,19.715,19.715,123,0
ILIT.US,D,20230912,000000,19.8716,19.88,19.805,19.805,1748,0
ILIT.US,D,20230913,000000,19.69,19.85,19.69,19.735,1240,0
ILIT.US,D,20230914,000000,19.76,19.98,19.76,19.945,1916,0
ILIT.US,D,20230915,000000,19.86,20.02,19.86,19.9235,1091,0
ILIT.US,D,20230918,000000,19.95,19.95,19.74,19.865,3423,0
ILIT.US,D,20230919,000000,19.6,19.6,19.45,19.4635,824,0
ILIT.US,D,20230920,000000,19.3,19.3,19.015,19.015,604,0
ILIT.US,D,20230921,000000,18.53,18.53,18.3325,18.3325,5896,0
ILIT.US,D,20230922,000000,18.79,18.79,18.595,18.595,317,0
ILIT.US,D,20230925,000000,18.37,18.38,18.3247,18.3584,1299,0
ILIT.US,D,20230926,000000,18.14,18.14,17.9334,17.9334,5349,0
ILIT.US,D,20230927,000000,17.8109,17.8109,17.8109,17.8109,99,0
ILIT.US,D,20230928,000000,17.96,18.4,17.96,18.345,775,0
ILIT.US,D,20230929,000000,18.4828,18.4828,18.4828,18.4828,70,0
ILIT.US,D,20231002,000000,18.48,18.48,18.03,18.089,2223,0
ILIT.US,D,20231003,000000,17.59,17.59,17.59,17.59,127,0
ILIT.US,D,20231004,000000,17.35,17.5457,17.3,17.5457,2741,0
ILIT.US,D,20231005,000000,17.3299,17.3299,17.24,17.32,1999,0
ILIT.US,D,20231006,000000,17.3291,17.7,17.21,17.55,1988,0
ILIT.US,D,20231009,000000,17.38,17.38,17.07,17.38,10566,0
ILIT.US,D,20231010,000000,17.78,17.94,17.78,17.92,10033,0
ILIT.US,D,20231011,000000,17.91,17.95,17.9,17.95,348,0
ILIT.US,D,20231012,000000,18.43,18.43,18.08,18.225,1380,0
ILIT.US,D,20231013,000000,17.8811,17.8811,17.82,17.83,993,0
ILIT.US,D,20231016,000000,17.68,17.68,17.5,17.5,450,0
ILIT.US,D,20231017,000000,17.63,17.85,17.63,17.85,326,0
ILIT.US,D,20231018,000000,17.01,17.01,16.9,16.9,397,0
ILIT.US,D,20231019,000000,16.3,16.34,16.28,16.34,338,0
ILIT.US,D,20231020,000000,16.38,16.4,16.08,16.28,860,0
ILIT.US,D,20231023,000000,15.93,15.98,15.85,15.85,578,0
ILIT.US,D,20231024,000000,16.4099,16.42,16.34,16.42,685,0
ILIT.US,D,20231025,000000,16.14,16.14,15.96,15.96,6552,0
ILIT.US,D,20231026,000000,15.77,15.77,15.77,15.77,330,0
ILIT.US,D,20231027,000000,16.13,16.14,16.01,16.0508,13197,0
ILIT.US,D,20231030,000000,16.26,16.34,15.86,15.86,10012,0
ILIT.US,D,20231031,000000,15.48,15.525,15.48,15.51,775,0
ILIT.US,D,20231101,000000,15.3,15.37,15.24,15.37,388,0
ILIT.US,D,20231102,000000,15.37,15.7,15.37,15.68,4376,0
ILIT.US,D,20231103,000000,16.33,16.33,16.33,16.33,104,0
ILIT.US,D,20231106,000000,16.63,16.63,16.4,16.4,1183,0
ILIT.US,D,20231107,000000,16.02,16.02,16.02,16.02,117,0
ILIT.US,D,20231108,000000,16.07,16.23,15.95,15.95,1143,0
ILIT.US,D,20231109,000000,15.9,16.18,15.65,15.65,508,0
ILIT.US,D,20231110,000000,15.5,15.5,15.4467,15.47,2871,0
ILIT.US,D,20231113,000000,15.3,15.64,15.155,15.34,2312,0
ILIT.US,D,20231114,000000,16.14,16.14,16.09,16.09,300,0
ILIT.US,D,20231115,000000,16.3514,16.3514,16.3052,16.3052,689,0
ILIT.US,D,20231116,000000,16,16,15.68,15.68,5150,0
ILIT.US,D,20231117,000000,16.0075,16.14,15.9709,16.14,1912,0
ILIT.US,D,20231120,000000,16.15,16.3969,16.15,16.3,1834,0
ILIT.US,D,20231121,000000,16.305,16.305,16.1385,16.18,2821,0
ILIT.US,D,20231122,000000,15.82,15.82,15.8,15.8,334,0
ILIT.US,D,20231124,000000,15.72,15.89,15.72,15.805,1379,0
ILIT.US,D,20231127,000000,15.59,15.59,15.43,15.43,2527,0
ILIT.US,D,20231128,000000,15.6,15.61,15.57,15.57,1436,0
ILIT.US,D,20231129,000000,15.62,15.99,15.5267,15.56,4146,0
ILIT.US,D,20231130,000000,15.54,15.54,15.4415,15.46,1852,0
ILIT.US,D,20231201,000000,16.91,16.91,15.29,15.8,1481,0
ILIT.US,D,20231204,000000,15.62,15.66,15.37,15.4,2646,0
ILIT.US,D,20231205,000000,14.9,14.92,14.9,14.92,1347,0
ILIT.US,D,20231206,000000,15.6419,15.6419,15.45,15.45,706,0
ILIT.US,D,20231207,000000,15.69,15.92,15.69,15.92,1514,0
ILIT.US,D,20231208,000000,16.07,16.42,16.07,16.12,1967,0
ILIT.US,D,20231211,000000,15.83,15.88,15.69,15.76,4298,0
ILIT.US,D,20231212,000000,15.37,15.4445,15.33,15.43,2094,0
ILIT.US,D,20231213,000000,15.465,15.945,15.46,15.945,882,0
ILIT.US,D,20231214,000000,16.59,16.6971,16.49,16.645,3986,0
ILIT.US,D,20231215,000000,16.78,16.88,16.75,16.7515,2205,0
ILIT.US,D,20231218,000000,16.8,16.87,16.7103,16.84,1181,0
ILIT.US,D,20231219,000000,17.1306,17.18,17.0876,17.0876,908,0
ILIT.US,D,20231220,000000,16.95,16.9695,16.58,16.58,3842,0
ILIT.US,D,20231221,000000,16.7494,16.77,16.61,16.77,1132,0
ILIT.US,D,20231222,000000,16.73,16.93,16.73,16.85,2203,0
ILIT.US,D,20231226,000000,16.9099,16.94,16.9099,16.94,772,0
ILIT.US,D,20231227,000000,17,17,16.94,16.95,1210,0
ILIT.US,D,20231228,000000,17.26,17.35,17.26,17.3449,1948,0
ILIT.US,D,20231229,000000,17.19,17.19,17.045,17.0858,3777,0
ILIT.US,D,20240102,000000,16.88,16.88,16.8199,16.835,1068,0
ILIT.US,D,20240103,000000,16.33,16.55,16.3,16.4672,2638,0
ILIT.US,D,20240104,000000,16.2799,16.2799,16.17,16.17,923,0
ILIT.US,D,20240105,000000,16.27,16.27,16.17,16.2,1801,0
ILIT.US,D,20240108,000000,15.95,16.0899,15.95,16.06,7065,0
ILIT.US,D,20240109,000000,15.85,15.85,15.695,15.736,2480,0
ILIT.US,D,20240110,000000,15.58,15.58,15.45,15.45,1753,0
ILIT.US,D,20240111,000000,15.74,15.74,15.4,15.4809,1389,0
ILIT.US,D,20240112,000000,15.58,15.58,15.36,15.36,1886,0
ILIT.US,D,20240116,000000,15.09,15.09,14.5,14.87,32199,0
ILIT.US,D,20240117,000000,14.46,14.46,14.35,14.39,3555,0
ILIT.US,D,20240118,000000,14.48,14.48,14.31,14.31,1077,0
ILIT.US,D,20240119,000000,14.25,14.25,14.01,14.15,2276,0
ILIT.US,D,20240122,000000,13.45,13.68,13.45,13.58,8154,0
ILIT.US,D,20240123,000000,13.73,13.73,13.68,13.68,520,0
ILIT.US,D,20240124,000000,13.94,14.09,13.85,13.88,7904,0
ILIT.US,D,20240125,000000,13.805,13.81,13.57,13.57,2652,0
ILIT.US,D,20240126,000000,13.59,13.6733,13.59,13.61,1467,0
ILIT.US,D,20240129,000000,13.38,13.47,13.26,13.47,1508,0
ILIT.US,D,20240130,000000,13.37,13.37,13.13,13.2,2970,0
ILIT.US,D,20240131,000000,13,13.07,12.66,12.66,7638,0
ILIT.US,D,20240201,000000,12.81,12.81,12.7493,12.8,3073,0
ILIT.US,D,20240202,000000,12.53,12.53,12.33,12.33,3166,0
ILIT.US,D,20240205,000000,12.02,12.02,11.85,11.86,3126,0
ILIT.US,D,20240206,000000,12.13,12.29,12.13,12.2575,2259,0
ILIT.US,D,20240207,000000,12.53,12.54,12.465,12.515,1348,0
ILIT.US,D,20240208,000000,12.7,12.81,12.63,12.735,4489,0
ILIT.US,D,20240209,000000,12.78,12.94,12.78,12.915,939,0
ILIT.US,D,20240212,000000,12.86,13.22,12.86,13.07,2962,0
ILIT.US,D,20240213,000000,12.74,12.74,12.36,12.42,11408,0
ILIT.US,D,20240214,000000,12.92,13.01,12.87,12.9759,3686,0
ILIT.US,D,20240215,000000,12.98,13.2,12.98,13.195,2512,0
ILIT.US,D,20240216,000000,13.51,13.82,13.51,13.675,14256,0
ILIT.US,D,20240220,000000,13.68,13.68,13.3,13.3,2940,0
ILIT.US,D,20240221,000000,13.47,13.53,13.47,13.53,750,0
ILIT.US,D,20240222,000000,13.53,13.53,13.37,13.4323,17612,0
ILIT.US,D,20240223,000000,13.34,13.365,13.2,13.365,2997,0
ILIT.US,D,20240226,000000,13.45,13.6,13.45,13.59,2734,0
ILIT.US,D,20240227,000000,13.67,13.81,13.67,13.8,6114,0
ILIT.US,D,20240228,000000,13.87,13.93,13.87,13.91,1403,0
ILIT.US,D,20240229,000000,14.3,14.58,14.3,14.49,5986,0
ILIT.US,D,20240301,000000,14.61,15.0709,14.61,15.012,23243,0
ILIT.US,D,20240304,000000,14.86,14.86,14.58,14.6,19409,0
ILIT.US,D,20240305,000000,14.08,14.08,13.47,13.47,18221,0
ILIT.US,D,20240306,000000,13.84,14.15,13.84,14.0603,18079,0
ILIT.US,D,20240307,000000,14.22,14.22,14.091,14.11,10441,0
ILIT.US,D,20240308,000000,14.11,14.11,13.77,13.77,3556,0
ILIT.US,D,20240311,000000,14.18,14.51,14.18,14.5,9851,0
ILIT.US,D,20240312,000000,14.63,14.65,14.51,14.55,9963,0
ILIT.US,D,20240313,000000,14.69,14.8099,14.69,14.73,608,0
ILIT.US,D,20240314,000000,14.63,14.63,14.275,14.31,5945,0
ILIT.US,D,20240315,000000,14.18,14.3,14.16,14.3,7624,0
ILIT.US,D,20240318,000000,14.3056,14.3056,14.26,14.2656,852,0
ILIT.US,D,20240319,000000,14.11,14.11,14.01,14.032,2805,0
ILIT.US,D,20240320,000000,13.88,14.28,13.88,14.25,2675,0
ILIT.US,D,20240321,000000,14.14,14.15,14.06,14.08,2204,0
ILIT.US,D,20240322,000000,13.8,13.8,13.7,13.7,1403,0
ILIT.US,D,20240325,000000,13.62,13.63,13.5,13.5,2584,0
ILIT.US,D,20240326,000000,13.61,13.61,13.44,13.44,2620,0
ILIT.US,D,20240327,000000,13.31,13.66,13.31,13.63,1935,0
ILIT.US,D,20240328,000000,13.71,13.71,13.65,13.65,396,0
ILIT.US,D,20240401,000000,13.89,13.9102,13.8886,13.9,1740,0
ILIT.US,D,20240402,000000,13.89,13.92,13.85,13.92,1520,0
ILIT.US,D,20240403,000000,14,14.12,13.95,14.12,1840,0
ILIT.US,D,20240404,000000,14.1801,14.2699,13.79,13.79,1079,0
ILIT.US,D,20240405,000000,13.77,13.87,13.77,13.845,4186,0
ILIT.US,D,20240408,000000,13.9987,14.1,13.9906,14.01,5809,0
ILIT.US,D,20240409,000000,14.514,14.5399,14.37,14.47,3551,0
ILIT.US,D,20240410,000000,14.22,14.22,14.0662,14.19,4691,0
ILIT.US,D,20240411,000000,14.41,14.46,14.4,14.41,1853,0
ILIT.US,D,20240412,000000,14.07,14.07,13.66,13.67,1425,0
ILIT.US,D,20240415,000000,13.84,13.9,13.49,13.49,12605,0
ILIT.US,D,20240416,000000,13.1,13.1,12.85,12.85,10518,0
ILIT.US,D,20240417,000000,13.26,13.3466,13.14,13.19,8508,0
ILIT.US,D,20240418,000000,12.99,12.99,12.83,12.83,1408,0
ILIT.US,D,20240419,000000,12.67,12.87,12.67,12.7914,7848,0
ILIT.US,D,20240422,000000,12.65,12.7346,12.5,12.66,2752,0
ILIT.US,D,20240423,000000,12.58,12.76,12.58,12.68,8696,0
ILIT.US,D,20240424,000000,12.6,12.6,12.39,12.49,5356,0
ILIT.US,D,20240425,000000,12.41,12.53,12.31,12.52,8054,0
ILIT.US,D,20240426,000000,12.66,12.765,12.66,12.68,1668,0
ILIT.US,D,20240429,000000,13.35,13.49,13.21,13.49,15667,0
ILIT.US,D,20240430,000000,13.18,13.2,13.01,13.01,660,0
ILIT.US,D,20240501,000000,13.08,13.19,13.07,13.19,2208,0
ILIT.US,D,20240502,000000,13.24,13.56,13.24,13.56,645,0
ILIT.US,D,20240503,000000,13.72,13.88,13.72,13.78,7375,0
ILIT.US,D,20240506,000000,13.81,13.945,13.76,13.83,2551,0
ILIT.US,D,20240507,000000,13.95,13.95,13.77,13.85,4651,0
ILIT.US,D,20240508,000000,13.64,13.73,13.64,13.64,839,0
ILIT.US,D,20240509,000000,13.91,14.15,13.91,14.15,1346,0
ILIT.US,D,20240510,000000,14.1,14.1,13.77,13.84,8586,0
ILIT.US,D,20240513,000000,13.69,13.83,13.68,13.68,3980,0
ILIT.US,D,20240514,000000,13.85,14.06,13.8,14.04,8679,0
ILIT.US,D,20240515,000000,14.06,14.06,13.7,13.7,17266,0
ILIT.US,D,20240516,000000,13.66,13.81,13.66,13.81,643,0
ILIT.US,D,20240517,000000,14.2201,14.26,14.06,14.26,1584,0
ILIT.US,D,20240520,000000,14.02,14.02,13.92,13.96,2569,0
ILIT.US,D,20240521,000000,13.8,13.8,13.8,13.8,324,0
ILIT.US,D,20240522,000000,13.63,13.6738,13.54,13.56,4993,0
ILIT.US,D,20240523,000000,13.5,13.5,13.25,13.25,3724,0
ILIT.US,D,20240524,000000,13.42,13.44,13.33,13.4013,1439,0
ILIT.US,D,20240528,000000,13.42,13.46,13.33,13.33,1937,0
ILIT.US,D,20240529,000000,13.3088,13.3088,13.145,13.145,2092,0
ILIT.US,D,20240530,000000,13.15,13.15,13.07,13.07,1961,0
ILIT.US,D,20240531,000000,13,13.08,12.96,13.02,2274,0
ILIT.US,D,20240603,000000,13.05,13.07,12.3401,12.93,3837,0
ILIT.US,D,20240604,000000,12.86,12.86,12.86,12.86,307,0
ILIT.US,D,20240605,000000,12.8,12.88,12.8,12.86,1831,0
ILIT.US,D,20240606,000000,12.735,12.7909,12.735,12.77,607,0
ILIT.US,D,20240607,000000,12.536,12.536,12.39,12.4,1582,0
ILIT.US,D,20240610,000000,12.45,12.475,12.45,12.475,1257,0
ILIT.US,D,20240611,000000,12.265,12.29,12.2,12.25,2507,0
ILIT.US,D,20240612,000000,12.5081,12.5081,12.31,12.31,1038,0
ILIT.US,D,20240613,000000,12.22,12.22,11.97,11.97,3349,0
ILIT.US,D,20240614,000000,11.83,11.85,11.6,11.64,9047,0
ILIT.US,D,20240617,000000,11.47,11.53,11.47,11.5,4428,0
ILIT.US,D,20240618,000000,11.53,11.53,11.4734,11.49,2386,0
ILIT.US,D,20240620,000000,11.25,11.25,11.06,11.06,2288,0
ILIT.US,D,20240621,000000,10.93,10.9999,10.93,10.97,3906,0
ILIT.US,D,20240624,000000,10.89,10.89,10.82,10.82,1114,0
ILIT.US,D,20240625,000000,10.8,10.8,10.67,10.6813,3834,0
ILIT.US,D,20240626,000000,10.68,11.14,10.68,11.07,5605,0
ILIT.US,D,20240627,000000,11.03,11.03,10.87,10.91,3976,0
ILIT.US,D,20240628,000000,10.91,10.91,10.72,10.75,7169,0
ILIT.US,D,20240701,000000,10.8,10.85,10.7,10.7,11039,0
ILIT.US,D,20240702,000000,10.7,10.7299,10.67,10.69,4218,0
ILIT.US,D,20240703,000000,10.97,10.9991,10.96,10.96,1763,0
ILIT.US,D,20240705,000000,10.91,10.924,10.82,10.83,5472,0
ILIT.US,D,20240708,000000,10.77,10.82,10.72,10.72,3136,0
ILIT.US,D,20240709,000000,10.615,10.7,10.545,10.545,11485,0
ILIT.US,D,20240710,000000,10.6044,10.71,10.6044,10.71,964,0
ILIT.US,D,20240711,000000,10.99,11.01,10.9295,10.98,6885,0
ILIT.US,D,20240712,000000,11.11,11.2,11.0762,11.11,5110,0
ILIT.US,D,20240715,000000,10.92,10.92,10.8,10.85,4754,0
ILIT.US,D,20240716,000000,10.85,10.95,10.82,10.94,3943,0
ILIT.US,D,20240717,000000,10.85,10.8501,10.74,10.81,1411,0
ILIT.US,D,20240718,000000,10.82,10.88,10.64,10.64,3153,0
ILIT.US,D,20240719,000000,10.6704,10.68,10.67,10.68,1069,0
ILIT.US,D,20240722,000000,10.62,10.62,10.55,10.56,3354,0
ILIT.US,D,20240723,000000,10.44,10.44,10.25,10.2838,4367,0
ILIT.US,D,20240724,000000,10.26,10.26,10.1001,10.12,4146,0
ILIT.US,D,20240725,000000,10.16,10.23,10.16,10.16,7642,0
ILIT.US,D,20240726,000000,10.3099,10.36,10.2427,10.36,3844,0
ILIT.US,D,20240729,000000,10.29,10.29,10.0401,10.09,17336,0
ILIT.US,D,20240730,000000,10.01,10.01,9.95,9.95,2378,0
ILIT.US,D,20240731,000000,9.95,10.3899,9.95,10.26,15697,0
ILIT.US,D,20240801,000000,10.27,10.27,9.9597,10,3274,0
ILIT.US,D,20240802,000000,9.86,9.86,9.71,9.73,12450,0
ILIT.US,D,20240805,000000,9.31,9.4199,9.23,9.37,7896,0
ILIT.US,D,20240806,000000,9.35,9.35,9.2401,9.32,3227,0
ILIT.US,D,20240807,000000,9.33,9.34,9.3,9.3,1217,0
ILIT.US,D,20240808,000000,9.3434,9.4835,9.3434,9.46,3040,0
ILIT.US,D,20240809,000000,9.43,9.45,9.43,9.44,2127,0
ILIT.US,D,20240812,000000,9.44,9.44,9.21,9.21,21606,0
ILIT.US,D,20240813,000000,9.2086,9.33,9.2086,9.3,983,0
ILIT.US,D,20240814,000000,9.1,9.12,9.07,9.1066,8951,0
ILIT.US,D,20240815,000000,9.31,9.32,9.28,9.32,25477,0
ILIT.US,D,20240816,000000,9.4,9.4,9.39,9.39,1890,0
ILIT.US,D,20240819,000000,9.38,9.48,9.38,9.46,3392,0
ILIT.US,D,20240820,000000,9.4299,9.4299,9.41,9.42,812,0
ILIT.US,D,20240821,000000,9.74,9.91,9.74,9.9,11536,0
ILIT.US,D,20240822,000000,9.79,9.79,9.55,9.55,4891,0
ILIT.US,D,20240823,000000,9.5702,9.7036,9.57,9.69,10353,0
ILIT.US,D,20240826,000000,9.89,9.92,9.73,9.75,4904,0
ILIT.US,D,20240827,000000,9.72,9.72,9.66,9.66,101704,0
ILIT.US,D,20240828,000000,9.57,9.57,9.44,9.45,3025,0
ILIT.US,D,20240829,000000,9.57,9.83,9.54,9.75,26042,0
ILIT.US,D,20240830,000000,9.82,9.83,9.7,9.7,3071,0
ILIT.US,D,20240903,000000,9.6,9.6,9.3,9.33,7876,0
ILIT.US,D,20240904,000000,9.3,9.41,9.3,9.3454,2509,0
ILIT.US,D,20240905,000000,9.3195,9.32,9.2996,9.2996,521,0
ILIT.US,D,20240906,000000,9.02,9.05,8.68,8.74,13685,0
ILIT.US,D,20240909,000000,8.78,8.8,8.74,8.74,4300,0
ILIT.US,D,20240910,000000,8.59,8.66,8.5788,8.66,2436,0
ILIT.US,D,20240911,000000,9.43,9.62,9.4101,9.6,11487,0
ILIT.US,D,20240912,000000,9.6,9.6301,9.56,9.6,2433,0
ILIT.US,D,20240913,000000,9.4503,9.4503,9.38,9.39,2706,0
ILIT.US,D,20240916,000000,9.49,9.5201,9.39,9.4719,19328,0
ILIT.US,D,20240917,000000,9.46,9.5,9.46,9.49,7155,0
ILIT.US,D,20240918,000000,9.5,9.51,9.38,9.38,2295,0
ILIT.US,D,20240919,000000,9.61,9.6383,9.5,9.57,8896,0
ILIT.US,D,20240920,000000,9.41,9.41,9.21,9.29,5359,0
ILIT.US,D,20240923,000000,9.37,9.45,9.37,9.43,2440,0
ILIT.US,D,20240924,000000,10.04,10.18,10.04,10.18,5511,0
ILIT.US,D,20240925,000000,10.12,10.12,9.97,9.97,1409,0
ILIT.US,D,20240926,000000,10.53,10.7,10.49,10.69,9904,0
ILIT.US,D,20240927,000000,11.09,11.25,11.0899,11.18,7019,0
ILIT.US,D,20240930,000000,11.58,11.5999,11.33,11.39,13839,0
ILIT.US,D,20241001,000000,11.335,11.52,11.3296,11.49,6892,0
ILIT.US,D,20241002,000000,11.8,11.87,11.75,11.82,23215,0
ILIT.US,D,20241003,000000,11.56,11.58,11.45,11.49,6821,0
ILIT.US,D,20241004,000000,11.63,11.755,11.63,11.755,6590,0
ILIT.US,D,20241007,000000,12.35,12.63,12.35,12.63,21165,0
ILIT.US,D,20241008,000000,12.11,12.115,11.9876,12.115,15228,0
ILIT.US,D,20241009,000000,11.86,12.03,11.86,11.98,13328,0
ILIT.US,D,20241010,000000,11.99,12,11.9,11.96,7873,0
ILIT.US,D,20241011,000000,11.71,11.91,11.68,11.88,15421,0
ILIT.US,D,20241014,000000,11.72,11.72,11.6,11.62,5275,0
ILIT.US,D,20241015,000000,11.52,11.52,11.27,11.27,28457,0
ILIT.US,D,20241016,000000,11.31,11.4,11.3,11.34,20609,0
ILIT.US,D,20241017,000000,11.27,11.27,11.01,11.045,41705,0
ILIT.US,D,20241018,000000,11.27,11.27,11.17,11.17,70822,0
ILIT.US,D,20241021,000000,11.12,11.15,11.01,11.11,21586,0
ILIT.US,D,20241022,000000,11.06,11.34,11.06,11.3159,13377,0
ILIT.US,D,20241023,000000,11.29,11.29,11.11,11.17,1321,0
ILIT.US,D,20241024,000000,11.09,11.14,11.04,11.12,2330,0
ILIT.US,D,20241025,000000,11.26,11.4,11.25,11.32,14709,0
ILIT.US,D,20241028,000000,11.32,11.75,11.32,11.75,26291,0
ILIT.US,D,20241029,000000,11.68,11.88,11.59,11.59,15267,0
