<TICKER>,<PER>,<DATE>,<TIME>,<OPEN>,<HIGH>,<LOW>,<CLOSE>,<VOL>,<OPENINT>
INAQ.US,D,20211028,000000,9.72,9.74,9.72,9.72,20140,0
INAQ.US,D,20211029,000000,9.74,9.78,9.73,9.75,6221,0
INAQ.US,D,20211101,000000,9.75,9.77,9.7101,9.76,10071,0
INAQ.US,D,20211102,000000,9.76,9.8,9.72,9.75,21635,0
INAQ.US,D,20211103,000000,9.75,9.9,9.71,9.76,133363,0
INAQ.US,D,20211104,000000,9.75,9.76,9.75,9.75,649714,0
INAQ.US,D,20211105,000000,9.77,9.77,9.74,9.75,53820,0
INAQ.US,D,20211108,000000,9.77,9.77,9.74,9.77,19869,0
INAQ.US,D,20211109,000000,10,10,9.75,9.75,4365,0
INAQ.US,D,20211110,000000,9.74,9.7799,9.74,9.76,6096,0
INAQ.US,D,20211111,000000,9.75,9.75,9.75,9.75,104,0
INAQ.US,D,20211112,000000,9.76,9.77,9.76,9.77,11343,0
INAQ.US,D,20211115,000000,9.74,9.77,9.74,9.77,17274,0
INAQ.US,D,20211116,000000,9.77,9.78,9.77,9.78,877,0
INAQ.US,D,20211117,000000,9.71,9.79,9.71,9.79,52912,0
INAQ.US,D,20211118,000000,9.71,9.79,9.71,9.79,105874,0
INAQ.US,D,20211119,000000,9.72,9.78,9.72,9.78,22055,0
INAQ.US,D,20211122,000000,9.78,9.81,9.77,9.81,279737,0
INAQ.US,D,20211124,000000,9.75,9.78,9.75,9.78,135100,0
INAQ.US,D,20211126,000000,9.75,9.75,9.75,9.75,222,0
INAQ.US,D,20211129,000000,9.8,9.8,9.76,9.78,798,0
INAQ.US,D,20211130,000000,9.77,9.77,9.77,9.77,162400,0
INAQ.US,D,20211201,000000,9.75,9.78,9.75,9.78,4963,0
INAQ.US,D,20211202,000000,9.77,9.78,9.77,9.78,21003,0
INAQ.US,D,20211206,000000,9.85,9.85,9.76,9.77,50378,0
INAQ.US,D,20211207,000000,9.77,9.77,9.77,9.77,30002,0
INAQ.US,D,20211208,000000,9.85,9.92,9.74,9.77,31577,0
INAQ.US,D,20211209,000000,9.76,9.76,9.76,9.76,373606,0
INAQ.US,D,20211210,000000,9.74,9.78,9.74,9.78,1748,0
INAQ.US,D,20211213,000000,9.7509,9.7509,9.7509,9.7509,106,0
INAQ.US,D,20211214,000000,9.7301,9.75,9.7301,9.75,36478,0
INAQ.US,D,20211215,000000,9.75,9.75,9.75,9.75,20181,0
INAQ.US,D,20211216,000000,9.75,9.75,9.75,9.75,15867,0
INAQ.US,D,20211221,000000,9.75,9.7845,9.75,9.7845,990,0
INAQ.US,D,20211222,000000,9.7046,9.75,9.7046,9.75,1386,0
INAQ.US,D,20211227,000000,9.75,9.75,9.75,9.75,312,0
INAQ.US,D,20211228,000000,9.75,9.79,9.75,9.79,237,0
INAQ.US,D,20211229,000000,9.72,9.76,9.72,9.76,1104,0
INAQ.US,D,20211231,000000,9.74,9.77,9.74,9.765,2933,0
INAQ.US,D,20220103,000000,9.875,9.875,9.76,9.76,38003,0
INAQ.US,D,20220104,000000,9.8,9.85,9.75,9.75,5002,0
INAQ.US,D,20220105,000000,9.75,9.75,9.75,9.75,5541,0
INAQ.US,D,20220106,000000,9.75,9.75,9.75,9.75,696,0
INAQ.US,D,20220107,000000,9.75,9.78,9.75,9.78,609,0
INAQ.US,D,20220111,000000,9.75,9.75,9.74,9.75,450614,0
INAQ.US,D,20220114,000000,9.74,9.74,9.74,9.74,100000,0
INAQ.US,D,20220118,000000,9.74,9.74,9.74,9.74,138,0
INAQ.US,D,20220119,000000,9.76,9.76,9.76,9.76,307,0
INAQ.US,D,20220120,000000,9.74,9.74,9.74,9.74,30826,0
INAQ.US,D,20220124,000000,9.74,9.74,9.74,9.74,452,0
INAQ.US,D,20220125,000000,9.72,9.72,9.71,9.72,248202,0
INAQ.US,D,20220126,000000,9.72,9.72,9.72,9.72,2405,0
INAQ.US,D,20220127,000000,9.72,9.725,9.69,9.69,118531,0
INAQ.US,D,20220128,000000,9.74,9.74,9.74,9.74,106,0
INAQ.US,D,20220131,000000,9.71,9.71,9.71,9.71,55620,0
INAQ.US,D,20220202,000000,9.73,9.73,9.73,9.73,200000,0
INAQ.US,D,20220203,000000,9.73,9.735,9.73,9.73,33300,0
INAQ.US,D,20220207,000000,9.74,9.74,9.74,9.74,140594,0
INAQ.US,D,20220210,000000,9.75,9.76,9.75,9.76,500200,0
INAQ.US,D,20220217,000000,9.77,9.77,9.77,9.77,900,0
INAQ.US,D,20220218,000000,9.76,9.76,9.76,9.76,2366,0
INAQ.US,D,20220225,000000,9.78,9.78,9.77,9.77,1999,0
INAQ.US,D,20220228,000000,9.77,9.77,9.75,9.76,3500,0
INAQ.US,D,20220301,000000,9.77,9.8,9.76,9.8,2425,0
INAQ.US,D,20220302,000000,9.765,9.78,9.74,9.78,43634,0
INAQ.US,D,20220303,000000,9.78,9.78,9.78,9.78,605,0
INAQ.US,D,20220304,000000,9.78,9.78,9.78,9.78,31034,0
INAQ.US,D,20220309,000000,9.85,9.85,9.85,9.85,102,0
INAQ.US,D,20220311,000000,9.8,9.8,9.8,9.8,199,0
INAQ.US,D,20220317,000000,9.8,9.8,9.8,9.8,100,0
INAQ.US,D,20220318,000000,9.79,9.79,9.79,9.79,800,0
INAQ.US,D,20220324,000000,9.78,9.78,9.76,9.77,66306,0
INAQ.US,D,20220325,000000,9.78,9.79,9.775,9.78,33469,0
INAQ.US,D,20220328,000000,9.79,9.79,9.79,9.79,2858,0
INAQ.US,D,20220329,000000,9.79,9.79,9.79,9.79,7698,0
INAQ.US,D,20220331,000000,9.8,9.8,9.8,9.8,3000,0
INAQ.US,D,20220401,000000,9.8,9.81,9.8,9.81,2700,0
INAQ.US,D,20220404,000000,9.8,9.84,9.8,9.84,5590,0
INAQ.US,D,20220405,000000,9.84,9.84,9.84,9.84,1601,0
INAQ.US,D,20220406,000000,9.8,9.8,9.8,9.8,200,0
INAQ.US,D,20220407,000000,9.8,9.82,9.8,9.8,19822,0
INAQ.US,D,20220414,000000,9.84,9.84,9.84,9.84,3288,0
INAQ.US,D,20220421,000000,9.84,9.84,9.83,9.84,5810,0
INAQ.US,D,20220422,000000,9.85,9.85,9.85,9.85,2400,0
INAQ.US,D,20220425,000000,9.86,9.86,9.86,9.86,300,0
INAQ.US,D,20220426,000000,9.83,9.83,9.83,9.83,158178,0
INAQ.US,D,20220427,000000,9.83,9.83,9.83,9.83,3000,0
INAQ.US,D,20220502,000000,9.83,9.83,9.83,9.83,7000,0
INAQ.US,D,20220511,000000,9.83,9.83,9.82,9.82,3000,0
INAQ.US,D,20220512,000000,9.82,9.82,9.82,9.82,100,0
INAQ.US,D,20220516,000000,9.8,9.8,9.78,9.79,9999,0
INAQ.US,D,20220518,000000,9.79,9.79,9.79,9.79,10461,0
INAQ.US,D,20220527,000000,9.87,9.87,9.8,9.8,261310,0
INAQ.US,D,20220601,000000,9.84,9.84,9.83,9.83,654,0
INAQ.US,D,20220602,000000,9.83,9.84,9.83,9.84,914,0
INAQ.US,D,20220607,000000,9.86,9.86,9.81,9.8219,13835,0
INAQ.US,D,20220608,000000,9.82,9.82,9.82,9.82,82206,0
INAQ.US,D,20220613,000000,9.82,9.82,9.82,9.82,2785,0
INAQ.US,D,20220616,000000,9.81,9.81,9.81,9.81,100,0
INAQ.US,D,20220617,000000,9.83,9.83,9.83,9.83,5001,0
INAQ.US,D,20220622,000000,9.81,9.81,9.81,9.81,301,0
INAQ.US,D,20220629,000000,9.83,9.85,9.82,9.82,50280,0
INAQ.US,D,20220630,000000,9.82,9.82,9.81,9.82,11918,0
INAQ.US,D,20220705,000000,9.82,9.82,9.82,9.82,120,0
INAQ.US,D,20220707,000000,9.82,9.82,9.82,9.82,2667,0
INAQ.US,D,20220708,000000,9.85,9.85,9.85,9.85,200,0
INAQ.US,D,20220718,000000,9.86,9.86,9.86,9.86,100,0
INAQ.US,D,20220719,000000,9.84,9.84,9.84,9.84,600,0
INAQ.US,D,20220721,000000,9.84,9.84,9.84,9.84,107,0
INAQ.US,D,20220722,000000,9.85,9.85,9.85,9.85,900,0
INAQ.US,D,20220725,000000,9.86,9.86,9.86,9.86,56200,0
INAQ.US,D,20220729,000000,9.88,9.88,9.88,9.88,100,0
INAQ.US,D,20220803,000000,9.88,9.88,9.88,9.88,5301,0
INAQ.US,D,20220804,000000,9.87,9.87,9.87,9.87,1001,0
INAQ.US,D,20220805,000000,9.87,9.87,9.87,9.87,100,0
INAQ.US,D,20220809,000000,9.87,9.87,9.87,9.87,12000,0
INAQ.US,D,20220817,000000,9.87,9.88,9.87,9.88,968423,0
INAQ.US,D,20220819,000000,9.86,9.88,9.86,9.87,1705,0
INAQ.US,D,20220824,000000,9.875,9.88,9.87,9.8775,11141,0
INAQ.US,D,20220829,000000,9.87,9.87,9.87,9.87,1500,0
INAQ.US,D,20220830,000000,9.85,9.87,9.85,9.87,1300,0
INAQ.US,D,20220908,000000,9.89,9.89,9.89,9.89,101,0
INAQ.US,D,20220926,000000,9.87,9.87,9.86,9.86,276,0
INAQ.US,D,20220928,000000,9.875,9.89,9.875,9.89,130312,0
INAQ.US,D,20220929,000000,9.87,9.87,9.84,9.87,70200,0
INAQ.US,D,20220930,000000,9.86,9.86,9.86,9.86,45076,0
INAQ.US,D,20221003,000000,9.87,9.87,9.87,9.87,1972,0
INAQ.US,D,20221004,000000,9.88,9.88,9.88,9.88,3200,0
INAQ.US,D,20221010,000000,9.89,9.9,9.885,9.9,134959,0
INAQ.US,D,20221011,000000,9.88,9.88,9.88,9.88,100,0
INAQ.US,D,20221013,000000,9.9,9.9,9.9,9.9,200,0
INAQ.US,D,20221017,000000,9.96,9.96,9.96,9.96,1089,0
INAQ.US,D,20221018,000000,9.93,9.93,9.93,9.93,2602,0
INAQ.US,D,20221024,000000,9.95,9.95,9.95,9.95,124560,0
INAQ.US,D,20221025,000000,9.94,9.95,9.93,9.95,391911,0
INAQ.US,D,20221027,000000,9.96,9.96,9.96,9.96,50000,0
INAQ.US,D,20221031,000000,9.96,9.97,9.955,9.97,57848,0
INAQ.US,D,20221101,000000,9.9699,9.97,9.95,9.9699,48640,0
INAQ.US,D,20221104,000000,9.97,9.97,9.95,9.97,5500,0
INAQ.US,D,20221109,000000,9.97,9.97,9.96,9.9699,2600,0
INAQ.US,D,20221110,000000,9.95,9.96,9.95,9.96,115077,0
INAQ.US,D,20221114,000000,10,10,10,10,2111,0
INAQ.US,D,20221116,000000,9.985,9.985,9.985,9.985,100,0
INAQ.US,D,20221117,000000,9.95,9.95,9.95,9.95,171,0
INAQ.US,D,20221121,000000,10.005,10.005,9.96,9.9714,500,0
INAQ.US,D,20221123,000000,9.975,9.98,9.975,9.975,30200,0
INAQ.US,D,20221125,000000,9.975,9.975,9.975,9.975,100,0
INAQ.US,D,20221128,000000,9.975,10,9.975,9.99,28205,0
INAQ.US,D,20221129,000000,9.99,10,9.9889,10,146167,0
INAQ.US,D,20221130,000000,10.01,10.01,10.005,10.01,6000,0
INAQ.US,D,20221201,000000,10.01,10.01,10.01,10.01,288,0
INAQ.US,D,20221206,000000,10.05,10.05,10.04,10.05,4234,0
INAQ.US,D,20221214,000000,10.06,10.06,10.06,10.06,100,0
INAQ.US,D,20221215,000000,10.06,10.06,10.06,10.06,100,0
INAQ.US,D,20221216,000000,10.09,10.1,10.09,10.09,17310,0
INAQ.US,D,20221227,000000,10.08,10.08,10.08,10.08,100,0
INAQ.US,D,20221228,000000,10.08,10.08,10.08,10.08,100,0
INAQ.US,D,20221229,000000,10.06,10.08,10.06,10.08,13600,0
INAQ.US,D,20221230,000000,10.08,10.08,10.08,10.08,1975,0
INAQ.US,D,20230103,000000,10.13,10.13,10.07,10.08,119698,0
INAQ.US,D,20230104,000000,10.08,10.11,10.08,10.1,134200,0
INAQ.US,D,20230105,000000,10.11,10.12,10.11,10.12,4007,0
INAQ.US,D,20230106,000000,10.11,10.11,10.11,10.11,200,0
INAQ.US,D,20230109,000000,10.14,10.14,10.11,10.14,1291,0
INAQ.US,D,20230112,000000,10.12,10.12,10.12,10.12,100,0
INAQ.US,D,20230113,000000,10.1,10.1,10.1,10.1,168,0
INAQ.US,D,20230120,000000,10.12,10.15,10.12,10.15,1729,0
INAQ.US,D,20230123,000000,10.135,10.135,10.13,10.13,3037,0
INAQ.US,D,20230124,000000,10.13,10.13,10.13,10.13,9360,0
INAQ.US,D,20230126,000000,10.16,10.2,10.15,10.15,6008,0
INAQ.US,D,20230127,000000,10.16,10.16,10.15,10.15,6403,0
INAQ.US,D,20230201,000000,10.17,10.17,10.15,10.16,7663,0
INAQ.US,D,20230202,000000,10.15,10.1596,10.15,10.1594,2078,0
INAQ.US,D,20230203,000000,10.145,10.15,10.14,10.14,1390,0
INAQ.US,D,20230206,000000,10.15,10.15,10.14,10.14,2575,0
INAQ.US,D,20230207,000000,10.15,10.17,10.14,10.15,179013,0
INAQ.US,D,20230208,000000,10.16,10.16,10.16,10.16,1107055,0
INAQ.US,D,20230209,000000,10.16,10.17,10.16,10.17,1557,0
INAQ.US,D,20230210,000000,10.18,10.18,10.17,10.17,98114,0
INAQ.US,D,20230213,000000,10.17,10.17,10.16,10.16,5482,0
INAQ.US,D,20230214,000000,10.16,10.16,10.16,10.16,100,0
INAQ.US,D,20230215,000000,10.16,10.16,10.16,10.16,91020,0
INAQ.US,D,20230216,000000,10.17,10.17,10.16,10.17,255000,0
INAQ.US,D,20230217,000000,10.18,10.18,10.17,10.17,251324,0
INAQ.US,D,20230221,000000,10.16,10.18,10.16,10.17,152241,0
INAQ.US,D,20230222,000000,10.2,10.2,10.165,10.17,314964,0
INAQ.US,D,20230223,000000,10.19,10.19,10.19,10.19,1634,0
INAQ.US,D,20230224,000000,10.19,10.19,10.18,10.1865,15014,0
INAQ.US,D,20230228,000000,10.3048,10.36,10.17,10.24,13741,0
INAQ.US,D,20230301,000000,10.21,10.403,10.19,10.22,6397,0
INAQ.US,D,20230302,000000,10.24,10.31,10.21,10.25,5499,0
INAQ.US,D,20230303,000000,10.25,10.25,10.215,10.215,500,0
INAQ.US,D,20230306,000000,10.19,10.19,10.19,10.19,2114,0
INAQ.US,D,20230307,000000,10.29,10.29,10.29,10.29,206,0
INAQ.US,D,20230308,000000,10.33,10.33,10.2,10.22,6399,0
INAQ.US,D,20230309,000000,10.2,10.21,10.2,10.2086,5199,0
INAQ.US,D,20230310,000000,10.21,10.21,10.21,10.21,100,0
INAQ.US,D,20230313,000000,10.22,10.22,10.2,10.2,730,0
INAQ.US,D,20230314,000000,10.2,10.2,10.2,10.2,500,0
INAQ.US,D,20230316,000000,10.3,10.3,10.2,10.21,847,0
INAQ.US,D,20230317,000000,10.25,10.25,10.2,10.2005,748,0
INAQ.US,D,20230320,000000,10.28,10.28,10.205,10.21,545,0
INAQ.US,D,20230321,000000,10.71,10.71,10.71,10.71,759,0
INAQ.US,D,20230322,000000,10.4,10.4,10.4,10.4,1300,0
INAQ.US,D,20230323,000000,10.39,10.39,10.21,10.23,1151,0
INAQ.US,D,20230327,000000,10.22,10.22,10.22,10.22,100,0
INAQ.US,D,20230328,000000,10.36,10.37,10.29,10.35,51239,0
INAQ.US,D,20230330,000000,10.29,10.3,10.22,10.3,63120,0
INAQ.US,D,20230331,000000,10.22,10.22,10.22,10.22,259,0
INAQ.US,D,20230403,000000,10.3,10.3,10.22,10.25,9418,0
INAQ.US,D,20230404,000000,10.34,10.34,10.22,10.25,8795,0
INAQ.US,D,20230405,000000,10.25,10.25,10.25,10.25,345,0
INAQ.US,D,20230406,000000,10.22,10.22,10.22,10.22,519,0
INAQ.US,D,20230410,000000,10.27,10.27,10.24,10.2499,15526,0
INAQ.US,D,20230411,000000,10.26,10.2689,10.25,10.26,15670,0
INAQ.US,D,20230412,000000,10.23,10.26,10.23,10.25,7092,0
INAQ.US,D,20230413,000000,10.22,10.22,10.22,10.22,601,0
INAQ.US,D,20230414,000000,10.2,10.2275,10.2,10.225,21485,0
INAQ.US,D,20230417,000000,10.19,10.2195,10.19,10.2105,1000,0
INAQ.US,D,20230418,000000,10.21,10.23,10.21,10.22,5951,0
INAQ.US,D,20230421,000000,10.4,10.4,10.23,10.23,2974,0
INAQ.US,D,20230424,000000,10.22,10.22,10.22,10.22,226,0
INAQ.US,D,20230425,000000,10.22,10.22,10.22,10.22,248,0
INAQ.US,D,20230426,000000,10.4,10.4,10.28,10.28,211,0
INAQ.US,D,20230427,000000,10.25,10.25,10.25,10.25,100,0
INAQ.US,D,20230504,000000,10.23,10.2508,10.22,10.24,58703,0
INAQ.US,D,20230510,000000,10.23,10.23,10.23,10.23,180,0
INAQ.US,D,20230515,000000,10.25,10.25,10.25,10.25,196,0
INAQ.US,D,20230519,000000,10.24,10.24,10.23,10.23,516,0
INAQ.US,D,20230526,000000,10.23,10.23,10.23,10.23,1509,0
INAQ.US,D,20230531,000000,10.29,10.29,10.29,10.29,280,0
INAQ.US,D,20230602,000000,10.29,10.29,10.29,10.29,300,0
INAQ.US,D,20230605,000000,10.4,10.4,10.29,10.32,44420,0
INAQ.US,D,20230607,000000,10.4,10.4,10.4,10.4,100,0
INAQ.US,D,20230608,000000,10.29,10.38,10.29,10.38,1661,0
INAQ.US,D,20230612,000000,10.31,10.4,10.31,10.4,332,0
INAQ.US,D,20230616,000000,10.34,10.4001,10.34,10.4,25243,0
INAQ.US,D,20230621,000000,10.3898,10.39,10.37,10.39,1900,0
INAQ.US,D,20230623,000000,10.38,10.38,10.38,10.38,200,0
INAQ.US,D,20230626,000000,10.37,10.37,10.37,10.37,606,0
INAQ.US,D,20230627,000000,10.375,10.39,10.3,10.39,1150,0
INAQ.US,D,20230628,000000,10.39,10.4,10.37,10.3788,5353,0
INAQ.US,D,20230629,000000,10.43,10.43,10.43,10.43,105,0
INAQ.US,D,20230706,000000,10.46,10.46,10.46,10.46,102,0
INAQ.US,D,20230710,000000,10.48,10.48,10.48,10.48,101,0
INAQ.US,D,20230711,000000,10.48,10.48,10.48,10.48,1705,0
INAQ.US,D,20230712,000000,10.475,10.475,10.47,10.47,1021,0
INAQ.US,D,20230713,000000,10.435,10.47,10.428,10.46,1813,0
INAQ.US,D,20230727,000000,10.43,10.46,10.4015,10.43,4008,0
INAQ.US,D,20230728,000000,10.43,10.5808,10.43,10.45,4718,0
INAQ.US,D,20230731,000000,10.45,10.45,10.45,10.45,6016,0
INAQ.US,D,20230801,000000,10.586,10.586,10.586,10.586,119,0
INAQ.US,D,20230803,000000,10.54,10.54,10.54,10.54,2453,0
INAQ.US,D,20230807,000000,10.45,10.58,10.45,10.53,401,0
INAQ.US,D,20230808,000000,10.5,10.56,10.4599,10.48,4904,0
INAQ.US,D,20230809,000000,10.58,10.58,10.45,10.468,1058,0
INAQ.US,D,20230810,000000,10.56,10.56,10.56,10.56,214,0
INAQ.US,D,20230815,000000,10.51,10.51,10.51,10.51,1300,0
INAQ.US,D,20230817,000000,10.51,10.51,10.51,10.51,400,0
INAQ.US,D,20230821,000000,10.51,10.52,10.51,10.52,2723,0
INAQ.US,D,20230824,000000,10.51,10.58,10.51,10.57,10502,0
INAQ.US,D,20230825,000000,10.51,10.5799,10.51,10.5799,1451,0
INAQ.US,D,20230828,000000,10.538,10.58,10.538,10.58,376,0
INAQ.US,D,20230829,000000,10.54,10.57,10.52,10.55,45402,0
INAQ.US,D,20230830,000000,10.55,10.55,10.5452,10.55,7344,0
INAQ.US,D,20230831,000000,10.55,10.73,10.5497,10.72,7268,0
INAQ.US,D,20230901,000000,10.68,10.75,10.68,10.75,400,0
INAQ.US,D,20230905,000000,10.74,10.77,10.6,10.74,551420,0
INAQ.US,D,20230906,000000,10.56,10.718,10.55,10.7,8530,0
INAQ.US,D,20230908,000000,10.7,10.7,10.6,10.7,5571,0
INAQ.US,D,20230911,000000,10.64,10.6801,10.64,10.6801,1477,0
INAQ.US,D,20230912,000000,10.68,10.7,10.68,10.7,340,0
INAQ.US,D,20230913,000000,10.7,10.7,10.7,10.7,100,0
INAQ.US,D,20230914,000000,10.7,10.7,10.58,10.6,113720,0
INAQ.US,D,20230915,000000,10.6404,10.6404,10.6404,10.6404,100,0
INAQ.US,D,20230919,000000,10.65,10.65,10.65,10.65,100,0
INAQ.US,D,20231002,000000,10.6,10.625,10.6,10.6,3744,0
INAQ.US,D,20231003,000000,10.59,10.604,10.5498,10.5499,32347,0
INAQ.US,D,20231004,000000,10.56,10.56,10.56,10.56,3000,0
INAQ.US,D,20231005,000000,10.542,10.56,10.542,10.56,301,0
INAQ.US,D,20231013,000000,10.53,10.56,10.5,10.5,51481,0
INAQ.US,D,20231016,000000,10.54,10.54,10.5,10.5,7371,0
INAQ.US,D,20231017,000000,10.55,10.55,10.55,10.55,248,0
INAQ.US,D,20231019,000000,10.55,10.55,10.55,10.55,100,0
INAQ.US,D,20231020,000000,10.549,10.55,10.549,10.55,2800,0
INAQ.US,D,20231024,000000,10.55,10.5901,10.55,10.59,18501,0
INAQ.US,D,20231106,000000,10.6,10.61,10.6,10.61,1100,0
INAQ.US,D,20231114,000000,10.61,10.65,10.61,10.65,17609,0
INAQ.US,D,20231115,000000,10.63,10.75,10.58,10.59,59515,0
INAQ.US,D,20231116,000000,10.65,10.65,10.65,10.65,410,0
INAQ.US,D,20231117,000000,10.6,10.65,10.6,10.65,550,0
INAQ.US,D,20231120,000000,10.65,10.69,10.65,10.69,305,0
INAQ.US,D,20231121,000000,10.68,10.68,10.68,10.68,672,0
INAQ.US,D,20231127,000000,10.6,10.68,10.59,10.59,28705,0
INAQ.US,D,20231128,000000,10.6152,10.62,10.6152,10.62,1367,0
INAQ.US,D,20231208,000000,10.62,10.62,10.62,10.62,102,0
INAQ.US,D,20231211,000000,10.62,10.63,10.62,10.63,701,0
INAQ.US,D,20231212,000000,10.67,10.67,10.67,10.67,179,0
INAQ.US,D,20231214,000000,10.61,10.67,10.61,10.67,322,0
INAQ.US,D,20231218,000000,10.69,10.69,10.69,10.69,110,0
INAQ.US,D,20231221,000000,10.74,10.74,10.74,10.74,125,0
INAQ.US,D,20231226,000000,10.7,10.74,10.7,10.7,1273,0
INAQ.US,D,20231227,000000,10.74,10.74,10.74,10.74,646,0
INAQ.US,D,20231229,000000,10.79,10.79,10.79,10.79,166,0
INAQ.US,D,20240103,000000,10.73,10.73,10.7,10.73,4036,0
INAQ.US,D,20240104,000000,10.76,10.76,10.7,10.7,380,0
INAQ.US,D,20240105,000000,10.74,10.74,10.74,10.74,194,0
INAQ.US,D,20240112,000000,10.7,10.73,10.7,10.73,553,0
INAQ.US,D,20240116,000000,10.7,10.7007,10.7,10.7007,2229,0
INAQ.US,D,20240117,000000,10.74,10.74,10.74,10.74,254,0
INAQ.US,D,20240118,000000,10.7284,10.74,10.6801,10.74,600,0
INAQ.US,D,20240126,000000,10.74,10.75,10.74,10.75,600,0
INAQ.US,D,20240129,000000,10.76,10.76,10.68,10.76,1547,0
INAQ.US,D,20240201,000000,10.76,10.76,10.76,10.76,157,0
INAQ.US,D,20240208,000000,10.68,10.75,10.68,10.75,284,0
INAQ.US,D,20240212,000000,10.76,10.76,10.76,10.76,141,0
INAQ.US,D,20240221,000000,10.71,10.78,10.71,10.78,1073,0
INAQ.US,D,20240222,000000,10.74,10.75,10.74,10.75,7937,0
INAQ.US,D,20240223,000000,10.77,10.77,10.77,10.77,247,0
INAQ.US,D,20240306,000000,10.74,10.77,10.74,10.77,663,0
INAQ.US,D,20240308,000000,10.74,10.77,10.74,10.77,428,0
INAQ.US,D,20240311,000000,10.77,10.77,10.77,10.77,156,0
INAQ.US,D,20240312,000000,10.77,10.77,10.77,10.77,202,0
INAQ.US,D,20240313,000000,10.77,10.77,10.77,10.77,200,0
INAQ.US,D,20240315,000000,10.75,10.77,10.75,10.77,1250,0
INAQ.US,D,20240318,000000,10.77,10.77,10.77,10.77,109,0
INAQ.US,D,20240403,000000,10.77,10.79,10.77,10.79,1453,0
INAQ.US,D,20240408,000000,10.79,10.82,10.79,10.82,10376,0
INAQ.US,D,20240409,000000,10.8294,10.89,10.825,10.89,11955,0
INAQ.US,D,20240410,000000,10.9,10.9302,10.89,10.9252,6742,0
INAQ.US,D,20240411,000000,10.95,10.95,10.83,10.89,4352,0
INAQ.US,D,20240412,000000,10.93,10.94,10.82,10.9292,760,0
INAQ.US,D,20240422,000000,10.86,10.94,10.84,10.94,555,0
INAQ.US,D,20240423,000000,10.95,10.95,10.84,10.94,4670,0
INAQ.US,D,20240425,000000,10.95,11.1,10.94,11.1,31571,0
INAQ.US,D,20240429,000000,11.1381,11.19,11.045,11.19,11332,0
INAQ.US,D,20240430,000000,11.15,11.25,11.1499,11.25,2865,0
INAQ.US,D,20240501,000000,11.43,11.43,11.43,11.43,847,0
INAQ.US,D,20240503,000000,11.43,11.43,11.43,11.43,756,0
INAQ.US,D,20240506,000000,11.43,11.75,11.43,11.5,6052,0
INAQ.US,D,20240507,000000,11.6,11.66,11.6,11.66,448,0
INAQ.US,D,20240508,000000,11.64,11.64,11.64,11.64,345,0
INAQ.US,D,20240509,000000,11.64,11.64,11.5,11.64,3452,0
INAQ.US,D,20240515,000000,11.3,11.45,11,11.25,52073,0
INAQ.US,D,20240521,000000,11.5,11.61,11.47,11.6,14741,0
INAQ.US,D,20240522,000000,11.6,11.7,11.5801,11.65,39222,0
INAQ.US,D,20240523,000000,11.65,11.65,11.61,11.61,8708,0
INAQ.US,D,20240524,000000,11.64,11.65,11.6,11.65,5617,0
INAQ.US,D,20240528,000000,11.7,11.7,11.6437,11.65,3943,0
INAQ.US,D,20240529,000000,11.65,11.6999,11.6499,11.65,19010,0
INAQ.US,D,20240530,000000,11.6497,11.65,11.63,11.63,17611,0
INAQ.US,D,20240531,000000,11.38,11.44,11.31,11.44,60069,0
INAQ.US,D,20240603,000000,11.355,11.492,11.355,11.45,5553,0
INAQ.US,D,20240604,000000,11.35,11.42,11.35,11.4,3430,0
INAQ.US,D,20240605,000000,11.35,11.55,11.35,11.44,6627,0
INAQ.US,D,20240606,000000,11.35,11.45,11.3499,11.4183,7968,0
INAQ.US,D,20240607,000000,11.45,11.55,11.45,11.55,1218,0
INAQ.US,D,20240610,000000,11.54,11.9899,11.53,11.7,93075,0
INAQ.US,D,20240611,000000,11.6513,11.76,11.53,11.595,18718,0
INAQ.US,D,20240612,000000,11.54,11.54,11.42,11.49,4920,0
INAQ.US,D,20240613,000000,11.401,11.4182,11.35,11.37,30260,0
INAQ.US,D,20240614,000000,11.4,11.4,11.37,11.375,6423,0
INAQ.US,D,20240617,000000,11.35,11.375,11.17,11.28,45543,0
INAQ.US,D,20240618,000000,11.27,11.28,11.26,11.28,458,0
INAQ.US,D,20240620,000000,11.28,11.35,11.28,11.28,1021,0
INAQ.US,D,20240624,000000,11.29,11.29,11.2874,11.2874,3140,0
INAQ.US,D,20240625,000000,11.31,11.31,11.3,11.3,4842,0
INAQ.US,D,20240627,000000,11.37,11.37,11.37,11.37,1988,0
INAQ.US,D,20240701,000000,11.3397,11.34,11.31,11.31,4819,0
INAQ.US,D,20240702,000000,11.3,11.33,11.3,11.33,722,0
INAQ.US,D,20240703,000000,11.32,11.32,11.32,11.32,5320,0
INAQ.US,D,20240705,000000,11.315,11.331,11.315,11.331,700,0
INAQ.US,D,20240708,000000,11.315,11.34,11.315,11.34,600,0
INAQ.US,D,20240709,000000,11.2965,11.34,11.2965,11.34,813,0
INAQ.US,D,20240710,000000,11.2961,11.34,11.2961,11.34,3237,0
INAQ.US,D,20240711,000000,11.27,11.3395,11.27,11.3395,1730,0
INAQ.US,D,20240715,000000,11.33,11.45,11.33,11.39,122779,0
INAQ.US,D,20240716,000000,11.38,11.5,11.36,11.4,40864,0
INAQ.US,D,20240717,000000,11.38,11.4,11.36,11.36,20612,0
INAQ.US,D,20240718,000000,11.44,11.44,11.42,11.42,543,0
INAQ.US,D,20240719,000000,11.36,11.38,11.36,11.38,4273,0
INAQ.US,D,20240722,000000,11.38,11.38,11.35,11.38,6126,0
INAQ.US,D,20240723,000000,11.3305,11.38,11.33,11.3304,8467,0
INAQ.US,D,20240724,000000,11.33,11.38,11.33,11.38,507,0
INAQ.US,D,20240729,000000,11.33,11.39,11.33,11.39,328,0
INAQ.US,D,20240730,000000,11.39,11.39,11.3808,11.3808,1134,0
INAQ.US,D,20240731,000000,11.35,11.36,11.35,11.36,12002,0
INAQ.US,D,20240802,000000,11.3335,11.35,11.3,11.3072,4321,0
INAQ.US,D,20240805,000000,11.332,11.35,11.292,11.3,16059,0
INAQ.US,D,20240806,000000,11.36,11.38,11.345,11.37,18008,0
INAQ.US,D,20240807,000000,11.33,11.34,11.33,11.33,2785,0
INAQ.US,D,20240808,000000,11.3373,11.3373,11.3373,11.3373,1000,0
INAQ.US,D,20240809,000000,11.34,11.34,11.34,11.34,500,0
INAQ.US,D,20240813,000000,11.33,11.33,11.33,11.33,172,0
INAQ.US,D,20240814,000000,11.33,11.34,11.3,11.33,24005,0
INAQ.US,D,20240815,000000,11.3,11.35,11.3,11.3,14066,0
INAQ.US,D,20240819,000000,11.3,11.3,11.3,11.3,1849,0
INAQ.US,D,20240820,000000,11.3,11.3,11.3,11.3,195,0
INAQ.US,D,20240823,000000,11.3004,11.3004,11.3004,11.3004,195,0
INAQ.US,D,20240826,000000,11.3,11.3,11.3,11.3,271,0
INAQ.US,D,20240828,000000,11.32,11.32,11.32,11.32,121,0
INAQ.US,D,20240829,000000,11.3,11.3,11.3,11.3,134,0
INAQ.US,D,20240910,000000,11.3,11.3,11.3,11.3,889,0
INAQ.US,D,20240916,000000,11.28,11.28,11.28,11.28,536,0
INAQ.US,D,20240919,000000,11.33,11.33,11.33,11.33,1288,0
INAQ.US,D,20240923,000000,11.3238,11.3238,11.3238,11.3238,318,0
INAQ.US,D,20240930,000000,11.33,11.33,11.33,11.33,136,0
INAQ.US,D,20241001,000000,11.37,11.39,11.36,11.39,56880,0
INAQ.US,D,20241002,000000,11.4428,11.7,11.39,11.6175,41286,0
INAQ.US,D,20241003,000000,11.46,11.94,11.42,11.67,51347,0
INAQ.US,D,20241004,000000,11.61,11.68,11.6,11.6,1784,0
INAQ.US,D,20241007,000000,11.49,11.55,11.49,11.54,500,0
INAQ.US,D,20241008,000000,11.42,11.55,11.41,11.55,2912,0
INAQ.US,D,20241009,000000,11.53,11.66,11.44,11.66,4467,0
INAQ.US,D,20241010,000000,11.63,11.87,11.41,11.49,12200,0
INAQ.US,D,20241011,000000,11.5,11.5,11.42,11.46,2493,0
INAQ.US,D,20241014,000000,11.49,11.5,11.49,11.49,2646,0
INAQ.US,D,20241015,000000,11.5,11.6,11.5,11.6,1319,0
INAQ.US,D,20241016,000000,11.6,11.6,11.5,11.6,971,0
INAQ.US,D,20241017,000000,11.64,11.7,11.6,11.65,1970,0
INAQ.US,D,20241018,000000,11.6001,11.65,11.56,11.56,1147,0
INAQ.US,D,20241021,000000,11.73,11.73,11.55,11.56,665,0
INAQ.US,D,20241022,000000,11.72,11.72,11.47,11.62,409,0
INAQ.US,D,20241023,000000,11.54,11.54,11.54,11.54,229,0
INAQ.US,D,20241024,000000,11.462,11.61,11.46,11.47,2110,0
INAQ.US,D,20241025,000000,11.645,11.67,11.5,11.67,872,0
INAQ.US,D,20241029,000000,11.77,11.79,11.69,11.78,4603,0
