<TICKER>,<PER>,<DATE>,<TIME>,<OPEN>,<HIGH>,<LOW>,<CLOSE>,<VOL>,<OPENINT>
IPXXU.US,D,20230526,000000,10.07,10.09,10.06,10.06,612690,0
IPXXU.US,D,20230530,000000,10.08,10.09,10.08,10.09,85935,0
IPXXU.US,D,20230531,000000,10.08,10.09,10.08,10.08,112581,0
IPXXU.US,D,20230601,000000,10.09,10.09,10.09,10.09,1320,0
IPXXU.US,D,20230602,000000,10.085,10.09,10.08,10.09,789249,0
IPXXU.US,D,20230605,000000,10.1,10.11,10.1,10.105,117992,0
IPXXU.US,D,20230606,000000,10.11,10.11,10.1,10.1093,120845,0
IPXXU.US,D,20230607,000000,10.0802,10.1,10.0802,10.1,2607,0
IPXXU.US,D,20230608,000000,10.0912,10.12,10.08,10.12,6880,0
IPXXU.US,D,20230609,000000,10.1,10.12,10.1,10.12,7952,0
IPXXU.US,D,20230612,000000,10.1098,10.12,10.1,10.1,326344,0
IPXXU.US,D,20230613,000000,10.11,10.11,10.11,10.11,469,0
IPXXU.US,D,20230614,000000,10.1,10.12,10.1,10.12,2197,0
IPXXU.US,D,20230615,000000,10.1122,10.12,10.1,10.12,3425,0
IPXXU.US,D,20230616,000000,10.1,10.11,10.1,10.1,1314,0
IPXXU.US,D,20230620,000000,10.1,10.12,10.1,10.11,315401,0
IPXXU.US,D,20230621,000000,10.11,10.11,10.11,10.11,541,0
IPXXU.US,D,20230622,000000,10.1,10.11,10.1,10.1075,1250,0
IPXXU.US,D,20230623,000000,10.1,10.11,10.1,10.11,2767,0
IPXXU.US,D,20230626,000000,10.1,10.1,10.1,10.1,187,0
IPXXU.US,D,20230628,000000,10.1,10.1198,10.1,10.1198,7541,0
IPXXU.US,D,20230629,000000,10.1189,10.12,10.1189,10.1199,1120,0
IPXXU.US,D,20230630,000000,10.12,10.12,10.1,10.12,100661,0
IPXXU.US,D,20230703,000000,10.15,10.15,10.1144,10.1144,54048,0
IPXXU.US,D,20230705,000000,10.11,10.15,10.1,10.15,927,0
IPXXU.US,D,20230706,000000,10.15,10.15,10.15,10.15,505,0
IPXXU.US,D,20230710,000000,10.14,10.14,10.14,10.14,335,0
IPXXU.US,D,20230712,000000,10.14,10.14,10.1196,10.1196,1613,0
IPXXU.US,D,20230713,000000,10.12,10.2,10.12,10.1255,269942,0
IPXXU.US,D,20230717,000000,10.12,10.3,10.12,10.245,3556,0
IPXXU.US,D,20230718,000000,10.29,10.29,10.2,10.23,1104,0
IPXXU.US,D,20230719,000000,10.18,10.18,10.18,10.18,313,0
IPXXU.US,D,20230720,000000,10.1801,10.19,10.18,10.18,768,0
IPXXU.US,D,20230721,000000,10.17,10.17,10.17,10.17,474,0
IPXXU.US,D,20230724,000000,10.25,10.25,10.2,10.2,917,0
IPXXU.US,D,20230725,000000,10.2,10.2,10.19,10.2,54133,0
IPXXU.US,D,20230726,000000,10.2,10.2,10.2,10.2,500,0
IPXXU.US,D,20230727,000000,10.21,10.21,10.21,10.21,553,0
IPXXU.US,D,20230728,000000,10.2,10.28,10.2,10.28,3000,0
IPXXU.US,D,20230802,000000,10.2,10.2,10.2,10.2,11097,0
IPXXU.US,D,20230803,000000,10.2,10.2,10.2,10.2,375,0
IPXXU.US,D,20230807,000000,10.2,10.2,10.2,10.2,4012,0
IPXXU.US,D,20230808,000000,10.2,10.2501,10.2,10.25,1940,0
IPXXU.US,D,20230810,000000,10.22,10.22,10.21,10.22,71819,0
IPXXU.US,D,20230814,000000,10.22,10.2532,10.22,10.2532,3600,0
IPXXU.US,D,20230816,000000,10.28,10.28,10.28,10.28,411,0
IPXXU.US,D,20230817,000000,10.29,10.34,10.19,10.19,16592,0
IPXXU.US,D,20230825,000000,10.24,10.24,10.24,10.24,108,0
IPXXU.US,D,20230828,000000,10.22,10.22,10.22,10.22,125,0
IPXXU.US,D,20230829,000000,10.22,10.22,10.22,10.22,549,0
IPXXU.US,D,20230830,000000,10.22,10.22,10.22,10.22,350,0
IPXXU.US,D,20230905,000000,10.25,10.25,10.25,10.25,1883,0
IPXXU.US,D,20230906,000000,10.3,10.3,10.3,10.3,856,0
IPXXU.US,D,20230907,000000,10.28,10.29,10.28,10.29,200,0
IPXXU.US,D,20230913,000000,10.25,10.25,10.25,10.25,362,0
IPXXU.US,D,20230914,000000,10.25,10.25,10.25,10.25,1600,0
IPXXU.US,D,20230915,000000,10.28,10.28,10.28,10.28,294,0
IPXXU.US,D,20230919,000000,10.785,10.8641,10.785,10.8641,651,0
IPXXU.US,D,20230922,000000,10.62,10.62,10.62,10.62,307,0
IPXXU.US,D,20230925,000000,10.31,10.31,10.31,10.31,104,0
IPXXU.US,D,20230926,000000,10.29,10.29,10.29,10.29,1082,0
IPXXU.US,D,20230929,000000,10.36,10.36,10.36,10.36,468,0
IPXXU.US,D,20231002,000000,10.4408,10.4408,10.34,10.35,942,0
IPXXU.US,D,20231003,000000,10.36,10.36,10.3,10.3,4596,0
IPXXU.US,D,20231004,000000,10.36,10.36,10.31,10.31,566,0
IPXXU.US,D,20231006,000000,11.14,11.14,10.3,10.3,26094,0
IPXXU.US,D,20231009,000000,10.3,10.3,10.3,10.3,225,0
IPXXU.US,D,20231010,000000,10.35,10.35,10.35,10.35,470,0
IPXXU.US,D,20231011,000000,10.37,10.37,10.37,10.37,166,0
IPXXU.US,D,20231016,000000,10.26,10.26,10.26,10.26,200,0
IPXXU.US,D,20231024,000000,10.3,10.3,10.3,10.3,104,0
IPXXU.US,D,20231025,000000,10.3,10.3,10.28,10.28,223,0
IPXXU.US,D,20231102,000000,10.3,10.3,10.26,10.26,3175,0
IPXXU.US,D,20231103,000000,10.31,10.31,10.31,10.31,111,0
IPXXU.US,D,20231106,000000,10.31,10.31,10.31,10.31,104,0
IPXXU.US,D,20231107,000000,10.31,10.31,10.31,10.31,106,0
IPXXU.US,D,20231108,000000,10.31,10.31,10.31,10.31,106,0
IPXXU.US,D,20231109,000000,10.31,10.31,10.31,10.31,103,0
IPXXU.US,D,20231110,000000,10.31,10.31,10.31,10.31,105,0
IPXXU.US,D,20231113,000000,10.31,10.31,10.31,10.31,106,0
IPXXU.US,D,20231114,000000,10.31,10.31,10.31,10.31,169,0
IPXXU.US,D,20231117,000000,10.32,10.32,10.32,10.32,861,0
IPXXU.US,D,20231120,000000,10.32,10.32,10.32,10.32,352,0
IPXXU.US,D,20231124,000000,10.35,10.35,10.35,10.35,300,0
IPXXU.US,D,20231129,000000,10.34,10.34,10.34,10.34,105,0
IPXXU.US,D,20231130,000000,10.34,10.34,10.34,10.34,105,0
IPXXU.US,D,20231201,000000,10.35,10.35,10.35,10.35,100,0
IPXXU.US,D,20231204,000000,10.35,10.35,10.35,10.35,108,0
IPXXU.US,D,20231205,000000,10.35,10.35,10.35,10.35,108,0
IPXXU.US,D,20231206,000000,10.35,10.35,10.35,10.35,104,0
IPXXU.US,D,20231207,000000,10.35,10.35,10.35,10.35,104,0
IPXXU.US,D,20231208,000000,10.38,10.38,10.35,10.35,312,0
IPXXU.US,D,20231213,000000,10.37,10.37,10.35,10.35,1600,0
IPXXU.US,D,20231218,000000,10.4,10.4,10.4,10.4,401,0
IPXXU.US,D,20231221,000000,10.4,10.4,10.37,10.37,745,0
IPXXU.US,D,20231222,000000,10.41,10.41,10.41,10.41,200,0
IPXXU.US,D,20231227,000000,10.35,10.35,10.35,10.35,1860,0
IPXXU.US,D,20231229,000000,10.37,10.39,10.33,10.37,8265,0
IPXXU.US,D,20240109,000000,10.36,10.4,10.36,10.39,1474,0
IPXXU.US,D,20240110,000000,10.39,10.39,10.39,10.39,112,0
IPXXU.US,D,20240111,000000,10.39,10.39,10.39,10.39,100,0
IPXXU.US,D,20240112,000000,10.39,10.39,10.39,10.39,100,0
IPXXU.US,D,20240116,000000,10.38,10.38,10.38,10.38,100,0
IPXXU.US,D,20240117,000000,10.39,10.39,10.39,10.39,100,0
IPXXU.US,D,20240118,000000,10.37,10.37,10.37,10.37,100,0
IPXXU.US,D,20240119,000000,10.39,10.39,10.39,10.39,100,0
IPXXU.US,D,20240122,000000,10.39,10.39,10.39,10.39,205,0
IPXXU.US,D,20240130,000000,10.43,10.43,10.43,10.43,100,0
IPXXU.US,D,20240131,000000,10.43,10.43,10.43,10.43,100,0
IPXXU.US,D,20240201,000000,10.43,10.43,10.43,10.43,104,0
IPXXU.US,D,20240202,000000,10.43,10.43,10.43,10.43,100,0
IPXXU.US,D,20240205,000000,10.43,10.43,10.43,10.43,104,0
IPXXU.US,D,20240206,000000,10.41,10.43,10.41,10.43,620,0
IPXXU.US,D,20240214,000000,10.43,10.43,10.43,10.43,300,0
IPXXU.US,D,20240215,000000,10.43,10.44,10.43,10.44,420,0
IPXXU.US,D,20240226,000000,10.55,10.55,10.47,10.47,1277,0
IPXXU.US,D,20240229,000000,10.46,10.46,10.46,10.46,100,0
IPXXU.US,D,20240301,000000,10.48,10.48,10.48,10.48,25000,0
IPXXU.US,D,20240311,000000,10.49,10.49,10.49,10.49,100,0
IPXXU.US,D,20240312,000000,10.5,10.5,10.5,10.5,100,0
IPXXU.US,D,20240313,000000,10.52,10.52,10.52,10.52,100,0
IPXXU.US,D,20240314,000000,10.54,10.54,10.54,10.54,100,0
IPXXU.US,D,20240315,000000,10.51,10.51,10.51,10.51,100,0
IPXXU.US,D,20240318,000000,10.53,10.53,10.53,10.53,100,0
IPXXU.US,D,20240319,000000,10.54,10.54,10.54,10.54,100,0
IPXXU.US,D,20240321,000000,10.52,10.52,10.52,10.52,100,0
IPXXU.US,D,20240322,000000,10.5,10.5,10.5,10.5,100,0
IPXXU.US,D,20240326,000000,10.5,10.5,10.5,10.5,100,0
IPXXU.US,D,20240401,000000,10.51,10.51,10.51,10.51,102,0
IPXXU.US,D,20240402,000000,10.51,10.51,10.51,10.51,100,0
IPXXU.US,D,20240403,000000,10.51,10.51,10.51,10.51,100,0
IPXXU.US,D,20240405,000000,10.52,10.53,10.52,10.53,922,0
IPXXU.US,D,20240409,000000,10.65,10.65,10.53,10.53,784,0
IPXXU.US,D,20240417,000000,10.57,10.57,10.57,10.57,100,0
IPXXU.US,D,20240418,000000,10.56,10.56,10.56,10.56,100,0
IPXXU.US,D,20240419,000000,10.55,10.55,10.55,10.55,100,0
IPXXU.US,D,20240422,000000,10.61,10.65,10.58,10.58,830,0
IPXXU.US,D,20240426,000000,10.57,10.57,10.57,10.57,401,0
IPXXU.US,D,20240430,000000,10.52,10.52,10.52,10.52,100,0
IPXXU.US,D,20240501,000000,10.56,10.56,10.56,10.56,100,0
IPXXU.US,D,20240502,000000,10.53,10.53,10.53,10.53,100,0
IPXXU.US,D,20240503,000000,10.55,10.55,10.55,10.55,100,0
IPXXU.US,D,20240506,000000,10.55,10.55,10.55,10.55,100,0
IPXXU.US,D,20240507,000000,10.54,10.54,10.54,10.54,100,0
IPXXU.US,D,20240508,000000,10.46,10.46,10.46,10.46,100,0
IPXXU.US,D,20240509,000000,10.54,10.54,10.54,10.54,100,0
IPXXU.US,D,20240510,000000,11.37,11.37,10.5,10.5,595,0
IPXXU.US,D,20240520,000000,10.55,10.55,10.55,10.55,100,0
IPXXU.US,D,20240521,000000,10.55,10.55,10.51,10.51,620,0
IPXXU.US,D,20240523,000000,10.5,10.5,10.5,10.5,200,0
IPXXU.US,D,20240604,000000,10.55,10.57,10.55,10.57,601,0
IPXXU.US,D,20240605,000000,10.56,10.56,10.56,10.56,100,0
IPXXU.US,D,20240606,000000,10.57,10.57,10.57,10.57,100,0
IPXXU.US,D,20240607,000000,10.57,10.57,10.57,10.57,100,0
IPXXU.US,D,20240610,000000,10.59,10.59,10.59,10.59,100,0
IPXXU.US,D,20240611,000000,10.6,10.6,10.6,10.6,100,0
IPXXU.US,D,20240612,000000,10.58,10.58,10.58,10.58,100,0
IPXXU.US,D,20240613,000000,10.58,10.58,10.58,10.58,100,0
IPXXU.US,D,20240614,000000,10.57,10.57,10.57,10.57,100,0
IPXXU.US,D,20240617,000000,10.58,10.58,10.58,10.58,100,0
IPXXU.US,D,20240618,000000,10.58,10.58,10.58,10.58,100,0
IPXXU.US,D,20240620,000000,10.55,10.55,10.55,10.55,100,0
IPXXU.US,D,20240621,000000,10.55,10.55,10.55,10.55,100,0
IPXXU.US,D,20240625,000000,10.6,10.6,10.6,10.6,100,0
IPXXU.US,D,20240626,000000,10.6,10.6,10.6,10.6,100,0
IPXXU.US,D,20240701,000000,10.63,10.63,10.63,10.63,100,0
IPXXU.US,D,20240702,000000,10.63,10.63,10.63,10.63,100,0
IPXXU.US,D,20240705,000000,10.63,10.63,10.63,10.63,100,0
IPXXU.US,D,20240710,000000,10.63,10.63,10.63,10.63,100,0
IPXXU.US,D,20240711,000000,10.63,10.63,10.63,10.63,100,0
IPXXU.US,D,20240712,000000,10.63,10.63,10.63,10.63,100,0
IPXXU.US,D,20240716,000000,10.65,10.65,10.65,10.65,100,0
IPXXU.US,D,20240722,000000,10.65,10.65,10.65,10.65,100,0
IPXXU.US,D,20240723,000000,10.65,10.65,10.65,10.65,100,0
IPXXU.US,D,20240724,000000,10.64,10.64,10.64,10.64,514,0
IPXXU.US,D,20240726,000000,10.65,10.6734,10.63,10.66,2719,0
IPXXU.US,D,20240802,000000,10.74,10.74,10.66,10.66,300,0
IPXXU.US,D,20240805,000000,10.75,10.92,10.68,10.68,2111,0
IPXXU.US,D,20240806,000000,10.85,10.85,10.5,10.6,1268,0
IPXXU.US,D,20240807,000000,10.66,10.66,10.66,10.66,408,0
IPXXU.US,D,20240815,000000,10.8663,10.8663,10.8663,10.8663,475,0
IPXXU.US,D,20240822,000000,10.85,10.85,10.85,10.85,116384,0
IPXXU.US,D,20240826,000000,10.8,10.96,10.8,10.8,617,0
IPXXU.US,D,20240827,000000,10.76,10.76,10.76,10.76,182,0
IPXXU.US,D,20240828,000000,10.77,10.77,10.77,10.77,128,0
IPXXU.US,D,20240829,000000,10.77,10.77,10.77,10.77,310,0
IPXXU.US,D,20240830,000000,10.75,10.75,10.72,10.75,600,0
IPXXU.US,D,20240923,000000,10.79,10.79,10.79,10.79,200,0
IPXXU.US,D,20240925,000000,10.83,10.83,10.83,10.83,100,0
IPXXU.US,D,20240926,000000,10.8,10.8,10.8,10.8,500,0
IPXXU.US,D,20241002,000000,10.83,10.83,10.83,10.83,100,0
IPXXU.US,D,20241004,000000,10.84,10.915,10.83,10.83,988,0
IPXXU.US,D,20241010,000000,10.83,10.83,10.83,10.83,20510,0
IPXXU.US,D,20241014,000000,10.86,10.902,10.86,10.86,5500,0
