<TICKER>,<PER>,<DATE>,<TIME>,<OPEN>,<HIGH>,<LOW>,<CLOSE>,<VOL>,<OPENINT>
IVDA.US,D,20220404,000000,3.58,3.58,3.08,3.23,598144,0
IVDA.US,D,20220405,000000,3.31,3.54,2.65,3.06,2206422,0
IVDA.US,D,20220406,000000,3.71,3.82,2.77,3.03,6707570,0
IVDA.US,D,20220407,000000,2.74,2.74,2.28,2.35,846366,0
IVDA.US,D,20220408,000000,2.2,2.3099,2.09,2.18,430567,0
IVDA.US,D,20220411,000000,3.05,4.87,2.82,3.06,54824945,0
IVDA.US,D,20220412,000000,2.69,2.7299,2.31,2.47,1692367,0
IVDA.US,D,20220413,000000,2.2,2.36,2.19,2.21,623805,0
IVDA.US,D,20220414,000000,2.24,2.24,2.07,2.09,277964,0
IVDA.US,D,20220418,000000,2.3,2.98,2.15,2.54,4523732,0
IVDA.US,D,20220419,000000,2.21,2.58,2.21,2.57,446033,0
IVDA.US,D,20220420,000000,2.44,2.53,2.42,2.5,121994,0
IVDA.US,D,20220421,000000,2.52,2.56,2.27,2.3097,157392,0
IVDA.US,D,20220422,000000,2.27,2.3076,2.25,2.28,45338,0
IVDA.US,D,20220425,000000,2.25,2.29,2.04,2.09,190287,0
IVDA.US,D,20220426,000000,2.35,2.35,2.04,2.08,173841,0
IVDA.US,D,20220427,000000,2.08,2.15,1.77,1.81,299662,0
IVDA.US,D,20220428,000000,1.83,1.85,1.74,1.77,196907,0
IVDA.US,D,20220429,000000,1.76,1.84,1.72,1.82,400121,0
IVDA.US,D,20220502,000000,1.76,1.78,1.54,1.57,180766,0
IVDA.US,D,20220503,000000,1.55,1.5783,1.53,1.56,61542,0
IVDA.US,D,20220504,000000,1.73,1.8,1.59,1.72,291691,0
IVDA.US,D,20220505,000000,1.71,1.71,1.4706,1.52,252824,0
IVDA.US,D,20220506,000000,1.53,1.54,1.48,1.5,44064,0
IVDA.US,D,20220509,000000,1.5,1.525,1.3,1.31,96742,0
IVDA.US,D,20220510,000000,1.37,1.37,1.14,1.22,128056,0
IVDA.US,D,20220511,000000,1.21,1.21,0.9709,1.12,159872,0
IVDA.US,D,20220512,000000,1.09,1.09,1.0187,1.07,19774,0
IVDA.US,D,20220513,000000,1.0701,1.29,1.0701,1.239,57391,0
IVDA.US,D,20220516,000000,1.27,1.28,1.2,1.21,30876,0
IVDA.US,D,20220517,000000,1.3,1.3,1.22,1.28,28241,0
IVDA.US,D,20220518,000000,1.55,1.57,1.24,1.45,99703,0
IVDA.US,D,20220519,000000,1.42,1.45,1.34,1.34,49395,0
IVDA.US,D,20220520,000000,1.31,1.505,1.31,1.5,93981,0
IVDA.US,D,20220523,000000,1.33,1.529,1.33,1.47,57124,0
IVDA.US,D,20220524,000000,1.43,1.54,1.4,1.4009,14864,0
IVDA.US,D,20220525,000000,1.35,1.4699,1.35,1.3822,24867,0
IVDA.US,D,20220526,000000,1.26,1.6099,1.26,1.49,64373,0
IVDA.US,D,20220527,000000,1.4399,1.5758,1.3656,1.51,8260,0
IVDA.US,D,20220531,000000,1.44,1.5438,1.44,1.5,23249,0
IVDA.US,D,20220601,000000,1.4101,1.55,1.4101,1.47,9782,0
IVDA.US,D,20220602,000000,1.55,1.7,1.52,1.69,51240,0
IVDA.US,D,20220603,000000,1.7,1.7099,1.4981,1.6,28796,0
IVDA.US,D,20220606,000000,1.55,1.6,1.47,1.48,31891,0
IVDA.US,D,20220607,000000,1.5,1.5,1.33,1.5,32124,0
IVDA.US,D,20220608,000000,1.66,1.66,1.42,1.46,27157,0
IVDA.US,D,20220609,000000,1.6,1.69,1.4627,1.68,55348,0
IVDA.US,D,20220610,000000,1.68,1.75,1.51,1.74,41489,0
IVDA.US,D,20220613,000000,1.58,1.65,1.4801,1.49,22320,0
IVDA.US,D,20220614,000000,1.45,1.55,1.38,1.46,16445,0
IVDA.US,D,20220615,000000,1.39,1.58,1.3,1.42,26741,0
IVDA.US,D,20220616,000000,1.5594,1.5594,1.37,1.45,14398,0
IVDA.US,D,20220617,000000,1.45,1.5,1.26,1.26,31809,0
IVDA.US,D,20220621,000000,1.27,1.3836,1.27,1.29,12068,0
IVDA.US,D,20220622,000000,1.28,1.32,1.26,1.26,9896,0
IVDA.US,D,20220623,000000,1.22,1.347,1.22,1.22,5582,0
IVDA.US,D,20220624,000000,1.23,1.255,1.19,1.2,34799,0
IVDA.US,D,20220627,000000,1.21,1.4093,1.21,1.27,51924,0
IVDA.US,D,20220628,000000,1.45,1.55,1.32,1.52,70646,0
IVDA.US,D,20220629,000000,1.5,1.5,1.36,1.45,11291,0
IVDA.US,D,20220630,000000,1.37,1.4099,1.2501,1.32,28603,0
IVDA.US,D,20220701,000000,1.28,1.45,1.28,1.4,2958,0
IVDA.US,D,20220705,000000,1.45,1.45,1.29,1.3,24600,0
IVDA.US,D,20220706,000000,1.29,1.375,1.22,1.23,25781,0
IVDA.US,D,20220707,000000,1.28,1.3777,1.25,1.3,10257,0
IVDA.US,D,20220708,000000,1.31,1.351,1.2632,1.27,22561,0
IVDA.US,D,20220711,000000,1.25,1.25,1.22,1.23,10614,0
IVDA.US,D,20220712,000000,1.21,1.25,1.21,1.24,7285,0
IVDA.US,D,20220713,000000,1.22,1.25,1.21,1.23,7419,0
IVDA.US,D,20220714,000000,1.21,1.25,1.17,1.24,38203,0
IVDA.US,D,20220715,000000,1.221,1.2444,1.19,1.23,8387,0
IVDA.US,D,20220718,000000,1.2,1.22,1.17,1.2,16623,0
IVDA.US,D,20220719,000000,1.21,1.22,1.18,1.2,8480,0
IVDA.US,D,20220720,000000,1.18,1.1916,1.13,1.18,15563,0
IVDA.US,D,20220721,000000,1.17,1.2,1.15,1.16,10946,0
IVDA.US,D,20220722,000000,1.13,1.2,1.11,1.16,18741,0
IVDA.US,D,20220725,000000,1.15,1.16,1.11,1.135,5910,0
IVDA.US,D,20220726,000000,1.12,1.2,1.08,1.19,118025,0
IVDA.US,D,20220727,000000,1.2,1.2897,1.09,1.2,83566,0
IVDA.US,D,20220728,000000,1.125,1.19,1.11,1.19,23035,0
IVDA.US,D,20220729,000000,1.19,1.25,1.1501,1.22,39775,0
IVDA.US,D,20220801,000000,1.23,1.28,1.19,1.28,19962,0
IVDA.US,D,20220802,000000,1.23,1.29,1.1401,1.26,44378,0
IVDA.US,D,20220803,000000,1.2599,1.2666,1.2159,1.26,43236,0
IVDA.US,D,20220804,000000,1.34,1.54,1.183,1.33,166512,0
IVDA.US,D,20220805,000000,1.2501,1.45,1.18,1.33,280466,0
IVDA.US,D,20220808,000000,1.581,2.13,1.51,1.78,18689263,0
IVDA.US,D,20220809,000000,1.55,1.61,1.27,1.4,909283,0
IVDA.US,D,20220810,000000,1.35,1.38,1.25,1.36,193023,0
IVDA.US,D,20220811,000000,1.32,1.35,1.23,1.25,132822,0
IVDA.US,D,20220812,000000,1.31,1.31,1.17,1.21,128199,0
IVDA.US,D,20220815,000000,1.2,1.35,1.2,1.25,172340,0
IVDA.US,D,20220816,000000,1.24,1.3,1.22,1.26,75490,0
IVDA.US,D,20220817,000000,1.29,1.38,1.27,1.31,54986,0
IVDA.US,D,20220818,000000,1.36,1.37,1.24,1.24,53333,0
IVDA.US,D,20220819,000000,1.27,1.2899,1.2,1.21,37977,0
IVDA.US,D,20220822,000000,1.26,1.26,1.2,1.2,27829,0
IVDA.US,D,20220823,000000,1.21,1.25,1.2,1.2,21501,0
IVDA.US,D,20220824,000000,1.19,1.2201,1.1511,1.16,92899,0
IVDA.US,D,20220825,000000,1.15,1.27,1.15,1.19,116219,0
IVDA.US,D,20220826,000000,1.19,1.26,1.16,1.18,20375,0
IVDA.US,D,20220829,000000,1.15,1.2499,1.15,1.2,86640,0
IVDA.US,D,20220830,000000,1.2,1.22,1.18,1.21,28639,0
IVDA.US,D,20220831,000000,1.24,1.2454,1.18,1.22,55892,0
IVDA.US,D,20220901,000000,1.19,1.21,1,1.08,161206,0
IVDA.US,D,20220902,000000,1.0916,1.11,1.05,1.05,19847,0
IVDA.US,D,20220906,000000,1.05,1.05,0.88,0.9765,86474,0
IVDA.US,D,20220907,000000,0.9731,0.9731,0.9,0.938,35033,0
IVDA.US,D,20220908,000000,0.95,0.998,0.88,0.9,40013,0
IVDA.US,D,20220909,000000,0.9235,0.9358,0.8702,0.9271,22222,0
IVDA.US,D,20220912,000000,0.9359,0.94989,0.91,0.93,10831,0
IVDA.US,D,20220913,000000,0.86,0.92,0.86,0.9023,7078,0
IVDA.US,D,20220914,000000,0.91,0.93,0.81,0.8601,30882,0
IVDA.US,D,20220915,000000,0.874951,0.9849,0.8701,0.8953,41076,0
IVDA.US,D,20220916,000000,0.86,0.96,0.86,0.918,39703,0
IVDA.US,D,20220919,000000,0.92,0.92,0.7592,0.7592,70803,0
IVDA.US,D,20220920,000000,0.8,0.809699,0.7111,0.755,48432,0
IVDA.US,D,20220921,000000,0.7601,0.7947,0.72,0.72,12218,0
IVDA.US,D,20220922,000000,0.75,0.750799,0.6,0.6,61083,0
IVDA.US,D,20220923,000000,0.61,0.665446,0.47,0.5318,106218,0
IVDA.US,D,20220926,000000,0.52,0.6226,0.511,0.5639,150154,0
IVDA.US,D,20220927,000000,0.547,0.5487,0.52,0.5395,12457,0
IVDA.US,D,20220928,000000,0.52,0.725,0.5199,0.67,45276,0
IVDA.US,D,20220929,000000,0.67,0.67,0.55,0.6099,31583,0
IVDA.US,D,20220930,000000,0.6099,0.67,0.6099,0.65,13803,0
IVDA.US,D,20221003,000000,0.66,0.66,0.54,0.54,32058,0
IVDA.US,D,20221004,000000,0.6199,0.6199,0.5516,0.5894,22435,0
IVDA.US,D,20221005,000000,0.6188,0.6479,0.5821,0.6132,45896,0
IVDA.US,D,20221006,000000,0.61,0.6399,0.5999,0.635,12867,0
IVDA.US,D,20221007,000000,0.67,0.6915,0.62,0.6275,54017,0
IVDA.US,D,20221010,000000,0.624,0.6984,0.6001,0.6299,72349,0
IVDA.US,D,20221011,000000,0.6001,0.6699,0.6001,0.65,26884,0
IVDA.US,D,20221012,000000,0.6306,0.66,0.6006,0.6314,18318,0
IVDA.US,D,20221013,000000,0.6305,0.7773,0.6305,0.7348,135758,0
IVDA.US,D,20221014,000000,0.74,0.79,0.7299,0.7898,127161,0
IVDA.US,D,20221017,000000,0.9001,0.96,0.74,0.75,904714,0
IVDA.US,D,20221018,000000,0.8,0.807999,0.64,0.7056,234704,0
IVDA.US,D,20221019,000000,0.7,0.7464,0.67,0.739201,114356,0
IVDA.US,D,20221020,000000,0.7393,0.77,0.6706,0.7477,158113,0
IVDA.US,D,20221021,000000,0.724315,0.78,0.7003,0.738,91766,0
IVDA.US,D,20221024,000000,0.7266,0.738,0.616,0.6786,90671,0
IVDA.US,D,20221025,000000,0.66,0.6939,0.6138,0.679699,112973,0
IVDA.US,D,20221026,000000,0.6111,0.666,0.6016,0.609899,82900,0
IVDA.US,D,20221027,000000,0.636,0.642,0.5611,0.5638,62354,0
IVDA.US,D,20221028,000000,0.552,0.608,0.5305,0.5668,95726,0
IVDA.US,D,20221031,000000,0.5951,0.62,0.5441,0.6179,57330,0
IVDA.US,D,20221101,000000,0.6179,0.739799,0.5217,0.6926,149833,0
IVDA.US,D,20221102,000000,0.7,0.73,0.6499,0.705,52525,0
IVDA.US,D,20221103,000000,0.7051,0.7299,0.68,0.68,48824,0
IVDA.US,D,20221104,000000,0.7,0.71,0.6815,0.7,13349,0
IVDA.US,D,20221107,000000,0.7,0.7001,0.65,0.66,20002,0
IVDA.US,D,20221108,000000,0.682101,0.7138,0.635,0.667399,55531,0
IVDA.US,D,20221109,000000,0.67,0.7099,0.6499,0.655,28520,0
IVDA.US,D,20221110,000000,0.7,0.7,0.65415,0.67,39918,0
IVDA.US,D,20221111,000000,0.7,0.7,0.6655,0.7,37251,0
IVDA.US,D,20221114,000000,0.7,0.72,0.6901,0.7185,68499,0
IVDA.US,D,20221115,000000,0.7,0.72,0.661071,0.6699,46449,0
IVDA.US,D,20221116,000000,0.69,0.6928,0.655051,0.6796,27314,0
IVDA.US,D,20221117,000000,0.64,0.695,0.63,0.670001,39280,0
IVDA.US,D,20221118,000000,0.669899,0.7,0.63,0.6925,21826,0
IVDA.US,D,20221121,000000,0.65,0.7,0.6482,0.65,28771,0
IVDA.US,D,20221122,000000,0.65,0.69,0.65,0.6525,54363,0
IVDA.US,D,20221123,000000,0.682,0.688699,0.631101,0.6336,59036,0
IVDA.US,D,20221125,000000,0.6652,0.679999,0.621,0.634999,10256,0
IVDA.US,D,20221128,000000,0.64,0.64,0.6,0.6001,53333,0
IVDA.US,D,20221129,000000,0.5623,0.5986,0.5021,0.5321,94271,0
IVDA.US,D,20221130,000000,0.55,0.5511,0.5114,0.55,42240,0
IVDA.US,D,20221201,000000,0.55,0.55,0.501,0.5366,39826,0
IVDA.US,D,20221202,000000,0.55,0.5798,0.509899,0.5666,159797,0
IVDA.US,D,20221205,000000,0.6259,0.7221,0.5795,0.68765,296740,0
IVDA.US,D,20221206,000000,0.697501,0.722,0.655,0.6977,151998,0
IVDA.US,D,20221207,000000,0.6379,0.72,0.611001,0.6863,24246,0
IVDA.US,D,20221208,000000,0.635001,0.7,0.635001,0.698,16181,0
IVDA.US,D,20221209,000000,0.702541,0.7099,0.662499,0.6771,83591,0
IVDA.US,D,20221212,000000,0.6771,0.7199,0.65,0.7,68891,0
IVDA.US,D,20221213,000000,0.69535,0.7476,0.6534,0.7202,144972,0
IVDA.US,D,20221214,000000,0.74,0.809,0.71,0.7823,644832,0
IVDA.US,D,20221215,000000,0.78,0.88,0.7,0.8588,1453499,0
IVDA.US,D,20221216,000000,0.92,1,0.5801,0.64,3864204,0
IVDA.US,D,20221219,000000,0.601,0.67,0.5637,0.6001,267170,0
IVDA.US,D,20221220,000000,0.602,0.619,0.57,0.595899,122711,0
IVDA.US,D,20221221,000000,0.6,0.6499,0.5603,0.598,161081,0
IVDA.US,D,20221222,000000,0.5825,0.6039,0.5703,0.5965,94779,0
IVDA.US,D,20221223,000000,0.597,0.6199,0.565,0.5799,89733,0
IVDA.US,D,20221227,000000,0.57,0.62,0.5539,0.5999,139927,0
IVDA.US,D,20221228,000000,0.6,0.609899,0.5995,0.6,111829,0
IVDA.US,D,20221229,000000,0.61,0.61,0.5656,0.575,123731,0
IVDA.US,D,20221230,000000,0.5635,0.59,0.531,0.555,203651,0
IVDA.US,D,20230103,000000,0.6,0.62,0.56,0.59,271547,0
IVDA.US,D,20230104,000000,0.61,0.62,0.59,0.6188,72577,0
IVDA.US,D,20230105,000000,0.6,0.6174,0.571,0.6085,61584,0
IVDA.US,D,20230106,000000,0.609913,0.61,0.5806,0.5816,70700,0
IVDA.US,D,20230109,000000,0.6,0.64,0.585,0.625,291417,0
IVDA.US,D,20230110,000000,0.625,0.645,0.5973,0.614899,129007,0
IVDA.US,D,20230111,000000,0.63,0.6798,0.6216,0.67395,177398,0
IVDA.US,D,20230112,000000,0.681,0.7499,0.65,0.7111,209924,0
IVDA.US,D,20230113,000000,0.74,0.74,0.7,0.7287,230223,0
IVDA.US,D,20230117,000000,0.74,0.75,0.73,0.739473,151623,0
IVDA.US,D,20230118,000000,0.74,0.8,0.7302,0.794,261771,0
IVDA.US,D,20230119,000000,0.819,0.8297,0.731,0.773,179875,0
IVDA.US,D,20230120,000000,0.793,0.798,0.748,0.7602,98139,0
IVDA.US,D,20230123,000000,0.77,0.7999,0.75,0.7606,105602,0
IVDA.US,D,20230124,000000,0.78,0.8,0.73,0.78,49874,0
IVDA.US,D,20230125,000000,0.7566,0.7899,0.7366,0.7569,52358,0
IVDA.US,D,20230126,000000,0.78,0.783501,0.7353,0.7406,116273,0
IVDA.US,D,20230127,000000,0.7349,0.886,0.7349,0.83001,865245,0
IVDA.US,D,20230130,000000,0.8,1.09,0.7605,0.97,2488200,0
IVDA.US,D,20230131,000000,0.96,0.999799,0.9,0.9438,538911,0
IVDA.US,D,20230201,000000,0.945,1.49,0.945,1.26,8216212,0
IVDA.US,D,20230202,000000,1.28,1.35,1.05,1.16,1199616,0
IVDA.US,D,20230203,000000,1.22,1.27,1.13,1.22,999110,0
IVDA.US,D,20230206,000000,1.29,2.2399,1.24,1.68,12735164,0
IVDA.US,D,20230207,000000,1.69,2.16,1.68,2.1,5147111,0
IVDA.US,D,20230208,000000,2.11,2.15,1.88,2.02,1281256,0
IVDA.US,D,20230209,000000,2.07,2.07,1.77,1.84,795386,0
IVDA.US,D,20230210,000000,1.96,2.19,1.94,2.12,2305251,0
IVDA.US,D,20230213,000000,2.25,2.55,1.86,2.5,3866328,0
IVDA.US,D,20230214,000000,2.5,2.91,2.49,2.72,2320077,0
IVDA.US,D,20230215,000000,2.75,2.7752,2.35,2.45,1104087,0
IVDA.US,D,20230216,000000,2.39,2.44,1.31,1.81,3537951,0
IVDA.US,D,20230217,000000,1.73,1.8477,1.36,1.4,1704920,0
IVDA.US,D,20230221,000000,1.4,1.58,1.22,1.27,1045662,0
IVDA.US,D,20230222,000000,1.27,1.5,1.27,1.4,710916,0
IVDA.US,D,20230223,000000,1.55,1.63,1.4162,1.5,885932,0
IVDA.US,D,20230224,000000,1.36,1.5574,1.331,1.46,313296,0
IVDA.US,D,20230227,000000,1.46,1.46,1.26,1.28,487707,0
IVDA.US,D,20230228,000000,1.28,1.39,1.0701,1.08,729967,0
IVDA.US,D,20230301,000000,1.08,1.1,0.95,1.01,706982,0
IVDA.US,D,20230302,000000,0.95,1.02,0.935,0.9825,392362,0
IVDA.US,D,20230303,000000,1.03,1.15,1.03,1.12,516932,0
IVDA.US,D,20230306,000000,1.14,1.19,1.08,1.11,354776,0
IVDA.US,D,20230307,000000,1.08,1.0999,0.9754,1.0192,284646,0
IVDA.US,D,20230308,000000,1.03,1.12,1,1.0882,258455,0
IVDA.US,D,20230309,000000,1.1,1.1268,1.04,1.07,135315,0
IVDA.US,D,20230310,000000,1.09,1.1,1.01,1.02,190795,0
IVDA.US,D,20230313,000000,1,1.0474,0.96,1,170239,0
IVDA.US,D,20230314,000000,0.965,1.07,0.965,1.03,145488,0
IVDA.US,D,20230315,000000,1.04,1.05,0.97,0.9967,135815,0
IVDA.US,D,20230316,000000,1.01,1.04,0.97,1.025,132486,0
IVDA.US,D,20230317,000000,1,1.06,0.99,1.03,126631,0
IVDA.US,D,20230320,000000,1.05,1.1197,1.0101,1.09,161516,0
IVDA.US,D,20230321,000000,1.09,1.2885,1.0696,1.19,624480,0
IVDA.US,D,20230322,000000,1.28,1.3512,1.2,1.29,420073,0
IVDA.US,D,20230323,000000,1.25,1.2701,1.07,1.14,268597,0
IVDA.US,D,20230324,000000,1.13,1.1899,1.11,1.17,170784,0
IVDA.US,D,20230327,000000,1.1,1.3292,1.1,1.2401,210878,0
IVDA.US,D,20230328,000000,1.21,1.3196,1.13,1.19,122719,0
IVDA.US,D,20230329,000000,1.15,1.2299,1.1401,1.16,70435,0
IVDA.US,D,20230330,000000,1.14,1.245,1.13,1.2,79403,0
IVDA.US,D,20230331,000000,1.1999,1.4,1.15,1.33,463581,0
IVDA.US,D,20230403,000000,1.28,1.43,1.23,1.39,404078,0
IVDA.US,D,20230404,000000,1.42,1.54,1.25,1.32,426656,0
IVDA.US,D,20230405,000000,1.32,1.33,1.21,1.23,135765,0
IVDA.US,D,20230406,000000,1.21,1.3199,1.21,1.27,168429,0
IVDA.US,D,20230410,000000,1.25,1.29,1.22,1.26,147297,0
IVDA.US,D,20230411,000000,1.24,1.39,1.24,1.32,124622,0
IVDA.US,D,20230412,000000,1.35,1.35,1.27,1.301,77567,0
IVDA.US,D,20230413,000000,1.29,1.53,1.27,1.439,412484,0
IVDA.US,D,20230414,000000,1.49,1.6,1.41,1.5,502343,0
IVDA.US,D,20230417,000000,1.56,1.7486,1.46,1.71,532321,0
IVDA.US,D,20230418,000000,1.8,1.9,1.6,1.72,743949,0
IVDA.US,D,20230419,000000,1.72,1.75,1.557,1.69,185153,0
IVDA.US,D,20230420,000000,1.62,1.7392,1.52,1.6,217811,0
IVDA.US,D,20230421,000000,1.65,1.7,1.55,1.56,162450,0
IVDA.US,D,20230424,000000,1.58,1.5999,1.3,1.35,482279,0
IVDA.US,D,20230425,000000,1.33,1.3898,1.21,1.23,233867,0
IVDA.US,D,20230426,000000,1.22,1.27,1.1,1.17,309072,0
IVDA.US,D,20230427,000000,1.13,1.1991,1.05,1.12,475554,0
IVDA.US,D,20230428,000000,1.16,1.2,1.1101,1.2,170846,0
IVDA.US,D,20230501,000000,1.18,1.29,1.18,1.25,123373,0
IVDA.US,D,20230502,000000,1.2724,1.29,1.21,1.23,181049,0
IVDA.US,D,20230503,000000,1.23,1.2701,1.18,1.2,78229,0
IVDA.US,D,20230504,000000,1.18,1.34,1.1494,1.315,409922,0
IVDA.US,D,20230505,000000,1.3,1.33,1.27,1.295,39014,0
IVDA.US,D,20230508,000000,1.29,1.3,1.19,1.2203,201030,0
IVDA.US,D,20230509,000000,1.2,1.2341,1.15,1.1875,115091,0
IVDA.US,D,20230510,000000,1.17,1.29,1.17,1.27,179097,0
IVDA.US,D,20230511,000000,1.28,1.36,1.22,1.24,146493,0
IVDA.US,D,20230512,000000,1.23,1.28,1.18,1.2186,84823,0
IVDA.US,D,20230515,000000,1.25,1.28,1.19,1.24,108528,0
IVDA.US,D,20230516,000000,1.25,1.26,1.1817,1.2,92072,0
IVDA.US,D,20230517,000000,1.2101,1.24,1.12,1.21,142334,0
IVDA.US,D,20230518,000000,1.23,1.29,1.15,1.185,184370,0
IVDA.US,D,20230519,000000,1.1771,1.25,1.16,1.18,120599,0
IVDA.US,D,20230522,000000,1.18,1.24,1.17,1.21,120518,0
IVDA.US,D,20230523,000000,1.21,1.4088,1.21,1.3,353546,0
IVDA.US,D,20230524,000000,1.3,1.36,1.26,1.31,140992,0
IVDA.US,D,20230525,000000,1.38,1.38,1.25,1.29,170064,0
IVDA.US,D,20230526,000000,1.3,1.3373,1.24,1.31,132410,0
IVDA.US,D,20230530,000000,1.28,1.38,1.22,1.29,159815,0
IVDA.US,D,20230531,000000,1.25,1.3319,1.16,1.18,153244,0
IVDA.US,D,20230601,000000,1.2001,1.2454,1.11,1.2,170407,0
IVDA.US,D,20230602,000000,1.221,1.2299,1.13,1.16,161621,0
IVDA.US,D,20230605,000000,1.16,1.21,1.1501,1.17,95911,0
IVDA.US,D,20230606,000000,1.16,1.22,1.15,1.18,77876,0
IVDA.US,D,20230607,000000,1.17,1.2174,1.16,1.18,213037,0
IVDA.US,D,20230608,000000,1.16,1.21,1.16,1.2,62490,0
IVDA.US,D,20230609,000000,1.2,1.2022,1.14,1.155,105279,0
IVDA.US,D,20230612,000000,1.17,1.3,1.09,1.28,704097,0
IVDA.US,D,20230613,000000,1.3,1.31,1.21,1.26,264192,0
IVDA.US,D,20230614,000000,1.22,1.2577,1.18,1.21,108074,0
IVDA.US,D,20230615,000000,1.23,1.24,1.17,1.2,154351,0
IVDA.US,D,20230616,000000,1.235,1.25,1.16,1.16,80818,0
IVDA.US,D,20230620,000000,1.19,1.1999,1.13,1.18,179261,0
IVDA.US,D,20230621,000000,1.15,1.17,1.11,1.1438,131288,0
IVDA.US,D,20230622,000000,1.23,1.27,1.0401,1.15,1682201,0
IVDA.US,D,20230623,000000,1.11,1.16,1.09,1.16,178695,0
IVDA.US,D,20230626,000000,1.14,1.1599,1.03,1.12,241763,0
IVDA.US,D,20230627,000000,1.11,1.12,1.04,1.07,126700,0
IVDA.US,D,20230628,000000,1.06,1.13,1.05,1.1272,133921,0
IVDA.US,D,20230629,000000,1.07,1.14,1.07,1.14,58401,0
IVDA.US,D,20230630,000000,1.1412,1.15,1.09,1.09,75602,0
IVDA.US,D,20230703,000000,1.09,1.15,1.09,1.1498,55827,0
IVDA.US,D,20230705,000000,1.14,1.14,1.09,1.14,33082,0
IVDA.US,D,20230706,000000,1.15,1.15,1.09,1.1199,37978,0
IVDA.US,D,20230707,000000,1.12,1.14,1.07,1.08,48764,0
IVDA.US,D,20230710,000000,1.11,1.11,1.0473,1.08,77804,0
IVDA.US,D,20230711,000000,1.04,1.1,1.04,1.06,142046,0
IVDA.US,D,20230712,000000,1.079,1.1,1.05,1.09,31323,0
IVDA.US,D,20230713,000000,1.0608,1.0995,0.99,1.06,266171,0
IVDA.US,D,20230714,000000,1.08,1.08,0.9717,1.01,184561,0
IVDA.US,D,20230717,000000,1.02,1.03,0.97,0.9999,112107,0
IVDA.US,D,20230718,000000,0.9849,1.06,0.9801,1.04,118896,0
IVDA.US,D,20230719,000000,1.05,1.07,0.997227,1.03,83633,0
IVDA.US,D,20230720,000000,1.03,1.0495,1,1.023,97771,0
IVDA.US,D,20230721,000000,1.02,1.0216,0.9757,1,31328,0
IVDA.US,D,20230724,000000,1.015,1.03,0.97,0.9724,55397,0
IVDA.US,D,20230725,000000,0.98,1.02,0.9701,1.01,39039,0
IVDA.US,D,20230726,000000,0.9857,1.0299,0.9857,1.015,32819,0
IVDA.US,D,20230727,000000,1.03,1.03,0.9886,0.9949,38287,0
IVDA.US,D,20230728,000000,1.02,1.03,1,1.01,31895,0
IVDA.US,D,20230731,000000,1.02,1.1,1.02,1.04,75173,0
IVDA.US,D,20230801,000000,1.07,1.1,1.0328,1.07,74397,0
IVDA.US,D,20230802,000000,1.07,1.08,1.01,1.01,81784,0
IVDA.US,D,20230803,000000,1.02,1.04,1.01,1.02,43767,0
IVDA.US,D,20230804,000000,1.01,1.05,1.01,1.03,30201,0
IVDA.US,D,20230807,000000,1.0399,1.0399,1.01,1.02,23928,0
IVDA.US,D,20230808,000000,1,1.03,1,1.02,73750,0
IVDA.US,D,20230809,000000,1.01,1.03,0.99,1.01,25004,0
IVDA.US,D,20230810,000000,1.05,1.05,1.01,1.04,50185,0
IVDA.US,D,20230811,000000,1.02,1.05,1,1.02,43199,0
IVDA.US,D,20230814,000000,1,1.0699,0.99,1.028,118495,0
IVDA.US,D,20230815,000000,1.04,1.04,0.9,0.9001,482475,0
IVDA.US,D,20230816,000000,0.9049,0.9349,0.85,0.9151,241587,0
IVDA.US,D,20230817,000000,0.92,0.9949,0.9006,0.9059,133217,0
IVDA.US,D,20230818,000000,0.9,0.9431,0.88,0.935,96988,0
IVDA.US,D,20230821,000000,0.95,0.95,0.901,0.9085,48313,0
IVDA.US,D,20230822,000000,0.93495,0.947899,0.86,0.8741,130417,0
IVDA.US,D,20230823,000000,0.869,0.91,0.85,0.8879,96601,0
IVDA.US,D,20230824,000000,0.88,0.9379,0.8203,0.856,236379,0
IVDA.US,D,20230825,000000,0.8383,0.8789,0.8117,0.8219,66063,0
IVDA.US,D,20230828,000000,0.8016,0.849999,0.7448,0.7635,254946,0
IVDA.US,D,20230829,000000,0.7849,0.8,0.751,0.7766,84367,0
IVDA.US,D,20230830,000000,0.7899,0.7999,0.764499,0.789,69739,0
IVDA.US,D,20230831,000000,0.789,0.9195,0.781,0.8982,303934,0
IVDA.US,D,20230901,000000,0.9,0.9089,0.8506,0.877,78086,0
IVDA.US,D,20230905,000000,0.85,0.8999,0.85,0.882999,34756,0
IVDA.US,D,20230906,000000,0.9,0.91,0.836101,0.8625,83316,0
IVDA.US,D,20230907,000000,0.8579,0.8898,0.8103,0.8402,73169,0
IVDA.US,D,20230908,000000,0.84,0.84,0.8,0.810101,40820,0
IVDA.US,D,20230911,000000,0.859,0.8899,0.8226,0.8899,75344,0
IVDA.US,D,20230912,000000,0.8957,0.9899,0.8957,0.985,167817,0
IVDA.US,D,20230913,000000,0.985,1.03,0.9501,0.9905,113158,0
IVDA.US,D,20230914,000000,1,1,0.8899,0.903,177554,0
IVDA.US,D,20230915,000000,0.8763,1.01,0.8322,1.01,232020,0
IVDA.US,D,20230918,000000,0.9313,0.9495,0.89,0.9,75473,0
IVDA.US,D,20230919,000000,0.945,0.95,0.883,0.92,42333,0
IVDA.US,D,20230920,000000,0.95,0.985,0.906148,0.9183,30537,0
IVDA.US,D,20230921,000000,0.905,0.9489,0.890101,0.9205,33969,0
IVDA.US,D,20230922,000000,0.91,0.949899,0.8918,0.9,23250,0
IVDA.US,D,20230925,000000,0.945,0.975,0.910101,0.9266,65598,0
IVDA.US,D,20230926,000000,0.92251,0.95,0.91,0.9133,19948,0
IVDA.US,D,20230927,000000,0.913,0.9845,0.9074,0.914,30869,0
IVDA.US,D,20230928,000000,0.9145,0.9599,0.87,0.8701,67258,0
IVDA.US,D,20230929,000000,0.9,0.905,0.85,0.8571,48055,0
IVDA.US,D,20231002,000000,0.85,0.869699,0.805,0.8105,64130,0
IVDA.US,D,20231003,000000,0.805,0.88245,0.805,0.8202,46767,0
IVDA.US,D,20231004,000000,0.8051,0.833,0.8,0.8055,20829,0
IVDA.US,D,20231005,000000,0.77,0.82,0.767,0.79,172445,0
IVDA.US,D,20231006,000000,0.7763,0.841,0.762,0.83,52484,0
IVDA.US,D,20231009,000000,0.811,0.811,0.755,0.7666,26397,0
IVDA.US,D,20231010,000000,0.79,0.815,0.7603,0.7799,20585,0
IVDA.US,D,20231011,000000,0.7799,0.779934,0.75,0.752,54583,0
IVDA.US,D,20231012,000000,0.7925,0.8149,0.7566,0.782,28003,0
IVDA.US,D,20231013,000000,0.79,0.79,0.7521,0.76,42306,0
IVDA.US,D,20231016,000000,0.79,0.79,0.752,0.752,28868,0
IVDA.US,D,20231017,000000,0.77,0.78,0.7521,0.7555,17840,0
IVDA.US,D,20231018,000000,0.76,0.7849,0.749899,0.7658,54539,0
IVDA.US,D,20231019,000000,0.78,0.8,0.7502,0.768,172338,0
IVDA.US,D,20231020,000000,0.75,0.7999,0.75,0.768,39977,0
IVDA.US,D,20231023,000000,0.7729,0.7798,0.7475,0.774999,38431,0
IVDA.US,D,20231024,000000,0.755,0.775,0.755,0.77,45433,0
IVDA.US,D,20231025,000000,0.75,0.779,0.7401,0.7401,32778,0
IVDA.US,D,20231026,000000,0.774899,0.774899,0.701,0.711,84990,0
IVDA.US,D,20231027,000000,0.72,0.73,0.6725,0.6899,63471,0
IVDA.US,D,20231030,000000,0.7,0.729,0.7,0.7001,28586,0
IVDA.US,D,20231031,000000,0.7,0.7,0.6752,0.68,43145,0
IVDA.US,D,20231101,000000,0.68,0.6999,0.672,0.6922,33295,0
IVDA.US,D,20231102,000000,0.689599,0.6899,0.6737,0.682,35603,0
IVDA.US,D,20231103,000000,0.6999,0.7,0.674,0.6813,51300,0
IVDA.US,D,20231106,000000,0.68,0.6991,0.6731,0.6751,25132,0
IVDA.US,D,20231107,000000,0.6899,0.69,0.673,0.6763,29060,0
IVDA.US,D,20231108,000000,0.68,0.68,0.6517,0.6663,58935,0
IVDA.US,D,20231109,000000,0.68,0.68,0.630001,0.636,63851,0
IVDA.US,D,20231110,000000,0.66,0.689,0.65,0.6683,38446,0
IVDA.US,D,20231113,000000,0.65,0.65,0.618898,0.644,53398,0
IVDA.US,D,20231114,000000,0.63,0.64,0.5665,0.5756,203621,0
IVDA.US,D,20231115,000000,0.56,0.6497,0.56,0.6401,113257,0
IVDA.US,D,20231116,000000,0.6401,0.65,0.600099,0.61,49578,0
IVDA.US,D,20231117,000000,0.621,0.63,0.5655,0.5656,58178,0
IVDA.US,D,20231120,000000,0.57,0.59,0.5655,0.5794,17780,0
IVDA.US,D,20231121,000000,0.58,0.5803,0.5655,0.5702,82302,0
IVDA.US,D,20231122,000000,0.58,0.6325,0.58,0.63,175139,0
IVDA.US,D,20231124,000000,0.66,0.664951,0.601,0.6399,142850,0
IVDA.US,D,20231127,000000,0.67,0.696,0.64,0.6841,41589,0
IVDA.US,D,20231128,000000,0.687,0.7776,0.685,0.765,141526,0
IVDA.US,D,20231129,000000,0.76,0.8,0.75,0.7903,105073,0
IVDA.US,D,20231130,000000,0.79,0.795,0.75,0.7696,34718,0
IVDA.US,D,20231201,000000,0.77,0.8759,0.750201,0.8749,90775,0
IVDA.US,D,20231204,000000,0.88,0.9486,0.8301,0.919349,187364,0
IVDA.US,D,20231205,000000,0.92,0.92,0.8102,0.8498,88281,0
IVDA.US,D,20231206,000000,0.8343,0.848,0.8112,0.83,37955,0
IVDA.US,D,20231207,000000,0.820001,0.820001,0.7153,0.7647,107491,0
IVDA.US,D,20231208,000000,0.7521,0.7521,0.7156,0.7431,21309,0
IVDA.US,D,20231211,000000,0.75,0.79,0.75,0.75,17269,0
IVDA.US,D,20231212,000000,0.75,0.75,0.7325,0.7325,26164,0
IVDA.US,D,20231213,000000,0.740101,0.7498,0.7151,0.7201,38723,0
IVDA.US,D,20231214,000000,0.75,0.791501,0.75,0.7599,47161,0
IVDA.US,D,20231215,000000,0.769999,0.77,0.7,0.7142,43202,0
IVDA.US,D,20231218,000000,0.69,0.7198,0.6602,0.6616,41981,0
IVDA.US,D,20231219,000000,0.68,0.7,0.6604,0.695,37508,0
IVDA.US,D,20231220,000000,0.6862,0.69,0.62,0.62,69459,0
IVDA.US,D,20231221,000000,0.6202,0.639999,0.6202,0.6222,62090,0
IVDA.US,D,20231222,000000,0.62,0.6419,0.6125,0.63,47953,0
IVDA.US,D,20231226,000000,0.62,0.66,0.62,0.66,20322,0
IVDA.US,D,20231227,000000,0.66,0.7327,0.65,0.6749,87548,0
IVDA.US,D,20231228,000000,0.651,0.6797,0.6144,0.6202,69863,0
IVDA.US,D,20231229,000000,0.63,0.6549,0.6202,0.634,41599,0
IVDA.US,D,20240102,000000,0.6365,0.6399,0.61,0.6217,52521,0
IVDA.US,D,20240103,000000,0.62,0.620001,0.6,0.619,24950,0
IVDA.US,D,20240104,000000,0.5937,0.62,0.5806,0.5993,33089,0
IVDA.US,D,20240105,000000,0.5993,0.628,0.59,0.6201,34601,0
IVDA.US,D,20240108,000000,0.6756,0.7,0.6385,0.6595,35534,0
IVDA.US,D,20240109,000000,0.63,0.6798,0.63,0.65,40931,0
IVDA.US,D,20240110,000000,0.65,0.66,0.6068,0.6415,33428,0
IVDA.US,D,20240111,000000,0.62,0.629,0.57,0.5999,100391,0
IVDA.US,D,20240112,000000,0.6,0.6,0.5802,0.6,10859,0
IVDA.US,D,20240116,000000,0.59,0.62,0.59,0.59,49208,0
IVDA.US,D,20240117,000000,0.59,0.63,0.59,0.6299,29628,0
IVDA.US,D,20240118,000000,0.6003,0.6299,0.590301,0.6239,28354,0
IVDA.US,D,20240119,000000,0.601,0.62,0.584951,0.6,26550,0
IVDA.US,D,20240122,000000,0.5824,0.6498,0.5824,0.62,32164,0
IVDA.US,D,20240123,000000,0.5901,0.6098,0.59,0.59,23856,0
IVDA.US,D,20240124,000000,0.594951,0.640248,0.580701,0.61745,46797,0
IVDA.US,D,20240125,000000,0.6,0.6295,0.5833,0.6144,26781,0
IVDA.US,D,20240126,000000,0.5992,0.6095,0.5702,0.6059,23890,0
IVDA.US,D,20240129,000000,0.5878,0.6,0.57,0.5899,20100,0
IVDA.US,D,20240130,000000,0.61,0.61,0.5501,0.5755,17743,0
IVDA.US,D,20240131,000000,0.589899,0.6,0.553,0.57,18916,0
IVDA.US,D,20240201,000000,0.5531,0.6,0.5531,0.571,27257,0
IVDA.US,D,20240202,000000,0.5801,0.6,0.565,0.565,32838,0
IVDA.US,D,20240205,000000,0.56,0.6,0.56,0.56,30180,0
IVDA.US,D,20240206,000000,0.588,0.588,0.57,0.57,14814,0
IVDA.US,D,20240207,000000,0.568,0.5801,0.5581,0.57,19322,0
IVDA.US,D,20240208,000000,0.59,0.6144,0.5801,0.5963,46975,0
IVDA.US,D,20240209,000000,0.585,0.640401,0.585,0.63,31772,0
IVDA.US,D,20240212,000000,0.6109,0.699399,0.571,0.63,126557,0
IVDA.US,D,20240213,000000,0.72,0.8198,0.7,0.719,264770,0
IVDA.US,D,20240214,000000,0.72,0.7433,0.6516,0.7356,91708,0
IVDA.US,D,20240215,000000,0.76,0.84,0.74,0.827501,213310,0
IVDA.US,D,20240216,000000,0.88,0.9,0.741,0.888,194237,0
IVDA.US,D,20240220,000000,0.9,1.27,0.88,1.072,2282055,0
IVDA.US,D,20240221,000000,1.05,1.12,0.91,1.01,463821,0
IVDA.US,D,20240222,000000,1.08,1.08,0.92,0.9879,733279,0
IVDA.US,D,20240223,000000,0.9478,1,0.8802,0.91,163128,0
IVDA.US,D,20240226,000000,0.9702,1.08,0.9599,0.99,373238,0
IVDA.US,D,20240227,000000,1,1,0.9311,0.97,132477,0
IVDA.US,D,20240228,000000,1.04,1.05,0.97,1.01,377546,0
IVDA.US,D,20240229,000000,1.01,1.01,0.951,1,141475,0
IVDA.US,D,20240301,000000,1,1.01,0.9666,1.01,67876,0
IVDA.US,D,20240304,000000,0.9858,1,0.9569,0.986,155823,0
IVDA.US,D,20240305,000000,1.01,1.01,0.8,0.9,190774,0
IVDA.US,D,20240306,000000,0.9322,0.95,0.8566,0.8601,125481,0
IVDA.US,D,20240307,000000,0.8779,0.89,0.7803,0.829,131110,0
IVDA.US,D,20240308,000000,0.8141,0.8413,0.7503,0.79,122313,0
IVDA.US,D,20240311,000000,0.7765,0.779,0.71,0.7143,121439,0
IVDA.US,D,20240312,000000,0.72,0.75,0.71,0.7101,42781,0
IVDA.US,D,20240313,000000,0.741,0.8,0.7211,0.731,209885,0
IVDA.US,D,20240314,000000,0.75,0.7969,0.69,0.7121,270882,0
IVDA.US,D,20240315,000000,0.7106,0.739,0.6708,0.721,44291,0
IVDA.US,D,20240318,000000,0.71,0.79,0.67,0.6979,181677,0
IVDA.US,D,20240319,000000,0.745,0.8482,0.706701,0.81,203571,0
IVDA.US,D,20240320,000000,0.875,0.9389,0.8213,0.899,238031,0
IVDA.US,D,20240321,000000,0.9,0.902895,0.8512,0.8611,101031,0
IVDA.US,D,20240322,000000,0.89,0.89,0.805,0.8168,62296,0
IVDA.US,D,20240325,000000,0.82,0.8799,0.8168,0.846741,59300,0
IVDA.US,D,20240326,000000,0.841,0.8994,0.82,0.825349,47973,0
IVDA.US,D,20240327,000000,0.82,0.8722,0.805,0.8207,71823,0
IVDA.US,D,20240328,000000,0.848,0.8999,0.821,0.899,97355,0
IVDA.US,D,20240401,000000,0.8916,0.8999,0.805,0.8147,64097,0
IVDA.US,D,20240402,000000,0.817,0.8401,0.8,0.8151,38963,0
IVDA.US,D,20240403,000000,0.848216,0.8484,0.73,0.7883,125742,0
IVDA.US,D,20240404,000000,0.8213,0.87,0.8046,0.8128,30068,0
IVDA.US,D,20240405,000000,0.8085,0.8505,0.7689,0.7947,53150,0
IVDA.US,D,20240408,000000,0.82,0.83,0.770001,0.828,48812,0
IVDA.US,D,20240409,000000,0.8743,0.8743,0.830001,0.85,138785,0
IVDA.US,D,20240410,000000,0.8245,0.84,0.7705,0.802,60267,0
IVDA.US,D,20240411,000000,0.8,0.8375,0.7901,0.8319,21172,0
IVDA.US,D,20240412,000000,0.84,0.8595,0.815,0.851546,53824,0
IVDA.US,D,20240415,000000,0.852,0.898,0.812601,0.8302,76552,0
IVDA.US,D,20240416,000000,0.81,0.895,0.8075,0.879,33179,0
IVDA.US,D,20240417,000000,0.86,0.872049,0.8352,0.8444,15533,0
IVDA.US,D,20240418,000000,0.8766,0.8766,0.82,0.84415,58808,0
IVDA.US,D,20240419,000000,0.849,0.8955,0.820901,0.823,23804,0
IVDA.US,D,20240422,000000,0.85,0.93999,0.8321,0.9,221787,0
IVDA.US,D,20240423,000000,0.91,0.95,0.887627,0.9085,58366,0
IVDA.US,D,20240424,000000,0.8912,0.9499,0.874351,0.912,70306,0
IVDA.US,D,20240425,000000,0.8803,0.9292,0.8803,0.9028,50147,0
IVDA.US,D,20240426,000000,0.9025,0.95,0.9,0.9185,118395,0
IVDA.US,D,20240429,000000,0.92,0.9497,0.9101,0.9217,60991,0
IVDA.US,D,20240430,000000,0.93,0.94,0.8819,0.8958,29594,0
IVDA.US,D,20240501,000000,0.93,0.93,0.89,0.9041,22305,0
IVDA.US,D,20240502,000000,0.9296,0.93,0.9,0.9152,38517,0
IVDA.US,D,20240503,000000,0.89,0.9149,0.8612,0.872,27171,0
IVDA.US,D,20240506,000000,0.88,0.929,0.8614,0.862,52555,0
IVDA.US,D,20240507,000000,0.8584,0.86125,0.7559,0.768,124927,0
IVDA.US,D,20240508,000000,0.82775,0.82775,0.76,0.782,29345,0
IVDA.US,D,20240509,000000,0.79,0.795,0.7713,0.7863,25126,0
IVDA.US,D,20240510,000000,0.7768,0.81,0.7768,0.805,79785,0
IVDA.US,D,20240513,000000,0.7985,0.82,0.7725,0.7899,42815,0
IVDA.US,D,20240514,000000,0.7727,0.8499,0.7727,0.7966,35479,0
IVDA.US,D,20240515,000000,0.8146,0.8399,0.7763,0.803499,31756,0
IVDA.US,D,20240516,000000,0.82,0.8742,0.78135,0.8325,102316,0
IVDA.US,D,20240517,000000,0.834999,0.84,0.7725,0.7957,72171,0
IVDA.US,D,20240520,000000,0.818,0.8539,0.7813,0.8085,42264,0
IVDA.US,D,20240521,000000,0.8044,0.8044,0.5988,0.659,317709,0
IVDA.US,D,20240522,000000,0.72,0.729899,0.622378,0.6402,272981,0
IVDA.US,D,20240523,000000,0.675,0.679,0.6313,0.6353,35139,0
IVDA.US,D,20240524,000000,0.685,0.694,0.64,0.6416,28520,0
IVDA.US,D,20240528,000000,0.6787,0.7395,0.6633,0.69,106778,0
IVDA.US,D,20240529,000000,0.69,0.729,0.6702,0.695,38642,0
IVDA.US,D,20240530,000000,0.714,0.714,0.6705,0.681,44836,0
IVDA.US,D,20240531,000000,0.6701,0.71,0.6701,0.678,23797,0
IVDA.US,D,20240603,000000,0.681,0.681,0.641,0.68,45910,0
IVDA.US,D,20240604,000000,0.65045,0.6735,0.6402,0.659451,19229,0
IVDA.US,D,20240605,000000,0.6725,0.6725,0.6318,0.64,61056,0
IVDA.US,D,20240606,000000,0.63,0.63,0.574,0.6026,117844,0
IVDA.US,D,20240607,000000,0.61,0.636051,0.576,0.6137,55071,0
IVDA.US,D,20240610,000000,0.6001,0.64,0.586,0.59,58302,0
IVDA.US,D,20240611,000000,0.5905,0.63,0.5905,0.6126,40017,0
IVDA.US,D,20240612,000000,0.6149,0.615,0.6101,0.6102,14525,0
IVDA.US,D,20240613,000000,0.5905,0.609999,0.5501,0.561,114525,0
IVDA.US,D,20240614,000000,0.6,0.61,0.574,0.602,10653,0
IVDA.US,D,20240617,000000,0.585,0.608,0.585,0.6015,27990,0
IVDA.US,D,20240618,000000,0.5992,0.5995,0.57,0.595,54951,0
IVDA.US,D,20240620,000000,0.5728,0.58995,0.56055,0.56245,75887,0
IVDA.US,D,20240621,000000,0.56,0.57,0.451,0.53,155923,0
IVDA.US,D,20240624,000000,0.5035,0.5945,0.5035,0.504,48528,0
IVDA.US,D,20240625,000000,0.4915,0.5403,0.4915,0.5117,22676,0
IVDA.US,D,20240626,000000,0.53,0.5671,0.51,0.514,40173,0
IVDA.US,D,20240627,000000,0.51,0.545,0.4888,0.512183,77529,0
IVDA.US,D,20240628,000000,0.5221,0.53,0.5,0.508,7918,0
IVDA.US,D,20240701,000000,0.5011,0.5011,0.4111,0.445,186603,0
IVDA.US,D,20240702,000000,0.4316,0.447,0.42,0.431,27454,0
IVDA.US,D,20240703,000000,0.4309,0.47,0.416,0.4678,47440,0
IVDA.US,D,20240705,000000,0.44,0.5,0.437,0.4812,93042,0
IVDA.US,D,20240708,000000,0.5,0.5,0.4501,0.4814,55394,0
IVDA.US,D,20240709,000000,0.49,0.4999,0.46,0.4889,34095,0
IVDA.US,D,20240710,000000,0.48,0.4999,0.4611,0.4802,29051,0
IVDA.US,D,20240711,000000,0.48,0.493999,0.462,0.493999,13812,0
IVDA.US,D,20240712,000000,0.48,0.49,0.4621,0.48327,18122,0
IVDA.US,D,20240715,000000,0.4833,0.4999,0.475,0.499799,21077,0
IVDA.US,D,20240716,000000,0.4941,0.4941,0.4619,0.46725,58574,0
IVDA.US,D,20240717,000000,0.4672,0.49,0.460001,0.489203,20277,0
IVDA.US,D,20240718,000000,0.48455,0.5,0.4756,0.4892,67651,0
IVDA.US,D,20240719,000000,0.4892,0.4999,0.48,0.4803,18999,0
IVDA.US,D,20240722,000000,0.49,0.5695,0.4821,0.4867,190404,0
IVDA.US,D,20240723,000000,0.501,0.501,0.4703,0.484699,33365,0
IVDA.US,D,20240724,000000,0.475,0.4987,0.4602,0.4794,32846,0
IVDA.US,D,20240725,000000,0.484,0.5099,0.466,0.5056,34417,0
IVDA.US,D,20240726,000000,0.4945,0.500001,0.46,0.46,33546,0
IVDA.US,D,20240729,000000,0.4691,0.4728,0.4511,0.455,30782,0
IVDA.US,D,20240730,000000,0.45,0.4701,0.45,0.46,8286,0
IVDA.US,D,20240731,000000,0.4609,0.495,0.4353,0.4671,44577,0
IVDA.US,D,20240801,000000,0.4758,0.48,0.440376,0.473,18395,0
IVDA.US,D,20240802,000000,0.4444,0.47,0.4268,0.46,7321,0
IVDA.US,D,20240805,000000,0.4494,0.4499,0.2813,0.3695,143160,0
IVDA.US,D,20240806,000000,0.389,0.4,0.372,0.3823,50296,0
IVDA.US,D,20240807,000000,0.376,0.4255,0.3512,0.4203,277009,0
IVDA.US,D,20240808,000000,0.418,0.4299,0.406,0.412,24403,0
IVDA.US,D,20240809,000000,0.4284,0.4395,0.38,0.4,79248,0
IVDA.US,D,20240812,000000,0.3801,0.4,0.37,0.3859,143028,0
IVDA.US,D,20240813,000000,0.38,0.3991,0.3552,0.3552,26119,0
IVDA.US,D,20240814,000000,0.327,0.3319,0.2951,0.320599,849358,0
IVDA.US,D,20240815,000000,0.298,0.3138,0.2899,0.302,123241,0
IVDA.US,D,20240816,000000,0.281,0.3138,0.2703,0.3063,71872,0
IVDA.US,D,20240819,000000,0.3119,0.474,0.3119,0.4375,604026,0
IVDA.US,D,20240820,000000,0.41,0.5499,0.39,0.5076,474800,0
IVDA.US,D,20240821,000000,0.49,0.49,0.365,0.4101,1747531,0
IVDA.US,D,20240822,000000,0.4101,0.50449,0.36,0.3924,261456,0
IVDA.US,D,20240823,000000,0.4,0.4448,0.3801,0.4329,68373,0
IVDA.US,D,20240826,000000,0.4264,0.439999,0.4001,0.4313,51531,0
IVDA.US,D,20240827,000000,0.429,0.429,0.391,0.3952,69600,0
IVDA.US,D,20240828,000000,0.381,0.411,0.381,0.411,59777,0
IVDA.US,D,20240829,000000,0.405,0.4175,0.3874,0.4173,65068,0
IVDA.US,D,20240830,000000,0.42,0.4299,0.4,0.418899,112272,0
IVDA.US,D,20240903,000000,0.41,0.44,0.3904,0.43075,173824,0
IVDA.US,D,20240904,000000,0.43,0.4674,0.425001,0.451749,121661,0
IVDA.US,D,20240905,000000,0.365,0.365,0.3237,0.336,451345,0
IVDA.US,D,20240906,000000,0.3439,0.3494,0.32,0.347,153970,0
IVDA.US,D,20240909,000000,0.337,0.3467,0.3002,0.3004,52582,0
IVDA.US,D,20240910,000000,0.3026,0.3398,0.2711,0.2716,109601,0
IVDA.US,D,20240911,000000,0.2895,0.308249,0.24,0.2699,92323,0
IVDA.US,D,20240912,000000,0.27,0.3177,0.26,0.28,239274,0
IVDA.US,D,20240913,000000,0.272,0.3023,0.21201,0.2586,832943,0
IVDA.US,D,20240916,000000,0.274,0.274,0.2299,0.2395,873683,0
IVDA.US,D,20240917,000000,1.81,1.8799,1.61,1.73,198111,0
IVDA.US,D,20240918,000000,1.72,1.84,1.6601,1.71,91736,0
IVDA.US,D,20240919,000000,1.83,2.058039,1.51,1.95,171819,0
IVDA.US,D,20240920,000000,1.94,1.95,1.7,1.79,57141,0
IVDA.US,D,20240923,000000,1.76,2.1799,1.75,2.08,170304,0
IVDA.US,D,20240924,000000,2.07,2.15,1.75,1.86,96676,0
IVDA.US,D,20240925,000000,1.9,2.0099,1.76,1.82,39692,0
IVDA.US,D,20240926,000000,1.8613,1.95,1.8,1.845,28926,0
IVDA.US,D,20240927,000000,1.91,1.9599,1.745,1.78,79850,0
IVDA.US,D,20240930,000000,1.75,1.7599,1.6,1.67,108855,0
IVDA.US,D,20241001,000000,1.64,1.64,1.5605,1.6001,66985,0
IVDA.US,D,20241002,000000,1.58,1.66,1.545,1.65,64126,0
IVDA.US,D,20241003,000000,1.61,1.6199,1.57,1.57,29247,0
IVDA.US,D,20241004,000000,1.59,1.6501,1.4701,1.56,31859,0
IVDA.US,D,20241007,000000,1.56,1.6299,1.56,1.61,23367,0
IVDA.US,D,20241008,000000,1.59,1.64,1.56,1.57,44546,0
IVDA.US,D,20241009,000000,1.623,1.63,1.5701,1.59,9252,0
IVDA.US,D,20241010,000000,1.6,1.6308,1.52,1.55,11751,0
IVDA.US,D,20241011,000000,1.54,1.57,1.52,1.54,8392,0
IVDA.US,D,20241014,000000,1.54,1.6199,1.5099,1.53,15703,0
IVDA.US,D,20241015,000000,1.56,1.56,1.4,1.43,41925,0
IVDA.US,D,20241016,000000,1.48,1.536,1.48,1.51,7227,0
IVDA.US,D,20241017,000000,1.51,1.66,1.51,1.63,44959,0
IVDA.US,D,20241018,000000,1.66,1.66,1.57,1.64,24481,0
IVDA.US,D,20241021,000000,1.64,1.72,1.6,1.66,22927,0
IVDA.US,D,20241022,000000,1.66,1.6899,1.553,1.64,20118,0
IVDA.US,D,20241023,000000,1.6499,1.65,1.56,1.59,18579,0
IVDA.US,D,20241024,000000,1.62,1.62,1.51,1.5856,14719,0
IVDA.US,D,20241025,000000,1.51,1.64,1.51,1.6199,25134,0
IVDA.US,D,20241028,000000,1.63,1.6894,1.58,1.66,29858,0
IVDA.US,D,20241029,000000,1.58,1.65,1.4,1.4299,761013,0
