<TICKER>,<PER>,<DATE>,<TIME>,<OPEN>,<HIGH>,<LOW>,<CLOSE>,<VOL>,<OPENINT>
JFBR.US,D,20220829,000000,16.45,16.45,12.74,12.95,183622.57148366,0
JFBR.US,D,20220830,000000,12.67,13.5793,11.06,13.055,120652.57146477,0
JFBR.US,D,20220831,000000,12.81,13.58,12.04,12.88,141779.00004253,0
JFBR.US,D,20220901,000000,13.23,13.93,12.04,12.53,168769.5714792,0
JFBR.US,D,20220902,000000,13.37,14.63,12.67,13.3,304911.57152004,0
JFBR.US,D,20220906,000000,13.86,14.273,12.11,12.74,106855.85717491,0
JFBR.US,D,20220907,000000,13.79,13.8593,11.2,11.69,91077.571455895,0
JFBR.US,D,20220908,000000,11.27,12.04,10.0429,10.5,90675.285741488,0
JFBR.US,D,20220909,000000,9.94,10.4041,9.59,10.01,39614.571440456,0
JFBR.US,D,20220912,000000,10.5,10.78,8.96,9.31,99236.000029771,0
JFBR.US,D,20220913,000000,9.03,9.17,8.68,9.03,83127.714310653,0
JFBR.US,D,20220914,000000,8.96,9.3793,8.75,9.03,69604.42859231,0
JFBR.US,D,20220915,000000,8.82,9.03,8.54,8.96,33097.000009929,0
JFBR.US,D,20220916,000000,8.68,8.8046,7.84,8.19,44250.142870418,0
JFBR.US,D,20220919,000000,8.12,8.26,7.28,7.56,28096.142865572,0
JFBR.US,D,20220920,000000,7.35,7.49,6.93,7.28,29115.428580163,0
JFBR.US,D,20220921,000000,7.28,8.12,7,7.63,110141.8571759,0
JFBR.US,D,20220922,000000,7.49,7.91,7.21,7.63,34447.28572462,0
JFBR.US,D,20220923,000000,7.42,7.84,7.35,7.42,29203.42858019,0
JFBR.US,D,20220926,000000,7.42,8.05,7.35,7.56,16995.857147956,0
JFBR.US,D,20220927,000000,7.56,7.98,7.49,7.91,22637.000006791,0
JFBR.US,D,20220928,000000,7.63,7.833,7.21,7.7,22623.428578216,0
JFBR.US,D,20220929,000000,7.35,7.42,6.6514,6.9279,27297.000008189,0
JFBR.US,D,20220930,000000,6.7991,7.6111,6.44,7.14,42656.571441368,0
JFBR.US,D,20221003,000000,7,7.4893,7,7.21,8985.71428841,0
JFBR.US,D,20221004,000000,7.21,7.7,6.86,7.2093,16430.714290644,0
JFBR.US,D,20221005,000000,6.993,7.28,6.916,7.07,4240.4285727007,0
JFBR.US,D,20221006,000000,7.07,7.42,6.9986,7.14,12836.000003851,0
JFBR.US,D,20221007,000000,7.14,7.4116,6.727,6.8005,42647.142869937,0
JFBR.US,D,20221010,000000,6.895,7.28,6.8607,7.07,5083.5714300965,0
JFBR.US,D,20221011,000000,7,7.28,6.825,7.07,9581.0000028743,0
JFBR.US,D,20221012,000000,7.35,8.05,7.14,7.91,34613.714296098,0
JFBR.US,D,20221013,000000,7.56,7.84,7.28,7.28,11383.000003415,0
JFBR.US,D,20221014,000000,7.28,7.3178,6.8257,6.8257,8036.1428595537,0
JFBR.US,D,20221017,000000,7,7.6293,6.965,7.28,12643.285718079,0
JFBR.US,D,20221018,000000,7.35,7.91,7.168,7.49,24995.285721784,0
JFBR.US,D,20221019,000000,7.3507,7.49,7,7,5977.4285732218,0
JFBR.US,D,20221020,000000,7.35,8.05,7.07,7.77,73474.000022042,0
JFBR.US,D,20221021,000000,7.84,8.68,7.49,8.4,29552.285723151,0
JFBR.US,D,20221024,000000,8.61,8.645,7.42,7.84,6419.7142876402,0
JFBR.US,D,20221025,000000,7.7,7.91,7.14,7.56,9873.1428601048,0
JFBR.US,D,20221026,000000,7.63,7.875,7.4963,7.7007,3604.1428582241,0
JFBR.US,D,20221027,000000,7.84,8.19,7.7168,7.945,8992.5714312692,0
JFBR.US,D,20221028,000000,7.98,8.4,7.91,8.2677,12941.85714674,0
JFBR.US,D,20221031,000000,8.19,8.75,7.9107,8.4,11572.714289186,0
JFBR.US,D,20221101,000000,8.61,9.38,7.77,8.33,20095.428577457,0
JFBR.US,D,20221102,000000,8.33,9.24,8.2607,8.75,6905.2857163573,0
JFBR.US,D,20221103,000000,8.47,9.73,8.47,8.89,15838.857147609,0
JFBR.US,D,20221104,000000,9.03,9.52,8.4,9.38,30538.571437733,0
JFBR.US,D,20221107,000000,9.17,10.01,8.8305,9.66,8230.000002469,0
JFBR.US,D,20221108,000000,10.29,10.64,9.52,10.43,30763.000009229,0
JFBR.US,D,20221109,000000,10.22,11.2,10.15,11.13,14434.714290045,0
JFBR.US,D,20221110,000000,11.3946,12.3193,10.57,11.9,28076.85715128,0
JFBR.US,D,20221111,000000,11.9,13.405,11.9,13.3,22284.000006685,0
JFBR.US,D,20221114,000000,13.58,13.86,12.6189,13.3,18690.285719893,0
JFBR.US,D,20221115,000000,13.3,14,12.6966,13.23,10299.00000309,0
JFBR.US,D,20221116,000000,13.3,13.65,12.46,13.09,6649.5714305663,0
JFBR.US,D,20221117,000000,12.6091,14,12.53,13.65,10645.857146051,0
JFBR.US,D,20221118,000000,13.44,14.63,13.3007,13.72,9940.000002982,0
JFBR.US,D,20221121,000000,13.72,13.9293,12.74,13.5317,7960.5714309596,0
JFBR.US,D,20221122,000000,13.93,16.52,12.95,13.79,87097.428597558,0
JFBR.US,D,20221123,000000,14.77,15.05,11.13,12.25,127432.28575252,0
JFBR.US,D,20221125,000000,12.25,12.46,11.06,11.55,43198.428584388,0
JFBR.US,D,20221128,000000,11.06,12.1667,10.08,10.71,47432.428585658,0
JFBR.US,D,20221129,000000,10.5,11.34,10.43,10.745,9485.1428599884,0
JFBR.US,D,20221130,000000,10.92,11.0593,9.45,9.8,16300.285719176,0
JFBR.US,D,20221201,000000,10.15,10.15,9.17,9.17,5148.7142872589,0
JFBR.US,D,20221202,000000,8.82,10.22,8.75,9.31,6904.285716357,0
JFBR.US,D,20221205,000000,9.31,10.36,9.31,9.94,4489.1428584896,0
JFBR.US,D,20221206,000000,9.94,11.0187,9.31,10.22,17816.000005345,0
JFBR.US,D,20221207,000000,10.395,10.99,9.4143,10.92,20957.000006287,0
JFBR.US,D,20221208,000000,10.5,10.8878,9.66,9.87,8520.7142882705,0
JFBR.US,D,20221209,000000,10.0618,10.0618,9.3107,9.73,1915.714286289,0
JFBR.US,D,20221212,000000,9.31,9.59,7.84,9.1,3041.7142866268,0
JFBR.US,D,20221213,000000,9.3681,9.38,8.4707,8.4707,3655.1428582394,0
JFBR.US,D,20221214,000000,8.47,10.01,7.77,7.84,21205.571434933,0
JFBR.US,D,20221215,000000,7.84,8.715,7.63,8.26,8435.2857168163,0
JFBR.US,D,20221216,000000,8.54,9.24,7.9807,8.47,6766.1428591727,0
JFBR.US,D,20221219,000000,8.33,9.1,8.12,8.68,5298.0000015894,0
JFBR.US,D,20221220,000000,7.98,8.54,7.77,7.91,4113.7142869484,0
JFBR.US,D,20221221,000000,7.63,9.17,7.63,7.98,2648.1428579373,0
JFBR.US,D,20221222,000000,7.98,8.4,7.84,8.26,1840.5714291236,0
JFBR.US,D,20221223,000000,7.98,8.61,7.9128,8.61,1087.4285717548,0
JFBR.US,D,20221227,000000,7.77,9.52,7.77,8.19,5425.4285730562,0
JFBR.US,D,20221228,000000,7.91,8.82,7.91,8.295,917.4285717038,0
JFBR.US,D,20221229,000000,9.45,9.45,7.91,8.4,2567.142857913,0
JFBR.US,D,20221230,000000,7.91,8.26,7.42,8.12,6474.0000019422,0
JFBR.US,D,20230103,000000,7.98,8.19,7.14,7.5607,4863.2857157447,0
JFBR.US,D,20230104,000000,7.35,8.54,7.35,8.54,4819.0000014457,0
JFBR.US,D,20230105,000000,9.45,11.48,8.1207,8.75,71929.142878722,0
JFBR.US,D,20230106,000000,10.5,10.85,8.4,8.68,16392.857147775,0
JFBR.US,D,20230109,000000,8.68,8.6835,8.05,8.19,5285.4285730142,0
JFBR.US,D,20230110,000000,8.26,8.6793,8.26,8.54,1774.4285719609,0
JFBR.US,D,20230111,000000,8.26,8.82,8.19,8.68,1235.0000003705,0
JFBR.US,D,20230112,000000,8.61,8.75,8.26,8.47,2514.5714293258,0
JFBR.US,D,20230113,000000,8.785,9.8,8.68,9.45,26034.428579239,0
JFBR.US,D,20230117,000000,9.66,10.0905,9.38,9.59,4648.4285728231,0
JFBR.US,D,20230118,000000,9.24,9.7993,8.7507,9.1,3764.7142868437,0
JFBR.US,D,20230119,000000,8.75,9.4493,8.6268,9.24,2675.5714293741,0
JFBR.US,D,20230120,000000,9.17,11.2,8.8907,10.5007,60524.857161015,0
JFBR.US,D,20230123,000000,12.74,12.74,9.31,11.48,394705.2858327,0
JFBR.US,D,20230124,000000,11.2,11.76,7.56,8.12,155989.0000468,0
JFBR.US,D,20230125,000000,8.12,8.1886,7.35,7.6174,34307.142867435,0
JFBR.US,D,20230126,000000,7.63,8.05,7.56,7.84,13720.714289831,0
JFBR.US,D,20230127,000000,7.63,7.8456,7.42,7.7,18365.285719795,0
JFBR.US,D,20230130,000000,7.63,7.637,7.14,7.42,12873.000003862,0
JFBR.US,D,20230131,000000,7.98,8.19,7.28,7.56,19096.5714343,0
JFBR.US,D,20230201,000000,7.56,7.7588,7.42,7.63,5229.8571444261,0
JFBR.US,D,20230202,000000,7.6993,7.7,7.14,7.4032,9807.7142886566,0
JFBR.US,D,20230203,000000,7.42,7.5607,7.14,7.35,12160.857146505,0
JFBR.US,D,20230206,000000,7.462,7.56,7.21,7.49,5339.0000016017,0
JFBR.US,D,20230207,000000,7.42,7.42,7.07,7.28,6219.8571447231,0
JFBR.US,D,20230208,000000,7.4368,7.4368,7,7.28,5017.8571443625,0
JFBR.US,D,20230209,000000,7.21,7.35,7,7.14,10699.00000321,0
JFBR.US,D,20230210,000000,7.35,7.35,7.07,7.28,4684.4285728339,0
JFBR.US,D,20230213,000000,7.28,7.28,6.5877,6.8593,11130.571431911,0
JFBR.US,D,20230214,000000,6.685,6.9993,6.5121,6.9993,6145.1428589864,0
JFBR.US,D,20230215,000000,6.8439,6.9993,6.5177,6.93,4726.4285728465,0
JFBR.US,D,20230216,000000,6.93,6.93,6.755,6.8411,2635.2857150763,0
JFBR.US,D,20230217,000000,6.86,6.93,5.8121,6.6234,10723.714288931,0
JFBR.US,D,20230221,000000,6.1852,6.58,6.16,6.44,4798.7142871539,0
JFBR.US,D,20230222,000000,8.05,8.33,6.4666,7.21,1195635.8575015,0
JFBR.US,D,20230223,000000,6.93,8.05,6.5807,7.805,119379.42860724,0
JFBR.US,D,20230224,000000,7.91,7.91,7,7.21,23253.142864119,0
JFBR.US,D,20230227,000000,6.916,7.84,6.58,7.21,11458.14286058,0
JFBR.US,D,20230228,000000,7.21,7.49,6.685,7.2618,8249.2857167605,0
JFBR.US,D,20230301,000000,6.86,7.63,6.86,7.49,18699.857148467,0
JFBR.US,D,20230302,000000,7.42,8.33,7.14,8.12,25209.285721849,0
JFBR.US,D,20230303,000000,7.91,8.05,7.7637,7.84,6974.285716378,0
JFBR.US,D,20230306,000000,8.47,8.54,7.63,8.0493,47065.00001412,0
JFBR.US,D,20230307,000000,7.98,8.1193,7.49,7.84,12529.142860902,0
JFBR.US,D,20230308,000000,7.91,8.54,7.7252,8.54,13427.142861171,0
JFBR.US,D,20230309,000000,8.26,10.15,8.1256,9.73,62463.428590168,0
JFBR.US,D,20230310,000000,9.59,12.74,9.52,11.62,502700.57157938,0
JFBR.US,D,20230313,000000,11.41,13.6493,11.41,11.97,208470.57149111,0
JFBR.US,D,20230314,000000,11.97,12.67,10.5,11.13,99892.857172825,0
JFBR.US,D,20230315,000000,11.48,11.48,10.78,11.06,17300.285719476,0
JFBR.US,D,20230316,000000,10.78,11.1993,10.22,10.29,12489.714289461,0
JFBR.US,D,20230317,000000,10.5,10.5511,9.3807,9.73,13961.57143276,0
JFBR.US,D,20230320,000000,9.695,9.7993,8.8907,9.17,2614.1428579271,0
JFBR.US,D,20230321,000000,8.96,9.1,6.8607,6.9587,39559.714297582,0
JFBR.US,D,20230322,000000,6.79,7.28,6.1607,6.405,40739.571440793,0
JFBR.US,D,20230323,000000,6.2132,6.37,4.8307,5.04,48286.142871629,0
JFBR.US,D,20230324,000000,4.9819,5.4243,4.9091,5.08691,9284.0000027852,0
JFBR.US,D,20230327,000000,5.3858,5.53,5.0407,5.18,6742.7142877371,0
JFBR.US,D,20230328,000000,5.152,5.3193,4.9,5.18,6432.857144787,0
JFBR.US,D,20230329,000000,5.11,5.67,5.11,5.5286,12928.57143245,0
JFBR.US,D,20230330,000000,5.5223,5.5223,5.285,5.46,3795.1428582814,0
JFBR.US,D,20230331,000000,5.32,5.4593,4.928,5.4586,7344.5714307748,0
JFBR.US,D,20230403,000000,5.4593,5.46,4.9476,5.32,5113.7142872484,0
JFBR.US,D,20230404,000000,5.32,5.4537,5.25071,5.4537,3523.4285724856,0
JFBR.US,D,20230405,000000,5.46,5.46,5.18,5.25,1139.2857146275,0
JFBR.US,D,20230406,000000,5.25,5.32,5.04,5.096,9902.4285743993,0
JFBR.US,D,20230410,000000,9.73,10.99,8.4,9.87,6704047.8591541,0
JFBR.US,D,20230411,000000,9.8,11.06,8.47,8.96,1093114.7146136,0
JFBR.US,D,20230412,000000,7.91,9.66,7.63,8.96,347067.00010412,0
JFBR.US,D,20230413,000000,9.45,9.59,8.4693,9.17,157602.85719014,0
JFBR.US,D,20230414,000000,8.47,9.38,8.12,8.82,82438.000024731,0
JFBR.US,D,20230417,000000,7.84,7.98,6.65,6.825,116490.57146352,0
JFBR.US,D,20230418,000000,7.28,7.28,6.8656,6.8656,25676.85715056,0
JFBR.US,D,20230419,000000,6.5359,7.07,6.5359,6.9223,24386.71429303,0
JFBR.US,D,20230420,000000,6.706,6.762,5.81,5.852,59959.428589416,0
JFBR.US,D,20230421,000000,5.74,5.9479,5.6,5.67,15237.428576,0
JFBR.US,D,20230424,000000,5.8093,5.83169,5.39777,5.5944,18290.857148344,0
JFBR.US,D,20230425,000000,5.46,5.67,5.25,5.4264,26768.00000803,0
JFBR.US,D,20230426,000000,5.4607,5.5755,5.32,5.4852,10350.857145962,0
JFBR.US,D,20230427,000000,5.32,5.6,5.25,5.257,12066.571432191,0
JFBR.US,D,20230428,000000,5.25,5.3683,5.18,5.2661,8611.1428597262,0
JFBR.US,D,20230501,000000,5.257,5.5965,5.257,5.4131,9880.000002964,0
JFBR.US,D,20230502,000000,5.39,5.5993,5.2507,5.46,22855.571435428,0
JFBR.US,D,20230503,000000,5.2521,5.6,5.2521,5.425,10035.571431582,0
JFBR.US,D,20230504,000000,5.2276,5.6,5.1835,5.1954,10063.571431591,0
JFBR.US,D,20230505,000000,5.3207,5.74,4.97,5.1954,24450.857150192,0
JFBR.US,D,20230508,000000,5.32,6.65,5.2507,5.67,50181.714300769,0
JFBR.US,D,20230509,000000,5.67,5.67,5.32,5.5447,5516.7142873693,0
JFBR.US,D,20230510,000000,5.74,5.8275,5.5447,5.565,4199.5714298313,0
JFBR.US,D,20230511,000000,5.53554,5.53554,5.34626,5.523,3263.0000009789,0
JFBR.US,D,20230512,000000,5.39,5.59999,5.2696,5.59999,5319.0000015957,0
JFBR.US,D,20230515,000000,5.32,5.6,5.32,5.53,4405.4285727502,0
JFBR.US,D,20230516,000000,5.334,5.6,5.138,5.2682,10413.428574553,0
JFBR.US,D,20230517,000000,5.18,5.4754,5.18,5.3473,4523.1428584998,0
JFBR.US,D,20230518,000000,5.1877,5.6112,5.1877,5.4593,4102.0000012306,0
JFBR.US,D,20230519,000000,5.3144,5.4425,5.2192,5.3032,3369.1428581536,0
JFBR.US,D,20230522,000000,5.67,5.81,5.3207,5.453,44933.857156337,0
JFBR.US,D,20230523,000000,5.453,5.46,5.2521,5.3634,3973.1428583348,0
JFBR.US,D,20230524,000000,5.2647,5.4593,5.2647,5.32,3316.4285724235,0
JFBR.US,D,20230525,000000,5.46,5.46,5.278,5.2913,1202.1428575035,0
JFBR.US,D,20230526,000000,5.271,5.4257,5.11,5.1968,8232.857145327,0
JFBR.US,D,20230530,000000,5.04,5.1968,5.04,5.054,5232.1428587125,0
JFBR.US,D,20230531,000000,5.04,5.2157,5.04,5.0617,3284.1428581281,0
JFBR.US,D,20230601,000000,5.06311,5.355,5.0624,5.2857,7116.7142878493,0
JFBR.US,D,20230602,000000,5.2675,5.7491,5.0638,5.4775,8402.2857168064,0
JFBR.US,D,20230605,000000,5.32,5.59999,5.32,5.32,2128.7142863529,0
JFBR.US,D,20230606,000000,5.572,5.572,5.2493,5.3207,3342.2857152884,0
JFBR.US,D,20230607,000000,5.4544,5.705,5.0764,5.222,8616.5714311564,0
JFBR.US,D,20230608,000000,5.6,5.6,5.145,5.25071,6947.2857163699,0
JFBR.US,D,20230609,000000,5.6315,5.6315,5.1807,5.327,4555.8571442239,0
JFBR.US,D,20230612,000000,5.257,5.565,5.215,5.32,4737.4285728498,0
JFBR.US,D,20230613,000000,5.3207,5.46,5.145,5.4306,7529.8571451161,0
JFBR.US,D,20230614,000000,5.39,5.46,5.2143,5.3368,1791.428571966,0
JFBR.US,D,20230615,000000,5.5244,8.68,5.35139,7.63,792112.71452335,0
JFBR.US,D,20230616,000000,7.84,8.26,5.59404,6.1495,311379.2858077,0
JFBR.US,D,20230620,000000,6.16,6.23,5.327,5.6,54438.42858776,0
JFBR.US,D,20230621,000000,5.53,5.6,5.3207,5.572,14778.571433005,0
JFBR.US,D,20230622,000000,5.7806,5.7806,5.3207,5.5706,6519.4285733844,0
JFBR.US,D,20230623,000000,5.46,5.4719,5.18,5.18,13282.000003985,0
JFBR.US,D,20230626,000000,5.1555,5.3207,4.9084,5.18,17889.857148224,0
JFBR.US,D,20230627,000000,5.1128,5.32,4.97,5.1709,11959.428575016,0
JFBR.US,D,20230628,000000,5.0155,5.18,4.97,5.1793,10177.714288768,0
JFBR.US,D,20230629,000000,5.1667,5.1919,4.9735,5.18,8801.2857169261,0
JFBR.US,D,20230630,000000,5.18,5.3151,5.04,5.25,6622.5714305582,0
JFBR.US,D,20230703,000000,5.11,5.27659,5.061,5.18,2303.2857149767,0
JFBR.US,D,20230705,000000,5.67,5.7407,5.1807,5.4026,39452.285726121,0
JFBR.US,D,20230706,000000,5.4516,5.635,5.075,5.271,78769.571452202,0
JFBR.US,D,20230707,000000,5.2381,5.52999,5.075,5.418,11757.285717813,0
JFBR.US,D,20230710,000000,5.3627,5.3893,5.18,5.3893,6113.2857161197,0
JFBR.US,D,20230711,000000,5.2031,5.3893,5.1947,5.3403,6634.7142877047,0
JFBR.US,D,20230712,000000,5.341,5.341,5.2185,5.2675,3021.2857151921,0
JFBR.US,D,20230713,000000,5.1947,5.37179,5.18,5.2332,6865.1428592024,0
JFBR.US,D,20230714,000000,5.2332,5.2374,5.0225,5.11,9189.0000027567,0
JFBR.US,D,20230717,000000,5.075,5.15516,5.075,5.1093,5467.142858783,0
JFBR.US,D,20230718,000000,5.18,5.18,4.914,5.01692,7051.7142878298,0
JFBR.US,D,20230719,000000,4.97,5.25,4.9581,5.1058,14976.142861636,0
JFBR.US,D,20230720,000000,5.1023,5.1786,4.9574,5.1107,17503.714290965,0
JFBR.US,D,20230721,000000,5.0722,5.1653,4.907,5.04,10028.428574437,0
JFBR.US,D,20230724,000000,4.97,5.10999,4.9014,4.9014,3022.0000009066,0
JFBR.US,D,20230725,000000,4.9,5.15129,4.6207,4.816,14920.571433048,0
JFBR.US,D,20230726,000000,4.8265,4.96999,4.5521,4.62,3034.4285723389,0
JFBR.US,D,20230727,000000,4.6788,4.8237,4.676,4.67601,2098.0000006294,0
JFBR.US,D,20230728,000000,4.7194,4.9,4.5899,4.83,2246.2857149596,0
JFBR.US,D,20230731,000000,5.0225,5.0225,4.711,4.9686,5610.000001683,0
JFBR.US,D,20230801,000000,4.9,4.97,4.83,4.8986,2624.8571436446,0
JFBR.US,D,20230802,000000,4.83,5.10929,4.6627,4.886,8965.1428598324,0
JFBR.US,D,20230803,000000,4.6907,4.9,4.6907,4.8755,1598.7142861939,0
JFBR.US,D,20230804,000000,4.76,4.7607,4.69,4.746,1693.1428576508,0
JFBR.US,D,20230807,000000,4.9,5.2493,4.5521,4.7166,36864.571439631,0
JFBR.US,D,20230808,000000,4.795,4.9,4.6907,4.79501,2439.2857150175,0
JFBR.US,D,20230809,000000,4.795,4.9,4.7607,4.9,3588.0000010764,0
JFBR.US,D,20230810,000000,4.76,4.83,4.69,4.6907,3549.2857153505,0
JFBR.US,D,20230811,000000,4.6914,4.76,4.6914,4.76,338.571428673,0
JFBR.US,D,20230814,000000,4.6907,4.9518,3.71,3.99,28574.714294287,0
JFBR.US,D,20230815,000000,3.9907,4.06,3.5707,3.8647,11080.28571761,0
JFBR.US,D,20230816,000000,3.745,3.97075,3.717,3.8507,4009.5714297743,0
JFBR.US,D,20230817,000000,3.717,4.235,3.7086,3.8584,5128.57143011,0
JFBR.US,D,20230818,000000,4.0509,4.0509,3.57,3.9193,5267.4285730088,0
JFBR.US,D,20230821,000000,3.85035,3.85035,3.64,3.71,1417.7142861396,0
JFBR.US,D,20230822,000000,3.57,3.81341,3.57,3.71,2532.7142864741,0
JFBR.US,D,20230823,000000,3.71,3.773,3.5903,3.63089,2261.7142863928,0
JFBR.US,D,20230824,000000,3.7793,3.7793,3.57,3.6785,1244.0000003732,0
JFBR.US,D,20230825,000000,3.675,3.675,3.5077,3.6386,2728.4285722471,0
JFBR.US,D,20230828,000000,3.5,3.675,3.444,3.6652,3678.8571439608,0
JFBR.US,D,20230829,000000,3.535,3.85,3.43,3.6421,4400.1428584629,0
JFBR.US,D,20230830,000000,3.57141,3.57244,3.3677,3.48616,4371.5714298829,0
JFBR.US,D,20230831,000000,3.43,3.64337,3.367,3.4685,2601.1428579232,0
JFBR.US,D,20230901,000000,3.36,3.5693,3.36,3.5,1987.142857739,0
JFBR.US,D,20230905,000000,3.451,3.451,3.2991,3.43,732.857143077,0
JFBR.US,D,20230906,000000,3.3614,3.5,3.3285,3.3285,7481.2857165301,0
JFBR.US,D,20230907,000000,3.49929,3.49929,3.2914,3.40803,1356.5714289784,0
JFBR.US,D,20230908,000000,3.36,3.43,3.2935,3.32431,4363.2857155947,0
JFBR.US,D,20230911,000000,3.227,3.5154,3.227,3.3243,2785.2857151213,0
JFBR.US,D,20230912,000000,3.29,3.5,3.25641,3.36,5039.2857157975,0
JFBR.US,D,20230913,000000,3.437,3.4923,3.388,3.3978,10907.714288987,0
JFBR.US,D,20230914,000000,3.367,3.465,3.2242,3.36,6197.7142875736,0
JFBR.US,D,20230915,000000,3.3614,3.5,3.08,3.4251,9007.2857169879,0
JFBR.US,D,20230918,000000,3.36,3.43,3.1794,3.1794,1499.8571433071,0
JFBR.US,D,20230919,000000,3.1794,3.5,3.15,3.213,3064.5714294908,0
JFBR.US,D,20230920,000000,3.157,3.185,3.157,3.1584,668.1428573433,0
JFBR.US,D,20230921,000000,3.0807,3.1493,3.08,3.1493,1265.714286094,0
JFBR.US,D,20230922,000000,3.08,3.2893,3.08,3.206,1135.714286055,0
JFBR.US,D,20230925,000000,3.08,3.29,3.08,3.23329,1049.1428574576,0
JFBR.US,D,20230926,000000,3.227,3.4923,3.15,3.2963,809.8571431001,0
JFBR.US,D,20230927,000000,3.2963,3.437,3.2963,3.36,1211.0000003633,0
JFBR.US,D,20230928,000000,3.36,3.36,3.255,3.262,1390.4285718457,0
JFBR.US,D,20230929,000000,3.57,3.57,3.1843,3.3803,1832.7142862641,0
JFBR.US,D,20231002,000000,3.2725,3.43,2.87,3.29,3228.1428581113,0
JFBR.US,D,20231003,000000,3.0807,3.22,2.905,3.21929,1405.5714289931,0
JFBR.US,D,20231004,000000,2.982,3.2123,2.982,3.0597,402.857142978,0
JFBR.US,D,20231005,000000,3.059,3.0611,2.9701,3.0583,1311.8571432507,0
JFBR.US,D,20231006,000000,2.9155,3.185,2.9155,3.04466,2905.0000008715,0
JFBR.US,D,20231009,000000,2.751,3.115,2.751,2.912,310.5714286646,0
JFBR.US,D,20231010,000000,2.9589,3.15,2.8,3.08,4614.4285728129,0
JFBR.US,D,20231011,000000,3.01,3.01,2.8154,3.01,4365.1428584524,0
JFBR.US,D,20231012,000000,3.066,3.066,2.8364,2.8364,463.4285715676,0
JFBR.US,D,20231013,000000,2.8364,2.94,2.73,2.7489,1927.5714291497,0
JFBR.US,D,20231016,000000,2.8,2.94,2.8,2.835,140.5714286136,0
JFBR.US,D,20231017,000000,2.933,2.94,2.807,2.926,1415.714286139,0
JFBR.US,D,20231018,000000,2.807,3.08,2.807,2.80911,979.2857145795,0
JFBR.US,D,20231019,000000,2.8091,2.8091,2.5662,2.569,3566.1428582127,0
JFBR.US,D,20231020,000000,2.674,2.674,2.59,2.5907,2098.7142863439,0
JFBR.US,D,20231023,000000,2.59,2.597,2.59,2.5907,515.714285869,0
JFBR.US,D,20231024,000000,2.73,2.8,2.4997,2.555,2664.1428579421,0
JFBR.US,D,20231025,000000,2.6824,2.6824,2.52,2.65999,453.4285715646,0
JFBR.US,D,20231026,000000,2.625,2.625,2.4535,2.597,641.8571430497,0
JFBR.US,D,20231027,000000,2.66001,2.7293,2.4549,2.457,1967.0000005901,0
JFBR.US,D,20231030,000000,2.73,2.73,2.4535,2.4535,1337.4285718298,0
JFBR.US,D,20231031,000000,2.6397,2.66,2.3016,2.5809,47330.571442771,0
JFBR.US,D,20231101,000000,2.59,2.66,2.422,2.45,9426.4285742565,0
JFBR.US,D,20231102,000000,2.52,3.108,2.45,2.94,50049.571443586,0
JFBR.US,D,20231103,000000,2.58,2.99,2.5,2.895,49624,0
JFBR.US,D,20231106,000000,2.76,2.76,2.6,2.72,17040,0
JFBR.US,D,20231107,000000,2.62,3.45,2.62,3,78564,0
JFBR.US,D,20231108,000000,3.11,3.27,2.66,3.05,45673,0
JFBR.US,D,20231109,000000,3,3.06,2.66,2.66,18124,0
JFBR.US,D,20231110,000000,2.7,3.94,2.7,2.95,315522,0
JFBR.US,D,20231113,000000,2.8,3.15,2.8,2.97,26127,0
JFBR.US,D,20231114,000000,2.96,2.96,2.84,2.8617,7717,0
JFBR.US,D,20231115,000000,2.935,3.46,2.8,2.96,90000,0
JFBR.US,D,20231116,000000,2.83,3.186,2.7478,2.8,34566,0
JFBR.US,D,20231117,000000,2.76,2.88,2.595,2.75,23673,0
JFBR.US,D,20231120,000000,2.67,2.67,2.11,2.19,43100,0
JFBR.US,D,20231121,000000,2.2,2.4799,2.05,2.1001,19318,0
JFBR.US,D,20231122,000000,2.2,2.9,2.015,2.35,96950,0
JFBR.US,D,20231124,000000,2.24,2.95,2.2,2.34,71125,0
JFBR.US,D,20231127,000000,2.335,2.4199,2.25,2.305,9105,0
JFBR.US,D,20231128,000000,2.33,2.68,2.3208,2.3748,14970,0
JFBR.US,D,20231129,000000,2.49,3.12,2.4001,3.12,266678,0
JFBR.US,D,20231130,000000,3.44,3.75,3.02,3.29,82559,0
JFBR.US,D,20231201,000000,3.7,3.96,2.81,3.23,1102172,0
JFBR.US,D,20231204,000000,3.28,3.8,2.9,3.72,827377,0
JFBR.US,D,20231205,000000,3.4,3.434,3.03,3.22,40813,0
JFBR.US,D,20231206,000000,3.155,3.2,3.01,3.1005,17912,0
JFBR.US,D,20231207,000000,3.05,3.05,2.65,2.65,20165,0
JFBR.US,D,20231208,000000,2.81,2.85,2.68,2.68,9019,0
JFBR.US,D,20231211,000000,2.64,3.3,2.64,3.21,197417,0
JFBR.US,D,20231212,000000,3.25,3.61,2.99,3.22,54878,0
JFBR.US,D,20231213,000000,3.26,3.48,3.11,3.25,108640,0
JFBR.US,D,20231214,000000,3.35,4.4,3.1427,4.09,179636,0
JFBR.US,D,20231215,000000,4.39,4.39,3.74,4.1,73972,0
JFBR.US,D,20231218,000000,4.07,4.07,3.35,3.41,33973,0
JFBR.US,D,20231219,000000,3.28,3.9,3.18,3.6,48008,0
JFBR.US,D,20231220,000000,3.6,3.745,3.25,3.59,47005,0
JFBR.US,D,20231221,000000,3.8,3.8,3.27,3.59,29393,0
JFBR.US,D,20231222,000000,3.53,3.64,3.21,3.22,41770,0
JFBR.US,D,20231226,000000,3.3,3.3,3.1225,3.27,13254,0
JFBR.US,D,20231227,000000,3.3,3.36,3.07,3.09,24684,0
JFBR.US,D,20231228,000000,3.13,3.36,3.03,3.29,36627,0
JFBR.US,D,20231229,000000,3.22,3.53,3.03,3.05,33703,0
JFBR.US,D,20240102,000000,2.85,2.85,2.46,2.52,301937,0
JFBR.US,D,20240103,000000,2.43,3.29,2.26,3.15,787620,0
JFBR.US,D,20240104,000000,4.26,5.29,3.33,3.84,8615725,0
JFBR.US,D,20240105,000000,3.7,4.02,3.572,3.72,249233,0
JFBR.US,D,20240108,000000,3.71,3.75,3.3,3.42,59357,0
JFBR.US,D,20240109,000000,3.32,3.635,3.3,3.31,34394,0
JFBR.US,D,20240110,000000,3.4599,3.4599,3.25,3.4,30145,0
JFBR.US,D,20240111,000000,3.28,3.8799,3.25,3.48,121704,0
JFBR.US,D,20240112,000000,3.49,3.74,3.32,3.45,44522,0
JFBR.US,D,20240116,000000,3.46,3.78,3.36,3.52,92782,0
JFBR.US,D,20240117,000000,3.51,3.77,3.39,3.73,22695,0
JFBR.US,D,20240118,000000,3.64,3.73,3.37,3.45,30155,0
JFBR.US,D,20240119,000000,3.4,3.59,3.23,3.41,46597,0
JFBR.US,D,20240122,000000,3.33,3.43,3.22,3.25,25422,0
JFBR.US,D,20240123,000000,3.24,3.58,3.23,3.23,73653,0
JFBR.US,D,20240124,000000,3.25,3.45,3.25,3.37,52027,0
JFBR.US,D,20240125,000000,3.34,3.58,3,3.11,136352,0
JFBR.US,D,20240126,000000,3.2,3.25,3.03,3.1,26568,0
JFBR.US,D,20240129,000000,3.1,3.24,3,3.24,11911,0
JFBR.US,D,20240130,000000,3.2,3.38,3.15,3.25,8196,0
JFBR.US,D,20240131,000000,3.12,3.378,3.12,3.36,10678,0
JFBR.US,D,20240201,000000,3.41,3.41,3.112,3.29,25193,0
JFBR.US,D,20240202,000000,3.18,3.398,3.1401,3.21,113860,0
JFBR.US,D,20240205,000000,3.14,3.16,2.99,3.05,12350,0
JFBR.US,D,20240206,000000,3.16,3.16,2.9,2.93,11088,0
JFBR.US,D,20240207,000000,2.96,2.98,2.6,2.73,32288,0
JFBR.US,D,20240208,000000,2.93,2.93,2.715,2.715,1586,0
JFBR.US,D,20240209,000000,2.66,2.755,2.38,2.39,36055,0
JFBR.US,D,20240212,000000,2.39,2.6,2.39,2.52,3392,0
JFBR.US,D,20240213,000000,2.52,2.52,2.27,2.33,15657,0
JFBR.US,D,20240214,000000,2.3218,2.3799,2.28,2.28,4261,0
JFBR.US,D,20240215,000000,2.29,2.5969,2.29,2.41,7983,0
JFBR.US,D,20240216,000000,2.42,2.4929,2.13,2.19,22688,0
JFBR.US,D,20240220,000000,2.3088,2.3088,2.2201,2.27,9053,0
JFBR.US,D,20240221,000000,2.21,2.21,1.7,1.7,111822,0
JFBR.US,D,20240222,000000,1.7,1.92,1.6101,1.92,16435,0
JFBR.US,D,20240223,000000,1.81,1.9,1.76,1.87,2664,0
JFBR.US,D,20240226,000000,1.82,1.82,1.63,1.68,11883,0
JFBR.US,D,20240227,000000,1.6101,1.72,1.6101,1.72,1500,0
JFBR.US,D,20240228,000000,1.8,1.8,1.69,1.71,5881,0
JFBR.US,D,20240229,000000,1.79,1.79,1.541,1.5954,6467,0
JFBR.US,D,20240301,000000,1.55,1.69,1.55,1.69,4686,0
JFBR.US,D,20240304,000000,1.7,1.7,1.6208,1.7,5151,0
JFBR.US,D,20240305,000000,1.81,1.902,1.6777,1.8,3743,0
JFBR.US,D,20240306,000000,1.8,1.8,1.5801,1.63,6301,0
JFBR.US,D,20240307,000000,1.7,1.74,1.59,1.59,4978,0
JFBR.US,D,20240308,000000,1.6,1.6,1.24,1.56,11206,0
JFBR.US,D,20240311,000000,1.45,1.45,0.58,0.621,2328090,0
JFBR.US,D,20240312,000000,0.6,0.615,0.4,0.4242,2931008,0
JFBR.US,D,20240313,000000,0.426,0.4343,0.3805,0.4,951813,0
JFBR.US,D,20240314,000000,0.435,0.435,0.37,0.402501,1137028,0
JFBR.US,D,20240315,000000,0.4199,0.44,0.39,0.419,1108526,0
JFBR.US,D,20240318,000000,0.405,0.4148,0.294,0.35,1014934,0
JFBR.US,D,20240319,000000,0.32,0.3839,0.32,0.3456,404947,0
JFBR.US,D,20240320,000000,0.345,0.365,0.33,0.3601,352686,0
JFBR.US,D,20240321,000000,0.369,0.3789,0.3426,0.369799,154262,0
JFBR.US,D,20240322,000000,0.36,0.4413,0.36,0.395,902198,0
JFBR.US,D,20240325,000000,0.386,0.4314,0.381101,0.42,349688,0
JFBR.US,D,20240326,000000,0.4127,0.425,0.3904,0.4095,235857,0
JFBR.US,D,20240327,000000,0.429,0.429,0.34,0.4,354190,0
JFBR.US,D,20240328,000000,0.388,0.4035,0.34,0.37,213812,0
JFBR.US,D,20240401,000000,0.4,0.436,0.3718,0.41,829119,0
JFBR.US,D,20240402,000000,0.392,0.4,0.3652,0.372,292974,0
JFBR.US,D,20240403,000000,0.375,0.375,0.342,0.3594,194107,0
JFBR.US,D,20240404,000000,0.351,0.368,0.3463,0.3556,180661,0
JFBR.US,D,20240405,000000,0.369,0.37,0.351,0.358,120723,0
JFBR.US,D,20240408,000000,0.356,0.3738,0.35,0.3631,98280,0
JFBR.US,D,20240409,000000,0.3631,0.3632,0.34,0.3422,169611,0
JFBR.US,D,20240410,000000,0.34,0.34975,0.3155,0.339,65842,0
JFBR.US,D,20240411,000000,0.32,0.3289,0.3102,0.32625,340533,0
JFBR.US,D,20240412,000000,0.3165,0.325,0.3101,0.3141,83200,0
JFBR.US,D,20240415,000000,0.32,0.32,0.3101,0.3105,81365,0
JFBR.US,D,20240416,000000,0.3101,0.3199,0.305,0.3101,154932,0
JFBR.US,D,20240417,000000,0.315,0.3255,0.3076,0.3081,189824,0
JFBR.US,D,20240418,000000,0.31255,0.315,0.305,0.311,112498,0
JFBR.US,D,20240419,000000,0.302,0.32,0.291,0.2975,82984,0
JFBR.US,D,20240422,000000,0.3,0.31,0.2727,0.2851,219746,0
JFBR.US,D,20240423,000000,0.277,0.2899,0.244,0.2749,255989,0
JFBR.US,D,20240424,000000,0.2676,0.278,0.24,0.2554,178713,0
JFBR.US,D,20240425,000000,0.2513,0.2748,0.2441,0.2564,165684,0
JFBR.US,D,20240426,000000,0.265,0.3025,0.2588,0.2626,254188,0
JFBR.US,D,20240429,000000,0.279,0.28,0.2626,0.2691,55898,0
JFBR.US,D,20240430,000000,0.27,0.275,0.2675,0.2748,25781,0
JFBR.US,D,20240501,000000,0.2698,0.2748,0.2474,0.2648,47727,0
JFBR.US,D,20240502,000000,0.2688,0.2742,0.2543,0.2605,73527,0
JFBR.US,D,20240503,000000,0.2605,0.45,0.2217,0.25,15521337,0
JFBR.US,D,20240506,000000,0.234,0.25,0.2105,0.222,1674583,0
JFBR.US,D,20240507,000000,0.2144,0.222,0.1701,0.215,911990,0
JFBR.US,D,20240508,000000,0.213,0.239,0.202,0.2122,2181336,0
JFBR.US,D,20240509,000000,0.2326,0.267,0.214,0.2454,2669699,0
JFBR.US,D,20240510,000000,0.23,0.299,0.225,0.267,2467590,0
JFBR.US,D,20240513,000000,0.2598,0.264,0.232,0.246,566819,0
JFBR.US,D,20240514,000000,0.2343,0.249,0.216,0.2256,828282,0
JFBR.US,D,20240515,000000,0.231,0.318,0.225,0.299,6050708,0
JFBR.US,D,20240516,000000,0.316,0.38,0.29,0.31,6724493,0
JFBR.US,D,20240517,000000,0.3601,0.73,0.315,0.648,37972317,0
JFBR.US,D,20240520,000000,0.4788,0.5166,0.36,0.3844,6602903,0
JFBR.US,D,20240521,000000,0.3455,0.3626,0.289,0.3375,3315332,0
JFBR.US,D,20240522,000000,0.3372,0.44,0.3363,0.347,3028013,0
JFBR.US,D,20240523,000000,0.306,0.346,0.3,0.3347,1097329,0
JFBR.US,D,20240524,000000,0.3192,0.31992,0.29,0.2901,707225,0
JFBR.US,D,20240528,000000,0.298,0.35,0.2899,0.3243,2482813,0
JFBR.US,D,20240529,000000,0.3098,0.33,0.2905,0.3068,1242177,0
JFBR.US,D,20240530,000000,0.36,0.49,0.29,0.4152,15256403,0
JFBR.US,D,20240531,000000,0.37,0.5767,0.3691,0.4392,15051711,0
JFBR.US,D,20240603,000000,0.439,0.658,0.401,0.4733,10685092,0
JFBR.US,D,20240604,000000,0.458,0.49,0.413,0.4225,1698216,0
JFBR.US,D,20240605,000000,0.42,0.4512,0.31,0.388,2849371,0
JFBR.US,D,20240606,000000,0.3795,0.51,0.3525,0.3992,5979543,0
JFBR.US,D,20240607,000000,0.386,0.42,0.35,0.3585,1042051,0
JFBR.US,D,20240610,000000,0.3595,0.41,0.315,0.385,1866922,0
JFBR.US,D,20240611,000000,0.3885,0.3896,0.355,0.3648,643862,0
JFBR.US,D,20240612,000000,0.37,0.3949,0.3323,0.365,905548,0
JFBR.US,D,20240613,000000,0.356,0.356,0.321,0.351,452911,0
JFBR.US,D,20240614,000000,0.4082,0.52,0.3701,0.4001,20267086,0
JFBR.US,D,20240617,000000,0.4001,0.4099,0.355,0.3901,3272403,0
JFBR.US,D,20240618,000000,0.3701,0.389,0.32,0.372,1985810,0
JFBR.US,D,20240620,000000,0.3598,0.3689,0.3199,0.3258,1098645,0
JFBR.US,D,20240621,000000,0.3221,0.345,0.303098,0.3062,734457,0
JFBR.US,D,20240624,000000,0.3009,0.32,0.28,0.296,741865,0
JFBR.US,D,20240625,000000,0.2998,0.3,0.2801,0.294,531948,0
JFBR.US,D,20240626,000000,0.2977,0.2977,0.274,0.2854,288192,0
JFBR.US,D,20240627,000000,0.294,0.324,0.285,0.3104,643041,0
JFBR.US,D,20240628,000000,0.3085,0.352,0.288,0.3014,833601,0
JFBR.US,D,20240701,000000,0.3006,0.3006,0.28,0.2842,321620,0
JFBR.US,D,20240702,000000,0.29,0.4099,0.29,0.3248,15614678,0
JFBR.US,D,20240703,000000,0.334,0.334,0.2938,0.31,1418955,0
JFBR.US,D,20240705,000000,0.3005,0.307,0.2955,0.3008,479382,0
JFBR.US,D,20240708,000000,0.3163,0.3699,0.31,0.3267,3060022,0
JFBR.US,D,20240709,000000,0.326,0.335,0.3136,0.3222,309399,0
JFBR.US,D,20240710,000000,0.3176,0.322801,0.2901,0.3028,987009,0
JFBR.US,D,20240711,000000,0.304,0.34,0.304,0.323,1267641,0
JFBR.US,D,20240712,000000,0.3129,0.36,0.31,0.3357,1179347,0
JFBR.US,D,20240715,000000,0.3307,0.355,0.3222,0.3349,430341,0
JFBR.US,D,20240716,000000,0.333,0.349,0.3215,0.324,393746,0
JFBR.US,D,20240717,000000,0.3239,0.3329,0.3109,0.3229,278754,0
JFBR.US,D,20240718,000000,0.31,0.3282,0.3,0.3013,319913,0
JFBR.US,D,20240719,000000,0.3,0.31,0.29,0.2937,610933,0
JFBR.US,D,20240722,000000,0.2898,0.3047,0.27,0.279,611861,0
JFBR.US,D,20240723,000000,0.2715,0.3046,0.26,0.2932,510689,0
JFBR.US,D,20240724,000000,0.29,0.29,0.2453,0.27,372530,0
JFBR.US,D,20240725,000000,0.2752,0.28,0.26,0.2772,166114,0
JFBR.US,D,20240726,000000,0.277028,0.29,0.2559,0.26,839284,0
JFBR.US,D,20240729,000000,0.265,0.2772,0.2511,0.2528,221788,0
JFBR.US,D,20240730,000000,0.2533,0.2562,0.2306,0.246,233745,0
JFBR.US,D,20240731,000000,0.2506,0.263,0.236,0.2406,111414,0
JFBR.US,D,20240801,000000,0.246,0.2499,0.218,0.24,164871,0
JFBR.US,D,20240802,000000,0.2301,0.24,0.215,0.230265,241515,0
JFBR.US,D,20240805,000000,0.202,0.2392,0.2,0.208203,395738,0
JFBR.US,D,20240806,000000,0.2165,0.22,0.201,0.2072,96303,0
JFBR.US,D,20240807,000000,0.202,0.22,0.202,0.2067,241535,0
JFBR.US,D,20240808,000000,0.216,0.216,0.185,0.2063,255264,0
JFBR.US,D,20240809,000000,0.21,0.2198,0.196,0.2131,171300,0
JFBR.US,D,20240812,000000,0.2141,0.219,0.2008,0.201,123515,0
JFBR.US,D,20240813,000000,0.2,0.2089,0.2,0.2018,110110,0
JFBR.US,D,20240814,000000,0.2023,0.2099,0.192,0.2018,152020,0
JFBR.US,D,20240815,000000,0.1935,0.2098,0.193,0.2053,69267,0
JFBR.US,D,20240816,000000,0.2135,0.2135,0.200201,0.203,68590,0
JFBR.US,D,20240819,000000,0.2111,0.2299,0.2041,0.2123,259322,0
JFBR.US,D,20240820,000000,0.238,0.238,0.2202,0.2256,378927,0
JFBR.US,D,20240821,000000,0.2252,0.2295,0.1851,0.2053,348976,0
JFBR.US,D,20240822,000000,0.206,0.2197,0.2,0.2011,66529,0
JFBR.US,D,20240823,000000,0.2015,0.219,0.2,0.203,214656,0
JFBR.US,D,20240826,000000,0.2131,0.22,0.205,0.2115,238231,0
JFBR.US,D,20240827,000000,0.2055,0.2189,0.2055,0.215,48668,0
JFBR.US,D,20240828,000000,0.217,0.2178,0.1898,0.2035,344075,0
JFBR.US,D,20240829,000000,0.204,0.2091,0.2,0.2044,127601,0
JFBR.US,D,20240830,000000,0.208,0.208,0.1988,0.2069,69234,0
JFBR.US,D,20240903,000000,0.2011,0.2142,0.1988,0.2109,213181,0
JFBR.US,D,20240904,000000,0.2099,0.2299,0.2012,0.2265,262700,0
JFBR.US,D,20240905,000000,0.2184,0.2224,0.202,0.2152,80109,0
JFBR.US,D,20240906,000000,0.219,0.2199,0.211,0.2111,91509,0
JFBR.US,D,20240909,000000,0.217,0.2278,0.2123,0.221,79620,0
JFBR.US,D,20240910,000000,0.2246,0.2247,0.2112,0.2129,102690,0
JFBR.US,D,20240911,000000,0.225,0.225172,0.2124,0.224,41217,0
JFBR.US,D,20240912,000000,0.22,0.2237,0.202,0.2137,117570,0
JFBR.US,D,20240913,000000,0.2137,0.2199,0.2023,0.2109,115496,0
JFBR.US,D,20240916,000000,0.217,0.2199,0.191,0.1966,235105,0
JFBR.US,D,20240917,000000,0.2138,0.2259,0.2002,0.2241,643145,0
JFBR.US,D,20240918,000000,0.2271,0.315,0.213,0.284,2277577,0
JFBR.US,D,20240919,000000,0.2891,0.315,0.2701,0.306,675968,0
JFBR.US,D,20240920,000000,0.28,0.306,0.2745,0.2814,290090,0
JFBR.US,D,20240923,000000,0.296351,0.457,0.28801,0.38,8530909,0
JFBR.US,D,20240924,000000,0.3364,0.4585,0.3,0.3391,8606021,0
JFBR.US,D,20240925,000000,0.3295,0.366,0.2221,0.2801,4156447,0
JFBR.US,D,20240926,000000,0.268,0.33,0.24,0.258,1301474,0
JFBR.US,D,20240927,000000,0.27,0.31,0.268,0.288,1570386,0
JFBR.US,D,20240930,000000,0.278,0.2879,0.2619,0.2697,655328,0
JFBR.US,D,20241001,000000,0.2649,0.2675,0.2522,0.265,131730,0
JFBR.US,D,20241002,000000,0.265,0.29,0.2562,0.264,104299,0
JFBR.US,D,20241003,000000,0.264,0.2684,0.2444,0.2444,167536,0
JFBR.US,D,20241004,000000,0.2444,0.2562,0.2321,0.2521,241175,0
JFBR.US,D,20241007,000000,0.25,0.253,0.2322,0.2347,161660,0
JFBR.US,D,20241008,000000,0.2347,0.254,0.2295,0.2498,683892,0
JFBR.US,D,20241009,000000,0.2498,0.2749,0.2356,0.2588,773984,0
JFBR.US,D,20241010,000000,0.2588,0.259,0.236,0.246,266968,0
JFBR.US,D,20241011,000000,0.246,0.276,0.2361,0.2623,298007,0
JFBR.US,D,20241014,000000,0.2623,0.28,0.2141,0.2419,405847,0
JFBR.US,D,20241015,000000,0.24,0.246,0.225,0.2366,106851,0
JFBR.US,D,20241016,000000,0.2366,0.25,0.221,0.221,251516,0
JFBR.US,D,20241017,000000,0.221,0.2498,0.201,0.2344,204873,0
JFBR.US,D,20241018,000000,0.2344,0.2488,0.2198,0.2414,208072,0
JFBR.US,D,20241021,000000,0.2414,0.2741,0.2317,0.264,2200454,0
JFBR.US,D,20241022,000000,0.3,0.33,0.2625,0.276,4273883,0
JFBR.US,D,20241023,000000,0.277,0.2949,0.2507,0.292,690388,0
JFBR.US,D,20241024,000000,0.289,0.302799,0.265,0.2762,4791996,0
JFBR.US,D,20241025,000000,0.3395,0.3451,0.261,0.3379,38979049,0
JFBR.US,D,20241028,000000,0.278,0.3093,0.277,0.3013,1482132,0
JFBR.US,D,20241029,000000,0.2752,0.29,0.262,0.2754,590378,0
