<TICKER>,<PER>,<DATE>,<TIME>,<OPEN>,<HIGH>,<LOW>,<CLOSE>,<VOL>,<OPENINT>
JL.US,D,20240124,000000,7.5,10.82,6.14,7.44,1361900,0
JL.US,D,20240125,000000,7.3,9.49,7,8.1,683643,0
JL.US,D,20240126,000000,8.27,10.92,8.27,10.05,480214,0
JL.US,D,20240129,000000,13,16,7.77,11.36,569914,0
JL.US,D,20240130,000000,9.92,11,9.92,11,82722,0
JL.US,D,20240131,000000,10.19,14.1787,10.01,13.25,161567,0
JL.US,D,20240201,000000,14,14.88,12.43,13.24,133705,0
JL.US,D,20240202,000000,12.59,12.96,11.53,12.7,80414,0
JL.US,D,20240205,000000,13,13.5,11.12,12.13,170964,0
JL.US,D,20240206,000000,11.91,14.9999,11.91,13.59,229186,0
JL.US,D,20240207,000000,13.41,16,13.18,15.98,92758,0
JL.US,D,20240208,000000,16.3,17,14.38,14.57,94667,0
JL.US,D,20240209,000000,14.6,15.8704,14.6,14.89,18608,0
JL.US,D,20240212,000000,14.6,16.01,14.6,15.46,52594,0
JL.US,D,20240213,000000,15.7,16.2984,15.05,15.71,20215,0
JL.US,D,20240214,000000,15.59,18.48,15.59,17.98,59959,0
JL.US,D,20240215,000000,18.11,19.7367,16.8,18.81,115382,0
JL.US,D,20240216,000000,17.96,19.02,16.69,17.3141,72811,0
JL.US,D,20240220,000000,18.4237,19.0414,17.5006,17.61,42536,0
JL.US,D,20240221,000000,17.61,19.73,17.61,18.2,118319,0
JL.US,D,20240222,000000,19.53,20,17.52,18.02,193246,0
JL.US,D,20240223,000000,17.7,19.69,17.6001,19.69,64750,0
JL.US,D,20240226,000000,19.66,19.69,16.9001,17.73,36083,0
JL.US,D,20240227,000000,17.61,19.558,16.12,16.12,67887,0
JL.US,D,20240228,000000,16.24,29.95,12.8,12.8,501878,0
JL.US,D,20240229,000000,26.3,27.01,1.72,2,17690382,0
JL.US,D,20240301,000000,2.2,2.48,2.05,2.31,14996952,0
JL.US,D,20240304,000000,2.081,2.2,1.78,2.11,3131791,0
JL.US,D,20240305,000000,1.96,2.96,1.9101,2.66,13733581,0
JL.US,D,20240306,000000,2.72,3,2,2.21,11096464,0
JL.US,D,20240307,000000,2.28,2.35,2.03,2.19,7029516,0
JL.US,D,20240308,000000,1.93,2.04,1.81,1.89,3750486,0
JL.US,D,20240311,000000,1.88,2.09,1.82,1.98,2137223,0
JL.US,D,20240312,000000,1.9,1.95,1.76,1.8,2092468,0
JL.US,D,20240313,000000,1.82,2,1.73,1.87,1879558,0
JL.US,D,20240314,000000,1.81,1.85,1.66,1.71,1269391,0
JL.US,D,20240315,000000,1.75,1.75,1.61,1.74,918278,0
JL.US,D,20240318,000000,1.7,1.72,1.55,1.59,1221375,0
JL.US,D,20240319,000000,1.52,1.5399,1.35,1.4,1511637,0
JL.US,D,20240320,000000,1.38,1.45,1.25,1.42,877709,0
JL.US,D,20240321,000000,1.4,1.4499,1.35,1.38,718750,0
JL.US,D,20240322,000000,1.35,1.37,1.17,1.21,1291550,0
JL.US,D,20240325,000000,1.23,1.36,1.18,1.2,1837196,0
JL.US,D,20240326,000000,1.18,1.2,1.02,1.02,2283993,0
JL.US,D,20240327,000000,1.02,1.1301,0.9013,1.03,1278939,0
JL.US,D,20240328,000000,1.02,1.06,0.98,1,550253,0
JL.US,D,20240401,000000,1,1.01,0.95,0.9612,540492,0
JL.US,D,20240402,000000,0.96,0.9626,0.911,0.945,416883,0
JL.US,D,20240403,000000,0.921,1.05,0.9011,0.97,888359,0
JL.US,D,20240404,000000,0.99,1.01,0.9,0.91,605556,0
JL.US,D,20240405,000000,0.918,0.928,0.88,0.888,413445,0
JL.US,D,20240408,000000,0.8799,0.93,0.8574,0.86,356041,0
JL.US,D,20240409,000000,0.8708,0.8799,0.8137,0.8219,494953,0
JL.US,D,20240410,000000,0.8158,0.8429,0.8,0.8055,424401,0
JL.US,D,20240411,000000,0.8,0.82,0.7502,0.7572,501628,0
JL.US,D,20240412,000000,0.75,0.85,0.7307,0.78,756893,0
JL.US,D,20240415,000000,0.7701,0.795,0.5716,0.6134,2028753,0
JL.US,D,20240416,000000,0.6059,0.7142,0.576,0.62,1194572,0
JL.US,D,20240417,000000,0.63,0.6372,0.603001,0.629,516562,0
JL.US,D,20240418,000000,0.6083,0.68,0.6083,0.6439,486467,0
JL.US,D,20240419,000000,0.6246,0.6563,0.6199,0.6349,488491,0
JL.US,D,20240422,000000,0.618,0.6969,0.6051,0.6888,712268,0
JL.US,D,20240423,000000,0.7,0.728,0.6702,0.7087,600223,0
JL.US,D,20240424,000000,0.715,0.976,0.7112,0.96,2548726,0
JL.US,D,20240425,000000,0.9673,1.08,0.821,0.849,1729942,0
JL.US,D,20240426,000000,0.848,0.898,0.7807,0.84,370043,0
JL.US,D,20240429,000000,0.85,0.85,0.78,0.7995,275483,0
JL.US,D,20240430,000000,0.808,0.808,0.7435,0.7435,264844,0
JL.US,D,20240501,000000,0.75,0.78,0.7297,0.777,206442,0
JL.US,D,20240502,000000,0.767814,0.8068,0.731,0.772,320447,0
JL.US,D,20240503,000000,0.785,0.8079,0.753,0.7701,281673,0
JL.US,D,20240506,000000,0.8086,0.8086,0.758,0.801285,199638,0
JL.US,D,20240507,000000,0.8257,0.8358,0.78,0.82,308192,0
JL.US,D,20240508,000000,0.7954,0.81,0.7738,0.7851,195636,0
JL.US,D,20240509,000000,0.795,0.82,0.78,0.79,164636,0
JL.US,D,20240510,000000,0.789,0.815,0.732,0.7691,224321,0
JL.US,D,20240513,000000,0.76,0.7899,0.7115,0.7394,270567,0
JL.US,D,20240514,000000,0.7365,0.7737,0.73,0.7642,181022,0
JL.US,D,20240515,000000,0.75,0.763968,0.7321,0.7387,181571,0
JL.US,D,20240516,000000,0.728,0.7449,0.6,0.6957,650922,0
JL.US,D,20240517,000000,0.688097,0.7,0.67,0.6863,269645,0
JL.US,D,20240520,000000,0.69,0.718,0.6538,0.6713,343815,0
JL.US,D,20240521,000000,0.6512,0.6696,0.65,0.653,236219,0
JL.US,D,20240522,000000,0.6479,0.653,0.6011,0.6245,353733,0
JL.US,D,20240523,000000,0.6335,0.652,0.6089,0.6201,164127,0
JL.US,D,20240524,000000,0.6142,0.64,0.58,0.5898,343435,0
JL.US,D,20240528,000000,0.5901,0.6299,0.5724,0.618,259231,0
JL.US,D,20240529,000000,0.617,0.6179,0.595,0.6003,112452,0
JL.US,D,20240530,000000,0.612,0.6125,0.5947,0.5979,87322,0
JL.US,D,20240531,000000,0.586,0.5979,0.573,0.584,80871,0
JL.US,D,20240603,000000,0.598,0.598,0.5708,0.5881,205001,0
JL.US,D,20240604,000000,0.5811,0.6751,0.5751,0.6573,406216,0
JL.US,D,20240605,000000,0.6376,0.658999,0.615,0.6213,117392,0
JL.US,D,20240606,000000,0.629,0.6438,0.5911,0.6001,124441,0
JL.US,D,20240607,000000,0.5921,0.6198,0.5606,0.573,301993,0
JL.US,D,20240610,000000,0.5768,0.595,0.562,0.5714,123830,0
JL.US,D,20240611,000000,0.572,0.572026,0.548,0.565,197755,0
JL.US,D,20240612,000000,0.558,0.6388,0.5446,0.5899,387581,0
JL.US,D,20240613,000000,0.584,0.61,0.581,0.59,195490,0
JL.US,D,20240614,000000,0.5999,0.5999,0.5711,0.5915,88742,0
JL.US,D,20240617,000000,0.58,0.612,0.5449,0.563,366085,0
JL.US,D,20240618,000000,0.552,0.565,0.4848,0.4848,412266,0
JL.US,D,20240620,000000,0.49,0.49,0.4512,0.459,267130,0
JL.US,D,20240621,000000,0.47,0.4998,0.4503,0.471,216304,0
JL.US,D,20240624,000000,0.4809,0.4889,0.4607,0.485,117141,0
JL.US,D,20240625,000000,0.49,0.4936,0.46,0.4711,144609,0
JL.US,D,20240626,000000,0.48,0.5599,0.4647,0.528,224042,0
JL.US,D,20240627,000000,0.52,0.5698,0.5094,0.5696,2061345,0
JL.US,D,20240628,000000,0.545,0.568,0.5,0.519,572912,0
JL.US,D,20240701,000000,0.4995,0.5189,0.4792,0.4933,204129,0
JL.US,D,20240702,000000,0.4785,0.49,0.47,0.4766,91364,0
JL.US,D,20240703,000000,0.481,0.5016,0.46,0.465,89709,0
JL.US,D,20240705,000000,0.4652,0.525,0.465,0.5057,329938,0
JL.US,D,20240708,000000,0.509,0.51,0.48,0.4998,71236,0
JL.US,D,20240709,000000,0.4894,0.4988,0.4715,0.48,59663,0
JL.US,D,20240710,000000,0.4811,0.4955,0.456,0.4829,92083,0
JL.US,D,20240711,000000,0.4828,0.4908,0.48,0.487149,116538,0
JL.US,D,20240712,000000,0.481,0.487,0.471,0.482,87425,0
JL.US,D,20240715,000000,0.48,0.5039,0.476,0.4935,72816,0
JL.US,D,20240716,000000,0.4934,0.5299,0.48,0.5192,111633,0
JL.US,D,20240717,000000,0.51,0.52,0.4835,0.5001,131504,0
JL.US,D,20240718,000000,0.5,0.516,0.4908,0.4925,80125,0
JL.US,D,20240719,000000,0.479,0.49,0.471,0.4899,178029,0
JL.US,D,20240722,000000,0.4748,0.494,0.471,0.4892,86092,0
JL.US,D,20240723,000000,0.489,0.4986,0.45751,0.49,222461,0
JL.US,D,20240724,000000,0.4859,0.495,0.4686,0.4748,172219,0
JL.US,D,20240725,000000,0.4736,0.489,0.47,0.4799,75976,0
JL.US,D,20240726,000000,0.4786,0.4799,0.466,0.4779,41651,0
JL.US,D,20240729,000000,0.472,0.4974,0.472,0.49,128593,0
JL.US,D,20240730,000000,0.4753,0.49,0.4625,0.4791,118841,0
JL.US,D,20240731,000000,0.4781,0.4859,0.4625,0.4704,146506,0
JL.US,D,20240801,000000,0.465,0.479,0.4316,0.4521,191685,0
JL.US,D,20240802,000000,0.4348,0.4498,0.376,0.4009,287777,0
JL.US,D,20240805,000000,0.3204,0.3769,0.315,0.37,226083,0
JL.US,D,20240806,000000,0.3701,0.38,0.36,0.3792,48690,0
JL.US,D,20240807,000000,0.378,0.378,0.3424,0.3499,84302,0
JL.US,D,20240808,000000,0.3633,0.3638,0.3326,0.3423,108053,0
JL.US,D,20240809,000000,0.3489,0.3681,0.3326,0.3496,390606,0
JL.US,D,20240812,000000,0.3783,0.3783,0.3316,0.344,81767,0
JL.US,D,20240813,000000,0.3477,0.3577,0.34,0.354499,91634,0
JL.US,D,20240814,000000,0.3569,0.3679,0.3212,0.3496,372554,0
JL.US,D,20240815,000000,0.35,0.3635,0.3306,0.3526,138381,0
JL.US,D,20240816,000000,0.35,0.3666,0.343349,0.36,44962,0
JL.US,D,20240819,000000,0.3579,0.3679,0.3405,0.3676,111697,0
JL.US,D,20240820,000000,0.3778,0.3778,0.3515,0.358,218886,0
JL.US,D,20240821,000000,0.3381,0.355,0.31,0.3215,683292,0
JL.US,D,20240822,000000,0.3251,0.3295,0.301,0.32,454714,0
JL.US,D,20240823,000000,0.314,0.3328,0.31,0.328,203139,0
JL.US,D,20240826,000000,0.321,0.3697,0.312,0.3587,617223,0
JL.US,D,20240827,000000,0.3479,0.4297,0.3401,0.401,408448,0
JL.US,D,20240828,000000,0.4077,0.4099,0.3705,0.3921,157119,0
JL.US,D,20240829,000000,0.3921,0.5,0.36,0.45,518914,0
JL.US,D,20240830,000000,0.46,0.5092,0.43,0.4994,532370,0
JL.US,D,20240903,000000,0.5,0.5,0.4306,0.4381,239434,0
JL.US,D,20240904,000000,0.435,0.4581,0.42,0.4415,112732,0
JL.US,D,20240905,000000,0.445751,0.45,0.3475,0.3516,358036,0
JL.US,D,20240906,000000,0.3411,0.4357,0.3411,0.4279,240433,0
JL.US,D,20240909,000000,0.415,0.4247,0.385,0.3996,62841,0
JL.US,D,20240910,000000,0.4198,0.4198,0.3891,0.4049,49561,0
JL.US,D,20240911,000000,0.4089,0.4499,0.3962,0.4196,295487,0
JL.US,D,20240912,000000,0.439,0.4394,0.3731,0.3993,203868,0
JL.US,D,20240913,000000,0.425,0.425,0.352,0.375601,133503,0
JL.US,D,20240916,000000,0.41,0.4166,0.362,0.3685,108354,0
JL.US,D,20240917,000000,0.385,0.385,0.3668,0.3798,41416,0
JL.US,D,20240918,000000,0.3793,0.3793,0.3653,0.3709,54019,0
JL.US,D,20240919,000000,0.3704,0.38,0.3668,0.375,37569,0
JL.US,D,20240920,000000,0.3762,0.54,0.367,0.399,3079571,0
JL.US,D,20240923,000000,0.3979,0.4158,0.37,0.3921,277988,0
JL.US,D,20240924,000000,0.382,0.3941,0.3707,0.378,128530,0
JL.US,D,20240925,000000,0.3779,0.385,0.3516,0.3684,155138,0
JL.US,D,20240926,000000,0.363,0.3893,0.363,0.38,82013,0
JL.US,D,20240927,000000,0.3966,0.3969,0.3805,0.3949,129322,0
JL.US,D,20240930,000000,0.3955,0.4199,0.39,0.395,271129,0
JL.US,D,20241001,000000,0.41,0.41,0.3807,0.3935,188632,0
JL.US,D,20241002,000000,0.4056,0.4498,0.395,0.435,359600,0
JL.US,D,20241003,000000,0.435,0.4395,0.4037,0.4249,148996,0
JL.US,D,20241004,000000,0.41,0.4249,0.3913,0.409573,168185,0
JL.US,D,20241007,000000,0.408,0.435,0.385,0.3989,179087,0
JL.US,D,20241008,000000,0.3869,0.4052,0.3713,0.3926,185080,0
JL.US,D,20241009,000000,0.3715,0.3848,0.3601,0.3605,244425,0
JL.US,D,20241010,000000,0.3605,0.38683,0.3605,0.373,32145,0
JL.US,D,20241011,000000,0.372,0.3936,0.360889,0.3896,189324,0
JL.US,D,20241014,000000,0.398513,0.4,0.3701,0.385,171569,0
JL.US,D,20241015,000000,0.3836,0.3936,0.375199,0.3849,212600,0
JL.US,D,20241016,000000,0.396,0.40971,0.3713,0.396,689543,0
JL.US,D,20241017,000000,0.396,0.4006,0.3751,0.389,271841,0
JL.US,D,20241018,000000,0.38,0.4488,0.38,0.42,647796,0
JL.US,D,20241021,000000,0.442,0.442,0.404,0.427,181825,0
JL.US,D,20241022,000000,0.4142,0.436,0.3908,0.416,185971,0
JL.US,D,20241023,000000,0.427,0.4275,0.4,0.4112,80192,0
JL.US,D,20241024,000000,0.401,0.4112,0.39,0.405,124813,0
JL.US,D,20241025,000000,0.405,0.4248,0.381,0.4248,313226,0
JL.US,D,20241028,000000,0.4248,0.4912,0.413931,0.471,656458,0
JL.US,D,20241029,000000,0.4792,0.8699,0.4658,0.8,41412863,0
