<TICKER>,<PER>,<DATE>,<TIME>,<OPEN>,<HIGH>,<LOW>,<CLOSE>,<VOL>,<OPENINT>
JNVR.US,D,20230725,000000,4,5.5,3.66,3.82,2566416,0
JNVR.US,D,20230726,000000,3.11,3.64,2.85,3.29,805081,0
JNVR.US,D,20230727,000000,3,3,2.17,2.3,645914,0
JNVR.US,D,20230728,000000,2.22,2.45,2.15,2.17,506907,0
JNVR.US,D,20230731,000000,2.2,2.3599,1.9,2.1,280097,0
JNVR.US,D,20230801,000000,1.99,2.16,1.94,1.96,228542,0
JNVR.US,D,20230802,000000,2,2,1.63,1.63,325897,0
JNVR.US,D,20230803,000000,1.65,1.74,1.35,1.37,329552,0
JNVR.US,D,20230804,000000,1.37,1.4494,1.28,1.32,225282,0
JNVR.US,D,20230807,000000,1.3,1.4899,1.29,1.37,140408,0
JNVR.US,D,20230808,000000,1.36,1.4599,1.32,1.41,56862,0
JNVR.US,D,20230809,000000,1.37,1.5899,1.37,1.47,60059,0
JNVR.US,D,20230810,000000,1.44,1.59,1.43,1.54,37815,0
JNVR.US,D,20230811,000000,1.49,1.55,1.42,1.44,68784,0
JNVR.US,D,20230814,000000,1.43,1.525,1.32,1.36,30243,0
JNVR.US,D,20230815,000000,1.3303,1.51,1.3303,1.41,227827,0
JNVR.US,D,20230816,000000,1.36,1.5297,1.34,1.39,159792,0
JNVR.US,D,20230817,000000,1.3867,1.3899,1.27,1.3399,72528,0
JNVR.US,D,20230818,000000,1.28,1.3375,1.2601,1.3,28045,0
JNVR.US,D,20230821,000000,1.27,1.375,1.27,1.3,12294,0
JNVR.US,D,20230822,000000,1.3825,1.3825,1.23,1.23,46526,0
JNVR.US,D,20230823,000000,1.25,1.34,1.25,1.27,25704,0
JNVR.US,D,20230824,000000,1.29,1.305,1.26,1.26,6951,0
JNVR.US,D,20230825,000000,1.24,1.38,1.24,1.26,71201,0
JNVR.US,D,20230828,000000,1.3,1.39,1.26,1.28,33657,0
JNVR.US,D,20230829,000000,1.3,1.36,1.28,1.31,14241,0
JNVR.US,D,20230830,000000,1.31,1.33,1.28,1.3,28849,0
JNVR.US,D,20230831,000000,1.32,1.39,1.25,1.25,35223,0
JNVR.US,D,20230901,000000,1.29,1.35,1.24,1.305,28969,0
JNVR.US,D,20230905,000000,1.3,1.4,1.28,1.32,55602,0
JNVR.US,D,20230906,000000,1.31,1.4299,1.3001,1.32,14084,0
JNVR.US,D,20230907,000000,1.33,1.409,1.28,1.3,21735,0
JNVR.US,D,20230908,000000,1.31,1.39,1.27,1.27,17710,0
JNVR.US,D,20230911,000000,1.345,1.4997,1.33,1.48,58584,0
JNVR.US,D,20230912,000000,1.53,1.5399,1.34,1.48,41440,0
JNVR.US,D,20230913,000000,1.445,1.46,1.352,1.46,4013,0
JNVR.US,D,20230914,000000,1.4917,1.5,1.43,1.44,9327,0
JNVR.US,D,20230915,000000,1.41,1.49,1.32,1.42,34180,0
JNVR.US,D,20230918,000000,1.39,1.428,1.3,1.4,4195,0
JNVR.US,D,20230919,000000,1.3702,1.388,1.31,1.31,5159,0
JNVR.US,D,20230920,000000,1.31,1.35,1.31,1.34,10726,0
JNVR.US,D,20230921,000000,1.34,1.3735,1.25,1.2908,18541,0
JNVR.US,D,20230922,000000,1.34,1.34,1.25,1.25,7602,0
JNVR.US,D,20230925,000000,1.2654,1.281,1.22,1.22,7728,0
JNVR.US,D,20230926,000000,1.23,1.2728,1.22,1.25,2981,0
JNVR.US,D,20230927,000000,1.25,1.25,1.22,1.22,10834,0
JNVR.US,D,20230928,000000,1.24,1.25,1.22,1.23,5253,0
JNVR.US,D,20230929,000000,1.25,1.25,1.21,1.21,12634,0
JNVR.US,D,20231002,000000,1.25,1.28,1.2188,1.2734,12046,0
JNVR.US,D,20231003,000000,1.2319,1.24,1.1,1.11,43410,0
JNVR.US,D,20231004,000000,1.1,1.12,1.04,1.04,61123,0
JNVR.US,D,20231005,000000,1.1,1.17,0.912,1.04,1191573,0
JNVR.US,D,20231006,000000,1,1,0.94,0.9606,53737,0
JNVR.US,D,20231009,000000,0.98,1.18,0.941,1.04,83373,0
JNVR.US,D,20231010,000000,0.9903,1.0999,0.93,0.99,46145,0
JNVR.US,D,20231011,000000,0.99,1.0399,0.9664,0.9749,17218,0
JNVR.US,D,20231012,000000,0.9889,0.9889,0.93,0.9823,19721,0
JNVR.US,D,20231013,000000,1.02,1.02,0.95,0.9973,11762,0
JNVR.US,D,20231016,000000,0.9601,0.9895,0.92,0.9446,16059,0
JNVR.US,D,20231017,000000,0.92,0.97,0.92,0.9312,3375,0
JNVR.US,D,20231018,000000,0.9576,0.9576,0.9013,0.903,24162,0
JNVR.US,D,20231019,000000,0.903,0.904351,0.8333,0.8596,20728,0
JNVR.US,D,20231020,000000,0.860201,0.8901,0.8335,0.87,6008,0
JNVR.US,D,20231023,000000,0.84665,0.8592,0.81,0.8458,31159,0
JNVR.US,D,20231024,000000,0.83959,0.8862,0.836,0.886,5954,0
JNVR.US,D,20231025,000000,0.9797,1,0.9001,0.931,47727,0
JNVR.US,D,20231026,000000,0.97,0.9742,0.93,0.93,3385,0
JNVR.US,D,20231027,000000,0.9202,0.9302,0.791069,0.85,17393,0
JNVR.US,D,20231030,000000,0.861,0.8882,0.8,0.8259,7286,0
JNVR.US,D,20231031,000000,0.87155,0.9196,0.85,0.88375,4675,0
JNVR.US,D,20231101,000000,0.8501,0.852,0.755599,0.807,7885,0
JNVR.US,D,20231102,000000,0.8633,0.919,0.821,0.8912,5924,0
JNVR.US,D,20231103,000000,0.9095,0.9095,0.806,0.807,5673,0
JNVR.US,D,20231106,000000,0.8053,0.84,0.74,0.7501,21140,0
JNVR.US,D,20231107,000000,0.7501,1,0.7501,0.78,33464,0
JNVR.US,D,20231108,000000,0.78,0.819,0.7111,0.79,7855,0
JNVR.US,D,20231109,000000,0.721,0.8094,0.7202,0.749,5822,0
JNVR.US,D,20231110,000000,0.7111,0.78865,0.7106,0.7392,11736,0
JNVR.US,D,20231113,000000,0.73,0.75,0.7,0.7,22780,0
JNVR.US,D,20231114,000000,0.75,0.78,0.7,0.7203,16794,0
JNVR.US,D,20231115,000000,0.729,0.7798,0.699,0.7115,25246,0
JNVR.US,D,20231116,000000,0.7891,1.05,0.7105,1.01,231585,0
JNVR.US,D,20231117,000000,1.01,1.01,0.7709,0.899,86539,0
JNVR.US,D,20231120,000000,0.9824,0.99,0.85,0.99,74955,0
JNVR.US,D,20231121,000000,0.99,0.9993,0.91,0.9207,6055,0
JNVR.US,D,20231122,000000,0.93525,0.94,0.88,0.939999,7511,0
JNVR.US,D,20231124,000000,0.9798,0.979899,0.8722,0.905799,11294,0
JNVR.US,D,20231127,000000,0.9899,0.9899,0.82,0.9201,11767,0
JNVR.US,D,20231128,000000,0.8999,0.989899,0.8999,0.979899,19440,0
JNVR.US,D,20231129,000000,0.9899,1.1795,0.9184,1.12,45645,0
JNVR.US,D,20231130,000000,1.0803,1.2231,1.06,1.192,29906,0
JNVR.US,D,20231201,000000,1.2,1.2399,1.16,1.16,23423,0
JNVR.US,D,20231204,000000,1.2501,1.2501,1,1.18,27525,0
JNVR.US,D,20231205,000000,1.184,1.84,1.08,1.62,2819110,0
JNVR.US,D,20231206,000000,1.45,1.63,1.36,1.56,188818,0
JNVR.US,D,20231207,000000,1.5,1.66,1.5,1.6,130205,0
JNVR.US,D,20231208,000000,1.55,1.73,1.52,1.62,65473,0
JNVR.US,D,20231211,000000,1.57,1.6,1.4101,1.48,46250,0
JNVR.US,D,20231212,000000,1.435,1.48,1.225,1.3,40488,0
JNVR.US,D,20231213,000000,1.2915,1.3701,1.2001,1.37,11549,0
JNVR.US,D,20231214,000000,1.48,1.48,1.2,1.33,21422,0
JNVR.US,D,20231215,000000,1.412,1.49,1.33,1.47,15907,0
JNVR.US,D,20231218,000000,1.5,1.5,1.332,1.34,10578,0
JNVR.US,D,20231219,000000,1.44,1.5608,1.33,1.35,14455,0
JNVR.US,D,20231220,000000,1.32,1.32,0.8,0.96,358385,0
JNVR.US,D,20231221,000000,1.03,1.07,0.9597,1.02,81251,0
JNVR.US,D,20231222,000000,1.09,1.0999,0.9472,0.9778,39751,0
JNVR.US,D,20231226,000000,0.94,1.04,0.93,1.04,17363,0
JNVR.US,D,20231227,000000,1.07,1.1231,1,1,37871,0
JNVR.US,D,20231228,000000,1.06,1.1855,1.06,1.11,26780,0
JNVR.US,D,20231229,000000,1.08,1.0998,1.03,1.03,6489,0
JNVR.US,D,20240102,000000,1.03,1.03,1,1.005,7727,0
JNVR.US,D,20240103,000000,1.12,1.155,1,1.01,14077,0
JNVR.US,D,20240104,000000,1.0383,1.0839,1.01,1.04,8006,0
JNVR.US,D,20240105,000000,1.07,1.07,1,1.07,3837,0
JNVR.US,D,20240108,000000,1.1,1.1,0.91,1,43228,0
JNVR.US,D,20240109,000000,1.1,1.1,0.9881,1.02,16147,0
JNVR.US,D,20240110,000000,1,1.03,1,1.03,17592,0
JNVR.US,D,20240111,000000,1.0477,1.05,1.01,1.05,7694,0
JNVR.US,D,20240112,000000,1.05,1.09,1.02,1.05,30954,0
JNVR.US,D,20240116,000000,1.01,1.19,1.01,1.09,2803,0
JNVR.US,D,20240117,000000,1.005,1.0799,1.005,1.04,15172,0
JNVR.US,D,20240118,000000,1.05,1.05,0.98,1,8212,0
JNVR.US,D,20240119,000000,1.03,1.04,0.985,0.99,3874,0
JNVR.US,D,20240122,000000,1,1.06,1,1.06,6730,0
JNVR.US,D,20240123,000000,1.02,1.1,1.01,1.03,5785,0
JNVR.US,D,20240124,000000,1.02,1.1499,0.975,1.14,45956,0
JNVR.US,D,20240125,000000,1.14,1.165,1.1101,1.12,8576,0
JNVR.US,D,20240126,000000,1.18,1.29,1.124,1.15,13023,0
JNVR.US,D,20240129,000000,1.23,1.2599,1.14,1.16,18334,0
JNVR.US,D,20240130,000000,1.2,1.35,1.15,1.25,28441,0
JNVR.US,D,20240131,000000,1.35,1.35,1.2,1.27,27321,0
JNVR.US,D,20240201,000000,1.32,1.35,1.2772,1.33,7529,0
JNVR.US,D,20240202,000000,1.38,1.42,1.31,1.32,9756,0
JNVR.US,D,20240205,000000,1.36,1.3699,1.24,1.26,15674,0
JNVR.US,D,20240206,000000,1.242,1.3101,1.2301,1.28,37937,0
JNVR.US,D,20240207,000000,1.2801,1.33,1.2,1.31,26432,0
JNVR.US,D,20240208,000000,1.28,1.28,1.14,1.25,25549,0
JNVR.US,D,20240209,000000,1.25,1.26,1.19,1.24,8132,0
JNVR.US,D,20240212,000000,1.25,1.29,1.1905,1.27,5116,0
JNVR.US,D,20240213,000000,1.275,1.3,1.215,1.29,7413,0
JNVR.US,D,20240214,000000,1.26,1.33,1.23,1.33,5016,0
JNVR.US,D,20240215,000000,1.3186,1.3186,1.23,1.31,3484,0
JNVR.US,D,20240216,000000,1.265,1.29,1.22,1.29,4902,0
JNVR.US,D,20240220,000000,1.32,1.32,1.27,1.29,2634,0
JNVR.US,D,20240221,000000,1.23,1.275,1.16,1.26,11984,0
JNVR.US,D,20240222,000000,1.329,1.329,1.21,1.265,17164,0
JNVR.US,D,20240223,000000,1.21,1.32,1.2001,1.32,10268,0
JNVR.US,D,20240226,000000,1.32,1.32,1.2,1.29,11152,0
JNVR.US,D,20240227,000000,1.2503,1.3999,1.25,1.25,39534,0
JNVR.US,D,20240228,000000,1.26,1.32,1.25,1.2782,7417,0
JNVR.US,D,20240229,000000,1.2699,1.2699,1.2,1.2,3236,0
JNVR.US,D,20240301,000000,1.23,1.29,1.21,1.26,2168,0
JNVR.US,D,20240304,000000,1.22,1.28,1.2,1.23,22381,0
JNVR.US,D,20240305,000000,1.21,1.29,1.21,1.29,10771,0
JNVR.US,D,20240306,000000,1.31,1.36,1.26,1.2896,9278,0
JNVR.US,D,20240307,000000,1.37,1.37,1.23,1.36,3590,0
JNVR.US,D,20240308,000000,1.31,1.36,1.26,1.28,3540,0
JNVR.US,D,20240311,000000,1.27,1.35,1.27,1.2801,4962,0
JNVR.US,D,20240312,000000,1.2901,1.3,1.254,1.3,4849,0
JNVR.US,D,20240313,000000,1.31,1.33,1.31,1.31,579,0
JNVR.US,D,20240314,000000,1.38,1.38,1.3,1.3,10766,0
JNVR.US,D,20240315,000000,1.33,1.33,1.319,1.33,1027,0
JNVR.US,D,20240318,000000,1.31,1.38,1.3001,1.35,6390,0
JNVR.US,D,20240319,000000,1.3897,1.48,1.3472,1.43,39055,0
JNVR.US,D,20240320,000000,1.4302,1.46,1.43,1.44,8099,0
JNVR.US,D,20240321,000000,1.35,1.395,1.21,1.28,13972,0
JNVR.US,D,20240322,000000,1.29,1.45,1.2802,1.45,9499,0
JNVR.US,D,20240325,000000,1.3101,1.42,1.31,1.35,8149,0
JNVR.US,D,20240326,000000,1.34,1.39,1.34,1.39,1751,0
JNVR.US,D,20240327,000000,1.4,1.4,1.33,1.335,6319,0
JNVR.US,D,20240328,000000,1.3,1.355,1.2,1.2,34990,0
JNVR.US,D,20240401,000000,1.26,1.2653,1.2,1.2,3738,0
JNVR.US,D,20240402,000000,1.1901,1.22,1.15,1.22,9597,0
JNVR.US,D,20240403,000000,1.15,1.175,1.15,1.15,1218,0
JNVR.US,D,20240404,000000,1.19,1.21,1.13,1.13,15896,0
JNVR.US,D,20240405,000000,1.27,1.33,1.13,1.19,11472,0
JNVR.US,D,20240408,000000,1.14,1.215,1.13,1.13,8549,0
JNVR.US,D,20240409,000000,1.14,1.15,1.1301,1.15,1800,0
JNVR.US,D,20240410,000000,1.1493,1.15,1.13,1.13,8150,0
JNVR.US,D,20240411,000000,1.11,1.15,1.11,1.15,9570,0
JNVR.US,D,20240412,000000,1.155,1.1924,1.13,1.14,13513,0
JNVR.US,D,20240415,000000,1.16,1.16,1.1,1.11,4306,0
JNVR.US,D,20240416,000000,1.1,1.1,1.0301,1.07,16296,0
JNVR.US,D,20240417,000000,1.15,1.19,0.9226,1.05,890459,0
JNVR.US,D,20240418,000000,1.0003,1.1,0.985,1.02,39398,0
JNVR.US,D,20240419,000000,1.06,1.09,0.985,1.075,45873,0
JNVR.US,D,20240422,000000,1.13,1.13,1.03,1.0776,5549,0
JNVR.US,D,20240423,000000,1.0354,1.08,1.02,1.04,10755,0
JNVR.US,D,20240424,000000,1.0399,1.08,1.025,1.07,3822,0
JNVR.US,D,20240425,000000,1.02,1.07,1.01,1.0301,16597,0
JNVR.US,D,20240426,000000,1.02,1.06,0.985,1.0352,7826,0
JNVR.US,D,20240429,000000,1.02,1.07,0.96,1.05,17944,0
JNVR.US,D,20240430,000000,1.06,1.0801,0.9888,1.04,33213,0
JNVR.US,D,20240501,000000,0.96,1.03,0.96,1.03,11442,0
JNVR.US,D,20240502,000000,1.03,1.1,1,1.08,21383,0
JNVR.US,D,20240503,000000,1.01,1.0926,0.96,1.06,13936,0
JNVR.US,D,20240506,000000,1.01,1.06,0.96,1.01,42899,0
JNVR.US,D,20240507,000000,1.1,1.27,1.0532,1.15,59450,0
JNVR.US,D,20240508,000000,1.14,1.21,1.11,1.15,29641,0
JNVR.US,D,20240509,000000,1.18,1.1958,1.074,1.1958,9742,0
JNVR.US,D,20240510,000000,1.0755,1.17,1.0605,1.17,11804,0
JNVR.US,D,20240513,000000,1.1,1.17,1.0801,1.14,15509,0
JNVR.US,D,20240514,000000,1.16,1.16,1.05,1.05,25197,0
JNVR.US,D,20240515,000000,1.06,1.08,1.031,1.08,8139,0
JNVR.US,D,20240516,000000,1.08,1.1,1.0311,1.07,11369,0
JNVR.US,D,20240517,000000,1.0301,1.14,1.03,1.14,30460,0
JNVR.US,D,20240520,000000,1.09,1.15,1.05,1.125,10770,0
JNVR.US,D,20240521,000000,1.16,1.16,1.06,1.11,10016,0
JNVR.US,D,20240522,000000,1.08,1.115,1.08,1.11,3260,0
JNVR.US,D,20240523,000000,1.08,1.1399,1.0707,1.09,10130,0
JNVR.US,D,20240524,000000,1.11,1.11,1.07,1.09,1100,0
JNVR.US,D,20240528,000000,1.1,1.1,1.02,1.05,14831,0
JNVR.US,D,20240529,000000,1.061,1.061,1.02,1.0201,2108,0
JNVR.US,D,20240530,000000,1.03,1.05,0.9853,0.99,10562,0
JNVR.US,D,20240531,000000,0.98,1.02,0.9611,0.98,16561,0
JNVR.US,D,20240603,000000,1,1.0006,0.961,0.9899,20015,0
JNVR.US,D,20240604,000000,0.98,0.9801,0.98,0.9801,15347,0
JNVR.US,D,20240605,000000,0.9801,0.9801,0.98,0.98005,27047,0
JNVR.US,D,20240606,000000,1,1,0.961,0.9611,40131,0
JNVR.US,D,20240607,000000,0.965,0.979,0.905,0.905,8630,0
JNVR.US,D,20240610,000000,0.91,0.91,0.85,0.85,9856,0
JNVR.US,D,20240611,000000,0.8967,0.899,0.839999,0.885,8654,0
JNVR.US,D,20240612,000000,0.885,0.94,0.8501,0.94,24813,0
JNVR.US,D,20240613,000000,0.94,0.95,0.9,0.95,2638,0
JNVR.US,D,20240614,000000,0.88,0.96,0.88,0.925701,7747,0
JNVR.US,D,20240617,000000,0.95,0.96,0.892,0.896101,7675,0
JNVR.US,D,20240618,000000,0.88,1.02,0.85,0.8837,123077,0
JNVR.US,D,20240620,000000,0.89,0.898,0.8401,0.85,23887,0
JNVR.US,D,20240621,000000,0.84,0.8999,0.7507,0.8001,91352,0
JNVR.US,D,20240624,000000,0.855051,0.9,0.820001,0.853,30726,0
JNVR.US,D,20240625,000000,0.853,0.9395,0.85,0.9019,17980,0
JNVR.US,D,20240626,000000,0.853,0.878,0.8213,0.8426,4903,0
JNVR.US,D,20240627,000000,0.88,0.89,0.792,0.8,33703,0
JNVR.US,D,20240628,000000,0.8,0.82,0.7603,0.766,25890,0
JNVR.US,D,20240701,000000,0.82,0.8399,0.8,0.8013,4217,0
JNVR.US,D,20240702,000000,0.839,0.8398,0.8,0.8332,19122,0
JNVR.US,D,20240703,000000,0.8,0.8198,0.77,0.8,10258,0
JNVR.US,D,20240705,000000,0.82,0.82,0.70785,0.7213,65998,0
JNVR.US,D,20240708,000000,0.77,0.7723,0.7253,0.769,26438,0
JNVR.US,D,20240709,000000,1.02,1.1399,0.7321,0.815,16973398,0
JNVR.US,D,20240710,000000,0.815,0.9,0.815,0.9,1025614,0
JNVR.US,D,20240711,000000,0.8333,1.01,0.804,0.8548,1903419,0
JNVR.US,D,20240712,000000,0.82,0.83,0.7869,0.8294,151790,0
JNVR.US,D,20240715,000000,0.77,0.7901,0.7059,0.7747,119578,0
JNVR.US,D,20240716,000000,0.7515,0.789,0.7399,0.7755,102735,0
JNVR.US,D,20240717,000000,0.7829,0.7989,0.7402,0.7747,40214,0
JNVR.US,D,20240718,000000,0.754,0.7723,0.72,0.7584,90332,0
JNVR.US,D,20240719,000000,0.76,0.7723,0.76,0.7698,19698,0
JNVR.US,D,20240722,000000,0.7849,0.7849,0.7405,0.7749,33469,0
JNVR.US,D,20240723,000000,0.7749,0.7749,0.7199,0.75,26354,0
JNVR.US,D,20240724,000000,0.7132,0.7698,0.7132,0.7303,17135,0
JNVR.US,D,20240725,000000,0.7201,0.75,0.7011,0.7052,13857,0
JNVR.US,D,20240726,000000,0.7008,0.73,0.7008,0.7031,13034,0
JNVR.US,D,20240729,000000,0.729,0.7299,0.6313,0.65,64388,0
JNVR.US,D,20240730,000000,0.636,0.67,0.636,0.6504,15793,0
JNVR.US,D,20240731,000000,0.7,0.734,0.651601,0.6979,144156,0
JNVR.US,D,20240801,000000,0.7135,0.72,0.6315,0.687,69449,0
JNVR.US,D,20240802,000000,0.63745,0.6748,0.6,0.62,70948,0
JNVR.US,D,20240805,000000,0.65,0.69,0.61185,0.61185,61476,0
JNVR.US,D,20240806,000000,0.6479,0.65,0.55,0.57,17748,0
JNVR.US,D,20240807,000000,0.57,0.6504,0.552,0.57,113657,0
JNVR.US,D,20240808,000000,0.59196,0.67,0.5258,0.6497,80089,0
JNVR.US,D,20240809,000000,0.62,0.6796,0.5969,0.6363,21079,0
JNVR.US,D,20240812,000000,0.62,0.6597,0.61,0.6385,21542,0
JNVR.US,D,20240813,000000,0.605001,0.6699,0.6,0.6044,24475,0
JNVR.US,D,20240814,000000,0.59,0.6485,0.59,0.6207,14279,0
JNVR.US,D,20240815,000000,0.629,0.6559,0.6,0.61,30874,0
JNVR.US,D,20240816,000000,0.59,0.594,0.528,0.5725,16750,0
JNVR.US,D,20240819,000000,0.6011,0.61,0.4208,0.5276,15615,0
JNVR.US,D,20240820,000000,0.528,0.5626,0.4611,0.5116,14981,0
JNVR.US,D,20240821,000000,0.501,0.5677,0.501,0.513,3832,0
JNVR.US,D,20240822,000000,0.525,0.545,0.5,0.5029,15091,0
JNVR.US,D,20240823,000000,0.503001,0.564,0.503001,0.5267,4473,0
JNVR.US,D,20240826,000000,0.519,0.551,0.4923,0.51615,4165,0
JNVR.US,D,20240827,000000,0.52,0.62,0.52,0.545,910145,0
JNVR.US,D,20240828,000000,0.56,0.56,0.445,0.4915,94309,0
JNVR.US,D,20240829,000000,0.5185,0.525,0.46,0.4601,66407,0
JNVR.US,D,20240830,000000,0.447,0.4999,0.447,0.4825,8502,0
JNVR.US,D,20240903,000000,0.487,0.55,0.4303,0.453,111739,0
JNVR.US,D,20240904,000000,0.43,0.471,0.43,0.4311,14190,0
JNVR.US,D,20240905,000000,0.4482,0.5,0.445999,0.4895,53406,0
JNVR.US,D,20240906,000000,0.49,0.4901,0.431,0.455,35641,0
JNVR.US,D,20240909,000000,0.4311,0.5,0.4311,0.5,19115,0
JNVR.US,D,20240910,000000,0.47,0.4959,0.452,0.481,9120,0
JNVR.US,D,20240911,000000,0.469,0.5072,0.433,0.4637,26613,0
JNVR.US,D,20240912,000000,0.507,0.57,0.464,0.5138,15472,0
JNVR.US,D,20240913,000000,0.4811,0.525,0.4811,0.5126,6717,0
JNVR.US,D,20240916,000000,0.519,0.5223,0.519,0.5223,2419,0
JNVR.US,D,20240917,000000,0.52,0.58,0.52,0.5302,17484,0
JNVR.US,D,20240918,000000,0.572,0.78,0.567,0.6346,827461,0
JNVR.US,D,20240919,000000,0.6595,0.6595,0.6,0.6454,90273,0
JNVR.US,D,20240920,000000,0.6305,0.6625,0.6004,0.6123,39244,0
JNVR.US,D,20240923,000000,0.57,0.657,0.557,0.58,32595,0
JNVR.US,D,20240924,000000,0.590001,0.64,0.58,0.61,20054,0
JNVR.US,D,20240925,000000,0.6029,0.62,0.5806,0.606,6230,0
JNVR.US,D,20240926,000000,0.6309,0.67,0.6014,0.659,20897,0
JNVR.US,D,20240927,000000,0.66,0.66,0.5,0.591,59791,0
JNVR.US,D,20240930,000000,0.63,0.65,0.62,0.64,13532,0
JNVR.US,D,20241001,000000,0.649899,0.649899,0.591,0.591001,13923,0
JNVR.US,D,20241002,000000,0.591,0.6279,0.556,0.5831,15232,0
JNVR.US,D,20241003,000000,0.555,0.617,0.553,0.562,6487,0
JNVR.US,D,20241004,000000,0.5636,0.597,0.5501,0.5501,12981,0
JNVR.US,D,20241007,000000,0.57,0.597799,0.5501,0.56,10458,0
JNVR.US,D,20241008,000000,0.56,0.5877,0.5501,0.5506,7104,0
JNVR.US,D,20241009,000000,0.5702,0.588,0.5501,0.5501,26131,0
JNVR.US,D,20241010,000000,0.5501,0.57,0.5501,0.5501,4145,0
JNVR.US,D,20241011,000000,0.551,0.6207,0.5501,0.5773,41763,0
JNVR.US,D,20241014,000000,0.617,0.617,0.561,0.59,11557,0
JNVR.US,D,20241015,000000,0.5727,0.6065,0.56,0.58224,29655,0
JNVR.US,D,20241016,000000,0.5711,0.5998,0.56,0.5998,19151,0
JNVR.US,D,20241017,000000,0.5754,0.5999,0.5264,0.5338,32407,0
JNVR.US,D,20241018,000000,0.55,0.599699,0.51,0.5762,43942,0
JNVR.US,D,20241021,000000,0.5993,0.617,0.4907,0.5502,46188,0
JNVR.US,D,20241022,000000,0.54,0.5986,0.5229,0.56985,31262,0
JNVR.US,D,20241023,000000,0.5641,0.5641,0.5025,0.5087,28979,0
JNVR.US,D,20241024,000000,0.5501,0.727,0.5501,0.6397,676484,0
JNVR.US,D,20241025,000000,0.61,0.88,0.55,0.7273,477709,0
JNVR.US,D,20241028,000000,0.6985,0.6985,0.572,0.5729,141296,0
JNVR.US,D,20241029,000000,0.58,0.6185,0.56,0.562,21123,0
