<TICKER>,<PER>,<DATE>,<TIME>,<OPEN>,<HIGH>,<LOW>,<CLOSE>,<VOL>,<OPENINT>
JVSAU.US,D,20240122,000000,10.12,10.14,10.12,10.13,217028,0
JVSAU.US,D,20240123,000000,10.1397,10.14,10.12,10.13,318663,0
JVSAU.US,D,20240124,000000,10.1303,10.14,10.13,10.13,102486,0
JVSAU.US,D,20240125,000000,10.14,10.14,10.13,10.13,60481,0
JVSAU.US,D,20240126,000000,10.14,10.14,10.13,10.14,14095,0
JVSAU.US,D,20240129,000000,10.13,10.13,10.13,10.13,873,0
JVSAU.US,D,20240130,000000,10.14,10.15,10.14,10.14,20050,0
JVSAU.US,D,20240131,000000,10.15,10.15,10.14,10.14,13322,0
JVSAU.US,D,20240201,000000,10.15,10.15,10.14,10.14,9317,0
JVSAU.US,D,20240202,000000,10.14,10.15,10.14,10.14,56355,0
JVSAU.US,D,20240205,000000,10.15,10.15,10.15,10.15,9366,0
JVSAU.US,D,20240206,000000,10.15,10.15,10.15,10.15,3962,0
JVSAU.US,D,20240207,000000,10.17,10.17,10.15,10.16,10883,0
JVSAU.US,D,20240208,000000,10.17,10.19,10.17,10.18,7140,0
JVSAU.US,D,20240209,000000,10.17,10.17,10.17,10.17,251,0
JVSAU.US,D,20240213,000000,10.17,10.19,10.17,10.17,54835,0
JVSAU.US,D,20240214,000000,10.17,10.19,10.17,10.18,3439,0
JVSAU.US,D,20240215,000000,10.18,10.18,10.18,10.18,2197,0
JVSAU.US,D,20240216,000000,10.18,10.18,10.18,10.18,924,0
JVSAU.US,D,20240220,000000,10.19,10.2,10.19,10.19,16758,0
JVSAU.US,D,20240221,000000,10.2,10.2,10.19,10.19,579,0
JVSAU.US,D,20240222,000000,10.2,10.2,10.19,10.19,13281,0
JVSAU.US,D,20240223,000000,10.21,10.21,10.2,10.2,1919,0
JVSAU.US,D,20240226,000000,10.21,10.21,10.2,10.2,3363,0
JVSAU.US,D,20240227,000000,10.19,10.21,10.19,10.21,765,0
JVSAU.US,D,20240228,000000,10.21,10.21,10.2,10.2,8271,0
JVSAU.US,D,20240229,000000,10.21,10.21,10.2,10.21,11068,0
JVSAU.US,D,20240301,000000,10.19,10.19,10.19,10.19,308,0
JVSAU.US,D,20240304,000000,10.22,10.22,10.22,10.22,6048,0
JVSAU.US,D,20240305,000000,10.22,10.22,10.22,10.22,570,0
JVSAU.US,D,20240306,000000,10.22,10.22,10.22,10.22,45370,0
JVSAU.US,D,20240307,000000,10.23,10.23,10.225,10.23,20899,0
JVSAU.US,D,20240308,000000,10.23,10.2301,10.23,10.2301,418,0
JVSAU.US,D,20240311,000000,10.23,10.25,10.22,10.25,142563,0
JVSAU.US,D,20240312,000000,10.25,10.28,10.25,10.28,12420,0
JVSAU.US,D,20240313,000000,10.25,10.29,10.25,10.29,15424,0
JVSAU.US,D,20240314,000000,10.2501,10.28,10.25,10.25,6957,0
JVSAU.US,D,20240318,000000,10.25,10.27,10.25,10.261,19417,0
JVSAU.US,D,20240319,000000,10.275,10.275,10.26,10.26,5644,0
JVSAU.US,D,20240321,000000,10.28,10.28,10.26,10.27,14593,0
JVSAU.US,D,20240326,000000,10.28,10.28,10.28,10.28,428,0
JVSAU.US,D,20240327,000000,10.29,10.3,10.28,10.3,10846,0
JVSAU.US,D,20240402,000000,10.31,10.31,10.31,10.31,5778,0
JVSAU.US,D,20240403,000000,10.31,10.31,10.31,10.31,447,0
JVSAU.US,D,20240404,000000,10.31,10.33,10.3,10.3,10040,0
JVSAU.US,D,20240408,000000,10.39,10.5,10.39,10.45,19686,0
JVSAU.US,D,20240409,000000,10.42,10.42,10.42,10.42,1008,0
JVSAU.US,D,20240412,000000,10.4,10.45,10.39,10.39,2365,0
JVSAU.US,D,20240416,000000,10.43,10.43,10.43,10.43,483,0
JVSAU.US,D,20240419,000000,10.46,10.597,10.4,10.4,3791,0
JVSAU.US,D,20240422,000000,10.4,10.4,10.4,10.4,2764,0
JVSAU.US,D,20240508,000000,10.43,10.465,10.43,10.43,1896,0
JVSAU.US,D,20240510,000000,10.43,10.4301,10.4,10.4001,17000,0
JVSAU.US,D,20240513,000000,10.575,10.575,10.33,10.33,9861,0
JVSAU.US,D,20240517,000000,10.4,10.4,10.4,10.4,307,0
JVSAU.US,D,20240524,000000,10.4,11.35,10.4,10.5,5902,0
JVSAU.US,D,20240528,000000,11.675,11.675,10.55,10.55,1958,0
JVSAU.US,D,20240606,000000,10.42,10.42,10.42,10.42,272,0
JVSAU.US,D,20240610,000000,10.39,10.39,10.39,10.39,100,0
JVSAU.US,D,20240611,000000,10.39,10.39,10.39,10.39,100,0
JVSAU.US,D,20240612,000000,10.39,10.39,10.39,10.39,300,0
JVSAU.US,D,20240613,000000,10.39,10.3901,10.39,10.39,2187,0
JVSAU.US,D,20240614,000000,10.39,10.3901,10.39,10.3901,1520,0
JVSAU.US,D,20240618,000000,10.39,10.4,10.39,10.39,10500,0
JVSAU.US,D,20240621,000000,10.42,10.42,10.42,10.42,639,0
JVSAU.US,D,20240625,000000,10.42,10.42,10.42,10.42,1000,0
JVSAU.US,D,20240701,000000,10.6,11.29,10.59,10.6,2246,0
JVSAU.US,D,20240708,000000,10.44,10.44,10.44,10.44,666,0
JVSAU.US,D,20240710,000000,10.44,10.44,10.44,10.44,217,0
JVSAU.US,D,20240712,000000,10.5,10.5,10.44,10.44,3677,0
JVSAU.US,D,20240722,000000,10.44,10.44,10.44,10.44,100,0
JVSAU.US,D,20240723,000000,10.44,10.44,10.44,10.44,100,0
JVSAU.US,D,20240724,000000,10.5,10.5,10.44,10.44,1603,0
JVSAU.US,D,20240726,000000,10.56,10.56,10.44,10.47,18292,0
JVSAU.US,D,20240805,000000,10.55,10.55,10.55,10.55,649,0
JVSAU.US,D,20240806,000000,10.7101,10.7102,10.56,10.56,600,0
JVSAU.US,D,20240813,000000,10.7,10.7,10.54,10.54,200,0
JVSAU.US,D,20240816,000000,10.65,10.65,10.55,10.55,200,0
JVSAU.US,D,20240820,000000,10.6501,10.6501,10.51,10.51,843,0
JVSAU.US,D,20240828,000000,10.54,10.54,10.54,10.54,100,0
JVSAU.US,D,20240903,000000,10.55,10.55,10.55,10.55,100,0
JVSAU.US,D,20240904,000000,10.84,11.95,10.69,11.63,4388,0
JVSAU.US,D,20240905,000000,10.7,10.8001,10.65,10.78,5155,0
JVSAU.US,D,20240909,000000,10.8,10.8,10.65,10.65,1358,0
JVSAU.US,D,20240910,000000,10.51,10.65,10.51,10.65,2829,0
JVSAU.US,D,20240911,000000,10.68,10.68,10.68,10.68,300,0
JVSAU.US,D,20240913,000000,10.67,10.67,10.64,10.64,420,0
JVSAU.US,D,20240926,000000,10.68,10.68,10.64,10.64,500,0
JVSAU.US,D,20241004,000000,10.6,10.772,10.6,10.772,1500,0
JVSAU.US,D,20241023,000000,11.1,11.2,11.1,11.2,6006,0
JVSAU.US,D,20241024,000000,11.6,12.69,10.64,10.66,7603,0
JVSAU.US,D,20241025,000000,10.77,10.77,10.75,10.75,250,0
JVSAU.US,D,20241029,000000,10.8001,10.8001,10.75,10.75,618,0
