<TICKER>,<PER>,<DATE>,<TIME>,<OPEN>,<HIGH>,<LOW>,<CLOSE>,<VOL>,<OPENINT>
KLTO.US,D,20240126,000000,10.95,10.95,10.93,10.93,200,0
KLTO.US,D,20240129,000000,10.78,10.78,10.78,10.78,1050,0
KLTO.US,D,20240130,000000,10.77,10.78,10.77,10.78,421854,0
KLTO.US,D,20240214,000000,10.84,10.89,10.79,10.89,60749,0
KLTO.US,D,20240215,000000,10.85,10.87,10.85,10.87,5843,0
KLTO.US,D,20240220,000000,10.86,10.87,10.8499,10.86,40679,0
KLTO.US,D,20240221,000000,10.87,10.88,10.8699,10.87,4488,0
KLTO.US,D,20240222,000000,10.86,10.86,10.85,10.85,589,0
KLTO.US,D,20240223,000000,10.87,10.87,10.86,10.87,1811,0
KLTO.US,D,20240226,000000,10.87,10.89,10.87,10.89,2774,0
KLTO.US,D,20240227,000000,10.89,10.89,10.8899,10.8899,2068,0
KLTO.US,D,20240228,000000,10.8901,10.8901,10.8901,10.8901,262,0
KLTO.US,D,20240229,000000,10.92,10.9306,10.9047,10.93,22680,0
KLTO.US,D,20240301,000000,10.928,10.94,10.928,10.9382,36758,0
KLTO.US,D,20240304,000000,10.94,10.96,10.93,10.95,24998,0
KLTO.US,D,20240305,000000,10.44,10.6,10,10.45,5448,0
KLTO.US,D,20240308,000000,9.6,10.53,9.5,10.53,2047,0
KLTO.US,D,20240311,000000,9.35,9.55,9.35,9.55,320,0
KLTO.US,D,20240312,000000,10.36,10.4737,10.2,10.4,3218,0
KLTO.US,D,20240313,000000,9.71,9.71,9.71,9.71,128,0
KLTO.US,D,20240315,000000,10.17,10.35,10.17,10.35,330,0
KLTO.US,D,20240318,000000,9.76,9.76,9.5,9.5,597,0
KLTO.US,D,20240319,000000,10,12.08,9.9506,12.08,3276,0
KLTO.US,D,20240320,000000,12.685,12.9,10.27,10.28,4871,0
KLTO.US,D,20240322,000000,9.75,12.41,9.75,12.39,3068,0
KLTO.US,D,20240325,000000,10.97,11.1,10.97,10.97,1204,0
KLTO.US,D,20240326,000000,9.92,9.92,8.93,9.7707,3035,0
KLTO.US,D,20240327,000000,10.05,10.05,10.05,10.05,324,0
KLTO.US,D,20240328,000000,10.9,12.22,10.615,11.97,3180,0
KLTO.US,D,20240401,000000,12,12.65,11.35,12.65,2187,0
KLTO.US,D,20240402,000000,11.39,11.83,9.8801,10.49,5383,0
KLTO.US,D,20240403,000000,10.55,10.55,10.51,10.51,1165,0
KLTO.US,D,20240405,000000,9.05,9.35,8.05,9.2266,3338,0
KLTO.US,D,20240408,000000,9.76,10.57,9.76,10.41,2139,0
KLTO.US,D,20240409,000000,10.61,11,10.61,11,805,0
KLTO.US,D,20240410,000000,11,11,11,11,510,0
KLTO.US,D,20240412,000000,10.5,10.5,9.45,10.4,1047,0
KLTO.US,D,20240417,000000,9.31,9.31,8.1306,8.6899,3404,0
KLTO.US,D,20240418,000000,7.99,7.9966,7.99,7.9966,3169,0
KLTO.US,D,20240419,000000,11.26,13.1,9.38,9.54,6114020,0
KLTO.US,D,20240422,000000,8.82,9.25,7.7601,8.845,230662,0
KLTO.US,D,20240423,000000,8.16,8.17,6.81,7.19,90971,0
KLTO.US,D,20240424,000000,7,7.4,6.31,6.31,70606,0
KLTO.US,D,20240425,000000,6.33,6.37,4.98,6.07,183140,0
KLTO.US,D,20240426,000000,5.61,7.74,5.6,7.42,85796,0
KLTO.US,D,20240429,000000,7.39,7.7863,6.5,7,55444,0
KLTO.US,D,20240430,000000,6.99,7.8,6.86,7.4,35744,0
KLTO.US,D,20240501,000000,7.4,7.4,5.8,6.2,44616,0
KLTO.US,D,20240502,000000,6.9899,7.17,6.48,6.99,39733,0
KLTO.US,D,20240503,000000,6.89,7.2,6.21,6.61,11632,0
KLTO.US,D,20240506,000000,6.35,6.75,5.79,6.35,31472,0
KLTO.US,D,20240507,000000,6.75,11.0499,6.5201,6.79,510104,0
KLTO.US,D,20240508,000000,6.55,7.4,6.55,7.01,41752,0
KLTO.US,D,20240509,000000,7,7,6.26,6.5,18567,0
KLTO.US,D,20240510,000000,5.96,6.4399,5.83,6.04,76923,0
KLTO.US,D,20240513,000000,6.16,6.19,5.8249,6.03,13660,0
KLTO.US,D,20240514,000000,6.41,6.58,6.0333,6.245,12580,0
KLTO.US,D,20240515,000000,5.99,6.12,5.73,6.03,20209,0
KLTO.US,D,20240516,000000,6.25,6.55,6.0101,6.0101,22665,0
KLTO.US,D,20240517,000000,6.176,6.5,6.03,6.0501,14156,0
KLTO.US,D,20240520,000000,5.98,6.18,5.8,6.11,12288,0
KLTO.US,D,20240521,000000,5.83,6.1,5.5824,6.1,3949,0
KLTO.US,D,20240522,000000,5.77,5.95,5.75,5.85,4599,0
KLTO.US,D,20240523,000000,6.46,6.46,5.31,5.31,13272,0
KLTO.US,D,20240524,000000,5.8,6.27,5.5254,6.0796,6639,0
KLTO.US,D,20240528,000000,6.08,6.08,5.3,5.51,3124,0
KLTO.US,D,20240529,000000,5.54,6.105,5.54,6,9482,0
KLTO.US,D,20240530,000000,5.745,6.13,5.51,5.7,4193,0
KLTO.US,D,20240531,000000,6.1,8.11,5.7,6.42,130539,0
KLTO.US,D,20240603,000000,6.17,6.27,5.8,5.83,9108,0
KLTO.US,D,20240604,000000,5.83,6.41,5.77,6.41,2261,0
KLTO.US,D,20240605,000000,5.83,6.27,5.72,6.27,7701,0
KLTO.US,D,20240606,000000,6.06,6.378,5.65,5.65,7254,0
KLTO.US,D,20240607,000000,5.724,5.805,5.57,5.65,1937,0
KLTO.US,D,20240610,000000,5.88,5.92,5.5,5.51,92684,0
KLTO.US,D,20240611,000000,5.84,7.35,5.4,6.05,111838,0
KLTO.US,D,20240612,000000,6.22,6.81,6.22,6.5,18564,0
KLTO.US,D,20240613,000000,6.83,6.83,6.2,6.5101,7598,0
KLTO.US,D,20240614,000000,5.875,6.2,5.6001,6.17,8907,0
KLTO.US,D,20240617,000000,6.15,6.15,5.79,5.8,6220,0
KLTO.US,D,20240618,000000,5.72,6.29,5.72,5.98,8504,0
KLTO.US,D,20240620,000000,5.84,5.95,5.5592,5.9,5085,0
KLTO.US,D,20240621,000000,5.64,5.8,2.2247,2.34,155955,0
KLTO.US,D,20240624,000000,1.83,1.96,1.5404,1.73,456900,0
KLTO.US,D,20240625,000000,1.99,2.2,1.6,1.65,4755600,0
KLTO.US,D,20240626,000000,4.5,5.11,3.21,3.62,89785291,0
KLTO.US,D,20240627,000000,3.48,3.5599,2.72,3,2771591,0
KLTO.US,D,20240628,000000,2.8,2.8999,2.37,2.48,917810,0
KLTO.US,D,20240701,000000,2.47,2.5,1.69,1.8,890656,0
KLTO.US,D,20240702,000000,2.04,2.2,1.8001,2.03,2260705,0
KLTO.US,D,20240703,000000,2.01,2.01,1.71,1.82,489033,0
KLTO.US,D,20240705,000000,1.81,1.81,1.36,1.5,393189,0
KLTO.US,D,20240708,000000,1.47,1.55,1.37,1.45,402313,0
KLTO.US,D,20240709,000000,1.9,2.08,1.6201,1.7,23064384,0
KLTO.US,D,20240710,000000,1.54,1.85,1.535,1.79,1667309,0
KLTO.US,D,20240711,000000,1.76,1.8499,1.71,1.76,934622,0
KLTO.US,D,20240712,000000,1.75,1.7694,1.55,1.62,876709,0
KLTO.US,D,20240715,000000,1.68,1.72,1.56,1.64,578170,0
KLTO.US,D,20240716,000000,1.68,1.78,1.6107,1.67,887543,0
KLTO.US,D,20240717,000000,1.67,1.67,1.58,1.61,554783,0
KLTO.US,D,20240718,000000,1.62,1.63,1.49,1.54,412637,0
KLTO.US,D,20240719,000000,1.57,1.57,1.46,1.48,277826,0
KLTO.US,D,20240722,000000,1.52,1.5276,1.35,1.43,442162,0
KLTO.US,D,20240723,000000,1.38,1.38,1.07,1.34,517634,0
KLTO.US,D,20240724,000000,1.33,1.35,1.2301,1.27,108601,0
KLTO.US,D,20240725,000000,1.27,1.5099,1.27,1.46,411936,0
KLTO.US,D,20240726,000000,1.5,1.51,1.4,1.47,206667,0
KLTO.US,D,20240729,000000,1.53,1.53,1.37,1.47,140477,0
KLTO.US,D,20240730,000000,1.45,1.4788,1.29,1.36,158467,0
KLTO.US,D,20240731,000000,1.38,1.39,1.32,1.36,34404,0
KLTO.US,D,20240801,000000,1.36,1.3628,1.23,1.26,49840,0
KLTO.US,D,20240802,000000,1.18,1.25,1.15,1.21,91752,0
KLTO.US,D,20240805,000000,1.17,1.17,1.0401,1.14,121059,0
KLTO.US,D,20240806,000000,1.11,1.14,1.06,1.08,50243,0
KLTO.US,D,20240807,000000,1.09,1.17,1,1.09,47243,0
KLTO.US,D,20240808,000000,1.55,1.59,1.2,1.28,47598472,0
KLTO.US,D,20240809,000000,1.33,1.35,1.19,1.25,1500704,0
KLTO.US,D,20240812,000000,1.15,1.28,1.13,1.18,575730,0
KLTO.US,D,20240813,000000,1.16,1.19,1.1,1.1,234967,0
KLTO.US,D,20240814,000000,1.13,1.13,0.9482,1,307277,0
KLTO.US,D,20240815,000000,1.02,1.2,0.98,1.11,3631452,0
KLTO.US,D,20240816,000000,1.01,1.06,0.9902,1.05,358818,0
KLTO.US,D,20240819,000000,0.98,1.05,0.9623,1.03,179025,0
KLTO.US,D,20240820,000000,1.02,1.04,0.9772,1.03,135790,0
KLTO.US,D,20240821,000000,1.15,1.22,1.05,1.19,17661657,0
KLTO.US,D,20240822,000000,1.1,1.25,1.09,1.19,1210620,0
KLTO.US,D,20240823,000000,1.17,1.2,1.1,1.17,459865,0
KLTO.US,D,20240826,000000,1.17,1.1899,1.12,1.16,353316,0
KLTO.US,D,20240827,000000,1.12,1.15,1.07,1.15,285471,0
KLTO.US,D,20240828,000000,1.08,1.1,1.02,1.03,133679,0
KLTO.US,D,20240829,000000,1.05,1.055,1,1.01,163326,0
KLTO.US,D,20240830,000000,1,1,0.9,0.9308,257362,0
KLTO.US,D,20240903,000000,0.91,0.92,0.860711,0.87,133635,0
KLTO.US,D,20240904,000000,0.87,0.8911,0.7821,0.797,211464,0
KLTO.US,D,20240905,000000,0.8252,0.8272,0.7799,0.8049,184068,0
KLTO.US,D,20240906,000000,0.7689,0.7799,0.7203,0.7303,249471,0
KLTO.US,D,20240909,000000,0.74,0.9,0.74,0.835,197645,0
KLTO.US,D,20240910,000000,0.839,0.839,0.765694,0.79,60361,0
KLTO.US,D,20240911,000000,0.75,0.781,0.7306,0.774,48285,0
KLTO.US,D,20240912,000000,0.78,0.784,0.726,0.74,45657,0
KLTO.US,D,20240913,000000,0.7546,0.7739,0.7254,0.73,34000,0
KLTO.US,D,20240916,000000,0.749,0.78,0.725,0.726,22784,0
KLTO.US,D,20240917,000000,0.8,0.99,0.75,0.928,265800,0
KLTO.US,D,20240918,000000,0.9,0.9,0.8045,0.89,39800,0
KLTO.US,D,20240919,000000,0.86,0.88,0.82,0.82,40800,0
KLTO.US,D,20240920,000000,0.82,0.8799,0.7613,0.859,195500,0
KLTO.US,D,20240923,000000,0.82,0.85,0.81,0.8299,28500,0
KLTO.US,D,20240924,000000,0.849,0.849,0.7901,0.8289,50400,0
KLTO.US,D,20240925,000000,0.818,0.83,0.7365,0.75,50900,0
KLTO.US,D,20240926,000000,0.799,0.8,0.7,0.7206,80500,0
KLTO.US,D,20240927,000000,0.72,0.7379,0.7,0.735,26500,0
KLTO.US,D,20240930,000000,0.755,0.755,0.6544,0.6545,47427,0
KLTO.US,D,20241001,000000,0.66,0.705,0.6011,0.6321,52058,0
KLTO.US,D,20241002,000000,0.5993,0.6083,0.51,0.5161,93300,0
KLTO.US,D,20241003,000000,0.58,0.58,0.52005,0.539,62352,0
KLTO.US,D,20241004,000000,0.5251,0.55,0.5244,0.5244,53683,0
KLTO.US,D,20241007,000000,0.549,0.549,0.472,0.5063,54622,0
KLTO.US,D,20241008,000000,0.519,0.519,0.4702,0.4999,52973,0
KLTO.US,D,20241009,000000,0.527,0.527,0.48,0.5199,39662,0
KLTO.US,D,20241010,000000,0.5,0.51,0.4552,0.4921,112020,0
KLTO.US,D,20241011,000000,0.4825,0.526,0.46,0.519,75222,0
KLTO.US,D,20241014,000000,0.497,0.5,0.47,0.4998,33874,0
KLTO.US,D,20241015,000000,0.507,0.51,0.463,0.509899,38651,0
KLTO.US,D,20241016,000000,0.481,0.7811,0.405,0.5616,2076420,0
KLTO.US,D,20241017,000000,0.6501,0.694,0.55,0.59,3956850,0
KLTO.US,D,20241018,000000,0.5601,0.8,0.56,0.7574,1364042,0
KLTO.US,D,20241021,000000,0.7698,0.88,0.6601,0.7103,701641,0
KLTO.US,D,20241022,000000,0.72,0.72,0.6711,0.7,219273,0
KLTO.US,D,20241023,000000,0.679,0.679,0.5511,0.57,203828,0
KLTO.US,D,20241024,000000,0.5529,0.584649,0.5,0.546,277599,0
KLTO.US,D,20241025,000000,0.56,0.564,0.4588,0.48,131983,0
KLTO.US,D,20241028,000000,0.471,0.549,0.47,0.549,71606,0
KLTO.US,D,20241029,000000,0.54,0.55,0.5001,0.5105,55072,0
