<TICKER>,<PER>,<DATE>,<TIME>,<OPEN>,<HIGH>,<LOW>,<CLOSE>,<VOL>,<OPENINT>
LSH.US,D,20240628,000000,5.15,5.37,4.01,4.01,1040700,0
LSH.US,D,20240701,000000,4.1,4.25,3.85,3.91,175729,0
LSH.US,D,20240702,000000,4.02,4.16,3.85,4.09,31972,0
LSH.US,D,20240703,000000,4.0576,4.14,3.85,3.91,6067,0
LSH.US,D,20240705,000000,4.1,4.1,3.85,3.9,21540,0
LSH.US,D,20240708,000000,4.16,4.16,3.5,3.69,71117,0
LSH.US,D,20240709,000000,3.66,3.85,3.32,3.76,168133,0
LSH.US,D,20240710,000000,3.65,4,3.65,3.75,40014,0
LSH.US,D,20240711,000000,3.71,3.9475,3.46,3.9475,15410,0
LSH.US,D,20240712,000000,3.71,3.7293,2.93,3.5321,46002,0
LSH.US,D,20240715,000000,3.46,3.49,3.21,3.25,17463,0
LSH.US,D,20240716,000000,3.39,3.4099,3.01,3.106,43392,0
LSH.US,D,20240717,000000,3,3.195,3,3.06,13608,0
LSH.US,D,20240718,000000,3.17,3.19,3.0101,3.1672,14487,0
LSH.US,D,20240719,000000,3.21,3.29,2.58,2.6,22038,0
LSH.US,D,20240722,000000,2.64,3.18,2.5302,2.8,50046,0
LSH.US,D,20240723,000000,2.84,2.9,2.5001,2.57,19783,0
LSH.US,D,20240724,000000,2.5,2.775,2.42,2.72,22479,0
LSH.US,D,20240725,000000,2.6,2.75,2.41,2.46,10962,0
LSH.US,D,20240726,000000,2.5001,2.8,2.39,2.48,13256,0
LSH.US,D,20240729,000000,2.5,2.5,2.1,2.22,13735,0
LSH.US,D,20240730,000000,2.231,2.5001,2.231,2.37,50277,0
LSH.US,D,20240731,000000,4.16,4.34,2.84,3.8,28509345,0
LSH.US,D,20240801,000000,3.89,4.3,3.37,3.88,2157350,0
LSH.US,D,20240802,000000,3.35,4.14,3.35,4,514099,0
LSH.US,D,20240805,000000,3.6,4.2,3.4303,3.65,167918,0
LSH.US,D,20240806,000000,3.86,4.01,3.57,3.75,109175,0
LSH.US,D,20240807,000000,3.89,3.89,3.3,3.4,52213,0
LSH.US,D,20240808,000000,3.3,3.38,3.01,3.06,63258,0
LSH.US,D,20240809,000000,2.9,3.3,2.8,3.19,55226,0
LSH.US,D,20240812,000000,3.21,3.72,2.91,3.24,66031,0
LSH.US,D,20240813,000000,3.2,3.35,2.9,3.31,382390,0
LSH.US,D,20240814,000000,3.28,3.2999,3.0051,3.1,225708,0
LSH.US,D,20240815,000000,3.17,3.2,2.7801,2.9,69124,0
LSH.US,D,20240816,000000,2.93,3.05,2.78,2.91,65508,0
LSH.US,D,20240819,000000,2.83,2.96,2.4,2.55,63016,0
LSH.US,D,20240820,000000,2.56,2.9,2.5,2.61,20369,0
LSH.US,D,20240821,000000,2.7,2.8702,2.62,2.74,20285,0
LSH.US,D,20240822,000000,2.74,2.7466,2.55,2.5501,9329,0
LSH.US,D,20240823,000000,2.5,2.65,2.4413,2.515,5752,0
LSH.US,D,20240826,000000,2.4975,3,2.4975,2.89,51396,0
LSH.US,D,20240827,000000,2.87,3.7114,2.87,3.6,172888,0
LSH.US,D,20240828,000000,3.68,3.895,3.3,3.51,75386,0
LSH.US,D,20240829,000000,3.57,3.57,3.08,3.08,63233,0
LSH.US,D,20240830,000000,3.21,3.33,2.95,2.95,33102,0
LSH.US,D,20240903,000000,2.9,3.35,2.69,3.35,19474,0
LSH.US,D,20240904,000000,3.27,3.45,3.1,3.2,12404,0
LSH.US,D,20240905,000000,3.13,3.4799,3.13,3.24,2690,0
LSH.US,D,20240906,000000,3.45,3.45,2.97,2.97,39281,0
LSH.US,D,20240909,000000,3.26,3.5,3.05,3.21,20434,0
LSH.US,D,20240910,000000,3.275,3.3,3.15,3.2,34849,0
LSH.US,D,20240911,000000,3.23,3.23,3.11,3.18,28293,0
LSH.US,D,20240912,000000,3.14,3.14,2.77,3,22487,0
LSH.US,D,20240913,000000,3.0801,3.1,2.88,2.99,11040,0
LSH.US,D,20240916,000000,3.08,3.08,2.72,2.82,3934,0
LSH.US,D,20240917,000000,3.07,3.09,2.85,2.85,11186,0
LSH.US,D,20240918,000000,2.98,2.98,2.28,2.39,54991,0
LSH.US,D,20240919,000000,2.75,2.84,2.45,2.45,36465,0
LSH.US,D,20240920,000000,2.58,2.7,2.5,2.56,33636,0
LSH.US,D,20240923,000000,2.5,2.6,2.45,2.48,12942,0
LSH.US,D,20240924,000000,2.5,2.53,2.4,2.4,14694,0
LSH.US,D,20240925,000000,2.49,2.49,2.25,2.25,10462,0
LSH.US,D,20240926,000000,2.38,2.581,2.16,2.45,19806,0
LSH.US,D,20240927,000000,2.69,2.9025,2.53,2.53,23865,0
LSH.US,D,20240930,000000,2.4342,3.63,2.4342,3.63,77020,0
LSH.US,D,20241001,000000,3.98,3.98,2.78,3.08,104811,0
LSH.US,D,20241002,000000,2.95,3.28,2.9,2.9,15584,0
LSH.US,D,20241003,000000,2.9,3.5545,2.9,3.5,27401,0
LSH.US,D,20241004,000000,3.2542,3.44,3.15,3.15,20541,0
LSH.US,D,20241007,000000,3.075,3.144,3,3.01,5729,0
LSH.US,D,20241008,000000,3.09,3.09,2.685,2.685,21019,0
LSH.US,D,20241009,000000,2.6,3.09,2.6,2.8001,6283,0
LSH.US,D,20241010,000000,2.8,3,2.51,2.7,26867,0
LSH.US,D,20241011,000000,2.66,3.1253,2.5001,2.94,36618,0
LSH.US,D,20241014,000000,3.0097,3.49,2.8,3.01,63717,0
LSH.US,D,20241015,000000,2.98,3.3,2.95,3.26,18811,0
LSH.US,D,20241016,000000,3.14,3.14,2.93,2.97,3839,0
LSH.US,D,20241017,000000,3,3.29,2.98,2.98,24665,0
LSH.US,D,20241018,000000,2.9826,3.105,2.9826,3.01,6770,0
LSH.US,D,20241021,000000,2.99,3.07,2.74,2.84,13446,0
LSH.US,D,20241022,000000,3.028,3.08,2.6101,2.71,24769,0
LSH.US,D,20241023,000000,2.75,3.24,2.415,2.52,32458,0
LSH.US,D,20241024,000000,2.47,2.8,2.47,2.77,30168,0
LSH.US,D,20241025,000000,2.68,2.68,2.45,2.53,7978,0
LSH.US,D,20241028,000000,2.58,2.64,2.47,2.64,4109,0
LSH.US,D,20241029,000000,2.77,2.77,2.5,2.5,11063,0
