<TICKER>,<PER>,<DATE>,<TIME>,<OPEN>,<HIGH>,<LOW>,<CLOSE>,<VOL>,<OPENINT>
METCB.US,D,20230616,000000,13.74,13.74,10,10,500,0
METCB.US,D,20230620,000000,10.01,10.01,9.02,10,1441,0
METCB.US,D,20230621,000000,9.23,9.23,8.5,8.705,6704,0
METCB.US,D,20230622,000000,8.84,19.8,8.84,11,498900,0
METCB.US,D,20230623,000000,10.32,11.5,9.35,11.5,490200,0
METCB.US,D,20230626,000000,12.25,13,10.12,10.59,82138,0
METCB.US,D,20230627,000000,9.84,11.1,9.8,10.07,267253,0
METCB.US,D,20230628,000000,9.8,11,9.8,10.94,92039,0
METCB.US,D,20230629,000000,10.65,10.92,10.01,10.67,87620,0
METCB.US,D,20230630,000000,10.67,10.9105,10.38,10.61,68055,0
METCB.US,D,20230703,000000,10.8,10.9,10.4,10.65,58802,0
METCB.US,D,20230705,000000,10.85,11.24,10.63,10.63,67642,0
METCB.US,D,20230706,000000,10.75,11,10.44,10.86,87677,0
METCB.US,D,20230707,000000,10.99,12.07,10.99,11.74,148990,0
METCB.US,D,20230710,000000,12.3,12.3499,11.96,11.96,77790,0
METCB.US,D,20230711,000000,12.35,12.35,11.55,11.69,87426,0
METCB.US,D,20230712,000000,11.95,12.21,11.69,12.05,83199,0
METCB.US,D,20230713,000000,12.15,12.36,11.97,12.18,64826,0
METCB.US,D,20230714,000000,12.22,12.22,11.81,12,60756,0
METCB.US,D,20230717,000000,12.22,12.4,12,12.18,127936,0
METCB.US,D,20230718,000000,12.59,13.75,12.2,13.34,147517,0
METCB.US,D,20230719,000000,13.34,14.85,13.34,14.51,122483,0
METCB.US,D,20230720,000000,14.71,14.78,13.3,13.65,106416,0
METCB.US,D,20230721,000000,13.65,13.88,12.33,12.36,74299,0
METCB.US,D,20230724,000000,12.36,13.06,12.28,12.44,46734,0
METCB.US,D,20230725,000000,12.38,12.83,12.31,12.78,45451,0
METCB.US,D,20230726,000000,12.44,13.67,12.34,13.5,52282,0
METCB.US,D,20230727,000000,13.5,13.65,13.065,13.59,31925,0
METCB.US,D,20230728,000000,13.51,14.01,13.1935,13.96,46205,0
METCB.US,D,20230731,000000,13.7,14.54,13.36,14.23,63511,0
METCB.US,D,20230801,000000,13.755,13.99,12.7901,13.03,36200,0
METCB.US,D,20230802,000000,13.12,13.53,12.62,12.71,42941,0
METCB.US,D,20230803,000000,12.51,12.77,12.333,12.58,27899,0
METCB.US,D,20230804,000000,12.37,12.6164,12.3,12.3,18835,0
METCB.US,D,20230807,000000,12.45,13.55,12.45,13.44,61494,0
METCB.US,D,20230808,000000,13.36,14.84,13.25,14.5,41714,0
METCB.US,D,20230809,000000,14.23,14.5,13.2301,13.86,49637,0
METCB.US,D,20230810,000000,14.2022,14.245,12.8,12.88,59891,0
METCB.US,D,20230811,000000,13,13.3,12.91,13.11,14850,0
METCB.US,D,20230814,000000,13.19,13.19,12.56,12.65,22476,0
METCB.US,D,20230815,000000,12.55,12.7,12.03,12.19,23613,0
METCB.US,D,20230816,000000,12.04,12.545,11.365,11.49,41927,0
METCB.US,D,20230817,000000,11.54,12,11.12,11.15,50021,0
METCB.US,D,20230818,000000,11.05,11.56,11.0201,11.45,50010,0
METCB.US,D,20230821,000000,11.54,11.6394,10.965,11.01,38410,0
METCB.US,D,20230822,000000,11.01,11.48,10.95,11.36,29405,0
METCB.US,D,20230823,000000,11.4,12.81,11.3674,12.03,24115,0
METCB.US,D,20230824,000000,12.12,12.5,11.68,12.23,19125,0
METCB.US,D,20230825,000000,12.22,12.22,11.5714,11.87,27662,0
METCB.US,D,20230828,000000,11.97,12.15,11.615,11.875,22798,0
METCB.US,D,20230829,000000,11.97,12,11.5,11.53,29664,0
METCB.US,D,20230830,000000,11.67,11.86,11.35,11.75,25454,0
METCB.US,D,20230831,000000,11.87,11.89,10.76,10.84,22940,0
METCB.US,D,20230901,000000,11.13,11.57,10.87,11.33,42840,0
METCB.US,D,20230905,000000,11.33,11.899,10.97,11.15,14797,0
METCB.US,D,20230906,000000,11.105,11.16,10.51,10.67,22486,0
METCB.US,D,20230907,000000,10.56,10.9899,9.68,9.95,71609,0
METCB.US,D,20230908,000000,10.05,10.55,9.72,9.94,114177,0
METCB.US,D,20230911,000000,10.13,10.25,9.99,10.08,43806,0
METCB.US,D,20230912,000000,10.055,10.84,10.01,10.59,49230,0
METCB.US,D,20230913,000000,10.48,10.75,9.81,10.02,33306,0
METCB.US,D,20230914,000000,10,11.15,9.935,10.85,65970,0
METCB.US,D,20230915,000000,10.85,11.88,10.77,11.71,271215,0
METCB.US,D,20230918,000000,11.6,11.945,10.77,11.79,31575,0
METCB.US,D,20230919,000000,12.22,12.35,11.58,12.06,53673,0
METCB.US,D,20230920,000000,11.9,12.32,11.81,11.97,13759,0
METCB.US,D,20230921,000000,11.74,12.35,11.5,12.16,18524,0
METCB.US,D,20230922,000000,11.95,12.8,11.95,12.42,20352,0
METCB.US,D,20230925,000000,12.04,12.7,11.732,12.5,24841,0
METCB.US,D,20230926,000000,12.68,12.7851,11.955,12.3,29819,0
METCB.US,D,20230927,000000,12.78,12.852,12.18,12.43,167233,0
METCB.US,D,20230928,000000,12.42,12.43,12.1,12.28,39667,0
METCB.US,D,20230929,000000,12.4,12.4,11.9,11.93,72880,0
METCB.US,D,20231002,000000,11.7,12.14,11.48,11.58,72122,0
METCB.US,D,20231003,000000,11.26,11.5,10.71,11.08,86569,0
METCB.US,D,20231004,000000,11,11.01,10.252,10.45,69503,0
METCB.US,D,20231005,000000,10.495,11.33,10.2888,11.17,50039,0
METCB.US,D,20231006,000000,10.93,11.45,10.93,11.38,7282,0
METCB.US,D,20231009,000000,11.3,11.545,11.3,11.35,11989,0
METCB.US,D,20231010,000000,11.43,12.3501,11.43,12.07,32058,0
METCB.US,D,20231011,000000,12.07,12.29,12.07,12.15,18745,0
METCB.US,D,20231012,000000,12.19,12.19,11.77,11.81,14309,0
METCB.US,D,20231013,000000,11.81,12.16,11.5,11.99,8885,0
METCB.US,D,20231016,000000,11.845,12.34,11.74,11.93,36964,0
METCB.US,D,20231017,000000,12.25,13.615,12.25,12.58,76407,0
METCB.US,D,20231018,000000,12.59,12.9,12.114,12.35,21145,0
METCB.US,D,20231019,000000,12.44,12.97,12.39,12.69,11060,0
METCB.US,D,20231020,000000,12.72,12.81,12.2701,12.55,12952,0
METCB.US,D,20231023,000000,12.2,12.49,11.96,12.11,24353,0
METCB.US,D,20231024,000000,12.23,12.62,12.14,12.52,5693,0
METCB.US,D,20231025,000000,12.555,12.64,11.9978,12.16,26277,0
METCB.US,D,20231026,000000,12.2885,12.4661,12.05,12.32,14756,0
METCB.US,D,20231027,000000,12.11,13.08,12.11,12.19,15681,0
METCB.US,D,20231030,000000,12.28,12.6468,12.22,12.59,11247,0
METCB.US,D,20231031,000000,12.41,12.57,11.98,12.51,20354,0
METCB.US,D,20231101,000000,12.3,12.4,12.2,12.4,10763,0
METCB.US,D,20231102,000000,12.33,12.9958,12.33,12.95,20128,0
METCB.US,D,20231103,000000,12.7,13.25,12.7,12.8,15601,0
METCB.US,D,20231106,000000,12.68,12.68,12.32,12.56,6022,0
METCB.US,D,20231107,000000,13.24,13.24,11.1682,12.08,14117,0
METCB.US,D,20231108,000000,12.87,12.87,11.75,12.175,5379,0
METCB.US,D,20231109,000000,13.3,14.45,12.7,14.2,222511,0
METCB.US,D,20231110,000000,15,16,14,14.7,242933,0
METCB.US,D,20231113,000000,15.5,16.3999,15.05,16.25,293189,0
METCB.US,D,20231114,000000,17,17.9,14.69,15,161178,0
METCB.US,D,20231115,000000,15,15.23,13.76,14.02,111594,0
METCB.US,D,20231116,000000,15.51,15.79,13.21,13.47,223567,0
METCB.US,D,20231117,000000,13.61,14.32,13.51,14.08,80036,0
METCB.US,D,20231120,000000,14.27,14.65,13.68,13.92,64463,0
METCB.US,D,20231121,000000,14,14.09,13.71,13.84,24734,0
METCB.US,D,20231122,000000,13.84,15.8299,13.84,15.47,81627,0
METCB.US,D,20231124,000000,15.43,16.47,15.2697,15.75,40543,0
METCB.US,D,20231127,000000,15.76,16.1,14.87,15.72,49123,0
METCB.US,D,20231128,000000,15.86,15.99,15.42,15.66,33013,0
METCB.US,D,20231129,000000,15.67,15.9999,15.08,15.16,48211,0
METCB.US,D,20231130,000000,15.12,15.3,14.74,14.96,34553,0
METCB.US,D,20231201,000000,14.95,16.34,14.53,16.28,81268,0
METCB.US,D,20231204,000000,15.57,16.1,15.57,15.8,28690,0
METCB.US,D,20231205,000000,15.74,16.5,15.5107,16.19,63145,0
METCB.US,D,20231206,000000,16.03,16.39,15.32,15.48,46677,0
METCB.US,D,20231207,000000,16.77,16.77,14.76,15,61788,0
METCB.US,D,20231208,000000,15.27,15.49,15.01,15.17,38383,0
METCB.US,D,20231211,000000,15.17,15.17,13.5,13.7,176712,0
METCB.US,D,20231212,000000,13.6,13.63,12.59,12.77,92253,0
METCB.US,D,20231213,000000,12.77,13.03,11.81,12.33,123451,0
METCB.US,D,20231214,000000,12.4,12.77,11.57,11.68,116240,0
METCB.US,D,20231215,000000,11.7,12.58,11.67,12.51,91581,0
METCB.US,D,20231218,000000,12.7,13.1,12.565,12.92,45745,0
METCB.US,D,20231219,000000,13,13.45,12.65,13.23,56939,0
METCB.US,D,20231220,000000,13.06,13.49,13.01,13.08,21506,0
METCB.US,D,20231221,000000,13.26,13.79,12.8501,13.26,32079,0
METCB.US,D,20231222,000000,13.1,13.87,12.9753,13.76,56862,0
METCB.US,D,20231226,000000,13.95,13.95,13.635,13.69,56663,0
METCB.US,D,20231227,000000,13.6821,13.98,13.6821,13.91,39487,0
METCB.US,D,20231228,000000,13.82,14.2873,12.77,13.43,114006,0
METCB.US,D,20231229,000000,13.04,13.58,13.04,13.31,40523,0
METCB.US,D,20240102,000000,13.0485,13.4,12.8,13.03,64781,0
METCB.US,D,20240103,000000,12.9,13.46,12.9,13.12,67516,0
METCB.US,D,20240104,000000,13.04,13.93,12.9,13.31,115222,0
METCB.US,D,20240105,000000,13.34,13.55,12.42,12.94,87355,0
METCB.US,D,20240108,000000,13,13,12.4,12.655,59876,0
METCB.US,D,20240109,000000,12.77,12.88,12.46,12.67,32224,0
METCB.US,D,20240110,000000,13,13.05,12.48,12.5,51318,0
METCB.US,D,20240111,000000,12.59,12.7,12.2701,12.51,29939,0
METCB.US,D,20240112,000000,12.58,13.63,12.4,13.31,71557,0
METCB.US,D,20240116,000000,13.2,13.77,12.75,12.8,62228,0
METCB.US,D,20240117,000000,12.79,13.15,12.655,13.04,22349,0
METCB.US,D,20240118,000000,13.15,13.33,12.8332,13.2,19047,0
METCB.US,D,20240119,000000,13.29,13.29,12.87,13,24408,0
METCB.US,D,20240122,000000,13.01,13.17,12.7,12.97,20374,0
METCB.US,D,20240123,000000,13.07,13.212,12.57,12.97,34200,0
METCB.US,D,20240124,000000,12.99,13.09,12.86,13.01,11767,0
METCB.US,D,20240125,000000,13.1,13.1,12.7001,12.95,20758,0
METCB.US,D,20240126,000000,13,13,12.7021,12.98,14408,0
METCB.US,D,20240129,000000,13,13.05,12.755,12.97,26082,0
METCB.US,D,20240130,000000,12.79,12.91,12.65,12.82,13426,0
METCB.US,D,20240131,000000,12.72,12.96,12.58,12.62,35499,0
METCB.US,D,20240201,000000,12.8,12.8,12.55,12.69,15887,0
METCB.US,D,20240202,000000,12.54,12.6522,12.26,12.29,29494,0
METCB.US,D,20240205,000000,12.24,12.24,10.65,10.71,92372,0
METCB.US,D,20240206,000000,10.72,11.45,10.5319,11.19,115259,0
METCB.US,D,20240207,000000,11.22,11.34,10.9001,11.05,20996,0
METCB.US,D,20240208,000000,11.5,11.5,10.81,11.27,28117,0
METCB.US,D,20240209,000000,11.32,11.7,11.19,11.56,30229,0
METCB.US,D,20240212,000000,11.7,12.3486,11.7,11.99,45554,0
METCB.US,D,20240213,000000,12.4,12.56,11.91,12.3,44285,0
METCB.US,D,20240214,000000,12.48,12.48,12.02,12.29,13622,0
METCB.US,D,20240215,000000,12.46,12.55,11.57,12.45,36883,0
METCB.US,D,20240216,000000,12.48,12.5,12.06,12.26,23183,0
METCB.US,D,20240220,000000,12.32,12.37,12.05,12.08,6713,0
METCB.US,D,20240221,000000,12.08,12.3257,12.025,12.1,15035,0
METCB.US,D,20240222,000000,12.06,12.37,12.01,12.01,49578,0
METCB.US,D,20240223,000000,12.05,12.38,12.05,12.21,17522,0
METCB.US,D,20240226,000000,12.34,12.98,12.25,12.98,44707,0
METCB.US,D,20240227,000000,12.97,12.97,12.46,12.46,12820,0
METCB.US,D,20240228,000000,12.71,12.79,12.03,12.03,33130,0
METCB.US,D,20240229,000000,12.01,12.3405,11.8801,12,28102,0
METCB.US,D,20240301,000000,11.95,12.25,11.95,12.03,9218,0
METCB.US,D,20240304,000000,12.37,12.4516,11.71,11.71,25796,0
METCB.US,D,20240305,000000,11.9,12.255,11.71,11.73,14459,0
METCB.US,D,20240306,000000,11.72,12.17,11.72,11.87,23299,0
METCB.US,D,20240307,000000,12.16,12.2,11.75,12.12,23005,0
METCB.US,D,20240308,000000,12.02,12.95,12.02,12.9,24502,0
METCB.US,D,20240311,000000,12.9,12.9,12.35,12.65,15864,0
METCB.US,D,20240312,000000,12.56,12.56,12.15,12.25,15758,0
METCB.US,D,20240313,000000,12.2,12.58,12.17,12.46,15905,0
METCB.US,D,20240314,000000,12.59,12.59,12.02,12.12,16614,0
METCB.US,D,20240315,000000,12.01,12.47,11.76,11.85,58458,0
METCB.US,D,20240318,000000,11.99,12.31,11.8401,12.01,23822,0
METCB.US,D,20240319,000000,12.01,12.57,12.01,12.04,25648,0
METCB.US,D,20240320,000000,12.04,12.4,11.71,12.24,56441,0
METCB.US,D,20240321,000000,12.34,12.38,12.16,12.29,12007,0
METCB.US,D,20240322,000000,12.4,12.75,12.4,12.47,41482,0
METCB.US,D,20240325,000000,12.42,12.7,12.02,12.22,26706,0
METCB.US,D,20240326,000000,12.2,12.46,12.0406,12.13,6813,0
METCB.US,D,20240327,000000,12.18,12.4,12.0301,12.4,10050,0
METCB.US,D,20240328,000000,12.48,12.65,12.27,12.55,16171,0
METCB.US,D,20240401,000000,12.71,12.71,12.4,12.56,30450,0
METCB.US,D,20240402,000000,12.5,12.74,12.4293,12.69,23807,0
METCB.US,D,20240403,000000,12.485,12.665,12.43,12.59,21899,0
METCB.US,D,20240404,000000,12.415,12.51,12.16,12.38,11103,0
METCB.US,D,20240405,000000,12.25,12.38,12.15,12.16,9794,0
METCB.US,D,20240408,000000,12.15,12.23,12.06,12.18,13109,0
METCB.US,D,20240409,000000,12.24,12.27,12.04,12.07,7050,0
METCB.US,D,20240410,000000,12.05,12.1818,11.73,11.84,23367,0
METCB.US,D,20240411,000000,11.85,12.17,11.53,11.68,15345,0
METCB.US,D,20240412,000000,11.67,11.855,11.25,11.41,19273,0
METCB.US,D,20240415,000000,11.525,11.53,11.02,11.19,6893,0
METCB.US,D,20240416,000000,11.28,11.61,11.16,11.21,14292,0
METCB.US,D,20240417,000000,11.18,11.77,11.18,11.33,16132,0
METCB.US,D,20240418,000000,11.33,11.6,11.265,11.29,12062,0
METCB.US,D,20240419,000000,11.23,11.79,11.195,11.52,33967,0
METCB.US,D,20240422,000000,11.585,11.78,11.38,11.52,12240,0
METCB.US,D,20240423,000000,11.51,11.72,11.26,11.3,18679,0
METCB.US,D,20240424,000000,11.18,11.98,11.18,11.6,32668,0
METCB.US,D,20240425,000000,11.74,11.7499,11.27,11.34,13225,0
METCB.US,D,20240426,000000,11.4,11.63,11.32,11.53,13567,0
METCB.US,D,20240429,000000,11.49,11.74,11.37,11.46,13684,0
METCB.US,D,20240430,000000,11.69,11.69,11.11,11.11,7692,0
METCB.US,D,20240501,000000,11.1,11.7292,10.665,11.71,30681,0
METCB.US,D,20240502,000000,11.75,11.75,11.17,11.31,19302,0
METCB.US,D,20240503,000000,11.5259,11.5259,11.0882,11.22,15968,0
METCB.US,D,20240506,000000,11.2199,11.4999,11.05,11.2,21203,0
METCB.US,D,20240507,000000,11.3852,11.96,11.3852,11.74,20249,0
METCB.US,D,20240508,000000,11.51,12.72,11.06,12.49,31427,0
METCB.US,D,20240509,000000,12.021,12.46,11.05,11.66,81919,0
METCB.US,D,20240510,000000,11.26,11.6608,11.07,11.2,26312,0
METCB.US,D,20240513,000000,11.25,11.36,10.76,10.76,31249,0
METCB.US,D,20240514,000000,11,11.3299,10.8901,10.96,23896,0
METCB.US,D,20240515,000000,10.99,11.17,10.71,10.9,73121,0
METCB.US,D,20240516,000000,11.04,11.2399,11.04,11.06,11566,0
METCB.US,D,20240517,000000,11.05,11.4,10.85,10.9,22665,0
METCB.US,D,20240520,000000,11.04,11.43,10.8716,10.99,22761,0
METCB.US,D,20240521,000000,11.24,11.24,11,11.01,10135,0
METCB.US,D,20240522,000000,11,11.165,10.98,11.01,8049,0
METCB.US,D,20240523,000000,10.96,11.4399,10.9,11.28,12539,0
METCB.US,D,20240524,000000,11.255,11.4099,11.04,11.32,11855,0
METCB.US,D,20240528,000000,11.46,11.73,11.1946,11.2,26149,0
METCB.US,D,20240529,000000,11.2,11.2199,10.91,10.91,20004,0
METCB.US,D,20240530,000000,10.92,11.04,10.9,11,32215,0
METCB.US,D,20240531,000000,10.75,11.0748,10.75,10.89,23850,0
METCB.US,D,20240603,000000,10.79,11.11,10.79,11.11,21137,0
METCB.US,D,20240604,000000,10.96,11.2066,10.71,10.85,18492,0
METCB.US,D,20240605,000000,11.06,11.11,10.945,11.11,14715,0
METCB.US,D,20240606,000000,10.97,11.1,10.97,11.04,3694,0
METCB.US,D,20240607,000000,10.99,11.11,10.99,11.04,3420,0
METCB.US,D,20240610,000000,11.21,11.21,11.1,11.1,11944,0
METCB.US,D,20240611,000000,11.01,11.055,10.8,10.8,14710,0
METCB.US,D,20240612,000000,11.01,11.22,11.01,11.08,11106,0
METCB.US,D,20240613,000000,10.78,11.1016,10.78,10.91,4248,0
METCB.US,D,20240614,000000,10.8,11.04,10.76,10.85,5331,0
METCB.US,D,20240617,000000,10.85,11,10.7001,10.84,17665,0
METCB.US,D,20240618,000000,10.76,10.79,10.65,10.65,12512,0
METCB.US,D,20240620,000000,10.53,10.98,10.53,10.75,12985,0
METCB.US,D,20240621,000000,10.75,10.95,10.6,10.6,18536,0
METCB.US,D,20240624,000000,10.89,10.89,10.5375,10.55,8875,0
METCB.US,D,20240625,000000,10.6,10.98,10.6,10.84,26926,0
METCB.US,D,20240626,000000,10.91,10.91,10.61,10.74,9115,0
METCB.US,D,20240627,000000,10.62,10.74,10.55,10.72,18106,0
METCB.US,D,20240628,000000,10.72,11,10.36,10.86,276739,0
METCB.US,D,20240701,000000,10.99,11.17,10.66,10.78,28633,0
METCB.US,D,20240702,000000,10.79,11,10.59,10.79,16494,0
METCB.US,D,20240703,000000,10.72,10.99,10.72,10.98,7709,0
METCB.US,D,20240705,000000,10.97,10.9995,10.68,10.75,32318,0
METCB.US,D,20240708,000000,10.77,10.95,10.75,10.94,16346,0
METCB.US,D,20240709,000000,10.95,11.04,10.63,10.78,14412,0
METCB.US,D,20240710,000000,10.75,10.76,10.5,10.66,19749,0
METCB.US,D,20240711,000000,10.61,11.04,10.61,10.92,31189,0
METCB.US,D,20240712,000000,11.01,11.28,10.75,11.25,20911,0
METCB.US,D,20240715,000000,11.15,11.36,11.05,11.32,22269,0
METCB.US,D,20240716,000000,11.18,11.47,10.9,11.36,41373,0
METCB.US,D,20240717,000000,11.28,11.56,11.26,11.5,22728,0
METCB.US,D,20240718,000000,11.4,11.7,11.11,11.11,24356,0
METCB.US,D,20240719,000000,11.14,11.23,10.72,11.02,26252,0
METCB.US,D,20240722,000000,10.95,11.29,10.83,11.23,20127,0
METCB.US,D,20240723,000000,11.03,11.47,11.01,11.47,20105,0
METCB.US,D,20240724,000000,11.36,11.65,11.27,11.44,13683,0
METCB.US,D,20240725,000000,11.27,11.61,11.11,11.16,37232,0
METCB.US,D,20240726,000000,11.35,11.63,11.3,11.58,17781,0
METCB.US,D,20240729,000000,11.6,11.6,11.36,11.41,16235,0
METCB.US,D,20240730,000000,11.36,11.6,11.36,11.59,11422,0
METCB.US,D,20240731,000000,11.6,11.7,11.4101,11.69,15625,0
METCB.US,D,20240801,000000,11.57,11.57,11.05,11.11,12931,0
METCB.US,D,20240802,000000,11.05,11.25,10.61,10.63,28489,0
METCB.US,D,20240805,000000,10.2,10.4,9.93,10,54279,0
METCB.US,D,20240806,000000,10.22,10.62,10.071,10.4,15786,0
METCB.US,D,20240807,000000,10.35,10.65,10.3,10.35,14200,0
METCB.US,D,20240808,000000,10.35,11.23,10.35,10.75,21975,0
METCB.US,D,20240809,000000,10.93,11.1994,10.9001,10.91,11000,0
METCB.US,D,20240812,000000,11.03,11.03,10.55,10.59,8253,0
METCB.US,D,20240813,000000,10.75,10.99,10.75,10.99,8154,0
METCB.US,D,20240814,000000,11.05,11.1,10.77,10.82,11211,0
METCB.US,D,20240815,000000,11.04,11.04,10.78,10.99,6848,0
METCB.US,D,20240816,000000,10.99,11,10.87,10.99,14139,0
METCB.US,D,20240819,000000,10.98,11,10.9001,10.99,6783,0
METCB.US,D,20240820,000000,10.95,11,10.8601,10.96,7953,0
METCB.US,D,20240821,000000,11,11,10.945,10.99,6133,0
METCB.US,D,20240822,000000,10.95,11,10.93,10.98,13653,0
METCB.US,D,20240823,000000,11,11.19,10.85,11.02,35339,0
METCB.US,D,20240826,000000,11.11,11.6,10.99,10.99,41745,0
METCB.US,D,20240827,000000,11,11.2313,11,11.2,9661,0
METCB.US,D,20240828,000000,11.26,11.27,11.08,11.09,5155,0
METCB.US,D,20240829,000000,11.35,11.8797,11.35,11.77,12178,0
METCB.US,D,20240830,000000,11.55,11.55,11.32,11.33,9821,0
METCB.US,D,20240903,000000,11.17,11.17,10.84,11.07,18606,0
METCB.US,D,20240904,000000,11,11.08,10.91,10.91,9910,0
METCB.US,D,20240905,000000,10.84,10.955,10.7412,10.8,6158,0
METCB.US,D,20240906,000000,10.8799,10.8799,10.42,10.42,33395,0
METCB.US,D,20240909,000000,10.42,10.48,10.05,10.17,25299,0
METCB.US,D,20240910,000000,10.42,10.42,9.7,10.03,33354,0
METCB.US,D,20240911,000000,9.95,9.95,9.52,9.54,23396,0
METCB.US,D,20240912,000000,9.875,10.25,9.7759,10.2,13304,0
METCB.US,D,20240913,000000,10.33,10.33,9.88,9.88,21294,0
METCB.US,D,20240916,000000,9.87,9.89,9.42,9.83,42280,0
METCB.US,D,20240917,000000,9.91,10.17,9.6601,9.85,18628,0
METCB.US,D,20240918,000000,9.86,10.475,9.86,10.43,34911,0
METCB.US,D,20240919,000000,10.61,10.79,10.24,10.69,28765,0
METCB.US,D,20240920,000000,10.7,10.7,10.12,10.4,129782,0
METCB.US,D,20240923,000000,10.04,10.5035,10.04,10.37,11648,0
METCB.US,D,20240924,000000,10.51,10.94,10.41,10.42,14564,0
METCB.US,D,20240925,000000,10.41,10.67,10.2,10.28,16993,0
METCB.US,D,20240926,000000,10.42,10.61,10.05,10.14,16289,0
METCB.US,D,20240927,000000,10.17,10.62,10.14,10.54,19154,0
METCB.US,D,20240930,000000,10.6333,10.76,10.3619,10.76,15456,0
METCB.US,D,20241001,000000,10.89,10.92,10.5701,10.66,16099,0
METCB.US,D,20241002,000000,10.61,10.77,10.61,10.73,8705,0
METCB.US,D,20241003,000000,10.72,10.72,10.57,10.6,6887,0
METCB.US,D,20241004,000000,10.6745,10.7399,10.45,10.49,10811,0
METCB.US,D,20241007,000000,10.45,10.65,10.4192,10.63,9014,0
METCB.US,D,20241008,000000,10.5005,10.78,10.45,10.78,11096,0
METCB.US,D,20241009,000000,10.79,11,10.61,10.93,24159,0
METCB.US,D,20241010,000000,10.8,10.95,10.66,10.89,13160,0
METCB.US,D,20241011,000000,10.9,10.932,10.61,10.81,21602,0
METCB.US,D,20241014,000000,10.8,10.98,10.6829,10.83,11408,0
METCB.US,D,20241015,000000,10.7405,10.85,10.51,10.57,14593,0
METCB.US,D,20241016,000000,10.68,10.96,10.5,10.81,12272,0
METCB.US,D,20241017,000000,10.9651,10.9651,10.63,10.72,7001,0
METCB.US,D,20241018,000000,10.84,10.95,10.76,10.79,8331,0
METCB.US,D,20241021,000000,10.76,10.8012,10.53,10.54,10954,0
METCB.US,D,20241022,000000,10.54,10.5676,10.39,10.45,23692,0
METCB.US,D,20241023,000000,10.3501,10.4,10.27,10.27,8136,0
METCB.US,D,20241024,000000,10.24,10.33,10.2,10.33,6889,0
METCB.US,D,20241025,000000,10.32,10.32,10.19,10.22,3703,0
METCB.US,D,20241028,000000,10.3,10.3,10.2001,10.29,4575,0
METCB.US,D,20241029,000000,10.35,10.44,10.13,10.34,17037,0
