<TICKER>,<PER>,<DATE>,<TIME>,<OPEN>,<HIGH>,<LOW>,<CLOSE>,<VOL>,<OPENINT>
MLGO.US,D,20210414,000000,97.3,98,97.24,97.9,13840.5,0
MLGO.US,D,20210415,000000,98,106.5,97.996,98.5,27803.7,0
MLGO.US,D,20210416,000000,98.5,99.4,98.5,98.9,18310.100000000002,0
MLGO.US,D,20210419,000000,98.9,99.4,98.9,98.9,5899,0
MLGO.US,D,20210420,000000,99,99.3,98.9,99.2,1728.9,0
MLGO.US,D,20210421,000000,99,99,99,99,100.30000000000001,0
MLGO.US,D,20210422,000000,99,99.127,98.9,99,2230.7000000000003,0
MLGO.US,D,20210423,000000,99,99.15,99,99,627,0
MLGO.US,D,20210427,000000,99.3,99.4,99,99,1255.7,0
MLGO.US,D,20210428,000000,99.1,99.1,99.1,99.1,101.10000000000001,0
MLGO.US,D,20210429,000000,99.4,99.4,99,99.2,861.4000000000001,0
MLGO.US,D,20210430,000000,99.2,99.4,99.2,99.4,131.20000000000002,0
MLGO.US,D,20210503,000000,99.4,99.5,99.4,99.5,237.20000000000002,0
MLGO.US,D,20210504,000000,99.4,99.5,99.4,99.5,247,0
MLGO.US,D,20210505,000000,99.5,99.6,99.5,99.6,830.2,0
MLGO.US,D,20210506,000000,99.5,99.6,99.3,99.5,276.6,0
MLGO.US,D,20210507,000000,99.5,99.6,99.5,99.6,367.8,0
MLGO.US,D,20210511,000000,99.5,99.6,99.5,99.6,485.1,0
MLGO.US,D,20210513,000000,99.1,99.1,99.1,99.1,153.9,0
MLGO.US,D,20210518,000000,98.7,98.7,98.7,98.7,140.3,0
MLGO.US,D,20210519,000000,98.5,98.6,96.7,98.4,3947.3,0
MLGO.US,D,20210520,000000,98.4,98.4,98.4,98.4,40.5,0
MLGO.US,D,20210524,000000,98.5,98.5,98.4,98.4,40.2,0
MLGO.US,D,20210525,000000,98.4,98.7,98.4,98.7,30,0
MLGO.US,D,20210526,000000,99,99.1,98.7,99.1,610.3000000000001,0
MLGO.US,D,20210527,000000,99,99.1,99,99.1,932.9000000000001,0
MLGO.US,D,20210528,000000,99.1,99.1,99.1,99.1,102.30000000000001,0
MLGO.US,D,20210601,000000,99.1,99.1,99.1,99.1,220.10000000000002,0
MLGO.US,D,20210602,000000,99.1,99.3,99.1,99.1,234.4,0
MLGO.US,D,20210603,000000,99.3,99.3,99.3,99.3,50,0
MLGO.US,D,20210604,000000,99.2,99.3,99.2,99.3,5890.400000000001,0
MLGO.US,D,20210608,000000,99.3,99.3,99.3,99.3,66.7,0
MLGO.US,D,20210609,000000,99.3,99.4,99.2,99.4,643,0
MLGO.US,D,20210610,000000,99.4,100,98.9,99.5,36550.700000000004,0
MLGO.US,D,20210611,000000,99.5,100.63,99.5,100.3,6519.8,0
MLGO.US,D,20210614,000000,100.2,100.5,99.5,99.6,6156.3,0
MLGO.US,D,20210615,000000,99.601,99.8,99.3,99.5,20960.9,0
MLGO.US,D,20210616,000000,99.448,100,99.4,99.5,4684.3,0
MLGO.US,D,20210617,000000,99.516,99.8,99.5,99.8,4213.8,0
MLGO.US,D,20210618,000000,99.6,99.8,99.4,99.5,4340.3,0
MLGO.US,D,20210621,000000,99.401,99.7,99.4,99.4,2761,0
MLGO.US,D,20210622,000000,99.7,99.7,99.4,99.7,4242.1,0
MLGO.US,D,20210623,000000,99.401,99.8,99.4,99.4,1996.3000000000002,0
MLGO.US,D,20210624,000000,99.5,99.8,99.4,99.8,2413.5,0
MLGO.US,D,20210625,000000,99.6,99.8,99.4,99.4,3927.8,0
MLGO.US,D,20210628,000000,99.699,99.8,99.4,99.5,2418.6,0
MLGO.US,D,20210629,000000,99.662,99.699,99.3,99.5,4432.2,0
MLGO.US,D,20210630,000000,99.9,100,99.3,99.5,12210.7,0
MLGO.US,D,20210701,000000,99.8,99.8,99.3,99.5,9291.300000000001,0
MLGO.US,D,20210702,000000,99.8,99.8,99.5,99.5,8830.9,0
MLGO.US,D,20210706,000000,99.3,99.9,99.3,99.7,3987,0
MLGO.US,D,20210707,000000,99.7,100,99.5,99.5,6645.700000000001,0
MLGO.US,D,20210708,000000,99.8,100,99.462,99.75,2092.7000000000003,0
MLGO.US,D,20210709,000000,99.9,100.1,99.4,100.1,2215,0
MLGO.US,D,20210712,000000,99.7,100.4,99.4,99.5,2447.1,0
MLGO.US,D,20210713,000000,99.6,100.399,99.5,99.6,1452.6000000000001,0
MLGO.US,D,20210714,000000,99.953,99.953,99.4,99.5,1340.6000000000001,0
MLGO.US,D,20210715,000000,99.699,100.3,99.3,99.5,1715,0
MLGO.US,D,20210716,000000,99.5,99.8,99.4,99.781,637.4000000000001,0
MLGO.US,D,20210719,000000,99.7,99.8,99.3,99.5,844,0
MLGO.US,D,20210720,000000,99.552,99.944,99.552,99.6,1070,0
MLGO.US,D,20210721,000000,99.564,99.9,99.5,99.801,994.2,0
MLGO.US,D,20210722,000000,99.7,100,99.5,99.999,732,0
MLGO.US,D,20210723,000000,99.8,99.8,99.5,99.5,912.6,0
MLGO.US,D,20210726,000000,99.7,99.7,99.4,99.5,1840,0
MLGO.US,D,20210727,000000,99.552,100,99.4,99.8,1839.7,0
MLGO.US,D,20210728,000000,99.6,99.8,99.5,99.794,2510.8,0
MLGO.US,D,20210729,000000,99.5,100,99.5,99.6,2231,0
MLGO.US,D,20210730,000000,99.7,99.8,99.4,99.5,1428.6000000000001,0
MLGO.US,D,20210802,000000,99.636,99.8,99.55,99.744,1099.7,0
MLGO.US,D,20210803,000000,99.8,100,99.5,99.5,2620.3,0
MLGO.US,D,20210804,000000,99.7,99.8,99.4,99.8,790.2,0
MLGO.US,D,20210805,000000,99.8,99.8,99.5,99.5,1027,0
MLGO.US,D,20210806,000000,99.7,99.7,99.45,99.5,792.4000000000001,0
MLGO.US,D,20210809,000000,99.5,99.6,99.4,99.4,930,0
MLGO.US,D,20210810,000000,99.6,99.6,99.4,99.4,1354.1000000000001,0
MLGO.US,D,20210811,000000,99.4,99.696,99.4,99.6,805.8000000000001,0
MLGO.US,D,20210812,000000,99.6,99.6,99.4,99.4,10451,0
MLGO.US,D,20210813,000000,99.5,99.8,99.5,99.8,396.40000000000003,0
MLGO.US,D,20210816,000000,99.6,100,99.4,100,677.7,0
MLGO.US,D,20210817,000000,100.3,100.3,99.4,99.5,417.6,0
MLGO.US,D,20210818,000000,99.6,100.4,99.6,99.7,341.40000000000003,0
MLGO.US,D,20210819,000000,99.7,99.7,99.6,99.7,540,0
MLGO.US,D,20210820,000000,99.6,99.6,99.4,99.592,848.1,0
MLGO.US,D,20210823,000000,99.8,99.9,99.8,99.8,212.70000000000002,0
MLGO.US,D,20210824,000000,100.198,100.198,99.59,99.8,582.9,0
MLGO.US,D,20210825,000000,99.5,100,99.5,99.518,535.1,0
MLGO.US,D,20210826,000000,99.7,99.7,99.6,99.6,487.5,0
MLGO.US,D,20210827,000000,99.6,100.293,99.6,99.948,325.90000000000003,0
MLGO.US,D,20210830,000000,99.7,99.8,99.6,99.8,1306,0
MLGO.US,D,20210831,000000,99.7,99.7,99.564,99.6,153,0
MLGO.US,D,20210901,000000,99.6,100.2,99.582,99.808,546.3000000000001,0
MLGO.US,D,20210902,000000,99.7,99.7,99.55,99.6,918.1,0
MLGO.US,D,20210903,000000,100.2,100.2,100,100,243.60000000000002,0
MLGO.US,D,20210907,000000,99.9,100,99.9,99.9,505.90000000000003,0
MLGO.US,D,20210908,000000,99.7,99.9,99.7,99.8,628.1,0
MLGO.US,D,20210909,000000,99.948,100,99.9,100,565.2,0
MLGO.US,D,20210910,000000,99.9,100.3,99.7,99.991,426.8,0
MLGO.US,D,20210913,000000,100.2,100.2,99.8,99.9,4448.3,0
MLGO.US,D,20210914,000000,99.9,100,99.9,100,337.3,0
MLGO.US,D,20210915,000000,99.81,100.1,99.8,100,5439.5,0
MLGO.US,D,20210916,000000,99.9,100,99.9,99.9,437.90000000000003,0
MLGO.US,D,20210917,000000,100.1,100.1,100,100.1,473.6,0
MLGO.US,D,20210920,000000,100,100,100,100,4958,0
MLGO.US,D,20210921,000000,100.1,100.3,100.1,100.1,761.2,0
MLGO.US,D,20210922,000000,100.3,100.3,100,100,10302.800000000001,0
MLGO.US,D,20210923,000000,100.2,100.286,100,100.1,2549.2000000000003,0
MLGO.US,D,20210924,000000,100,100.2,100,100.2,1631,0
MLGO.US,D,20210927,000000,100.3,100.3,100.109,100.2,496.3,0
MLGO.US,D,20210928,000000,100.2,100.3,100.2,100.28,1600.7,0
MLGO.US,D,20210929,000000,100.2,100.3,100.2,100.2,194.3,0
MLGO.US,D,20210930,000000,100.4,100.4,100.2,100.2,586.3000000000001,0
MLGO.US,D,20211001,000000,100.376,100.4,100.2,100.4,2910.9,0
MLGO.US,D,20211004,000000,100.4,100.4,100.22,100.22,189.10000000000002,0
MLGO.US,D,20211005,000000,100.226,100.4,100.2,100.2,2007.9,0
MLGO.US,D,20211006,000000,100.4,100.4,100.3,100.3,286.3,0
MLGO.US,D,20211007,000000,100.242,100.3,100.2,100.3,716.4000000000001,0
MLGO.US,D,20211008,000000,100.2,100.5,100.2,100.5,516.3000000000001,0
MLGO.US,D,20211011,000000,100.5,100.6,100.317,100.4,954.7,0
MLGO.US,D,20211012,000000,100.2,100.28,100.2,100.2,1162.4,0
MLGO.US,D,20211013,000000,100.2,100.237,100.2,100.2,737.8000000000001,0
MLGO.US,D,20211014,000000,100.6,100.6,100.563,100.6,1004.2,0
MLGO.US,D,20211015,000000,100.2,100.3,100.2,100.234,1036.4,0
MLGO.US,D,20211018,000000,100.6,100.7,100.6,100.7,636.6,0
MLGO.US,D,20211019,000000,100.7,100.8,100.6,100.73,1542.6000000000001,0
MLGO.US,D,20211020,000000,100.6,100.618,100.5,100.6,1392,0
MLGO.US,D,20211021,000000,100.6,100.6,100.306,100.488,1426.7,0
MLGO.US,D,20211022,000000,100.5,100.5,100.3,100.32,1882.8000000000002,0
MLGO.US,D,20211025,000000,100.384,100.446,100.3,100.446,1254.5,0
MLGO.US,D,20211026,000000,100.448,100.6,100.4,100.6,1547.3000000000002,0
MLGO.US,D,20211027,000000,100.5,100.6,100.5,100.6,1034,0
MLGO.US,D,20211028,000000,100.6,100.8,100.478,100.798,2661.7000000000003,0
MLGO.US,D,20211029,000000,100.7,100.717,100.4,100.65,746,0
MLGO.US,D,20211101,000000,100.307,100.8,100.307,100.8,1081.4,0
MLGO.US,D,20211102,000000,100.8,100.8,100.4,100.5,1097.7,0
MLGO.US,D,20211103,000000,100.4,100.7,100.4,100.7,1097.4,0
MLGO.US,D,20211104,000000,100.6,100.769,100.53,100.6,1010,0
MLGO.US,D,20211105,000000,100.6,100.6,100.3,100.5,1086.3,0
MLGO.US,D,20211108,000000,100.6,100.6,100.314,100.4,1135.6000000000001,0
MLGO.US,D,20211109,000000,100.5,100.5,100.4,100.4,984.6,0
MLGO.US,D,20211110,000000,100.3,100.5,100.3,100.5,1596,0
MLGO.US,D,20211111,000000,100.5,100.6,100.5,100.5,1123.2,0
MLGO.US,D,20211112,000000,100.6,100.6,100.546,100.6,1011.8000000000001,0
MLGO.US,D,20211115,000000,100.6,100.6,100.6,100.6,1089.6000000000001,0
MLGO.US,D,20211116,000000,100.3,100.6,100.3,100.6,1218.5,0
MLGO.US,D,20211117,000000,100.6,100.6,100.437,100.6,1248.2,0
MLGO.US,D,20211118,000000,100.6,100.6,100.3,100.3,1174.2,0
MLGO.US,D,20211119,000000,100.6,100.6,100.3,100.45,1162.1000000000001,0
MLGO.US,D,20211122,000000,100.6,100.6,100.5,100.6,1219.7,0
MLGO.US,D,20211123,000000,100.546,100.6,100.546,100.6,1006.2,0
MLGO.US,D,20211124,000000,100.6,100.6,100.5,100.5,1260.4,0
MLGO.US,D,20211126,000000,100,100.4,99.7,99.7,844.5,0
MLGO.US,D,20211129,000000,100.4,100.5,100.1,100.5,1413.3000000000002,0
MLGO.US,D,20211130,000000,100.5,100.5,100.4,100.454,1091,0
MLGO.US,D,20211201,000000,100.5,100.5,100.42,100.42,1020.1,0
MLGO.US,D,20211202,000000,100.6,100.6,100.1,100.4,1709,0
MLGO.US,D,20211203,000000,100.5,100.7,100.4,100.7,1398.3000000000002,0
MLGO.US,D,20211206,000000,100.5,100.7,100.4,100.7,1055.4,0
MLGO.US,D,20211207,000000,100.5,100.7,100.1,100.258,3224.1000000000004,0
MLGO.US,D,20211208,000000,100.5,100.5,100.4,100.4,1086.4,0
MLGO.US,D,20211209,000000,100.4,100.5,100.4,100.5,1625,0
MLGO.US,D,20211210,000000,100.457,100.5,100.172,100.4,1327.3000000000002,0
MLGO.US,D,20211213,000000,100.5,100.5,100.3,100.5,1035.6000000000001,0
MLGO.US,D,20211214,000000,100.5,100.5,100.364,100.364,1135,0
MLGO.US,D,20211215,000000,100.3,100.5,100.3,100.5,1343.3000000000002,0
MLGO.US,D,20211216,000000,100.5,100.5,100.3,100.4,1249.7,0
MLGO.US,D,20211217,000000,100.5,100.546,100.3,100.546,1007,0
MLGO.US,D,20211220,000000,100.4,100.4,100.2,100.3,1579,0
MLGO.US,D,20211221,000000,100.3,100.4,100.3,100.4,745.1,0
MLGO.US,D,20211222,000000,100.4,100.6,100.4,100.6,938.2,0
MLGO.US,D,20211223,000000,100.5,100.7,100.5,100.7,864.8000000000001,0
MLGO.US,D,20211227,000000,100.536,100.7,100.536,100.7,693.7,0
MLGO.US,D,20211228,000000,100.6,100.8,100.6,100.8,796.4000000000001,0
MLGO.US,D,20211229,000000,100.532,100.7,100.5,100.7,770.6,0
MLGO.US,D,20211230,000000,100.554,100.8,100.542,100.8,792.4000000000001,0
MLGO.US,D,20211231,000000,100.5,100.8,100.5,100.8,694.1,0
MLGO.US,D,20220103,000000,100.683,100.8,100.5,100.601,792.8000000000001,0
MLGO.US,D,20220104,000000,100.518,100.8,100.5,100.8,722.5,0
MLGO.US,D,20220105,000000,100.548,100.8,100.536,100.8,800.3000000000001,0
MLGO.US,D,20220106,000000,100.6,100.8,100.5,100.8,1050.3,0
MLGO.US,D,20220107,000000,100.7,100.8,100.7,100.8,1495,0
MLGO.US,D,20220110,000000,100.6,100.8,100.6,100.8,815,0
MLGO.US,D,20220111,000000,100.8,100.8,100.6,100.782,3533.1000000000004,0
MLGO.US,D,20220112,000000,100.6,100.9,100.6,100.8,3097.5,0
MLGO.US,D,20220113,000000,100.642,100.8,100.55,100.6,9607.6,0
MLGO.US,D,20220114,000000,100.6,100.9,100.5,100.76,5010.1,0
MLGO.US,D,20220118,000000,100.6,100.9,100.6,100.8,4224.6,0
MLGO.US,D,20220119,000000,100.6,100.8,100.5,100.8,3980.5,0
MLGO.US,D,20220120,000000,100.6,100.9,100.5,100.9,3489.1000000000004,0
MLGO.US,D,20220121,000000,100.5,100.9,100.5,100.6,3186.3,0
MLGO.US,D,20220124,000000,100.6,100.8,100.6,100.7,8590.4,0
MLGO.US,D,20220125,000000,100.628,100.9,100.5,100.7,5718.6,0
MLGO.US,D,20220126,000000,100.7,100.9,100.6,100.8,3925.5,0
MLGO.US,D,20220127,000000,100.8,100.9,100.7,100.9,3542.6000000000004,0
MLGO.US,D,20220128,000000,100.8,100.9,100.7,100.9,3649,0
MLGO.US,D,20220131,000000,100.7,100.9,100.7,100.7,1741.5,0
MLGO.US,D,20220201,000000,100.7,101,100.7,101,2492.6000000000004,0
MLGO.US,D,20220202,000000,100.8,101,100.8,101,1781.5,0
MLGO.US,D,20220203,000000,100.8,101,100.7,101,8880.6,0
MLGO.US,D,20220204,000000,100.8,101,100.8,100.98,2481.6000000000004,0
MLGO.US,D,20220207,000000,100.9,101,100.9,100.96,2109.2000000000003,0
MLGO.US,D,20220208,000000,100.9,101,100.9,101,2998.4,0
MLGO.US,D,20220209,000000,101,101.05,100.9,101,2077.2000000000003,0
MLGO.US,D,20220210,000000,101,101,100.9,100.9,613.5,0
MLGO.US,D,20220211,000000,100.9,101,100.8,100.9,15825.300000000001,0
MLGO.US,D,20220214,000000,101.3,101.3,100.9,101.1,618.2,0
MLGO.US,D,20220215,000000,100.9,101.1,100.9,100.992,5755.700000000001,0
MLGO.US,D,20220216,000000,100.9,101.1,100.9,101.1,578,0
MLGO.US,D,20220217,000000,100.9,101.1,100.9,101.1,665,0
MLGO.US,D,20220218,000000,100.98,101.2,100.9,100.9,590.2,0
MLGO.US,D,20220222,000000,100.946,101.2,100.9,101.15,580.2,0
MLGO.US,D,20220223,000000,101.121,101.2,101.1,101.2,510.1,0
MLGO.US,D,20220224,000000,101.1,101.2,101.1,101.2,815.2,0
MLGO.US,D,20220225,000000,101.1,101.3,101.1,101.1,519.4,0
MLGO.US,D,20220228,000000,101.1,101.3,101.1,101.1,543.5,0
MLGO.US,D,20220301,000000,101.1,101.3,101.1,101.2,501.70000000000005,0
MLGO.US,D,20220302,000000,101.1,101.3,101.1,101.2,582.5,0
MLGO.US,D,20220303,000000,101.1,101.2,101.1,101.2,514.5,0
MLGO.US,D,20220304,000000,101.1,101.2,101.1,101.2,688.4000000000001,0
MLGO.US,D,20220307,000000,101.1,101.3,101.1,101.2,535.2,0
MLGO.US,D,20220308,000000,101.2,101.3,101.1,101.2,689.8000000000001,0
MLGO.US,D,20220309,000000,101.1,101.3,101.1,101.2,685.3000000000001,0
MLGO.US,D,20220310,000000,101.2,101.3,101.1,101.1,881.2,0
MLGO.US,D,20220311,000000,101.1,101.3,101.1,101.15,510.8,0
MLGO.US,D,20220314,000000,101.1,101.3,101.1,101.3,580.8000000000001,0
MLGO.US,D,20220315,000000,101.136,101.3,101.1,101.1,522.5,0
MLGO.US,D,20220316,000000,101.1,101.3,101.1,101.125,510,0
MLGO.US,D,20220317,000000,101.161,101.4,101.1,101.4,510,0
MLGO.US,D,20220318,000000,101.2,101.4,101.2,101.3,590,0
MLGO.US,D,20220321,000000,101.4,101.4,101.2,101.4,583.7,0
MLGO.US,D,20220322,000000,101.3,101.4,101.3,101.35,748.4000000000001,0
MLGO.US,D,20220323,000000,101.391,101.4,101.314,101.4,1192.1000000000001,0
MLGO.US,D,20220324,000000,101.418,101.5,101.3,101.4,551.9,0
MLGO.US,D,20220325,000000,101.3,101.5,101.3,101.42,520,0
MLGO.US,D,20220328,000000,101.7,101.7,101.3,101.499,656.9000000000001,0
MLGO.US,D,20220329,000000,101.4,101.5,101.4,101.5,729.9000000000001,0
MLGO.US,D,20220330,000000,101.4,101.5,101.4,101.5,581.8000000000001,0
MLGO.US,D,20220331,000000,101.412,101.5,101.4,101.4,635.4000000000001,0
MLGO.US,D,20220401,000000,101.4,101.5,101.4,101.45,660.1,0
MLGO.US,D,20220404,000000,101.4,101.5,101.4,101.45,526,0
MLGO.US,D,20220405,000000,101.5,101.5,101.4,101.4,629.4000000000001,0
MLGO.US,D,20220406,000000,101.4,101.5,101.4,101.4,559.6,0
MLGO.US,D,20220407,000000,101.4,101.5,101.4,101.5,2049,0
MLGO.US,D,20220408,000000,101.4,101.6,101.4,101.6,836.9000000000001,0
MLGO.US,D,20220411,000000,101.4,101.6,101.4,101.5,529.5,0
MLGO.US,D,20220412,000000,101.55,101.6,101.5,101.6,3676.5,0
MLGO.US,D,20220413,000000,101.5,101.7,101.5,101.5,1064.9,0
MLGO.US,D,20220414,000000,101.6,101.7,101.5,101.7,576.7,0
MLGO.US,D,20220418,000000,101.61,101.85,101.6,101.85,7888.1,0
MLGO.US,D,20220419,000000,101.7,101.9,101.7,101.9,569.9,0
MLGO.US,D,20220420,000000,101.7,101.9,101.7,101.9,580,0
MLGO.US,D,20220421,000000,101.7,101.9,101.7,101.9,601.9,0
MLGO.US,D,20220422,000000,101.7,101.9,101.7,101.8,565.8000000000001,0
MLGO.US,D,20220425,000000,101.9,101.9,101.7,101.9,525.9,0
MLGO.US,D,20220426,000000,101.9,101.9,101.7,101.9,450.20000000000005,0
MLGO.US,D,20220427,000000,101.9,101.9,101.7,101.7,402.90000000000003,0
MLGO.US,D,20220428,000000,101.8,101.9,101.7,101.75,1651.5,0
MLGO.US,D,20220429,000000,101.6,101.897,101.6,101.75,270.1,0
MLGO.US,D,20220502,000000,101.6,101.9,101.6,101.9,1723.6000000000001,0
MLGO.US,D,20220503,000000,101.8,101.999,101.8,101.95,3843.4,0
MLGO.US,D,20220504,000000,101.9,102,101.9,102,300,0
MLGO.US,D,20220505,000000,102,102,101.9,102,193.8,0
MLGO.US,D,20220506,000000,101.9,102,101.8,102,390,0
MLGO.US,D,20220509,000000,102,102.1,101.8,102.011,2120.4,0
MLGO.US,D,20220510,000000,102,102.1,102,102.1,439.40000000000003,0
MLGO.US,D,20220511,000000,102,102.1,102,102.1,423.3,0
MLGO.US,D,20220512,000000,102,102.1,102,102,1441.8000000000002,0
MLGO.US,D,20220513,000000,102,102,102,102,2282.4,0
MLGO.US,D,20220516,000000,102,102.1,102,102,332.8,0
MLGO.US,D,20220517,000000,102,102.2,102,102.2,5306,0
MLGO.US,D,20220518,000000,102,102.3,102,102.3,423,0
MLGO.US,D,20220519,000000,102,102.2,102,102.2,350.90000000000003,0
MLGO.US,D,20220520,000000,102.1,102.3,102,102.3,574.2,0
MLGO.US,D,20220523,000000,102.1,102.2,102,102,294.2,0
MLGO.US,D,20220524,000000,102.2,102.2,102,102.2,378,0
MLGO.US,D,20220525,000000,102,102.3,102,102.3,494.90000000000003,0
MLGO.US,D,20220526,000000,102.3,102.3,102.1,102.1,522.5,0
MLGO.US,D,20220531,000000,102.102,102.2,102.102,102.2,162.70000000000002,0
MLGO.US,D,20220601,000000,102.2,102.3,102.1,102.3,1673,0
MLGO.US,D,20220602,000000,102.2,102.3,102.1,102.3,433.70000000000005,0
MLGO.US,D,20220603,000000,102.2,102.3,102.2,102.2,470.70000000000005,0
MLGO.US,D,20220606,000000,102.2,102.3,102.2,102.3,590.7,0
MLGO.US,D,20220607,000000,102.3,102.4,102.3,102.4,510.3,0
MLGO.US,D,20220608,000000,102.5,102.5,102.3,102.4,712.1,0
MLGO.US,D,20220609,000000,102.5,102.5,102.4,102.4,120.4,0
MLGO.US,D,20220610,000000,102.3,102.4,102.3,102.4,1819.1000000000001,0
MLGO.US,D,20220613,000000,102.3,102.5,102.2,102.4,2844.7000000000003,0
MLGO.US,D,20220614,000000,102.5,102.5,102.3,102.5,140.8,0
MLGO.US,D,20220615,000000,102.3,102.3,102.1,102.1,602.6,0
MLGO.US,D,20220616,000000,102.3,102.3,102.1,102.1,31081,0
MLGO.US,D,20220617,000000,102.1,102.3,102.1,102.3,251.4,0
MLGO.US,D,20220621,000000,102.1,102.1,102.1,102.1,667.9000000000001,0
MLGO.US,D,20220622,000000,102.3,102.3,102.3,102.3,424,0
MLGO.US,D,20220623,000000,102.2,102.3,102.2,102.2,706.8000000000001,0
MLGO.US,D,20220624,000000,102.193,102.2,102.15,102.199,840.1,0
MLGO.US,D,20220627,000000,102.2,102.2,102.2,102.2,512.6,0
MLGO.US,D,20220628,000000,102.2,102.3,102.2,102.3,250.20000000000002,0
MLGO.US,D,20220629,000000,102.3,102.302,102.2,102.3,2540.2000000000003,0
MLGO.US,D,20220630,000000,102.2,102.2,102.2,102.2,1298.2,0
MLGO.US,D,20220701,000000,102.2,102.3,102.2,102.3,236.20000000000002,0
MLGO.US,D,20220705,000000,102.2,102.2,102.2,102.2,140,0
MLGO.US,D,20220706,000000,102.2,102.2,102.1,102.1,210.5,0
MLGO.US,D,20220707,000000,102.2,102.2,102.1,102.2,1282.9,0
MLGO.US,D,20220708,000000,102.1,102.15,102.1,102.15,3008.2000000000003,0
MLGO.US,D,20220711,000000,102.25,102.3,102.201,102.25,230.4,0
MLGO.US,D,20220712,000000,102.3,102.4,102.3,102.4,4300.7,0
MLGO.US,D,20220713,000000,102.4,102.4,102.3,102.4,220,0
MLGO.US,D,20220714,000000,102.4,102.5,102.4,102.5,1350.7,0
MLGO.US,D,20220715,000000,102.5,102.5,102.405,102.5,266.2,0
MLGO.US,D,20220719,000000,102.5,102.5,102.5,102.5,50.1,0
MLGO.US,D,20220720,000000,102.6,102.6,102.6,102.6,10,0
MLGO.US,D,20220721,000000,102.7,102.701,102.684,102.7,835.8000000000001,0
MLGO.US,D,20220722,000000,102.7,102.7,102.7,102.7,190.4,0
MLGO.US,D,20220725,000000,102.8,102.9,102.8,102.8,1282.4,0
MLGO.US,D,20220726,000000,102.8,102.9,102.8,102.8,318.3,0
MLGO.US,D,20220727,000000,102.9,103,102.8,102.8,10695.2,0
MLGO.US,D,20220728,000000,102.8,102.95,102.8,102.9,26513.800000000003,0
MLGO.US,D,20220729,000000,103,103,102.9,102.9,585.1,0
MLGO.US,D,20220801,000000,102.9,103,102.9,102.9,741.7,0
MLGO.US,D,20220802,000000,102.9,102.9,102.9,102.9,145.1,0
MLGO.US,D,20220803,000000,103,103,103,103,148.1,0
MLGO.US,D,20220804,000000,103,103.1,103,103.1,340.20000000000005,0
MLGO.US,D,20220805,000000,103,103.05,103,103.05,210.70000000000002,0
MLGO.US,D,20220808,000000,103.1,103.1,103,103.05,556.1,0
MLGO.US,D,20220809,000000,103.1,103.1,103.001,103.1,146.3,0
MLGO.US,D,20220810,000000,103,103,103,103,110.10000000000001,0
MLGO.US,D,20220811,000000,103.1,103.3,103.1,103.2,13783.6,0
MLGO.US,D,20220812,000000,103.2,103.3,103.2,103.3,8249.2,0
MLGO.US,D,20220815,000000,103.3,103.3,103.25,103.3,1121.8,0
MLGO.US,D,20220816,000000,103.4,103.4,103.4,103.4,113.80000000000001,0
MLGO.US,D,20220817,000000,103.4,103.5,103.4,103.5,3908.8,0
MLGO.US,D,20220818,000000,103.5,103.6,103.5,103.6,4807,0
MLGO.US,D,20220819,000000,103.6,103.6,103.5,103.6,5452.900000000001,0
MLGO.US,D,20220822,000000,103.5,103.7,103.3,103.7,3949.4,0
MLGO.US,D,20220823,000000,103.5,103.5,103.3,103.35,2102.6,0
MLGO.US,D,20220824,000000,103.4,103.4,103.3,103.4,1259,0
MLGO.US,D,20220825,000000,103.4,103.4,103.3,103.35,3375.2000000000003,0
MLGO.US,D,20220826,000000,103.4,103.6,103.4,103.6,2727.7000000000003,0
MLGO.US,D,20220829,000000,103.6,103.6,103.3,103.6,1380.3000000000002,0
MLGO.US,D,20220830,000000,103.5,103.7,103.4,103.7,913.1,0
MLGO.US,D,20220831,000000,103.4,103.7,103.4,103.55,1196.4,0
MLGO.US,D,20220901,000000,103.4,103.7,103.4,103.55,569,0
MLGO.US,D,20220902,000000,103.4,103.6,103.4,103.6,563.5,0
MLGO.US,D,20220906,000000,103.4,103.6,103.4,103.6,479.20000000000005,0
MLGO.US,D,20220907,000000,103.5,103.5,103.4,103.4,173.3,0
MLGO.US,D,20220908,000000,103.599,103.6,103.5,103.508,179.4,0
MLGO.US,D,20220909,000000,103.7,103.7,103.4,103.4,100,0
MLGO.US,D,20220912,000000,103.4,103.6,103.4,103.6,1188.8,0
MLGO.US,D,20220913,000000,103.5,103.501,103.5,103.5,217.4,0
MLGO.US,D,20220914,000000,103.588,103.6,103.588,103.6,160,0
MLGO.US,D,20220915,000000,103.501,103.6,103.5,103.6,256.1,0
MLGO.US,D,20220916,000000,103.588,103.6,103.588,103.6,246.3,0
MLGO.US,D,20220919,000000,103.6,103.6,103.5,103.5,878.7,0
MLGO.US,D,20220920,000000,103.599,103.6,103.5,103.5,255,0
MLGO.US,D,20220921,000000,103.501,103.513,103.5,103.5,259.40000000000003,0
MLGO.US,D,20220922,000000,103.599,103.6,103.5,103.5,222,0
MLGO.US,D,20220923,000000,103.501,103.513,103.5,103.5,206.60000000000002,0
MLGO.US,D,20220926,000000,103.6,103.7,103.3,103.3,3255.5,0
MLGO.US,D,20220927,000000,103.3,103.498,103.3,103.3,2067.7000000000003,0
MLGO.US,D,20220928,000000,103.4,103.493,103.4,103.493,213.3,0
MLGO.US,D,20220929,000000,103.599,103.7,103.59,103.7,200.20000000000002,0
MLGO.US,D,20220930,000000,103.7,103.7,103.5,103.5,395.6,0
MLGO.US,D,20221003,000000,103.6,103.7,103.6,103.6,229.8,0
MLGO.US,D,20221004,000000,103.7,103.9,103.65,103.9,9684.5,0
MLGO.US,D,20221005,000000,103.9,104.05,103.801,103.92,453,0
MLGO.US,D,20221006,000000,103.8,105.05,103.8,104.001,17741.3,0
MLGO.US,D,20221007,000000,104.3,104.3,103.7,104,232.8,0
MLGO.US,D,20221010,000000,104.001,104.2,104,104,4806.900000000001,0
MLGO.US,D,20221011,000000,104,104.2,104,104.1,795.3000000000001,0
MLGO.US,D,20221012,000000,104.1,104.15,104.1,104.1,1153.3,0
MLGO.US,D,20221013,000000,104.3,104.3,103.5,104.05,4446.900000000001,0
MLGO.US,D,20221014,000000,104,104.4,104,104.3,4489.8,0
MLGO.US,D,20221017,000000,102.5,104.5,95.95,104.4,5524.900000000001,0
MLGO.US,D,20221018,000000,97.25,98.935,75.9,83.9,8280.5,0
MLGO.US,D,20221019,000000,81.7,93.2,81.4,89.8,1806.6000000000001,0
MLGO.US,D,20221020,000000,95.5,114.7,93.02,99.396,5568.1,0
MLGO.US,D,20221021,000000,99.5,104.3,99.5,102.122,1766.3000000000002,0
MLGO.US,D,20221024,000000,99.9,100.5,86.501,87.8,1096,0
MLGO.US,D,20221025,000000,87,102.8,72.742,97.17,33982.3,0
MLGO.US,D,20221026,000000,87.9,106.9,75.5,83.7,23300,0
MLGO.US,D,20221027,000000,80.1,94.3,73.7,79.9,11389.1,0
MLGO.US,D,20221028,000000,79.1,114.4,74,91,19352.8,0
MLGO.US,D,20221031,000000,88.7,111.658,88.7,102.9,11016.6,0
MLGO.US,D,20221101,000000,100,100.7,92.1,97.5,1446.2,0
MLGO.US,D,20221102,000000,98,108,96,96.9,3026.3,0
MLGO.US,D,20221103,000000,99.9,103,92.8,95.35,2365,0
MLGO.US,D,20221104,000000,99.1,161.7,91.5,96.7,38405.8,0
MLGO.US,D,20221107,000000,96,107.499,93.1,97,3419.8,0
MLGO.US,D,20221108,000000,94.6,102.5,94.5,99,1801.7,0
MLGO.US,D,20221109,000000,98.4,101.4,94.3,95,664.4000000000001,0
MLGO.US,D,20221110,000000,94.4,95.9,82.1,86,1863.6000000000001,0
MLGO.US,D,20221111,000000,90,91.9,86.9,87.1,1531.2,0
MLGO.US,D,20221114,000000,85.5,86.324,79.2,79.2,795.8000000000001,0
MLGO.US,D,20221115,000000,82.224,89.9,79.2,86.1,955.2,0
MLGO.US,D,20221116,000000,85.5,89,81.2,86.8,1619.2,0
MLGO.US,D,20221117,000000,95.5,117.7,91.074,96,3371.3,0
MLGO.US,D,20221118,000000,104.7,105,88.9,93.9,1325.7,0
MLGO.US,D,20221121,000000,102,102,96.001,100,494.8,0
MLGO.US,D,20221122,000000,101.9,101.9,92.9,101,153.20000000000002,0
MLGO.US,D,20221123,000000,100.4,100.4,87.1,93,434.20000000000005,0
MLGO.US,D,20221125,000000,91,100.2,91,99,191.3,0
MLGO.US,D,20221128,000000,98.9,100,92.75,94.6,817.2,0
MLGO.US,D,20221129,000000,98.5,100,90,94,3322.5,0
MLGO.US,D,20221130,000000,94,98.5,93,97.2,1173.6000000000001,0
MLGO.US,D,20221201,000000,94.8,100,88,88,2574.3,0
MLGO.US,D,20221202,000000,92.5,109.8,86.7,109.8,8928,0
MLGO.US,D,20221205,000000,103,105.8,100.45,100.45,596.8000000000001,0
MLGO.US,D,20221206,000000,109.1,111,100,102.3,620.4000000000001,0
MLGO.US,D,20221207,000000,109.4,125,95.7,95.7,4728.5,0
MLGO.US,D,20221208,000000,104.4,119.2,99.2,119.2,2741.7000000000003,0
MLGO.US,D,20221209,000000,120,141,103,104.7,5066.6,0
MLGO.US,D,20221213,000000,581.5,715,40.2,41,1070510,0
MLGO.US,D,20221214,000000,51.7,55.4,28.2,30,3175450,0
MLGO.US,D,20221215,000000,26.9,31.6,21,22.4,252510,0
MLGO.US,D,20221216,000000,19.9,22.3,17,21.2,147100,0
MLGO.US,D,20221219,000000,18.1,19.6,16.2,16.8,56867.5,0
MLGO.US,D,20221220,000000,17,22.9,12.2,16,449154.5,0
MLGO.US,D,20221221,000000,14.9,21.6,13.8,17,438500.2,0
MLGO.US,D,20221222,000000,16.4,18.3,15,16.6,88749.20000000001,0
MLGO.US,D,20221223,000000,16.1,16.483,14.2,14.5,34190.4,0
MLGO.US,D,20221227,000000,14.3,14.4,12.652,13.2,22368.9,0
MLGO.US,D,20221228,000000,13,13,12,12.5,15983.900000000001,0
MLGO.US,D,20221229,000000,11.6,14.284,11.2,12.5,27647.4,0
MLGO.US,D,20221230,000000,12.4,12.8,12.2,12.5,20284.100000000002,0
MLGO.US,D,20230103,000000,12.5,12.9,12.1,12.9,20305.2,0
MLGO.US,D,20230104,000000,12.7,15.6,12.4,14.5,97195.8,0
MLGO.US,D,20230105,000000,14,15.5,13.9,14.7,36590.200000000004,0
MLGO.US,D,20230106,000000,14.1,15,12.949,14.6,23899,0
MLGO.US,D,20230109,000000,14,15.5,14,14.6,19791.600000000002,0
MLGO.US,D,20230110,000000,14.75,14.75,13.7,13.7,13168.400000000001,0
MLGO.US,D,20230111,000000,14.5,19.4,14.3,17.6,433205.4,0
MLGO.US,D,20230112,000000,17.4,18,15,15.1,65132.200000000004,0
MLGO.US,D,20230113,000000,13.9,15.899,13.5,15.7,38797.200000000004,0
MLGO.US,D,20230117,000000,15.4,18.4,14.9,17.1,51492,0
MLGO.US,D,20230118,000000,16.838,17.4,15.4,16.2,33241.5,0
MLGO.US,D,20230119,000000,15.5,16,15,15.499,9123.800000000001,0
MLGO.US,D,20230120,000000,15.67,16.2,15.199,16.2,32365.9,0
MLGO.US,D,20230123,000000,16.001,16.497,15.7,15.9,10737.1,0
MLGO.US,D,20230124,000000,16.252,18.5,15.901,16.8,37963.700000000004,0
MLGO.US,D,20230125,000000,16.8,17,16.1,16.687,14041.6,0
MLGO.US,D,20230126,000000,28.2,37.5,24.5,27.4,11340854.9,0
MLGO.US,D,20230127,000000,28.2,29.6,25.5,29,644579.2000000001,0
MLGO.US,D,20230130,000000,27.2,30.5,26.7,27.3,197740.40000000002,0
MLGO.US,D,20230131,000000,26.8,27.865,20.5,21.3,83705.70000000001,0
MLGO.US,D,20230201,000000,21.4,21.881,19.5,20.8,45858.600000000006,0
MLGO.US,D,20230202,000000,20.3,22.5,20.3,22.4,34671.6,0
MLGO.US,D,20230203,000000,21.7,22,19.501,19.9,30066.7,0
MLGO.US,D,20230206,000000,19.9,21.699,19.7,21.3,18219.9,0
MLGO.US,D,20230207,000000,21,22.8,20.8,21.1,48159.5,0
MLGO.US,D,20230208,000000,21.2,21.599,20.101,20.9,14243.7,0
MLGO.US,D,20230209,000000,20.6,20.95,18.2,18.4,26566.7,0
MLGO.US,D,20230210,000000,20.1,20.909,19,19.3,77627.6,0
MLGO.US,D,20230213,000000,19.7,21.398,19.7,20.8,54734.8,0
MLGO.US,D,20230214,000000,20.5,21.088,19.8,20.2,12031.5,0
MLGO.US,D,20230215,000000,20.1,20.6,19.2,20.6,11459.5,0
MLGO.US,D,20230216,000000,20.4,20.4,19.8,20.15,6794.6,0
MLGO.US,D,20230217,000000,20.1,20.3,19.1,19.3,5270.1,0
MLGO.US,D,20230221,000000,18.7,19.1,17.1,18.1,11528.900000000001,0
MLGO.US,D,20230222,000000,18.1,20,17.7,19.6,30501.800000000003,0
MLGO.US,D,20230223,000000,19.9,22.5,19,22.5,76197.3,0
MLGO.US,D,20230224,000000,22.3,22.3,19.6,19.6,18675.9,0
MLGO.US,D,20230227,000000,20.1,21,19.7,20.5,14058.7,0
MLGO.US,D,20230228,000000,20,20.4,18.1,20.1,14521.800000000001,0
MLGO.US,D,20230301,000000,19.8,21.9,19.7,21.9,17825.3,0
MLGO.US,D,20230302,000000,20.6,21.3,19.7,21.1,13173.400000000001,0
MLGO.US,D,20230303,000000,20.5,20.7,20.3,20.3,4597.3,0
MLGO.US,D,20230306,000000,20.2,20.7,19.8,20.5,5492.900000000001,0
MLGO.US,D,20230307,000000,20.4,21.296,19.6,20.8,15865.300000000001,0
MLGO.US,D,20230308,000000,20.6,20.9,20.1,20.9,7926.900000000001,0
MLGO.US,D,20230309,000000,20.3,21.5,19.1,21,15653.2,0
MLGO.US,D,20230310,000000,20.482,21,20,20.7,10922.5,0
MLGO.US,D,20230313,000000,20.2,21.7,20.1,21.2,11810.300000000001,0
MLGO.US,D,20230314,000000,20.6,21.2,20.5,20.6,4481.400000000001,0
MLGO.US,D,20230315,000000,19.7,21.2,19.7,21.2,10791.6,0
MLGO.US,D,20230316,000000,21,21.2,20.5,21,3691.7000000000003,0
MLGO.US,D,20230317,000000,20.5,21.3,20.399,21,7551.8,0
MLGO.US,D,20230320,000000,20.1,20.8,20.1,20.6,8280.6,0
MLGO.US,D,20230321,000000,20.7,20.7,19,20.7,11999.5,0
MLGO.US,D,20230322,000000,20.6,20.999,20.3,20.5,13078.6,0
MLGO.US,D,20230323,000000,20.5,21.25,20.2,21,8251.300000000001,0
MLGO.US,D,20230324,000000,21,21.2,20.3,21.2,6348.200000000001,0
MLGO.US,D,20230327,000000,21,21.5,20.499,20.9,2955.1000000000004,0
MLGO.US,D,20230328,000000,21,21.2,20.4,20.8,3446.5,0
MLGO.US,D,20230329,000000,21.3,21.3,20.4,20.5,5334.1,0
MLGO.US,D,20230330,000000,20.601,21,20.399,20.5,4902.5,0
MLGO.US,D,20230331,000000,20.2,21,20.2,20.7,4046.2000000000003,0
MLGO.US,D,20230403,000000,20.5,20.7,20.3,20.7,5035.8,0
MLGO.US,D,20230404,000000,20.5,20.7,20.277,20.5,5681.700000000001,0
MLGO.US,D,20230405,000000,20.6,20.7,20.4,20.5,5584.5,0
MLGO.US,D,20230406,000000,20.5,20.8,19.9,20.4,5072.5,0
MLGO.US,D,20230410,000000,20,21,20,20.6,5332.5,0
MLGO.US,D,20230411,000000,20.5,20.7,20.3,20.5,13299.6,0
MLGO.US,D,20230412,000000,20.5,20.9,20.4,20.8,5340.6,0
MLGO.US,D,20230413,000000,20.5,20.95,20.5,20.7,3378.2000000000003,0
MLGO.US,D,20230414,000000,20.7,21.499,20.4,20.5,3516.7000000000003,0
MLGO.US,D,20230417,000000,20.8,21.1,20.5,20.5,1640,0
MLGO.US,D,20230418,000000,20.5,20.8,20.3,20.8,3762.6000000000004,0
MLGO.US,D,20230419,000000,20.5,21,20.5,20.65,1134.1000000000001,0
MLGO.US,D,20230420,000000,20.5,21.4,20.4,21.4,34751.8,0
MLGO.US,D,20230421,000000,21,21.2,20.5,21.1,7191.5,0
MLGO.US,D,20230424,000000,21.285,21.3,20,20.6,6331.200000000001,0
MLGO.US,D,20230425,000000,20.5,20.9,20.1,20.6,7401.400000000001,0
MLGO.US,D,20230426,000000,20.5,20.85,18.6,18.7,6885.700000000001,0
MLGO.US,D,20230427,000000,18.3,19,18.3,19,1919.2,0
MLGO.US,D,20230428,000000,18.999,20.5,18.3,19.6,3528.2000000000003,0
MLGO.US,D,20230501,000000,17,27.8,17,26.6,116404.20000000001,0
MLGO.US,D,20230502,000000,26.5,26.5,18.2,20,29257.7,0
MLGO.US,D,20230503,000000,19.7,20.65,18.5,19.2,6996.200000000001,0
MLGO.US,D,20230504,000000,19.443,20.1,18.5,19.1,6258.700000000001,0
MLGO.US,D,20230505,000000,19.601,19.7,18.7,18.9,4174.6,0
MLGO.US,D,20230508,000000,19,19.229,18.2,18.5,3535.5,0
MLGO.US,D,20230509,000000,19.3,20.099,18.1,19.6,16626.2,0
MLGO.US,D,20230510,000000,19.7,21,19.21,20.8,6413.200000000001,0
MLGO.US,D,20230511,000000,20.5,21,20,20.6,5984.700000000001,0
MLGO.US,D,20230512,000000,20.1,21,20.1,20.9,4983.3,0
MLGO.US,D,20230515,000000,20.7,22.2,20.512,21.4,6059.700000000001,0
MLGO.US,D,20230516,000000,21.5,21.5,20.5,21.4,5176.5,0
MLGO.US,D,20230517,000000,21.2,22.4,21.101,21.4,4710.3,0
MLGO.US,D,20230518,000000,20.7,21.7,20.7,21.4,3458.7000000000003,0
MLGO.US,D,20230519,000000,21.1,24.6,21.1,21.9,9987.6,0
MLGO.US,D,20230522,000000,21.9,22.5,21.2,21.8,4065.2000000000003,0
MLGO.US,D,20230523,000000,21.6,23.6,21.5,21.8,6232.3,0
MLGO.US,D,20230524,000000,21.603,22.5,21.4,21.6,4507.5,0
MLGO.US,D,20230525,000000,21.4,23.4,21.3,21.9,7738.5,0
MLGO.US,D,20230526,000000,21.4,22.4,21.4,21.7,3424,0
MLGO.US,D,20230530,000000,21.5,23.5,21.489,22.91,7266.1,0
MLGO.US,D,20230531,000000,22.9,24.5,22.8,23.179,5370.1,0
MLGO.US,D,20230601,000000,24.6,25.8,23.2,24.301,4721.8,0
MLGO.US,D,20230602,000000,23.2,23.7,22.3,22.6,4177.7,0
MLGO.US,D,20230605,000000,23,23.8,22.4,22.71,4782.3,0
MLGO.US,D,20230606,000000,22.7,23.65,22.6,23.01,2971.3,0
MLGO.US,D,20230607,000000,22.7,24.1,22.7,23.609,1953.5,0
MLGO.US,D,20230608,000000,23.4,25.5,23.101,24.846,7527,0
MLGO.US,D,20230609,000000,25,27.9,25,26.501,10538.6,0
MLGO.US,D,20230612,000000,26.3,27.8,25.201,25.9,3552.8,0
MLGO.US,D,20230613,000000,24.8,26.1,24.7,25.1,7586.1,0
MLGO.US,D,20230614,000000,26.4,27.6,24.899,25.7,5256.400000000001,0
MLGO.US,D,20230615,000000,25.7,26.3,25.1,25.12,1270.7,0
MLGO.US,D,20230616,000000,24.9,26.9,24.2,24.5,2355.7000000000003,0
MLGO.US,D,20230620,000000,23.2,23.7,21.7,21.7,2867,0
MLGO.US,D,20230621,000000,24.3,24.8,22.65,23.41,2895.3,0
MLGO.US,D,20230622,000000,23.7,23.727,23.1,23.5,722.2,0
MLGO.US,D,20230623,000000,23.19,23.8,23,23.119,1229,0
MLGO.US,D,20230626,000000,23.2,24.1,22.8,23.186,863.2,0
MLGO.US,D,20230627,000000,23.75,23.8,22.8,22.9,415.5,0
MLGO.US,D,20230628,000000,22.8,24.5,22.8,23.1,3147.6000000000004,0
MLGO.US,D,20230629,000000,23.5,23.5,22.6,22.6,890,0
MLGO.US,D,20230630,000000,23,23.1,21,23.1,3289.6000000000004,0
MLGO.US,D,20230703,000000,23,23.6,23,23.3,472.20000000000005,0
MLGO.US,D,20230705,000000,23,23.694,22.5,22.8,1257,0
MLGO.US,D,20230706,000000,23,23.7,22.513,23.2,1031.1000000000001,0
MLGO.US,D,20230707,000000,23,23.603,22.9,23.3,1544.9,0
MLGO.US,D,20230710,000000,23,23.4,22.7,23.2,1104.1000000000001,0
MLGO.US,D,20230711,000000,23,23.2,23,23.2,353.3,0
MLGO.US,D,20230712,000000,23.1,24,22.6,23.8,1818.3000000000002,0
MLGO.US,D,20230713,000000,23.3,24.5,23.201,23.701,1260.2,0
MLGO.US,D,20230714,000000,23.201,23.99,23.201,23.5,563.9,0
MLGO.US,D,20230717,000000,23.2,23.4,22.9,23.001,457.20000000000005,0
MLGO.US,D,20230718,000000,23.1,23.8,23.1,23.4,743.3000000000001,0
MLGO.US,D,20230719,000000,23,23.8,23,23.8,2348.5,0
MLGO.US,D,20230720,000000,23.3,23.7,22.9,23.196,1568.3000000000002,0
MLGO.US,D,20230721,000000,23.5,24,22.9,23.3,851.5,0
MLGO.US,D,20230724,000000,23,23.3,22.375,23.2,1037.1000000000001,0
MLGO.US,D,20230725,000000,23,23.301,23,23.2,1308.3000000000002,0
MLGO.US,D,20230726,000000,24.6,24.6,23.15,23.277,1469,0
MLGO.US,D,20230727,000000,23.2,23.9,23.001,23.9,540.6,0
MLGO.US,D,20230728,000000,23.2,24.5,23.2,23.6,419.8,0
MLGO.US,D,20230731,000000,23,23.4,23,23.2,876.9000000000001,0
MLGO.US,D,20230801,000000,23.2,24.1,22.55,23.1,1759,0
MLGO.US,D,20230802,000000,23,25.087,23,23.4,820.3000000000001,0
MLGO.US,D,20230803,000000,23.096,23.6,22.055,23.001,2200,0
MLGO.US,D,20230804,000000,23.2,23.2,22.6,23,655.6,0
MLGO.US,D,20230807,000000,23,23.5,22.9,22.9,1037.1000000000001,0
MLGO.US,D,20230808,000000,23.2,23.3,22.855,23,715.7,0
MLGO.US,D,20230809,000000,23.2,23.2,22.5,23.01,1408.6000000000001,0
MLGO.US,D,20230810,000000,23.1,23.2,22.9,23.04,429.3,0
MLGO.US,D,20230811,000000,23.1,25.5,23,24.9,2942.7000000000003,0
MLGO.US,D,20230814,000000,24,24,23.3,23.665,1297.5,0
MLGO.US,D,20230815,000000,23.6,23.8,22.65,23.4,1004.1,0
MLGO.US,D,20230816,000000,23.25,23.826,20.501,23.4,3589.3,0
MLGO.US,D,20230817,000000,22.99,23.1,22.001,23,1634.2,0
MLGO.US,D,20230818,000000,23,23.999,22.645,22.645,5234.5,0
MLGO.US,D,20230821,000000,22.7,23.698,22.7,23.4,847.1,0
MLGO.US,D,20230822,000000,22.7,23.4,21.377,22.7,2369.2000000000003,0
MLGO.US,D,20230823,000000,22.9,24.9,22.5,23.482,2885.6000000000004,0
MLGO.US,D,20230824,000000,23.9,25.9,23.7,25.1,1115.4,0
MLGO.US,D,20230825,000000,24.5,25.7,24.5,25.5,922.2,0
MLGO.US,D,20230828,000000,25.655,27.7,25.5,26.5,879.3000000000001,0
MLGO.US,D,20230829,000000,27.1,32.7,27.1,29.8,16662.7,0
MLGO.US,D,20230830,000000,31.8,35.8,30.399,33,16562.9,0
MLGO.US,D,20230831,000000,33.6,35,31.2,32.553,5821.5,0
MLGO.US,D,20230901,000000,31.8,32.5,28,29.8,6325.3,0
MLGO.US,D,20230905,000000,30.8,30.8,29,29.6,1887.3000000000002,0
MLGO.US,D,20230906,000000,29.5,30,27.2,28.3,2228.4,0
MLGO.US,D,20230907,000000,28.5,28.5,25.3,27.4,1357.9,0
MLGO.US,D,20230908,000000,26.7,26.7,23,23.75,1158.5,0
MLGO.US,D,20230911,000000,23.1,25.9,20.401,23.5,2421.1,0
MLGO.US,D,20230912,000000,23.5,33.6,22.33,28.9,6818.400000000001,0
MLGO.US,D,20230913,000000,28.7,30.9,27.9,30.9,1722.1000000000001,0
MLGO.US,D,20230914,000000,28.001,30.993,28.001,30.9,3550.4,0
MLGO.US,D,20230915,000000,30.4,33,28.3,31.2,6900.8,0
MLGO.US,D,20230918,000000,31.2,35.709,31.2,35.709,4988.400000000001,0
MLGO.US,D,20230919,000000,36.2,36.799,34.1,34.582,1849.9,0
MLGO.US,D,20230920,000000,34.8,38.3,34.752,36.887,4859.2,0
MLGO.US,D,20230921,000000,37.1,43.7,37,39.603,13888,0
MLGO.US,D,20230922,000000,55.1,99.9,45.6,47.8,8064788.800000001,0
MLGO.US,D,20230925,000000,33.3,34.8,28.7,30.1,364539.4,0
MLGO.US,D,20230926,000000,26.2,27.299,22.8,23.5,121275.70000000001,0
MLGO.US,D,20230927,000000,22.1,22.8,20.8,21,52331.600000000006,0
MLGO.US,D,20230928,000000,20.4,24.1,19.601,22.8,77006,0
MLGO.US,D,20230929,000000,23,31.4,22.4,28.6,147951,0
MLGO.US,D,20231002,000000,28,30.7,25.7,27,47726.4,0
MLGO.US,D,20231003,000000,24.2,27,19,21.5,30615.7,0
MLGO.US,D,20231004,000000,20.7,23.39,20.001,21.1,17817.4,0
MLGO.US,D,20231005,000000,20.6,21.1,18.531,19.5,12256.400000000001,0
MLGO.US,D,20231006,000000,19.3,21.8,19.3,21.8,11597.2,0
MLGO.US,D,20231009,000000,20.7,22.24,20.7,21.1,7071.900000000001,0
MLGO.US,D,20231010,000000,20.7,24.9,20.7,24.2,29106,0
MLGO.US,D,20231011,000000,24.6,26,23.916,25.2,29756.100000000002,0
MLGO.US,D,20231012,000000,24.6,29.6,23.4,28.16,56620.700000000004,0
MLGO.US,D,20231013,000000,28.1,44.2,28.1,41.7,775640.5,0
MLGO.US,D,20231016,000000,42.7,47.4,32,34.1,139218.6,0
MLGO.US,D,20231017,000000,33.9,38.1,31.3,33.9,71431.40000000001,0
MLGO.US,D,20231018,000000,33.9,35.5,31.1,33.8,20187,0
MLGO.US,D,20231019,000000,33.6,37.9,33.1,37.7,21385.300000000003,0
MLGO.US,D,20231020,000000,37.5,39,33.3,34.4,19864.100000000002,0
MLGO.US,D,20231023,000000,34.8,36.25,31.5,33.9,16364.800000000001,0
MLGO.US,D,20231024,000000,34,34,30.6,31.3,14867.800000000001,0
MLGO.US,D,20231025,000000,31,31,28.5,29.7,182763.40000000002,0
MLGO.US,D,20231026,000000,30,31.1,28.6,30.8,26419.7,0
MLGO.US,D,20231027,000000,30.5,31.3,29.5,30.9,24034.7,0
MLGO.US,D,20231030,000000,31.7,39.999,31.7,36.925,56687.3,0
MLGO.US,D,20231031,000000,36.2,36.5,32,32.8,17872.100000000002,0
MLGO.US,D,20231101,000000,32.8,33.1,30.6,31.115,14579.2,0
MLGO.US,D,20231102,000000,32,32.81,29.8,30.8,23774.9,0
MLGO.US,D,20231103,000000,30.8,33.999,30,32.8,14808.400000000001,0
MLGO.US,D,20231106,000000,32.1,32.6,31,32.6,15511.6,0
MLGO.US,D,20231107,000000,32.1,35.5,31.543,34.2,10558,0
MLGO.US,D,20231108,000000,34.4,34.9,31,32.8,12927.7,0
MLGO.US,D,20231109,000000,32,32.499,25,25.7,17749.600000000002,0
MLGO.US,D,20231110,000000,26.2,34.799,23.45,32.9,29313.7,0
MLGO.US,D,20231113,000000,31.5,33,29.49,32.6,9804.9,0
MLGO.US,D,20231114,000000,33.5,39.638,32.1,38.5,26843.7,0
MLGO.US,D,20231115,000000,37.8,39.9,32.3,39.8,18296.100000000002,0
MLGO.US,D,20231116,000000,39.6,39.6,35.13,37.7,13615.900000000001,0
MLGO.US,D,20231117,000000,35.25,43,33.6,41.5,20403.100000000002,0
MLGO.US,D,20231120,000000,40,42.4,38.75,42.4,7008.900000000001,0
MLGO.US,D,20231121,000000,42.8,48.4,41.053,47.8,27544.5,0
MLGO.US,D,20231122,000000,48.3,51.2,46.5,48.1,20190.600000000002,0
MLGO.US,D,20231124,000000,47.1,52.5,46.885,52.1,15253.6,0
MLGO.US,D,20231127,000000,51.6,53.45,49.3,52.4,9938.900000000001,0
MLGO.US,D,20231128,000000,51.7,51.7,36.306,37.4,50459.200000000004,0
MLGO.US,D,20231129,000000,37.6,38.9,30,30.7,35888,0
MLGO.US,D,20231130,000000,31.1,31.6,28,30.9,9461.5,0
MLGO.US,D,20231201,000000,31.2,37.3,30.3,33,14170.7,0
MLGO.US,D,20231204,000000,32.9,32.9,28.2,28.6,13543.300000000001,0
MLGO.US,D,20231205,000000,30.5,30.9,23.601,24.2,18666.2,0
MLGO.US,D,20231206,000000,41.3,107.6,37.3,95.8,7911668,0
MLGO.US,D,20231207,000000,133.5,155.999,15.6,20.5,4974165.3,0
MLGO.US,D,20231208,000000,25,27.5,20.8,22.6,3800051.9000000004,0
MLGO.US,D,20231211,000000,20.8,21.4,17.293,18.1,527163.8,0
MLGO.US,D,20231212,000000,17.8,18.296,16,16.8,274891,0
MLGO.US,D,20231213,000000,16,21.6,15.6,20.5,720937,0
MLGO.US,D,20231214,000000,19.4,21.1,17.2,18.1,349573.80000000005,0
MLGO.US,D,20231215,000000,18,18.5,16.4,16.9,164947,0
MLGO.US,D,20231218,000000,16.8,17.8,16.5,16.8,102614.90000000001,0
MLGO.US,D,20231219,000000,16.4,16.793,15.7,16.1,132035.30000000002,0
MLGO.US,D,20231220,000000,15.7,16.1,15,15.3,97481.1,0
MLGO.US,D,20231221,000000,15.3,16.4,14.6,15.9,119338.1,0
MLGO.US,D,20231222,000000,15.9,16.9,15.4,16.3,119465.6,0
MLGO.US,D,20231226,000000,16.5,19.8,9.204,11.3,1566712,0
MLGO.US,D,20231227,000000,11.5,11.5,7.351,8.5,1317844.2000000002,0
MLGO.US,D,20231228,000000,8.791,8.96799,8.061,8.3,277088.2,0
MLGO.US,D,20231229,000000,8.439,9.39,8,9.12,401891.60000000003,0
MLGO.US,D,20240102,000000,8.7,8.771,8.088,8.3,195659.80000000002,0
MLGO.US,D,20240103,000000,8.1,8.11275,7.101,7.361,260219,0
MLGO.US,D,20240104,000000,7.482,8.4,7.27,7.612,221721.2,0
MLGO.US,D,20240105,000000,7.327,9.1,7.2,8.412,676215.7000000001,0
MLGO.US,D,20240108,000000,8,8.311,7.73,7.856,127651.6,0
MLGO.US,D,20240109,000000,7.803,8.074,7.401,7.63,112885.70000000001,0
MLGO.US,D,20240110,000000,7.6,7.699,7.3,7.347,82096.1,0
MLGO.US,D,20240111,000000,7.6,7.8,7.157,7.729,107218.5,0
MLGO.US,D,20240112,000000,7.8,7.8,6.974,6.974,136239,0
MLGO.US,D,20240116,000000,6.956,7,6.206,6.311,262910,0
MLGO.US,D,20240117,000000,6.511,6.511,5.596,5.782,159043.90000000002,0
MLGO.US,D,20240118,000000,5.827,6.199,5.733,5.756,70533.7,0
MLGO.US,D,20240119,000000,5.6,5.91,5.101,5.438,147122,0
MLGO.US,D,20240122,000000,5.382,6.7,5.169,6.17,133303.6,0
MLGO.US,D,20240123,000000,6.2,6.2,5.35,5.561,110169.90000000001,0
MLGO.US,D,20240124,000000,5.8,6.099,5.198,5.316,185922.90000000002,0
MLGO.US,D,20240125,000000,5.31,5.599,4.811,4.948,233384,0
MLGO.US,D,20240126,000000,4.999,5,4.501,4.59,167548.30000000002,0
MLGO.US,D,20240129,000000,4.552,4.664,4.2,4.463,141612.7,0
MLGO.US,D,20240130,000000,4.418,4.418,4.01,4.14,169336.7,0
MLGO.US,D,20240131,000000,4.206,4.206,3.703,4.011,199856.2,0
MLGO.US,D,20240201,000000,3.99,4.12,3.903,4.08601,80681.5,0
MLGO.US,D,20240202,000000,3.951,4.198,3.92,4.181,82658.6,0
MLGO.US,D,20240205,000000,4.134,4.149,3.806,3.9,100038.1,0
MLGO.US,D,20240206,000000,3.93,4.08,3.723,3.865,74140,0
MLGO.US,D,20240207,000000,3.898,6.3,3.8,5.7,4820843.5,0
MLGO.US,D,20240208,000000,9.2,16.9,8.4,10.4,12963420.9,0
MLGO.US,D,20240209,000000,8.193,8.531,6.1,6.261,2114808.8000000003,0
MLGO.US,D,20240212,000000,6.301,10.7,5.72,9,4957725.9,0
MLGO.US,D,20240213,000000,8.116,11.8,7.5,8.255,3142733.9000000004,0
MLGO.US,D,20240214,000000,9,9.9,8.025,8.65,894358.5,0
MLGO.US,D,20240215,000000,8.468,8.681,7.517,8.12,527619,0
MLGO.US,D,20240216,000000,7.7,9.9,7.7,9.2,1942388.2000000002,0
MLGO.US,D,20240220,000000,9.2,9.439,8.066,8.2,406540.7,0
MLGO.US,D,20240221,000000,7.9,8.17,7.3015,7.555,299630.3,0
MLGO.US,D,20240222,000000,7.77,8.1,7.297,7.7,210675.80000000002,0
MLGO.US,D,20240223,000000,7.3,7.356,6.59,6.911,276134.10000000003,0
MLGO.US,D,20240226,000000,6.9,8.2,6.75,7.235,337142.9,0
MLGO.US,D,20240227,000000,7.297,7.6,7.12,7.311,180406.30000000002,0
MLGO.US,D,20240228,000000,7.385,7.385,5.856,6.145,373083,0
MLGO.US,D,20240229,000000,6.1,6.214,5.61,5.652,254700.7,0
MLGO.US,D,20240301,000000,5.474,5.584,4.933,5.17197,212589.1,0
MLGO.US,D,20240304,000000,5.42,5.514,4.983,5.092,151707.2,0
MLGO.US,D,20240305,000000,5.14,5.18,4.561,4.718,149258.2,0
MLGO.US,D,20240306,000000,4.81,7.09,4.81,6.722,1351836.6,0
MLGO.US,D,20240307,000000,6.059,6.48,5.602,5.819,340636.80000000005,0
MLGO.US,D,20240308,000000,6,6,5.502,5.678,104845.1,0
MLGO.US,D,20240311,000000,5.885,6.833,5.8,6.004,283684.2,0
MLGO.US,D,20240312,000000,6,6.325,5.734,5.8,213049.40000000002,0
MLGO.US,D,20240313,000000,5.8,6.018,5.162,5.367,327009.9,0
MLGO.US,D,20240314,000000,5.7,5.942,5.093,5.213,168022,0
MLGO.US,D,20240315,000000,5.252,5.373,5,5.098,111982.5,0
MLGO.US,D,20240318,000000,5.046,5.15,4.7,4.8,137334.80000000002,0
MLGO.US,D,20240319,000000,4.73,4.779,4.42852,4.54,115133.3,0
MLGO.US,D,20240320,000000,4.64,5.149,4.3,4.644,196567.7,0
MLGO.US,D,20240321,000000,4.811,4.811,4.2,4.25,264509.60000000003,0
MLGO.US,D,20240322,000000,4.69,5.05,3.61,4.02,4744907,0
MLGO.US,D,20240325,000000,6.38,6.5097,4.17,4.82,22512418,0
MLGO.US,D,20240326,000000,4.36,4.79,4,4.53,1861224,0
MLGO.US,D,20240327,000000,4.21,4.59,4.12,4.15,609907,0
MLGO.US,D,20240328,000000,4.06,4.19,3.82,3.83,824058,0
MLGO.US,D,20240401,000000,3.73,4.04,3.57,3.78,695918,0
MLGO.US,D,20240402,000000,3.74,3.88,3.58,3.74,357482,0
MLGO.US,D,20240403,000000,3.7,4.1136,3.6,4.01,422681,0
MLGO.US,D,20240404,000000,4,4.24,3.68,3.69,466976,0
MLGO.US,D,20240405,000000,3.68,3.84,3.61,3.71,182002,0
MLGO.US,D,20240408,000000,3.68,3.74,3.5,3.51,320383,0
MLGO.US,D,20240409,000000,3.49,3.5,3.18,3.21,300185,0
MLGO.US,D,20240410,000000,3.12,3.16,2.93,3.1,282653,0
MLGO.US,D,20240411,000000,3.11,3.11,2.92,3.03,156089,0
MLGO.US,D,20240412,000000,3.02,3.02,2.78,2.8,227230,0
MLGO.US,D,20240415,000000,2.77,2.8,2.42,2.48,254496,0
MLGO.US,D,20240416,000000,2.33,2.88,2.25,2.56,465126,0
MLGO.US,D,20240417,000000,2.57,2.57,2.34,2.36,185658,0
MLGO.US,D,20240418,000000,2.4,2.72,2.35,2.47,1172521,0
MLGO.US,D,20240419,000000,2.33,2.48,2.31,2.35,248672,0
MLGO.US,D,20240422,000000,2.34,2.4,2.1706,2.385,235647,0
MLGO.US,D,20240423,000000,2.35,2.4003,2.28,2.32,159372,0
MLGO.US,D,20240424,000000,2.33,2.7599,2.32,2.59,662958,0
MLGO.US,D,20240425,000000,2.59,2.59,2.33,2.47,352402,0
MLGO.US,D,20240426,000000,2.5,2.5811,2.41,2.42,208655,0
MLGO.US,D,20240429,000000,2.4,2.67,2.36,2.46,865794,0
MLGO.US,D,20240430,000000,2.48,2.6,2.3554,2.48,184961,0
MLGO.US,D,20240501,000000,2.43,2.71,2.4138,2.5,234785,0
MLGO.US,D,20240502,000000,2.5,2.54,2.43,2.46,102472,0
MLGO.US,D,20240503,000000,2.5,2.5,2.39,2.42,130443,0
MLGO.US,D,20240506,000000,2.44,2.8,2.4,2.57,756583,0
MLGO.US,D,20240507,000000,2.51,2.54,2.38,2.44,208785,0
MLGO.US,D,20240508,000000,2.41,2.47,2.34,2.45,99351,0
MLGO.US,D,20240509,000000,2.41,2.55,2.38,2.48,88993,0
MLGO.US,D,20240510,000000,2.5,2.5,2.21,2.26,259376,0
MLGO.US,D,20240513,000000,2.31,2.365,2.25,2.27,189786,0
MLGO.US,D,20240514,000000,2.46,2.65,2.4,2.46,504139,0
MLGO.US,D,20240515,000000,2.43,2.52,2.36,2.45,184924,0
MLGO.US,D,20240516,000000,2.47,2.4999,2.37,2.37,153443,0
MLGO.US,D,20240517,000000,2.38,2.55,2.3,2.4,247844,0
MLGO.US,D,20240520,000000,2.38,2.394,2.3,2.3,191693,0
MLGO.US,D,20240521,000000,2.31,2.32,2,2.04,326434,0
MLGO.US,D,20240522,000000,2.09,2.2399,1.94,2.01,317115,0
MLGO.US,D,20240523,000000,2.03,2.03,1.8,1.9,339885,0
MLGO.US,D,20240524,000000,1.9,1.93,1.83,1.85,111136,0
MLGO.US,D,20240528,000000,1.85,1.94,1.83,1.94,138287,0
MLGO.US,D,20240529,000000,1.91,1.95,1.85,1.86,95400,0
MLGO.US,D,20240530,000000,1.83,1.854,1.67,1.74,224091,0
MLGO.US,D,20240531,000000,1.71,1.81,1.69,1.69,115089,0
MLGO.US,D,20240603,000000,1.72,1.72,1.56,1.56,154261,0
MLGO.US,D,20240604,000000,5.1,15,4.6401,12.01,185803839,0
MLGO.US,D,20240605,000000,7.81,9.5,6.445,6.97,17307713,0
MLGO.US,D,20240606,000000,5.49,6.99,5.45,5.59,6017952,0
MLGO.US,D,20240607,000000,5.26,5.28,4,4.43,2627665,0
MLGO.US,D,20240610,000000,4.55,6.4499,4.385,4.43,16165734,0
MLGO.US,D,20240611,000000,4.35,4.73,3.85,3.92,1701600,0
MLGO.US,D,20240612,000000,3.95,4.56,3.88,4.38,1443214,0
MLGO.US,D,20240613,000000,4.31,4.69,4.1401,4.49,785420,0
MLGO.US,D,20240614,000000,4.48,4.59,4.01,4.02,520365,0
MLGO.US,D,20240617,000000,4.1,4.2399,3.48,3.55,907980,0
MLGO.US,D,20240618,000000,5.05,5.21,2.78,4.08,27916853,0
MLGO.US,D,20240620,000000,4.02,4.21,3.62,4.07,1401399,0
MLGO.US,D,20240621,000000,4.15,4.19,3.74,3.86,681152,0
MLGO.US,D,20240624,000000,5.4,15,5.15,15,135035215,0
MLGO.US,D,20240625,000000,12.24,21.52,11.08,14.69,36533300,0
MLGO.US,D,20240626,000000,16.12,17.58,11.47,16.58,14195164,0
MLGO.US,D,20240627,000000,18.09,25.48,15.83,17.16,23222884,0
MLGO.US,D,20240628,000000,17.52,19.99,15.0735,16.31,6171824,0
MLGO.US,D,20240701,000000,15.67,15.9199,10.74,12.96,4977619,0
MLGO.US,D,20240702,000000,12.32,14.1,10.7,10.74,2806828,0
MLGO.US,D,20240703,000000,10.74,11.4399,9.6303,10.34,1863514,0
MLGO.US,D,20240705,000000,10,11.1299,8.2,8.43,2858815,0
MLGO.US,D,20240708,000000,8.72,9.26,6.3,6.4,3436748,0
MLGO.US,D,20240709,000000,7,7,5.11,5.51,4341007,0
MLGO.US,D,20240710,000000,5.31,5.4,3.8,4.14,5112429,0
MLGO.US,D,20240711,000000,4.05,5.86,3.86,4.02,20782417,0
MLGO.US,D,20240712,000000,3.93,4.14,3.33,3.44,5777938,0
MLGO.US,D,20240715,000000,3.63,3.648,3.13,3.29,6259522,0
MLGO.US,D,20240716,000000,3.32,3.33,2.78,2.84,6248742,0
MLGO.US,D,20240717,000000,3.37,3.39,2.63,2.81,21360528,0
MLGO.US,D,20240718,000000,2.72,2.74,2.26,2.38,9675844,0
MLGO.US,D,20240719,000000,2.23,2.95,2.17,2.67,15808361,0
MLGO.US,D,20240722,000000,2.92,2.97,2.26,2.39,18486319,0
MLGO.US,D,20240723,000000,2.25,2.29,1.95,2.07,11638028,0
MLGO.US,D,20240724,000000,2,2,1.725,1.79,9291506,0
MLGO.US,D,20240725,000000,1.8,2.38,1.76,1.98,22320647,0
MLGO.US,D,20240726,000000,1.86,1.94,1.62,1.69,11995325,0
MLGO.US,D,20240729,000000,1.69,1.6902,1.5,1.56,10268337,0
MLGO.US,D,20240730,000000,1.49,1.55,1.27,1.34,11583776,0
MLGO.US,D,20240731,000000,1.32,1.665,1.25,1.42,18205943,0
MLGO.US,D,20240801,000000,1.38,1.405,1.16,1.23,10267818,0
MLGO.US,D,20240802,000000,1.14,1.35,1.12,1.29,9468585,0
MLGO.US,D,20240805,000000,1.15,1.26,1.15,1.18,3962070,0
MLGO.US,D,20240806,000000,1.24,1.25,1.02,1.05,7533922,0
MLGO.US,D,20240807,000000,1.09,1.09,1.03,1.08,3551920,0
MLGO.US,D,20240808,000000,1.07,1.07,0.8474,0.921,9762983,0
MLGO.US,D,20240809,000000,0.9269,0.9269,0.7351,0.7772,8653142,0
MLGO.US,D,20240812,000000,0.7375,0.839,0.6565,0.6849,7942343,0
MLGO.US,D,20240813,000000,0.68,0.7458,0.625,0.73,7341317,0
MLGO.US,D,20240814,000000,0.72,0.7399,0.5839,0.6026,7509848,0
MLGO.US,D,20240815,000000,0.6,0.609,0.5222,0.5464,7196926,0
MLGO.US,D,20240816,000000,0.545,0.545,0.48,0.493,8076398,0
MLGO.US,D,20240819,000000,0.4855,0.59,0.43,0.5501,27742268,0
MLGO.US,D,20240820,000000,0.7,0.7695,0.495,0.5355,46759093,0
MLGO.US,D,20240821,000000,0.5,0.525,0.4513,0.506,13189703,0
MLGO.US,D,20240822,000000,0.5,0.58,0.5,0.569,19884173,0
MLGO.US,D,20240823,000000,0.626,0.64,0.503,0.5156,29846842,0
MLGO.US,D,20240826,000000,0.52,0.5237,0.4856,0.4962,8531805,0
MLGO.US,D,20240827,000000,0.4824,0.5439,0.4717,0.484,10795725,0
MLGO.US,D,20240828,000000,0.4958,0.5,0.4262,0.4296,10983637,0
MLGO.US,D,20240829,000000,0.4296,0.4467,0.3902,0.403,10636163,0
MLGO.US,D,20240830,000000,0.412,0.412,0.36,0.3731,11606312,0
MLGO.US,D,20240903,000000,0.38,0.4149,0.365,0.3935,9963752,0
MLGO.US,D,20240904,000000,0.378,0.42,0.35,0.394,10979722,0
MLGO.US,D,20240905,000000,0.3839,0.3857,0.3629,0.3707,6892972,0
MLGO.US,D,20240906,000000,0.365,0.3657,0.32,0.3318,11259604,0
MLGO.US,D,20240909,000000,0.3295,0.333,0.31,0.3151,10730333,0
MLGO.US,D,20240910,000000,0.3188,0.3188,0.28,0.2855,12977813,0
MLGO.US,D,20240911,000000,0.2902,0.2909,0.2572,0.2739,12755636,0
MLGO.US,D,20240912,000000,0.28,0.28,0.25,0.2528,13819008,0
MLGO.US,D,20240913,000000,0.24,0.2455,0.2311,0.2315,14666110,0
MLGO.US,D,20240916,000000,0.232,0.374,0.232,0.279,205513655,0
MLGO.US,D,20240917,000000,0.2708,0.3113,0.2356,0.2389,32163491,0
MLGO.US,D,20240918,000000,0.24,0.245,0.2023,0.2079,24402709,0
MLGO.US,D,20240919,000000,0.207,0.2375,0.1947,0.2089,32289389,0
MLGO.US,D,20240920,000000,0.2114,0.232,0.197,0.2018,20707407,0
MLGO.US,D,20240923,000000,0.205,0.2142,0.1904,0.1984,21684171,0
MLGO.US,D,20240924,000000,0.23,0.245,0.2072,0.2162,94383443,0
MLGO.US,D,20240925,000000,0.2706,0.2825,0.235,0.27,142294894,0
MLGO.US,D,20240926,000000,0.25,0.265,0.23,0.239,31447246,0
MLGO.US,D,20240927,000000,0.24,0.2462,0.221,0.2323,25208868,0
MLGO.US,D,20240930,000000,0.24,0.2661,0.238,0.2527,46766273,0
MLGO.US,D,20241001,000000,0.2797,0.2975,0.236,0.254,60895870,0
MLGO.US,D,20241002,000000,0.274,0.31,0.2629,0.31,71517022,0
MLGO.US,D,20241003,000000,0.3595,0.42,0.335,0.351,163831493,0
MLGO.US,D,20241004,000000,0.327,0.350792,0.28,0.3193,42661159,0
MLGO.US,D,20241007,000000,0.328,0.328,0.2755,0.2868,32209845,0
MLGO.US,D,20241008,000000,0.27,0.2729,0.238,0.2447,29974277,0
MLGO.US,D,20241009,000000,0.2235,0.255,0.214,0.252,38146911,0
MLGO.US,D,20241010,000000,0.2534,0.437,0.253,0.3746,203795363,0
MLGO.US,D,20241011,000000,0.352,0.411,0.3002,0.3395,54956320,0
MLGO.US,D,20241014,000000,0.3249,0.41,0.3118,0.373,59421836,0
MLGO.US,D,20241015,000000,0.36,0.4046,0.33,0.3395,39883844,0
MLGO.US,D,20241016,000000,0.3446,0.353,0.3069,0.3248,17880580,0
MLGO.US,D,20241017,000000,0.3119,0.3182,0.2875,0.3016,14650646,0
MLGO.US,D,20241018,000000,0.2999,0.336,0.29,0.303,17336073,0
MLGO.US,D,20241021,000000,0.3297,0.3298,0.3021,0.3081,11282469,0
MLGO.US,D,20241022,000000,0.3075,0.322,0.3024,0.317,11596836,0
MLGO.US,D,20241023,000000,0.2981,0.309,0.29,0.2924,17096235,0
MLGO.US,D,20241024,000000,0.259,0.27,0.2431,0.2523,17505335,0
MLGO.US,D,20241025,000000,0.2425,0.2604,0.2256,0.2319,15106427,0
MLGO.US,D,20241028,000000,0.233,0.2544,0.2272,0.2396,12196386,0
MLGO.US,D,20241029,000000,0.2407,0.2409,0.2211,0.225,10296967,0
