<TICKER>,<PER>,<DATE>,<TIME>,<OPEN>,<HIGH>,<LOW>,<CLOSE>,<VOL>,<OPENINT>
MNPR.US,D,20191220,000000,24.14,48,24.14,27,1535809,0
MNPR.US,D,20191223,000000,25.9,29.7244,21.01,21.74,237498,0
MNPR.US,D,20191224,000000,21,21.58,19,19.5,38421,0
MNPR.US,D,20191226,000000,19.4,19.4,17.08,17.4,37096,0
MNPR.US,D,20191227,000000,17.19,21.9399,17,19.79,166740,0
MNPR.US,D,20191230,000000,20,20,17.99,18.55,40661,0
MNPR.US,D,20191231,000000,18.41,18.41,16.19,16.6,47513,0
MNPR.US,D,20200102,000000,16.74,17.48,16.5499,17.27,23036,0
MNPR.US,D,20200103,000000,18.47,18.47,17.2,17.75,20149,0
MNPR.US,D,20200106,000000,16.21,17.5326,16.111,16.83,18467,0
MNPR.US,D,20200107,000000,17.1387,17.25,16.25,16.86,19935,0
MNPR.US,D,20200108,000000,16.65,16.7,16.2,16.4,8742,0
MNPR.US,D,20200109,000000,16.18,19.88,16.18,17.8,79438,0
MNPR.US,D,20200110,000000,18.11,22.7423,18.11,22,99876,0
MNPR.US,D,20200113,000000,22,23,20,21.19,46031,0
MNPR.US,D,20200114,000000,20.46,20.67,19.11,19.99,37007,0
MNPR.US,D,20200115,000000,19.6,20,18.5,18.76,53669,0
MNPR.US,D,20200116,000000,18.77,19.49,17.22,17.71,35739,0
MNPR.US,D,20200117,000000,17.82,18.3062,17.05,17.31,24801,0
MNPR.US,D,20200121,000000,17.11,18.1057,17.11,17.7,32684,0
MNPR.US,D,20200122,000000,18,18,17.55,17.6496,7830,0
MNPR.US,D,20200123,000000,17.58,17.8,16.6,16.62,21676,0
MNPR.US,D,20200124,000000,16.62,17.295,16.4,16.5,9169,0
MNPR.US,D,20200127,000000,16.1525,17.6,16,16.76,15395,0
MNPR.US,D,20200128,000000,16.4494,17.92,16.4002,17.15,11014,0
MNPR.US,D,20200129,000000,17.79,20.5,17.31,19.5,35580,0
MNPR.US,D,20200130,000000,19.4,19.4,16.43,16.8,19187,0
MNPR.US,D,20200131,000000,16.28,17.1,14.35,14.35,23923,0
MNPR.US,D,20200203,000000,14.45,16.6598,14.1095,15.51,10735,0
MNPR.US,D,20200204,000000,15.36,16.25,15.12,15.12,8774,0
MNPR.US,D,20200205,000000,14.91,16.025,14.91,15.16,17178,0
MNPR.US,D,20200206,000000,15.92,15.92,15,15.42,2921,0
MNPR.US,D,20200207,000000,15.78,16.1,15.5,15.6,6466,0
MNPR.US,D,20200210,000000,16.04,16.095,11.51,11.58,55006,0
MNPR.US,D,20200211,000000,11.75,13.348,11.61,12.93,15076,0
MNPR.US,D,20200212,000000,14.3,14.3,12.985,13.16,6389,0
MNPR.US,D,20200213,000000,12.6,14.1436,11.76,12.22,16534,0
MNPR.US,D,20200214,000000,12.0022,12.67,12.0022,12.4072,6287,0
MNPR.US,D,20200218,000000,13,13,11.8,12.03,10182,0
MNPR.US,D,20200219,000000,12.53,12.53,10.5,11.1526,67654,0
MNPR.US,D,20200220,000000,11.2333,11.8216,10.86,10.91,16587,0
MNPR.US,D,20200221,000000,11.3,11.3,9.67,9.95,20472,0
MNPR.US,D,20200224,000000,10.37,10.4437,9.824,10.14,14925,0
MNPR.US,D,20200225,000000,10,10,9.06,9.9393,11426,0
MNPR.US,D,20200226,000000,9.8043,9.8043,9.0839,9.66,5911,0
MNPR.US,D,20200227,000000,9.565,9.77,9.2599,9.77,9398,0
MNPR.US,D,20200228,000000,9.91,9.91,9.1001,9.6,6031,0
MNPR.US,D,20200302,000000,10,10,9.175,9.8,8932,0
MNPR.US,D,20200303,000000,9.3,10.2,9.2,10.2,8743,0
MNPR.US,D,20200304,000000,9.7,9.7,8.83,9.22,7656,0
MNPR.US,D,20200305,000000,9.24,9.4536,9.165,9.165,1725,0
MNPR.US,D,20200306,000000,9.3,9.61,9,9.16,8814,0
MNPR.US,D,20200309,000000,8.81,8.9955,8.5,8.5,14463,0
MNPR.US,D,20200310,000000,8.72,9,8.504,8.74,5680,0
MNPR.US,D,20200311,000000,8.84,8.84,8.09,8.09,3230,0
MNPR.US,D,20200312,000000,8.09,8.3935,8,8.19,8883,0
MNPR.US,D,20200313,000000,8.91,8.91,6.33,6.41,27829,0
MNPR.US,D,20200316,000000,6.64,6.64,5.06,5.06,8635,0
MNPR.US,D,20200317,000000,4.94,6.98,4.94,6.98,5114,0
MNPR.US,D,20200318,000000,6.77,8.05,6.77,7.79,5704,0
MNPR.US,D,20200319,000000,7.05,7.05,6.55,7,1722,0
MNPR.US,D,20200320,000000,7,7,6.25,7,5786,0
MNPR.US,D,20200323,000000,7,7.55,6.25,6.389,3266,0
MNPR.US,D,20200324,000000,7.08,7.16,6.4,7.16,4048,0
MNPR.US,D,20200325,000000,7.6443,7.6443,7,7.4,6029,0
MNPR.US,D,20200326,000000,7.7,7.71,7.1556,7.4294,2929,0
MNPR.US,D,20200327,000000,7.72,7.72,6.85,7.215,1592,0
MNPR.US,D,20200330,000000,7.2792,7.45,7.08,7.0907,7282,0
MNPR.US,D,20200331,000000,7.53,7.9134,6.86,7.165,4714,0
MNPR.US,D,20200401,000000,7.1652,7.27,6.92,7.09,4478,0
MNPR.US,D,20200402,000000,7.0869,7.1249,7.0222,7.0222,1605,0
MNPR.US,D,20200403,000000,7.02,7.3422,6.05,6.4,11812,0
MNPR.US,D,20200406,000000,7.01,7.01,6.6,6.6,2427,0
MNPR.US,D,20200407,000000,6.5291,6.8609,6.5291,6.8609,1412,0
MNPR.US,D,20200408,000000,6.72,6.72,6.72,6.72,562,0
MNPR.US,D,20200409,000000,7.0092,7.0092,6.8072,6.8072,3986,0
MNPR.US,D,20200413,000000,7,7.45,7,7.45,8142,0
MNPR.US,D,20200414,000000,8.3231,8.3231,7.77,8.0264,6729,0
MNPR.US,D,20200415,000000,7.95,7.991,7.26,7.26,971,0
MNPR.US,D,20200416,000000,8.05,8.297,7.5,8.05,11833,0
MNPR.US,D,20200417,000000,8.5,8.5,7.65,8.001,7146,0
MNPR.US,D,20200420,000000,8.295,8.6663,7.89,8.12,4284,0
MNPR.US,D,20200421,000000,8.3699,8.3699,7.9,8.1,10610,0
MNPR.US,D,20200422,000000,8.5,8.5,7.5101,7.82,4686,0
MNPR.US,D,20200423,000000,7.908,8,7.2015,7.2015,5647,0
MNPR.US,D,20200424,000000,7.507,7.7941,7.4301,7.7941,2829,0
MNPR.US,D,20200427,000000,7.01,7.5353,7.01,7.15,3499,0
MNPR.US,D,20200428,000000,7.2153,7.4083,7.2153,7.25,2629,0
MNPR.US,D,20200429,000000,7.25,7.5813,7.1579,7.3848,2706,0
MNPR.US,D,20200430,000000,7.555,7.6861,7.01,7.36,2483,0
MNPR.US,D,20200501,000000,7.3361,7.3361,6.79,7.15,8270,0
MNPR.US,D,20200504,000000,7.55,7.55,7.0815,7.4,3821,0
MNPR.US,D,20200505,000000,7.2069,7.37,7.1,7.37,3306,0
MNPR.US,D,20200506,000000,7.52,7.52,7.2034,7.52,5702,0
MNPR.US,D,20200507,000000,7.5502,8,7.55,7.6,5969,0
MNPR.US,D,20200508,000000,7.681,7.8673,7.6,7.79,3136,0
MNPR.US,D,20200511,000000,7.692,8.2081,7.692,8.06,5892,0
MNPR.US,D,20200512,000000,8.01,8.4015,7.87,8.02,6030,0
MNPR.US,D,20200513,000000,8.285,8.285,7.61,7.9,7437,0
MNPR.US,D,20200514,000000,7.92,7.92,7.66,7.898,3857,0
MNPR.US,D,20200515,000000,7.62,7.66,7.6,7.66,1754,0
MNPR.US,D,20200518,000000,7.76,8.145,7.76,7.86,6587,0
MNPR.US,D,20200520,000000,7.65,8.19,7.65,7.9296,7021,0
MNPR.US,D,20200521,000000,8,8.4499,7.67,7.69,2678,0
MNPR.US,D,20200522,000000,7.9999,7.9999,7.61,7.61,987,0
MNPR.US,D,20200526,000000,8.38,8.38,7.62,7.71,5925,0
MNPR.US,D,20200527,000000,7.98,8.2,7.8,7.83,3685,0
MNPR.US,D,20200528,000000,7.9814,7.9814,7.795,7.8969,2725,0
MNPR.US,D,20200529,000000,8,8.2,7.7,7.7,5374,0
MNPR.US,D,20200601,000000,7.96,7.96,7.71,7.73,2400,0
MNPR.US,D,20200602,000000,7.7612,7.8878,7.7612,7.8691,2917,0
MNPR.US,D,20200603,000000,7.99,8.1,7.9456,8,3485,0
MNPR.US,D,20200604,000000,8.195,8.28,7.8,7.85,3662,0
MNPR.US,D,20200605,000000,7.96,8.2072,7.6,7.6,7918,0
MNPR.US,D,20200608,000000,7.94,8.59,7.61,8.45,33977,0
MNPR.US,D,20200609,000000,8.43,8.75,8.239,8.75,12894,0
MNPR.US,D,20200610,000000,8.52,8.52,7.71,7.74,13637,0
MNPR.US,D,20200611,000000,7.8199,7.86,6.6,7.3,18688,0
MNPR.US,D,20200612,000000,8.27,8.27,7.65,7.98,28133,0
MNPR.US,D,20200615,000000,7.805,8.25,7.805,8.225,7192,0
MNPR.US,D,20200616,000000,10.96,12.68,8.5,9.5,181635,0
MNPR.US,D,20200617,000000,9.89,9.89,8.13,8.47,33052,0
MNPR.US,D,20200618,000000,8.89,9.3175,8.5,8.64,11864,0
MNPR.US,D,20200619,000000,8.65,9.21,8.21,8.21,51603,0
MNPR.US,D,20200622,000000,8.21,8.6447,8.21,8.23,11620,0
MNPR.US,D,20200623,000000,8.39,8.39,8,8.0018,10025,0
MNPR.US,D,20200624,000000,8.35,8.35,7.8021,7.9,13643,0
MNPR.US,D,20200625,000000,7.81,8.13,7.65,8.13,9772,0
MNPR.US,D,20200626,000000,8.05,8.05,6.47,6.47,16567,0
MNPR.US,D,20200629,000000,7.78,7.78,6.83,6.9,25201,0
MNPR.US,D,20200630,000000,8.26,8.26,7,7.46,73353,0
MNPR.US,D,20200701,000000,7.83,7.83,7.1,7.11,13630,0
MNPR.US,D,20200702,000000,7.47,7.6899,7.1201,7.18,4015,0
MNPR.US,D,20200706,000000,7.5,8.15,7.3,8.15,24763,0
MNPR.US,D,20200707,000000,8.16,8.2,7.34,7.6609,3680,0
MNPR.US,D,20200708,000000,8,8.1,7.67,8,4845,0
MNPR.US,D,20200709,000000,7.55,8,7.47,7.68,2716,0
MNPR.US,D,20200710,000000,7.88,8.05,7.8796,8.05,3114,0
MNPR.US,D,20200713,000000,8.1,8.1,7.7966,7.925,3946,0
MNPR.US,D,20200714,000000,7.99,7.99,7.5,7.94,1605,0
MNPR.US,D,20200715,000000,7.95,7.95,7.5001,7.59,9185,0
MNPR.US,D,20200716,000000,7.55,7.95,7.5,7.8,7457,0
MNPR.US,D,20200717,000000,7.97,7.97,7.53,7.85,5003,0
MNPR.US,D,20200720,000000,7.26,7.85,7.26,7.85,3917,0
MNPR.US,D,20200721,000000,7.79,7.85,7.67,7.78,2286,0
MNPR.US,D,20200722,000000,7.61,7.78,7.61,7.68,1124,0
MNPR.US,D,20200723,000000,7.78,7.78,7.5138,7.5138,7310,0
MNPR.US,D,20200724,000000,7.78,7.78,7.58,7.7,2277,0
MNPR.US,D,20200727,000000,7.5807,7.765,7.5807,7.6281,1702,0
MNPR.US,D,20200728,000000,7.51,7.7,7.47,7.7,2836,0
MNPR.US,D,20200729,000000,7.7,7.7,7.41,7.52,2414,0
MNPR.US,D,20200730,000000,7.4769,7.6999,7.26,7.65,6806,0
MNPR.US,D,20200731,000000,7.4631,7.5,7.2886,7.34,4156,0
MNPR.US,D,20200803,000000,7.2601,7.4763,6.64,7.15,8995,0
MNPR.US,D,20200804,000000,6.89,7.295,6.89,7.2305,2276,0
MNPR.US,D,20200805,000000,7.57,7.57,7.35,7.37,3253,0
MNPR.US,D,20200806,000000,7.3808,7.4071,7.055,7.2,6813,0
MNPR.US,D,20200807,000000,7.1,7.1,7,7,3573,0
MNPR.US,D,20200810,000000,8.22,9.48,7.24,7.67,112781,0
MNPR.US,D,20200811,000000,7.57,7.65,7.25,7.3928,16724,0
MNPR.US,D,20200812,000000,13.64,14.4,6.9,6.99,6523014,0
MNPR.US,D,20200813,000000,6.56,6.6826,5.765,6.05,277874,0
MNPR.US,D,20200814,000000,5.96,6.1,5.55,5.84,138767,0
MNPR.US,D,20200817,000000,5.79,5.94,5.62,5.65,86335,0
MNPR.US,D,20200818,000000,5.6,5.8,5.45,5.58,49731,0
MNPR.US,D,20200819,000000,6.36,6.66,5.6,6.17,2535141,0
MNPR.US,D,20200820,000000,6.17,6.17,5.65,5.92,108284,0
MNPR.US,D,20200821,000000,5.85,5.92,5.6,5.69,61295,0
MNPR.US,D,20200824,000000,5.6,5.73,5.4,5.52,54387,0
MNPR.US,D,20200825,000000,5.78,5.87,5.51,5.87,60042,0
MNPR.US,D,20200826,000000,5.78,6,5.67,5.77,13990,0
MNPR.US,D,20200827,000000,5.72,5.95,5.5,5.75,36989,0
MNPR.US,D,20200828,000000,5.7,5.77,5.6001,5.74,31127,0
MNPR.US,D,20200831,000000,5.71,5.8,5.58,5.65,35394,0
MNPR.US,D,20200901,000000,5.65,5.65,5.4,5.52,49155,0
MNPR.US,D,20200902,000000,5.52,5.63,5.16,5.3,44877,0
MNPR.US,D,20200903,000000,5.3,5.395,4.77,4.98,70361,0
MNPR.US,D,20200904,000000,5,5.25,4.85,5.24,49205,0
MNPR.US,D,20200908,000000,5.21,5.572,5.069,5.52,42280,0
MNPR.US,D,20200909,000000,5.41,5.59,5.33,5.49,53213,0
MNPR.US,D,20200910,000000,5.46,5.57,5.42,5.45,27875,0
MNPR.US,D,20200911,000000,5.4,5.59,5.33,5.47,12089,0
MNPR.US,D,20200914,000000,5.47,5.64,5.3846,5.46,41311,0
MNPR.US,D,20200915,000000,5.55,5.68,5.3201,5.58,8232,0
MNPR.US,D,20200916,000000,5.58,5.66,5.56,5.56,16130,0
MNPR.US,D,20200917,000000,5.56,5.575,5.38,5.38,7518,0
MNPR.US,D,20200918,000000,5.38,5.49,5.24,5.24,18444,0
MNPR.US,D,20200921,000000,5.5556,5.83,5.3,5.3,23134,0
MNPR.US,D,20200922,000000,5.3615,5.385,5.15,5.15,17848,0
MNPR.US,D,20200923,000000,5.18,5.47,4.9001,4.975,27587,0
MNPR.US,D,20200924,000000,5.49,5.49,4.9,5.01,29160,0
MNPR.US,D,20200925,000000,4.95,5.34,4.934,5.1842,22817,0
MNPR.US,D,20200928,000000,5.12,5.25,4.93,4.93,9499,0
MNPR.US,D,20200929,000000,4.83,5.02,4.83,4.99,8354,0
MNPR.US,D,20200930,000000,4.94,5.4898,4.85,5.3526,131919,0
MNPR.US,D,20201001,000000,5.47,5.47,5.06,5.08,14465,0
MNPR.US,D,20201002,000000,5,5.1251,4.85,5,39617,0
MNPR.US,D,20201005,000000,5.0698,5.105,4.9,4.9,13529,0
MNPR.US,D,20201006,000000,4.995,5.05,4.9476,4.96,8874,0
MNPR.US,D,20201007,000000,4.98,5.12,4.98,5.06,8680,0
MNPR.US,D,20201008,000000,5.1631,5.2,5.031,5.2,3410,0
MNPR.US,D,20201009,000000,5.21,5.25,5.03,5.25,13562,0
MNPR.US,D,20201012,000000,5.3,5.3,5,5.04,16191,0
MNPR.US,D,20201013,000000,5.03,5.12,4.92,5.05,6175,0
MNPR.US,D,20201014,000000,5,5.06,4.985,5.01,9135,0
MNPR.US,D,20201015,000000,5.0223,5.0699,4.9,4.91,8918,0
MNPR.US,D,20201016,000000,4.9,4.96,4.9,4.96,1685,0
MNPR.US,D,20201019,000000,5.01,5.0393,4.8601,4.8601,5852,0
MNPR.US,D,20201020,000000,4.9101,5.04,4.91,5.001,2252,0
MNPR.US,D,20201021,000000,4.95,4.95,4.86,4.9,5520,0
MNPR.US,D,20201022,000000,4.8101,4.8501,4.8101,4.85,1384,0
MNPR.US,D,20201023,000000,4.8273,4.945,4.8,4.8,12780,0
MNPR.US,D,20201026,000000,4.8001,5.1,4.8,5,39210,0
MNPR.US,D,20201027,000000,4.9216,4.98,4.92,4.92,3083,0
MNPR.US,D,20201028,000000,4.9202,4.95,4.7942,4.85,6226,0
MNPR.US,D,20201029,000000,4.8641,4.92,4.85,4.85,4789,0
MNPR.US,D,20201030,000000,4.81,4.81,4.33,4.44,45646,0
MNPR.US,D,20201102,000000,4.4546,4.6398,4.31,4.44,25699,0
MNPR.US,D,20201103,000000,4.6,4.6,4.31,4.43,7806,0
MNPR.US,D,20201104,000000,4.41,4.5434,4.4,4.4,4537,0
MNPR.US,D,20201105,000000,4.44,4.5937,4.3392,4.4,20926,0
MNPR.US,D,20201106,000000,4.424,4.5299,4.34,4.3899,10310,0
MNPR.US,D,20201109,000000,4.32,4.43,4.28,4.3734,13592,0
MNPR.US,D,20201110,000000,4.38,4.4,4.281,4.36,10566,0
MNPR.US,D,20201111,000000,4.382,4.7999,4.382,4.68,22769,0
MNPR.US,D,20201112,000000,4.68,5.15,4.68,4.9,61766,0
MNPR.US,D,20201113,000000,5.05,5.05,4.76,4.76,46561,0
MNPR.US,D,20201116,000000,4.9,5.1,4.85,4.96,17212,0
MNPR.US,D,20201117,000000,4.88,5.04,4.88,5.02,12229,0
MNPR.US,D,20201118,000000,4.93,5.26,4.93,5.17,21327,0
MNPR.US,D,20201119,000000,5.065,5.18,5.02,5.145,11119,0
MNPR.US,D,20201120,000000,5.18,5.1976,4.99,5.1,8849,0
MNPR.US,D,20201123,000000,5.07,5.24,4.86,4.9,16252,0
MNPR.US,D,20201124,000000,4.8201,4.98,4.82,4.8699,8910,0
MNPR.US,D,20201125,000000,4.9308,4.96,4.81,4.9,6265,0
MNPR.US,D,20201127,000000,4.86,4.98,4.8322,4.98,18576,0
MNPR.US,D,20201130,000000,5.0293,5.0293,4.69,4.88,25290,0
MNPR.US,D,20201201,000000,4.86,4.978,4.79,4.8,6939,0
MNPR.US,D,20201202,000000,4.73,4.82,4.71,4.71,10391,0
MNPR.US,D,20201203,000000,4.9,4.9,4.74,4.845,5324,0
MNPR.US,D,20201204,000000,4.85,4.86,4.57,4.84,17676,0
MNPR.US,D,20201207,000000,4.84,4.85,4.65,4.805,8212,0
MNPR.US,D,20201208,000000,4.61,5.2,4.6,5.162,77107,0
MNPR.US,D,20201209,000000,5.49,5.79,5.2,5.66,102406,0
MNPR.US,D,20201210,000000,5.84,6.4,5.53,6.1201,100578,0
MNPR.US,D,20201211,000000,6.45,6.45,5.76,5.98,43958,0
MNPR.US,D,20201214,000000,6.09,6.2,5.16,5.39,71526,0
MNPR.US,D,20201215,000000,5.2,5.65,5.2,5.46,27648,0
MNPR.US,D,20201216,000000,5.5,5.84,5.3,5.76,56235,0
MNPR.US,D,20201217,000000,5.74,5.89,5.6729,5.73,13143,0
MNPR.US,D,20201218,000000,5.76,5.95,5.72,5.72,30973,0
MNPR.US,D,20201221,000000,5.64,5.8299,5.64,5.64,9191,0
MNPR.US,D,20201222,000000,5.64,6.5,5.64,6.01,163294,0
MNPR.US,D,20201223,000000,6.19,6.95,6.1,6.91,228639,0
MNPR.US,D,20201224,000000,7.49,8,7,7.49,252758,0
MNPR.US,D,20201228,000000,7.6,7.8937,6.25,6.4,128071,0
MNPR.US,D,20201229,000000,6.53,7.2,6.4,6.47,48866,0
MNPR.US,D,20201230,000000,6.47,6.68,6.2501,6.42,38402,0
MNPR.US,D,20201231,000000,6.5,6.6899,6.04,6.12,23210,0
MNPR.US,D,20210104,000000,6.15,6.54,6.01,6.36,40640,0
MNPR.US,D,20210105,000000,6.84,6.86,6.2,6.3,51685,0
MNPR.US,D,20210106,000000,6.28,6.45,6.1776,6.2,13751,0
MNPR.US,D,20210107,000000,6.2,6.31,6.07,6.29,23325,0
MNPR.US,D,20210108,000000,6.34,6.36,6.1482,6.27,21945,0
MNPR.US,D,20210111,000000,6.3,6.57,6.12,6.52,28985,0
MNPR.US,D,20210112,000000,6.57,6.57,6.2701,6.2701,21259,0
MNPR.US,D,20210113,000000,6.29,6.48,6.28,6.41,13786,0
MNPR.US,D,20210114,000000,6.43,7.37,6.43,7.01,85829,0
MNPR.US,D,20210115,000000,7.01,7.01,6.46,6.56,23408,0
MNPR.US,D,20210119,000000,6.56,6.6096,6.32,6.52,17508,0
MNPR.US,D,20210120,000000,6.5,7.18,6.41,6.95,87717,0
MNPR.US,D,20210121,000000,6.95,6.952,6.6475,6.92,16070,0
MNPR.US,D,20210122,000000,6.78,7.0001,6.768,6.9971,28545,0
MNPR.US,D,20210125,000000,7.14,7.14,6.6249,7.1,32859,0
MNPR.US,D,20210126,000000,6.51,7.036,6.51,6.81,40482,0
MNPR.US,D,20210127,000000,6.5101,6.7228,6.51,6.6,38417,0
MNPR.US,D,20210128,000000,11.05,11.6,8.31,8.51,1976776,0
MNPR.US,D,20210129,000000,9.2,9.2,7.86,8.45,355845,0
MNPR.US,D,20210201,000000,8.53,8.56,7.1469,7.95,132990,0
MNPR.US,D,20210202,000000,7.83,7.95,7.6,7.7,60190,0
MNPR.US,D,20210203,000000,7.58,8.2399,7.58,8.08,142537,0
MNPR.US,D,20210204,000000,8.01,8.1618,7.8,8,74440,0
MNPR.US,D,20210205,000000,7.89,8.2,7.89,7.9,92455,0
MNPR.US,D,20210208,000000,7.9,8.44,7.89,8.38,218590,0
MNPR.US,D,20210209,000000,9.05,9.05,8.45,8.7,161598,0
MNPR.US,D,20210210,000000,8.67,8.7999,8.0001,8.4,80263,0
MNPR.US,D,20210211,000000,15.95,17.01,9.6,10.6,8332852,0
MNPR.US,D,20210212,000000,9.72,10.18,9,10.18,353071,0
MNPR.US,D,20210216,000000,10.11,10.55,9.5,9.67,203041,0
MNPR.US,D,20210217,000000,9.77,9.99,8.97,9.27,133686,0
MNPR.US,D,20210218,000000,9,9,8.2501,8.4,179322,0
MNPR.US,D,20210219,000000,8.51,8.75,8.31,8.5,150099,0
MNPR.US,D,20210222,000000,8.72,8.8999,8.14,8.14,129944,0
MNPR.US,D,20210223,000000,7.81,7.81,6.58,7.35,193258,0
MNPR.US,D,20210224,000000,7.79,7.94,7.5101,7.74,75355,0
MNPR.US,D,20210225,000000,7.8,8.02,7.27,7.39,53586,0
MNPR.US,D,20210226,000000,7.26,7.49,7.1,7.3,58373,0
MNPR.US,D,20210301,000000,7.3,7.65,7.1,7.16,48808,0
MNPR.US,D,20210302,000000,7.27,7.52,6.86,6.95,40286,0
MNPR.US,D,20210303,000000,6.95,7.15,6.7,6.74,49047,0
MNPR.US,D,20210304,000000,6.74,6.8499,6.0301,6.33,70317,0
MNPR.US,D,20210305,000000,6.43,6.496,5.65,6.23,105618,0
MNPR.US,D,20210308,000000,6.21,6.6599,6.0554,6.51,53322,0
MNPR.US,D,20210309,000000,6.36,6.83,6.36,6.82,59321,0
MNPR.US,D,20210310,000000,6.78,6.89,6.67,6.82,23475,0
MNPR.US,D,20210311,000000,6.79,7.25,6.79,7.04,34281,0
MNPR.US,D,20210312,000000,7.02,7.66,6.91,7.6,72284,0
MNPR.US,D,20210315,000000,7.75,8.15,7.7,8.15,91966,0
MNPR.US,D,20210316,000000,8.11,8.11,7.35,7.41,27882,0
MNPR.US,D,20210317,000000,7.52,7.57,7.13,7.3,29449,0
MNPR.US,D,20210318,000000,7.4,7.58,7,7.01,30800,0
MNPR.US,D,20210319,000000,7.01,7.4778,7.01,7.05,42092,0
MNPR.US,D,20210322,000000,7.16,7.44,6.76,6.76,32191,0
MNPR.US,D,20210323,000000,6.87,7.4025,6.71,6.71,34685,0
MNPR.US,D,20210324,000000,6.71,7.06,6.61,6.72,36700,0
MNPR.US,D,20210325,000000,6.55,6.78,5.98,6.29,86124,0
MNPR.US,D,20210326,000000,6.27,6.52,6.27,6.375,38136,0
MNPR.US,D,20210329,000000,6.38,6.49,5.7,5.76,44258,0
MNPR.US,D,20210330,000000,6.99,8.33,6.12,6.7,3255481,0
MNPR.US,D,20210331,000000,6.35,6.5118,6.12,6.2,143237,0
MNPR.US,D,20210401,000000,6.26,6.42,6.15,6.22,51298,0
MNPR.US,D,20210405,000000,6.29,6.41,6.03,6.11,65674,0
MNPR.US,D,20210406,000000,6.08,6.21,6.03,6.18,25643,0
MNPR.US,D,20210407,000000,6.21,6.21,5.76,5.84,62769,0
MNPR.US,D,20210408,000000,5.8,6.01,5.73,5.73,57424,0
MNPR.US,D,20210409,000000,5.72,5.84,5.58,5.61,21442,0
MNPR.US,D,20210412,000000,5.65,5.65,5.085,5.15,67523,0
MNPR.US,D,20210413,000000,5.13,5.5,5.13,5.31,26280,0
MNPR.US,D,20210414,000000,5.2,5.5666,5.19,5.32,23646,0
MNPR.US,D,20210415,000000,5.46,5.54,5.15,5.15,41310,0
MNPR.US,D,20210416,000000,5.24,5.4,5.02,5.31,35898,0
MNPR.US,D,20210419,000000,5.3,5.73,5.1195,5.73,25230,0
MNPR.US,D,20210420,000000,5.74,5.74,5.1,5.12,54132,0
MNPR.US,D,20210421,000000,5.14,5.4062,5.14,5.22,43128,0
MNPR.US,D,20210422,000000,5.38,5.7,5.2793,5.61,32003,0
MNPR.US,D,20210423,000000,5.77,5.93,5.6238,5.86,24009,0
MNPR.US,D,20210426,000000,5.93,6.18,5.72,6.18,38826,0
MNPR.US,D,20210427,000000,6.18,6.18,5.81,5.96,49368,0
MNPR.US,D,20210428,000000,6.05,6.22,5.92,6.2,84538,0
MNPR.US,D,20210429,000000,6.19,6.19,5.62,5.94,23569,0
MNPR.US,D,20210430,000000,5.92,6.1769,5.78,6.01,17847,0
MNPR.US,D,20210503,000000,6.01,6.01,5.71,5.8,10949,0
MNPR.US,D,20210504,000000,5.8,5.81,5.33,5.7,45082,0
MNPR.US,D,20210505,000000,5.76,5.76,5.4,5.44,14224,0
MNPR.US,D,20210506,000000,5.45,5.46,5.0001,5.19,30082,0
MNPR.US,D,20210507,000000,5.13,5.41,5.13,5.28,7572,0
MNPR.US,D,20210510,000000,5.28,5.45,5.1,5.35,19179,0
MNPR.US,D,20210511,000000,5.01,5.2353,5.01,5.1,20374,0
MNPR.US,D,20210512,000000,5.1345,5.2847,5.11,5.16,13520,0
MNPR.US,D,20210513,000000,5.24,5.26,4.95,5.05,19947,0
MNPR.US,D,20210514,000000,5.04,5.25,5.02,5.11,14091,0
MNPR.US,D,20210517,000000,5.15,5.49,5.15,5.49,24870,0
MNPR.US,D,20210518,000000,5.5,5.6,5.3006,5.52,10408,0
MNPR.US,D,20210519,000000,5.41,5.49,5.3789,5.4,5638,0
MNPR.US,D,20210520,000000,5.567,5.6,5.37,5.49,10756,0
MNPR.US,D,20210521,000000,5.5,5.7628,5.49,5.7,35005,0
MNPR.US,D,20210524,000000,6.05,6.2,5.57,5.68,64370,0
MNPR.US,D,20210525,000000,5.51,5.66,5.19,5.25,25572,0
MNPR.US,D,20210526,000000,5.13,5.8772,5.13,5.76,36995,0
MNPR.US,D,20210527,000000,5.85,5.85,5.51,5.77,8681,0
MNPR.US,D,20210528,000000,5.9,5.9,5.62,5.71,14686,0
MNPR.US,D,20210601,000000,5.83,5.8373,5.5301,5.76,30483,0
MNPR.US,D,20210602,000000,5.84,6.2,5.84,6.13,63914,0
MNPR.US,D,20210603,000000,6.15,6.2,5.8,5.92,29184,0
MNPR.US,D,20210604,000000,5.88,6.19,5.83,5.9,37977,0
MNPR.US,D,20210607,000000,5.84,5.93,5.59,5.7,19786,0
MNPR.US,D,20210608,000000,5.71,5.8475,5.6602,5.81,25316,0
MNPR.US,D,20210609,000000,5.88,5.88,5.6,5.75,32096,0
MNPR.US,D,20210610,000000,5.71,5.98,5.63,5.92,39686,0
MNPR.US,D,20210611,000000,5.87,6.5,5.84,6.3,161225,0
MNPR.US,D,20210614,000000,6.24,6.27,6,6.03,20997,0
MNPR.US,D,20210615,000000,5.98,6.15,5.7301,5.99,28207,0
MNPR.US,D,20210616,000000,5.91,6.04,5.75,6.01,46596,0
MNPR.US,D,20210617,000000,5.89,6.11,5.85,6.05,32313,0
MNPR.US,D,20210618,000000,6.02,6.05,5.81,5.81,49504,0
MNPR.US,D,20210621,000000,5.8829,6,5.76,5.98,27889,0
MNPR.US,D,20210622,000000,5.9,5.94,5.755,5.9,22036,0
MNPR.US,D,20210623,000000,5.98,6.01,5.85,6.01,21720,0
MNPR.US,D,20210624,000000,6.31,6.65,6.2,6.49,141241,0
MNPR.US,D,20210625,000000,6.5,6.675,5.96,6.36,66629,0
MNPR.US,D,20210628,000000,6.3,6.3,6.0538,6.23,24395,0
MNPR.US,D,20210629,000000,6.0631,6.248,6.01,6.06,20562,0
MNPR.US,D,20210630,000000,6.0286,6.17,5.82,5.89,16414,0
MNPR.US,D,20210701,000000,5.91,5.99,5.7112,5.85,18315,0
MNPR.US,D,20210702,000000,5.84,5.84,5.71,5.7101,9262,0
MNPR.US,D,20210706,000000,5.75,6,5.75,5.89,23843,0
MNPR.US,D,20210707,000000,5.874,5.8883,5.75,5.7512,9147,0
MNPR.US,D,20210708,000000,5.68,5.78,5.55,5.64,10591,0
MNPR.US,D,20210709,000000,5.71,5.7748,5.71,5.72,6145,0
MNPR.US,D,20210712,000000,5.72,5.73,5.57,5.5873,5067,0
MNPR.US,D,20210713,000000,5.56,5.69,5.56,5.61,2958,0
MNPR.US,D,20210714,000000,5.55,5.59,5.1,5.1,60635,0
MNPR.US,D,20210715,000000,5.01,5.1845,5,5,15354,0
MNPR.US,D,20210716,000000,5.01,5.4399,5.01,5.1,9892,0
MNPR.US,D,20210719,000000,5.05,5.3499,5.01,5.18,4826,0
MNPR.US,D,20210720,000000,5.17,5.45,5.17,5.29,6005,0
MNPR.US,D,20210721,000000,5.42,5.63,5.42,5.47,6513,0
MNPR.US,D,20210722,000000,5.63,5.64,5.47,5.52,5703,0
MNPR.US,D,20210723,000000,5.6201,5.64,5.5,5.55,10259,0
MNPR.US,D,20210726,000000,5.51,5.64,5.44,5.44,2258,0
MNPR.US,D,20210727,000000,5.42,5.43,5.16,5.215,11144,0
MNPR.US,D,20210728,000000,5.27,5.46,5.245,5.3,7730,0
MNPR.US,D,20210729,000000,5.28,5.4186,5.1,5.1,10688,0
MNPR.US,D,20210730,000000,5.14,5.56,5.1,5.31,13466,0
MNPR.US,D,20210802,000000,5.36,5.36,5.25,5.32,5172,0
MNPR.US,D,20210803,000000,5.55,5.88,5.08,5.58,506502,0
MNPR.US,D,20210804,000000,5.45,5.5433,5,5.1,42398,0
MNPR.US,D,20210805,000000,5.3,5.32,4.95,5.21,92115,0
MNPR.US,D,20210806,000000,5.2,5.35,5.0601,5.13,11152,0
MNPR.US,D,20210809,000000,5.15,5.18,4.9201,5.12,12725,0
MNPR.US,D,20210810,000000,5.1,5.13,4.99,4.99,9299,0
MNPR.US,D,20210811,000000,4.99,5.0212,4.88,4.89,9573,0
MNPR.US,D,20210812,000000,4.9,5.01,4.85,4.95,20616,0
MNPR.US,D,20210813,000000,4.9001,4.9675,4.76,4.76,68255,0
MNPR.US,D,20210816,000000,4.7597,4.85,4.5,4.5001,34975,0
MNPR.US,D,20210817,000000,4.54,5.18,4.54,5.07,69160,0
MNPR.US,D,20210818,000000,5.03,5.03,4.82,4.86,7238,0
MNPR.US,D,20210819,000000,4.9,4.9,4.5501,4.73,15475,0
MNPR.US,D,20210820,000000,4.5501,4.96,4.5501,4.6899,16470,0
MNPR.US,D,20210823,000000,4.66,5,4.6401,4.93,6262,0
MNPR.US,D,20210824,000000,4.85,5.06,4.81,4.9,14788,0
MNPR.US,D,20210825,000000,4.83,4.95,4.83,4.9,10497,0
MNPR.US,D,20210826,000000,4.94,4.95,4.76,4.89,20707,0
MNPR.US,D,20210827,000000,4.95,5.15,4.92,4.97,10259,0
MNPR.US,D,20210830,000000,4.95,5.07,4.84,4.9,8949,0
MNPR.US,D,20210831,000000,4.95,5.2,4.9089,5.17,17183,0
MNPR.US,D,20210901,000000,5.1913,5.23,5.04,5.18,8725,0
MNPR.US,D,20210902,000000,5.11,5.2,5.02,5.08,3755,0
MNPR.US,D,20210903,000000,5.02,5.19,4.9009,4.99,9045,0
MNPR.US,D,20210907,000000,5,5,4.7,4.76,18891,0
MNPR.US,D,20210908,000000,4.86,5.55,4.6801,5.4601,170928,0
MNPR.US,D,20210909,000000,5.43,6.98,5.3701,6,2360091,0
MNPR.US,D,20210910,000000,5.7,5.8,5.15,5.56,260954,0
MNPR.US,D,20210913,000000,5.69,5.82,4.79,5.14,333478,0
MNPR.US,D,20210914,000000,5.09,5.1126,4.65,4.68,72523,0
MNPR.US,D,20210915,000000,4.68,5.08,4.65,4.94,56058,0
MNPR.US,D,20210916,000000,4.9535,5.08,4.7899,5.03,30759,0
MNPR.US,D,20210917,000000,5.02,5.3994,4.8126,5.27,45187,0
MNPR.US,D,20210920,000000,5.03,5.1,4.85,5.06,39125,0
MNPR.US,D,20210921,000000,5.06,5.15,4.911,5.15,36988,0
MNPR.US,D,20210922,000000,5.16,5.189,5,5.12,17905,0
MNPR.US,D,20210923,000000,5.15,5.15,5,5.1,5044,0
MNPR.US,D,20210924,000000,5.06,5.14,5.0101,5.12,12768,0
MNPR.US,D,20210927,000000,5.13,5.13,5,5.03,6220,0
MNPR.US,D,20210928,000000,5.01,5.045,4.9,4.91,20881,0
MNPR.US,D,20210929,000000,4.93,4.94,4.78,4.84,11966,0
MNPR.US,D,20210930,000000,4.83,4.955,4.6,4.87,37715,0
MNPR.US,D,20211001,000000,4.88,4.88,4.57,4.6,67461,0
MNPR.US,D,20211004,000000,4.61,4.66,4.54,4.6,29305,0
MNPR.US,D,20211005,000000,4.67,4.7,4.53,4.67,9598,0
MNPR.US,D,20211006,000000,4.68,4.68,4.55,4.55,2680,0
MNPR.US,D,20211007,000000,4.57,4.65,4.52,4.62,14988,0
MNPR.US,D,20211008,000000,4.73,4.75,4.53,4.59,10822,0
MNPR.US,D,20211011,000000,4.66,4.7,4.63,4.66,11692,0
MNPR.US,D,20211012,000000,4.66,4.75,4.66,4.68,6422,0
MNPR.US,D,20211013,000000,4.68,4.94,4.62,4.71,22203,0
MNPR.US,D,20211014,000000,4.83,5.07,4.83,5.07,23688,0
MNPR.US,D,20211015,000000,5.12,5.12,4.8,4.91,2945,0
MNPR.US,D,20211018,000000,4.8093,4.9499,4.8093,4.9499,1698,0
MNPR.US,D,20211019,000000,4.98,4.9865,4.79,4.9865,5675,0
MNPR.US,D,20211020,000000,5,5,4.55,4.97,63451,0
MNPR.US,D,20211021,000000,4.91,4.97,4.7201,4.8,5029,0
MNPR.US,D,20211022,000000,4.6157,4.9399,4.57,4.58,8600,0
MNPR.US,D,20211025,000000,4.79,4.8,4.5886,4.59,7303,0
MNPR.US,D,20211026,000000,4.59,4.71,4.54,4.615,6850,0
MNPR.US,D,20211027,000000,4.84,5.21,4.84,5,132807,0
MNPR.US,D,20211028,000000,5.06,5.08,4.8,4.85,10502,0
MNPR.US,D,20211029,000000,4.88,5.1,4.75,4.8,11309,0
MNPR.US,D,20211101,000000,5.49,5.74,4.61,4.76,333382,0
MNPR.US,D,20211102,000000,4.71,4.86,4.71,4.86,9470,0
MNPR.US,D,20211103,000000,4.84,5.33,4.8399,5.24,102578,0
MNPR.US,D,20211104,000000,5.15,5.3,4.91,5.17,16055,0
MNPR.US,D,20211105,000000,5.02,5.1184,5.01,5.07,1866,0
MNPR.US,D,20211108,000000,5.24,5.24,5.02,5.06,8176,0
MNPR.US,D,20211109,000000,5.05,5.2,4.86,4.96,11769,0
MNPR.US,D,20211110,000000,5,5,4.75,4.75,8738,0
MNPR.US,D,20211111,000000,4.83,5.2044,4.75,5.01,47985,0
MNPR.US,D,20211112,000000,4.85,5,4.7,5,22988,0
MNPR.US,D,20211115,000000,4.84,5.1199,4.84,4.86,10573,0
MNPR.US,D,20211116,000000,4.8101,5.085,4.76,4.85,7808,0
MNPR.US,D,20211117,000000,5.0753,5.0753,4.75,4.75,15573,0
MNPR.US,D,20211118,000000,4.76,5.0114,4.65,4.86,12992,0
MNPR.US,D,20211119,000000,4.78,4.89,4.6583,4.71,6858,0
MNPR.US,D,20211122,000000,4.74,4.74,4.57,4.62,25097,0
MNPR.US,D,20211123,000000,4.6,4.67,4.51,4.51,6380,0
MNPR.US,D,20211124,000000,4.5,4.95,4.44,4.71,11313,0
MNPR.US,D,20211126,000000,4.61,4.94,4.47,4.85,43309,0
MNPR.US,D,20211129,000000,4.88,4.88,4.53,4.55,23644,0
MNPR.US,D,20211130,000000,4.62,4.85,4.38,4.4015,65610,0
MNPR.US,D,20211201,000000,4.42,4.545,4.2,4.38,11609,0
MNPR.US,D,20211202,000000,4.33,4.46,3.92,4.04,34138,0
MNPR.US,D,20211203,000000,3.91,3.95,3.75,3.8,16123,0
MNPR.US,D,20211206,000000,4,4.0349,3.7,3.79,14335,0
MNPR.US,D,20211207,000000,3.955,4,3.75,3.815,18270,0
MNPR.US,D,20211208,000000,3.82,4.03,3.81,3.99,12347,0
MNPR.US,D,20211209,000000,3.99,4.06,3.95,3.99,12619,0
MNPR.US,D,20211210,000000,4,4.1,3.96,4.05,25821,0
MNPR.US,D,20211213,000000,4.0897,4.2599,4.01,4.01,5041,0
MNPR.US,D,20211214,000000,4.16,4.16,3.7988,4,13395,0
MNPR.US,D,20211215,000000,4,4,3.72,3.85,12283,0
MNPR.US,D,20211216,000000,3.96,3.99,3.78,3.86,10769,0
MNPR.US,D,20211217,000000,3.9,3.915,3.826,3.91,3943,0
MNPR.US,D,20211220,000000,3.91,3.94,3.78,3.94,5376,0
MNPR.US,D,20211221,000000,3.95,4.03,3.91,3.94,11118,0
MNPR.US,D,20211222,000000,3.96,3.96,3.42,3.44,34251,0
MNPR.US,D,20211223,000000,3.51,3.51,3.2,3.34,53508,0
MNPR.US,D,20211227,000000,3.34,3.5,3.14,3.17,63041,0
MNPR.US,D,20211228,000000,3.12,3.3334,3.02,3.3334,66420,0
MNPR.US,D,20211229,000000,3.38,3.5,3.2827,3.39,34937,0
MNPR.US,D,20211230,000000,3.29,3.4,3.11,3.28,37648,0
MNPR.US,D,20211231,000000,3.3699,3.3699,3.17,3.21,35129,0
MNPR.US,D,20220103,000000,3.22,3.4,3.122,3.4,11405,0
MNPR.US,D,20220104,000000,3.4,3.53,3.4,3.52,14181,0
MNPR.US,D,20220105,000000,3.53,3.73,3.39,3.62,23866,0
MNPR.US,D,20220106,000000,3.48,3.54,3.29,3.3,9616,0
MNPR.US,D,20220107,000000,3.33,3.71,3.32,3.52,115276,0
MNPR.US,D,20220110,000000,3.49,3.6051,3.28,3.34,12384,0
MNPR.US,D,20220111,000000,3.34,3.4299,3.15,3.16,10738,0
MNPR.US,D,20220112,000000,3.15,3.16,3.0401,3.06,64151,0
MNPR.US,D,20220113,000000,3.03,3.0806,2.76,2.87,41136,0
MNPR.US,D,20220114,000000,2.93,3.065,2.89,2.96,10874,0
MNPR.US,D,20220118,000000,2.97,3,2.97,2.98,12057,0
MNPR.US,D,20220119,000000,2.99,2.99,2.97,2.99,9516,0
MNPR.US,D,20220120,000000,2.97,3,2.91,2.91,10570,0
MNPR.US,D,20220121,000000,2.73,2.8177,2.73,2.81,5424,0
MNPR.US,D,20220124,000000,2.81,2.81,2.36,2.64,28853,0
MNPR.US,D,20220125,000000,2.64,2.8758,2.63,2.8,6059,0
MNPR.US,D,20220126,000000,2.8385,2.88,2.8385,2.85,2250,0
MNPR.US,D,20220127,000000,2.722,2.79,2.64,2.752,2020,0
MNPR.US,D,20220128,000000,2.79,2.8778,2.65,2.8778,5714,0
MNPR.US,D,20220131,000000,2.66,2.95,2.66,2.95,5294,0
MNPR.US,D,20220201,000000,2.89,2.95,2.89,2.93,3586,0
MNPR.US,D,20220202,000000,2.85,2.92,2.66,2.8,11505,0
MNPR.US,D,20220203,000000,2.83,2.83,2.66,2.66,3311,0
MNPR.US,D,20220204,000000,2.7746,2.8,2.7059,2.76,11744,0
MNPR.US,D,20220207,000000,2.67,2.85,2.67,2.82,2168,0
MNPR.US,D,20220208,000000,2.6708,2.7601,2.6708,2.7601,1035,0
MNPR.US,D,20220209,000000,2.77,3.2079,2.77,2.88,33574,0
MNPR.US,D,20220210,000000,2.89,2.935,2.846,2.935,2020,0
MNPR.US,D,20220211,000000,2.95,2.95,2.92,2.95,1146,0
MNPR.US,D,20220214,000000,2.885,2.95,2.76,2.76,3458,0
MNPR.US,D,20220215,000000,2.7478,2.941,2.7478,2.93,3970,0
MNPR.US,D,20220216,000000,2.8799,3.05,2.8799,2.99,7677,0
MNPR.US,D,20220217,000000,3.01,3.01,2.8022,2.9833,3104,0
MNPR.US,D,20220218,000000,3.2,3.33,3.1,3.1,38009,0
MNPR.US,D,20220222,000000,3.21,3.455,3.21,3.41,10916,0
MNPR.US,D,20220223,000000,3.44,3.44,3.1001,3.4,7602,0
MNPR.US,D,20220224,000000,3.18,3.3172,3.18,3.3,1988,0
MNPR.US,D,20220225,000000,3.4099,3.4099,3.2,3.2,3129,0
MNPR.US,D,20220228,000000,3.2099,3.21,3.09,3.09,4125,0
MNPR.US,D,20220301,000000,3.19,3.31,3.19,3.23,13735,0
MNPR.US,D,20220302,000000,3.22,3.22,3.15,3.2,1791,0
MNPR.US,D,20220303,000000,3.36,3.36,3.2,3.29,3903,0
MNPR.US,D,20220304,000000,3.3,3.36,3.1812,3.22,4849,0
MNPR.US,D,20220307,000000,3.21,3.22,3.095,3.095,7582,0
MNPR.US,D,20220308,000000,3.08,3.1,2.91,2.91,2804,0
MNPR.US,D,20220309,000000,3.1,3.1,2.985,2.985,1391,0
MNPR.US,D,20220310,000000,3,3,2.7901,2.91,3399,0
MNPR.US,D,20220311,000000,3.1,3.1,2.94,2.94,7418,0
MNPR.US,D,20220314,000000,3,3.01,2.78,2.78,6173,0
MNPR.US,D,20220315,000000,2.93,2.93,2.71,2.71,2327,0
MNPR.US,D,20220316,000000,3,3,2.75,2.78,2704,0
MNPR.US,D,20220317,000000,2.71,2.835,2.7,2.8,3740,0
MNPR.US,D,20220318,000000,2.84,2.84,2.73,2.84,6841,0
MNPR.US,D,20220321,000000,2.84,2.9099,2.77,2.81,5122,0
MNPR.US,D,20220322,000000,2.7307,2.75,2.49,2.65,14467,0
MNPR.US,D,20220323,000000,2.66,2.67,2.635,2.66,3942,0
MNPR.US,D,20220324,000000,2.61,2.69,2.61,2.63,1769,0
MNPR.US,D,20220325,000000,2.56,2.6899,2.4901,2.51,6508,0
MNPR.US,D,20220328,000000,2.5,2.5083,2.42,2.5,20417,0
MNPR.US,D,20220329,000000,2.42,2.6,2.42,2.57,8901,0
MNPR.US,D,20220330,000000,2.5914,2.72,2.59,2.72,10816,0
MNPR.US,D,20220331,000000,2.63,2.6715,2.5,2.55,5071,0
MNPR.US,D,20220401,000000,2.6,2.63,2.5035,2.61,3186,0
MNPR.US,D,20220404,000000,2.57,2.67,2.5345,2.66,1615,0
MNPR.US,D,20220405,000000,2.7,2.79,2.6401,2.72,6235,0
MNPR.US,D,20220406,000000,2.7,2.7,2.6,2.6,500,0
MNPR.US,D,20220407,000000,2.77,2.77,2.7217,2.7217,626,0
MNPR.US,D,20220408,000000,2.6115,2.6115,2.6115,2.6115,275,0
MNPR.US,D,20220411,000000,2.62,2.62,2.48,2.48,1706,0
MNPR.US,D,20220412,000000,2.5708,2.5708,2.55,2.55,407,0
MNPR.US,D,20220413,000000,2.52,2.52,2.44,2.45,899,0
MNPR.US,D,20220414,000000,2.49,2.49,2.45,2.48,757,0
MNPR.US,D,20220418,000000,2.45,2.46,2.3765,2.3765,4510,0
MNPR.US,D,20220419,000000,2.3601,2.4757,2.3601,2.4757,644,0
MNPR.US,D,20220420,000000,2.4799,2.48,2.3827,2.389,2658,0
MNPR.US,D,20220421,000000,2.36,2.4499,2.36,2.39,2390,0
MNPR.US,D,20220425,000000,2.3,2.393,2.3,2.3473,1991,0
MNPR.US,D,20220426,000000,2.39,2.39,2.39,2.39,900,0
MNPR.US,D,20220427,000000,2.33,2.39,2.32,2.39,7753,0
MNPR.US,D,20220428,000000,2.29,2.33,2.14,2.3,19372,0
MNPR.US,D,20220429,000000,2.2,2.33,2.2,2.28,16434,0
MNPR.US,D,20220502,000000,2.24,2.3,2.24,2.2901,1910,0
MNPR.US,D,20220503,000000,2.275,2.3,2.275,2.29,2200,0
MNPR.US,D,20220504,000000,2.3,2.3,2.279,2.28,7665,0
MNPR.US,D,20220505,000000,2.24,2.24,2.01,2.2,12980,0
MNPR.US,D,20220506,000000,2.23,2.2499,2,2.1808,10316,0
MNPR.US,D,20220509,000000,2.0426,2.1367,2.0426,2.1367,7194,0
MNPR.US,D,20220510,000000,2.19,2.19,2,2.03,7281,0
MNPR.US,D,20220511,000000,2.03,2.05,1.965,2.01,32798,0
MNPR.US,D,20220512,000000,1.9788,1.9788,1.7023,1.85,105509,0
MNPR.US,D,20220513,000000,1.8657,2.02,1.8657,2.02,7604,0
MNPR.US,D,20220516,000000,1.7816,1.9801,1.7816,1.97,5085,0
MNPR.US,D,20220517,000000,2.02,2.02,1.9,1.975,4667,0
MNPR.US,D,20220518,000000,2.3,2.3,2.1985,2.2,13721,0
MNPR.US,D,20220519,000000,2.25,2.2636,2.1516,2.24,2558,0
MNPR.US,D,20220520,000000,2.18,2.18,2.0905,2.1599,3309,0
MNPR.US,D,20220523,000000,2.1774,2.25,2.12,2.25,1955,0
MNPR.US,D,20220524,000000,2.25,2.25,1.93,2.24,20972,0
MNPR.US,D,20220525,000000,2.22,2.2422,2.16,2.16,793,0
MNPR.US,D,20220526,000000,2.25,2.25,2.1612,2.25,2179,0
MNPR.US,D,20220527,000000,2.25,2.25,2.1707,2.25,1993,0
MNPR.US,D,20220531,000000,2.25,2.3,2.14,2.14,8370,0
MNPR.US,D,20220601,000000,2.23,2.23,2.0866,2.0866,1196,0
MNPR.US,D,20220602,000000,2.3,2.3,2.0501,2.14,11691,0
MNPR.US,D,20220603,000000,2.21,2.21,1.99,2.095,4416,0
MNPR.US,D,20220606,000000,2.07,2.07,2.06,2.07,1942,0
MNPR.US,D,20220607,000000,2.07,2.12,1.9188,2.06,5083,0
MNPR.US,D,20220608,000000,2.25,2.3,2.07,2.15,3407,0
MNPR.US,D,20220609,000000,2.16,2.3,2.16,2.25,4711,0
MNPR.US,D,20220610,000000,2.3,2.3,2.24,2.3,3537,0
MNPR.US,D,20220613,000000,2.26,2.3,1.8901,2.2972,15906,0
MNPR.US,D,20220614,000000,1.92,2.3,1.92,1.96,11128,0
MNPR.US,D,20220615,000000,2.42,2.42,2,2.05,24555,0
MNPR.US,D,20220616,000000,1.96,2.5,1.95,1.98,35226,0
MNPR.US,D,20220617,000000,2.29,2.3,1.9521,2.3,12767,0
MNPR.US,D,20220621,000000,2.3,2.3,2.02,2.27,6303,0
MNPR.US,D,20220622,000000,2.27,2.3,2.1045,2.3,4222,0
MNPR.US,D,20220623,000000,2.12,2.3,2.12,2.28,4501,0
MNPR.US,D,20220624,000000,2.19,2.34,2.01,2.01,16853,0
MNPR.US,D,20220627,000000,2.27,2.33,2.26,2.27,4077,0
MNPR.US,D,20220628,000000,2.28,2.3,2.17,2.1876,5906,0
MNPR.US,D,20220629,000000,2.32,2.67,2.26,2.33,37817,0
MNPR.US,D,20220630,000000,2.15,2.35,2.07,2.2999,22972,0
MNPR.US,D,20220701,000000,2.07,2.4,2.07,2.35,3205,0
MNPR.US,D,20220705,000000,2.42,2.42,2.37,2.39,2796,0
MNPR.US,D,20220706,000000,2.39,2.39,2.14,2.36,5206,0
MNPR.US,D,20220707,000000,2.17,2.4,2.14,2.37,5765,0
MNPR.US,D,20220708,000000,2.39,2.39,2.25,2.36,4230,0
MNPR.US,D,20220711,000000,2.4,2.4,2.29,2.35,3072,0
MNPR.US,D,20220712,000000,2.34,2.34,2.17,2.3299,5440,0
MNPR.US,D,20220713,000000,2.32,2.33,2.2999,2.3,2423,0
MNPR.US,D,20220714,000000,2.42,2.43,2.21,2.37,2666,0
MNPR.US,D,20220715,000000,2.27,2.35,2.21,2.25,4212,0
MNPR.US,D,20220718,000000,2.21,2.25,2.185,2.22,3416,0
MNPR.US,D,20220719,000000,2.22,2.23,2.15,2.23,7763,0
MNPR.US,D,20220720,000000,2.1,2.25,2.1,2.15,3458,0
MNPR.US,D,20220721,000000,2.15,2.26,2.1,2.19,20514,0
MNPR.US,D,20220722,000000,2.19,2.28,2.15,2.2,2847,0
MNPR.US,D,20220725,000000,2.18,2.2,2.06,2.2,12129,0
MNPR.US,D,20220726,000000,2.13,2.2,2.05,2.15,8768,0
MNPR.US,D,20220727,000000,2.0976,2.1,2.0966,2.1,1468,0
MNPR.US,D,20220728,000000,2.1,2.15,2.05,2.1499,5229,0
MNPR.US,D,20220729,000000,2.1,2.1,1.96,1.96,20653,0
MNPR.US,D,20220801,000000,2.0712,2.0712,1.89,2.0313,2555,0
MNPR.US,D,20220802,000000,1.99,2.0599,1.99,2.0599,424,0
MNPR.US,D,20220803,000000,1.9231,2.0799,1.92,1.98,2546,0
MNPR.US,D,20220804,000000,1.98,1.98,1.87,1.95,9256,0
MNPR.US,D,20220805,000000,1.97,1.97,1.9,1.9254,5301,0
MNPR.US,D,20220808,000000,1.9,1.9001,1.875,1.8899,9326,0
MNPR.US,D,20220809,000000,1.9199,1.92,1.85,1.85,5027,0
MNPR.US,D,20220810,000000,1.88,1.88,1.8014,1.825,13150,0
MNPR.US,D,20220811,000000,1.81,2.19,1.81,1.83,11706,0
MNPR.US,D,20220812,000000,1.8499,2.0299,1.71,1.95,21528,0
MNPR.US,D,20220815,000000,2.03,2.03,1.8499,1.85,7800,0
MNPR.US,D,20220816,000000,1.79,1.85,1.72,1.8,11612,0
MNPR.US,D,20220817,000000,1.7999,1.7999,1.71,1.7897,4826,0
MNPR.US,D,20220818,000000,1.7201,1.7899,1.7201,1.7899,672,0
MNPR.US,D,20220819,000000,1.81,1.83,1.81,1.82,6999,0
MNPR.US,D,20220822,000000,1.82,1.82,1.79,1.8,9084,0
MNPR.US,D,20220823,000000,1.78,1.7907,1.74,1.7907,2561,0
MNPR.US,D,20220824,000000,1.79,1.8499,1.77,1.8272,6857,0
MNPR.US,D,20220825,000000,1.8001,1.801,1.75,1.7807,4204,0
MNPR.US,D,20220826,000000,1.76,1.76,1.73,1.745,5467,0
MNPR.US,D,20220829,000000,1.71,1.75,1.71,1.74,9119,0
MNPR.US,D,20220830,000000,1.7251,1.8,1.7251,1.8,6027,0
MNPR.US,D,20220831,000000,1.8001,1.8016,1.76,1.8,7379,0
MNPR.US,D,20220901,000000,1.7799,1.8,1.7,1.79,12854,0
MNPR.US,D,20220902,000000,1.75,1.7999,1.7,1.7999,65313,0
MNPR.US,D,20220906,000000,1.75,1.85,1.63,1.65,28902,0
MNPR.US,D,20220907,000000,1.75,1.76,1.65,1.66,24767,0
MNPR.US,D,20220908,000000,1.7,1.71,1.675,1.71,14351,0
MNPR.US,D,20220909,000000,1.68,1.77,1.665,1.74,8319,0
MNPR.US,D,20220912,000000,1.6745,1.73,1.6745,1.71,2038,0
MNPR.US,D,20220913,000000,1.76,1.76,1.71,1.71,1444,0
MNPR.US,D,20220914,000000,1.71,1.71,1.64,1.64,4007,0
MNPR.US,D,20220915,000000,1.7,1.7,1.59,1.6301,35064,0
MNPR.US,D,20220916,000000,1.61,1.6678,1.391,1.6,27820,0
MNPR.US,D,20220919,000000,1.5701,1.5701,1.47,1.52,4747,0
MNPR.US,D,20220920,000000,1.5391,1.5594,1.525,1.55,4258,0
MNPR.US,D,20220921,000000,1.47,1.55,1.47,1.5499,13802,0
MNPR.US,D,20220922,000000,1.4401,1.55,1.4401,1.46,3259,0
MNPR.US,D,20220923,000000,1.53,1.5499,1.45,1.48,5148,0
MNPR.US,D,20220926,000000,1.485,1.54,1.445,1.52,33050,0
MNPR.US,D,20220927,000000,1.4842,1.4842,1.48,1.48,640,0
MNPR.US,D,20220928,000000,1.47,1.5103,1.47,1.47,8708,0
MNPR.US,D,20220929,000000,1.51,1.51,1.51,1.51,921,0
MNPR.US,D,20220930,000000,1.58,1.58,1.52,1.52,2053,0
MNPR.US,D,20221003,000000,1.53,1.61,1.47,1.59,22761,0
MNPR.US,D,20221004,000000,1.52,1.76,1.52,1.7,24163,0
MNPR.US,D,20221005,000000,1.91,1.91,1.73,1.73,18675,0
MNPR.US,D,20221006,000000,1.7101,1.8,1.7101,1.74,3973,0
MNPR.US,D,20221007,000000,1.73,1.73,1.71,1.71,12424,0
MNPR.US,D,20221010,000000,1.75,1.8499,1.74,1.84,12492,0
MNPR.US,D,20221011,000000,1.86,1.86,1.74,1.74,5714,0
MNPR.US,D,20221012,000000,1.85,1.88,1.7801,1.81,13824,0
MNPR.US,D,20221013,000000,1.815,1.86,1.81,1.85,2148,0
MNPR.US,D,20221014,000000,1.7863,1.8,1.7801,1.8,1134,0
MNPR.US,D,20221017,000000,1.89,1.96,1.89,1.93,2849,0
MNPR.US,D,20221018,000000,1.9501,2,1.93,1.94,13668,0
MNPR.US,D,20221019,000000,2.005,2.04,1.94,1.94,4298,0
MNPR.US,D,20221020,000000,1.9621,1.9621,1.9,1.9,1026,0
MNPR.US,D,20221021,000000,1.96,2.07,1.89,1.93,4091,0
MNPR.US,D,20221024,000000,1.9405,1.9405,1.94,1.94,362,0
MNPR.US,D,20221025,000000,1.95,2.01,1.95,2,4227,0
MNPR.US,D,20221026,000000,1.91,1.9938,1.91,1.91,1359,0
MNPR.US,D,20221027,000000,1.98,2.1,1.97,1.97,9755,0
MNPR.US,D,20221028,000000,2.0666,2.0666,2.04,2.05,1142,0
MNPR.US,D,20221031,000000,1.96,2.57,1.96,2.46,34465,0
MNPR.US,D,20221101,000000,2.59,2.7,2.49,2.6737,23331,0
MNPR.US,D,20221102,000000,2.5,3,2.5,2.94,35100,0
MNPR.US,D,20221103,000000,2.85,3.24,2.85,3.1,40097,0
MNPR.US,D,20221104,000000,3.05,3.2099,2.925,2.99,26500,0
MNPR.US,D,20221107,000000,3.55,4.6,3.1951,3.95,389193,0
MNPR.US,D,20221108,000000,4.07,4.5,4.07,4.43,102405,0
MNPR.US,D,20221109,000000,4.88,4.88,3.75,4.39,178292,0
MNPR.US,D,20221110,000000,4.39,4.4848,3.18,3.3,108210,0
MNPR.US,D,20221111,000000,3.37,3.3899,2.77,2.83,40077,0
MNPR.US,D,20221114,000000,3,3.19,3,3.09,16978,0
MNPR.US,D,20221115,000000,3.15,3.27,2.57,2.81,40852,0
MNPR.US,D,20221116,000000,3.07,3.16,2.67,2.76,36031,0
MNPR.US,D,20221117,000000,2.86,3,2.6024,2.96,30536,0
MNPR.US,D,20221118,000000,2.62,2.9138,2.62,2.77,21742,0
MNPR.US,D,20221121,000000,2.62,2.8485,2.3901,2.52,32996,0
MNPR.US,D,20221122,000000,2.65,2.66,2.45,2.48,6656,0
MNPR.US,D,20221123,000000,2.77,2.77,2.5,2.55,6794,0
MNPR.US,D,20221125,000000,2.59,2.59,2.58,2.58,732,0
MNPR.US,D,20221128,000000,2.34,2.6,2.34,2.49,12096,0
MNPR.US,D,20221129,000000,2.39,2.5699,2.39,2.48,3758,0
MNPR.US,D,20221130,000000,2.5525,2.5999,2.47,2.57,8760,0
MNPR.US,D,20221201,000000,2.555,2.6859,2.555,2.64,20072,0
MNPR.US,D,20221202,000000,2.6618,2.7,2.57,2.64,16813,0
MNPR.US,D,20221205,000000,2.52,2.7441,2.5101,2.68,13143,0
MNPR.US,D,20221206,000000,2.6,2.7095,2.4188,2.65,42685,0
MNPR.US,D,20221207,000000,2.6,2.6,2.4674,2.48,12207,0
MNPR.US,D,20221208,000000,2.72,2.72,2.51,2.62,29227,0
MNPR.US,D,20221209,000000,2.72,2.72,2.47,2.53,56023,0
MNPR.US,D,20221212,000000,2.72,2.72,1.8777,2.05,99995,0
MNPR.US,D,20221213,000000,2.1599,2.22,2,2.22,36552,0
MNPR.US,D,20221214,000000,2.22,2.65,2.02,2.65,55271,0
MNPR.US,D,20221215,000000,2.54,2.7199,2.445,2.65,30735,0
MNPR.US,D,20221216,000000,2.67,2.7,2.23,2.63,24059,0
MNPR.US,D,20221219,000000,2.555,2.69,2.38,2.48,20414,0
MNPR.US,D,20221220,000000,2.5,2.5,2.24,2.24,19986,0
MNPR.US,D,20221221,000000,2.4,2.41,2,2.28,58917,0
MNPR.US,D,20221222,000000,2.2,2.48,2.1,2.43,17628,0
MNPR.US,D,20221223,000000,2.4424,2.4616,2.4424,2.4609,2532,0
MNPR.US,D,20221227,000000,2.41,2.41,2.11,2.24,25026,0
MNPR.US,D,20221228,000000,2.28,2.3255,2.06,2.2863,36386,0
MNPR.US,D,20221229,000000,2.28,2.4019,2.1601,2.39,14029,0
MNPR.US,D,20221230,000000,2.26,2.38,2.13,2.37,44170,0
MNPR.US,D,20230103,000000,2.48,2.48,2.3,2.32,7606,0
MNPR.US,D,20230104,000000,2.26,2.5409,2.26,2.4342,18742,0
MNPR.US,D,20230105,000000,2.485,2.485,2.485,2.485,1294,0
MNPR.US,D,20230106,000000,2.485,2.6,2.37,2.57,2882,0
MNPR.US,D,20230109,000000,2.6,2.6899,2.58,2.58,3274,0
MNPR.US,D,20230110,000000,2.5001,2.6699,2.5001,2.575,6121,0
MNPR.US,D,20230111,000000,2.71,2.72,2.55,2.6299,13446,0
MNPR.US,D,20230112,000000,2.65,2.7345,2.65,2.7,6089,0
MNPR.US,D,20230113,000000,2.8267,2.8267,2.7301,2.7315,1595,0
MNPR.US,D,20230117,000000,2.8,2.8,2.78,2.79,3209,0
MNPR.US,D,20230118,000000,3.25,3.25,2.79,2.85,46166,0
MNPR.US,D,20230119,000000,2.8,2.895,2.71,2.85,18918,0
MNPR.US,D,20230120,000000,2.99,3,2.85,2.9,8135,0
MNPR.US,D,20230123,000000,3.5,3.5,3.08,3.22,97035,0
MNPR.US,D,20230124,000000,3.34,3.34,3.0076,3.19,18397,0
MNPR.US,D,20230125,000000,3.21,3.5214,3.15,3.41,63706,0
MNPR.US,D,20230126,000000,3.47,3.62,3.19,3.3606,31178,0
MNPR.US,D,20230127,000000,3.32,3.5399,3.15,3.5,123422,0
MNPR.US,D,20230130,000000,3.565,3.6,3.32,3.55,52346,0
MNPR.US,D,20230131,000000,3.66,3.6899,3.48,3.58,22928,0
MNPR.US,D,20230201,000000,3.64,3.64,3.16,3.16,54038,0
MNPR.US,D,20230202,000000,3.36,3.38,3.2799,3.37,16451,0
MNPR.US,D,20230203,000000,3.42,3.53,3.34,3.44,22195,0
MNPR.US,D,20230206,000000,3.5,3.66,3.4504,3.64,69080,0
MNPR.US,D,20230207,000000,3.73,3.77,3.6,3.64,24439,0
MNPR.US,D,20230208,000000,3.69,3.76,3.6101,3.695,13879,0
MNPR.US,D,20230209,000000,3.66,3.75,3.65,3.7293,10517,0
MNPR.US,D,20230210,000000,3.78,3.78,3.56,3.69,9672,0
MNPR.US,D,20230213,000000,3.64,3.72,3.56,3.66,21919,0
MNPR.US,D,20230214,000000,3.52,3.69,3.1601,3.68,98042,0
MNPR.US,D,20230215,000000,3.47,3.74,3.25,3.7,48808,0
MNPR.US,D,20230216,000000,3.75,3.82,3.5169,3.58,11906,0
MNPR.US,D,20230217,000000,3.55,3.68,3.32,3.53,12008,0
MNPR.US,D,20230221,000000,3.58,3.61,3.31,3.35,21235,0
MNPR.US,D,20230222,000000,3.25,3.5142,3.208,3.3,8588,0
MNPR.US,D,20230223,000000,3.38,3.38,3.21,3.2882,20432,0
MNPR.US,D,20230224,000000,3.26,3.39,3.14,3.31,3883,0
MNPR.US,D,20230227,000000,3.16,3.3799,3.07,3.2207,18798,0
MNPR.US,D,20230228,000000,3.3,3.4102,3,3.13,20584,0
MNPR.US,D,20230301,000000,2.94,3.03,2.625,2.79,38614,0
MNPR.US,D,20230302,000000,2.87,3.0799,2.77,2.87,31801,0
MNPR.US,D,20230303,000000,2.75,2.8799,2.75,2.8268,9998,0
MNPR.US,D,20230306,000000,2.9401,3.11,2.89,3.01,15513,0
MNPR.US,D,20230307,000000,2.99,2.99,2.85,2.98,4377,0
MNPR.US,D,20230308,000000,3.11,3.11,2.8613,3.04,5605,0
MNPR.US,D,20230309,000000,3.06,3.06,2.84,3.02,5117,0
MNPR.US,D,20230310,000000,2.89,2.89,2.615,2.7271,13393,0
MNPR.US,D,20230313,000000,2.61,2.67,2.36,2.67,31090,0
MNPR.US,D,20230314,000000,2.8543,2.8543,2.625,2.64,7163,0
MNPR.US,D,20230315,000000,2.64,2.84,2.62,2.63,4488,0
MNPR.US,D,20230316,000000,2.65,2.81,2.571,2.76,11203,0
MNPR.US,D,20230317,000000,2.79,2.82,2.63,2.8,3577,0
MNPR.US,D,20230320,000000,2.773,2.773,2.61,2.69,3267,0
MNPR.US,D,20230321,000000,2.5601,2.82,2.5601,2.74,2834,0
MNPR.US,D,20230322,000000,2.75,2.8,2.73,2.73,1646,0
MNPR.US,D,20230323,000000,2.77,2.77,2.64,2.7472,11680,0
MNPR.US,D,20230324,000000,2.98,2.99,2.81,2.8999,13345,0
MNPR.US,D,20230327,000000,2.95,2.98,2.83,2.98,72009,0
MNPR.US,D,20230328,000000,1.35,1.5,1.35,1.45,623176,0
MNPR.US,D,20230329,000000,1.57,1.6,1.4,1.48,175946,0
MNPR.US,D,20230330,000000,1.46,1.46,1.3,1.39,74469,0
MNPR.US,D,20230331,000000,1.35,1.4236,1.31,1.3901,49950,0
MNPR.US,D,20230403,000000,1.35,1.44,1.35,1.43,26170,0
MNPR.US,D,20230404,000000,1.45,1.45,1.33,1.37,28959,0
MNPR.US,D,20230405,000000,1.331,1.34,1.24,1.34,41502,0
MNPR.US,D,20230406,000000,1.3,1.3086,1.25,1.26,17454,0
MNPR.US,D,20230410,000000,1.3,1.36,1.26,1.29,46512,0
MNPR.US,D,20230411,000000,1.29,1.35,1.26,1.2701,15503,0
MNPR.US,D,20230412,000000,1.2698,1.32,1.25,1.2501,21235,0
MNPR.US,D,20230413,000000,1.28,1.3,1.2623,1.28,7121,0
MNPR.US,D,20230414,000000,1.3,1.3,1.24,1.2622,13219,0
MNPR.US,D,20230417,000000,1.29,1.29,1.24,1.25,26038,0
MNPR.US,D,20230418,000000,1.2498,1.28,1.18,1.28,20213,0
MNPR.US,D,20230419,000000,1.2799,1.3,1.27,1.28,13029,0
MNPR.US,D,20230420,000000,1.2699,1.2699,1.21,1.23,15875,0
MNPR.US,D,20230421,000000,1.24,1.241,1.23,1.23,3575,0
MNPR.US,D,20230424,000000,1.21,1.24,1.18,1.2,8436,0
MNPR.US,D,20230425,000000,1.19,1.2,1.11,1.11,8212,0
MNPR.US,D,20230426,000000,1.11,1.1573,1.11,1.14,7564,0
MNPR.US,D,20230427,000000,1.1148,1.1599,1.11,1.1599,3248,0
MNPR.US,D,20230428,000000,1.1,1.15,1.06,1.1251,45763,0
MNPR.US,D,20230501,000000,1.09,1.12,1,1.04,41799,0
MNPR.US,D,20230502,000000,0.99,1.03,0.9532,0.9601,13853,0
MNPR.US,D,20230503,000000,1,1,0.96,0.96,11037,0
MNPR.US,D,20230504,000000,0.97,0.99,0.96,0.97,7353,0
MNPR.US,D,20230505,000000,0.970101,1,0.970101,0.9914,10414,0
MNPR.US,D,20230508,000000,1,1,0.9616,0.9999,18677,0
MNPR.US,D,20230509,000000,0.9998,1,0.96,0.981,5432,0
MNPR.US,D,20230510,000000,0.9675,0.9995,0.9675,0.9995,3303,0
MNPR.US,D,20230511,000000,0.9902,1.03,0.8105,0.9337,78017,0
MNPR.US,D,20230512,000000,0.9337,0.95,0.92,0.935,10954,0
MNPR.US,D,20230515,000000,0.9535,0.9535,0.86,0.86,16376,0
MNPR.US,D,20230516,000000,0.85,0.9124,0.8498,0.8519,29522,0
MNPR.US,D,20230517,000000,0.89,0.903899,0.85,0.865,15740,0
MNPR.US,D,20230518,000000,0.89,0.96,0.88,0.88,5685,0
MNPR.US,D,20230519,000000,0.8999,0.97,0.851,0.93,11775,0
MNPR.US,D,20230522,000000,0.92,0.9373,0.85,0.901,12537,0
MNPR.US,D,20230523,000000,0.903,0.9268,0.88,0.916,7539,0
MNPR.US,D,20230524,000000,0.911,0.918,0.88,0.901896,2670,0
MNPR.US,D,20230525,000000,0.9097,0.9368,0.8646,0.877,9791,0
MNPR.US,D,20230526,000000,0.9291,0.93,0.8638,0.9172,13685,0
MNPR.US,D,20230530,000000,0.92,1.75,0.918516,1.08,7457104,0
MNPR.US,D,20230531,000000,0.9993,0.9999,0.9002,0.978,334481,0
MNPR.US,D,20230601,000000,1.28,1.28,0.8604,1.05,7056244,0
MNPR.US,D,20230602,000000,1.03,1.06,0.95,0.9901,375383,0
MNPR.US,D,20230605,000000,1.02,1.04,0.9169,0.9532,238968,0
MNPR.US,D,20230606,000000,0.903,0.96,0.8952,0.924,174724,0
MNPR.US,D,20230607,000000,0.92,0.95,0.891001,0.9321,133037,0
MNPR.US,D,20230608,000000,0.9321,0.945,0.8861,0.92,87257,0
MNPR.US,D,20230609,000000,0.9,0.9843,0.9,0.94,151483,0
MNPR.US,D,20230612,000000,0.96,0.96,0.9,0.9,118253,0
MNPR.US,D,20230613,000000,0.900001,0.9372,0.89,0.89,102991,0
MNPR.US,D,20230614,000000,0.92,0.92,0.8505,0.8505,80452,0
MNPR.US,D,20230615,000000,0.83,0.86,0.8106,0.8453,128157,0
MNPR.US,D,20230616,000000,0.8767,0.8997,0.825001,0.8997,144207,0
MNPR.US,D,20230620,000000,0.87,0.8997,0.844,0.87,149659,0
MNPR.US,D,20230621,000000,0.86,0.867899,0.830001,0.863,88742,0
MNPR.US,D,20230622,000000,0.8657,0.88,0.8393,0.88,140777,0
MNPR.US,D,20230623,000000,0.89,0.89,0.8398,0.87,46356,0
MNPR.US,D,20230626,000000,0.8439,0.87,0.8272,0.8602,28282,0
MNPR.US,D,20230627,000000,0.865,0.865,0.83,0.865,65158,0
MNPR.US,D,20230628,000000,0.86,0.89,0.8275,0.8799,27578,0
MNPR.US,D,20230629,000000,0.87,0.87,0.845,0.87,23207,0
MNPR.US,D,20230630,000000,0.87,0.87,0.805,0.855,199809,0
MNPR.US,D,20230703,000000,0.8168,0.858,0.8168,0.823,30196,0
MNPR.US,D,20230705,000000,0.823,0.85,0.81,0.81,54005,0
MNPR.US,D,20230706,000000,0.81,0.8479,0.754,0.82,109001,0
MNPR.US,D,20230707,000000,0.8057,0.833397,0.7825,0.807,70140,0
MNPR.US,D,20230710,000000,0.807,0.807,0.78,0.78,12582,0
MNPR.US,D,20230711,000000,0.795,0.804,0.7715,0.804,56357,0
MNPR.US,D,20230712,000000,0.8302,0.8302,0.79,0.8,29025,0
MNPR.US,D,20230713,000000,0.8061,0.86,0.8061,0.854,59893,0
MNPR.US,D,20230714,000000,0.9881,1.1,0.88,1,4617541,0
MNPR.US,D,20230717,000000,0.9838,1.02,0.85,0.8676,482773,0
MNPR.US,D,20230718,000000,0.855901,0.859899,0.77,0.8101,277707,0
MNPR.US,D,20230719,000000,0.8386,0.84,0.81,0.824,111671,0
MNPR.US,D,20230720,000000,0.8278,0.83,0.77,0.78,128322,0
MNPR.US,D,20230721,000000,0.7823,0.808,0.76,0.778,66112,0
MNPR.US,D,20230724,000000,0.8169,0.8169,0.6721,0.759,126462,0
MNPR.US,D,20230725,000000,0.723,0.758,0.723,0.7311,94331,0
MNPR.US,D,20230726,000000,0.73,0.73,0.7,0.73,54556,0
MNPR.US,D,20230727,000000,0.744,0.7445,0.6899,0.708036,71919,0
MNPR.US,D,20230728,000000,0.739,0.739,0.688,0.733,34311,0
MNPR.US,D,20230731,000000,0.74,0.75,0.7112,0.741,39221,0
MNPR.US,D,20230801,000000,0.745,0.75,0.711,0.725,31772,0
MNPR.US,D,20230802,000000,0.74,0.745,0.7,0.738,55889,0
MNPR.US,D,20230803,000000,0.718001,0.75,0.718,0.729,7312,0
MNPR.US,D,20230804,000000,0.743,0.7678,0.7151,0.764266,75155,0
MNPR.US,D,20230807,000000,0.8,0.96,0.7501,0.7551,546309,0
MNPR.US,D,20230808,000000,0.914,0.97,0.72,0.87,6797661,0
MNPR.US,D,20230809,000000,0.7613,0.78,0.71,0.7261,296216,0
MNPR.US,D,20230810,000000,0.675,0.7601,0.632799,0.749,298399,0
MNPR.US,D,20230811,000000,0.7492,0.7492,0.6562,0.71,38138,0
MNPR.US,D,20230814,000000,0.6916,0.7,0.6401,0.6878,83597,0
MNPR.US,D,20230815,000000,0.681,0.69,0.6175,0.68,106744,0
MNPR.US,D,20230816,000000,0.7099,0.7099,0.6,0.628,106336,0
MNPR.US,D,20230817,000000,0.68,0.68,0.602,0.65,158881,0
MNPR.US,D,20230818,000000,0.6305,0.6799,0.6038,0.6474,101919,0
MNPR.US,D,20230821,000000,0.628,0.669,0.62,0.6488,44653,0
MNPR.US,D,20230822,000000,0.65,0.65,0.610299,0.62,57654,0
MNPR.US,D,20230823,000000,0.634,0.66,0.6128,0.652,54633,0
MNPR.US,D,20230824,000000,0.659,0.6689,0.6202,0.6689,20882,0
MNPR.US,D,20230825,000000,0.6752,0.6752,0.622301,0.66,29676,0
MNPR.US,D,20230828,000000,0.65,0.68,0.626,0.68,21011,0
MNPR.US,D,20230829,000000,0.69,0.69,0.643201,0.68,17234,0
MNPR.US,D,20230830,000000,0.657,0.6898,0.6381,0.6898,48816,0
MNPR.US,D,20230831,000000,0.681,0.681,0.645,0.646,16815,0
MNPR.US,D,20230901,000000,0.636,0.68,0.6271,0.637,12271,0
MNPR.US,D,20230905,000000,0.637,0.6699,0.6256,0.632,7910,0
MNPR.US,D,20230906,000000,0.65,0.667,0.6256,0.6321,34257,0
MNPR.US,D,20230907,000000,0.622,0.6635,0.622,0.6255,12952,0
MNPR.US,D,20230908,000000,0.64,0.6489,0.57,0.578,45145,0
MNPR.US,D,20230911,000000,0.611,0.646,0.5703,0.5851,14424,0
MNPR.US,D,20230912,000000,0.6,0.619899,0.5668,0.5851,39690,0
MNPR.US,D,20230913,000000,0.6144,0.64,0.588,0.6145,20477,0
MNPR.US,D,20230914,000000,0.647,0.647,0.574999,0.617,44547,0
MNPR.US,D,20230915,000000,0.61,0.61,0.576,0.6054,14666,0
MNPR.US,D,20230918,000000,0.6356,0.638,0.5668,0.592,34751,0
MNPR.US,D,20230919,000000,0.632,0.633,0.582,0.619,22522,0
MNPR.US,D,20230920,000000,0.586,0.63,0.585001,0.592,11297,0
MNPR.US,D,20230921,000000,0.6216,0.6216,0.592,0.6132,13676,0
MNPR.US,D,20230922,000000,0.625,0.625,0.571,0.59,9656,0
MNPR.US,D,20230925,000000,0.526,0.625,0.526,0.584,30733,0
MNPR.US,D,20230926,000000,0.587751,0.5999,0.550601,0.5778,25391,0
MNPR.US,D,20230927,000000,0.57,0.6,0.5699,0.5701,5699,0
MNPR.US,D,20230928,000000,0.562,0.6,0.5505,0.5775,6049,0
MNPR.US,D,20230929,000000,0.6431,0.6431,0.561,0.6199,5571,0
MNPR.US,D,20231002,000000,0.592,0.62,0.5633,0.599,8323,0
MNPR.US,D,20231003,000000,0.56,0.609,0.5505,0.5508,14650,0
MNPR.US,D,20231004,000000,0.555,0.57,0.544,0.555,12352,0
MNPR.US,D,20231005,000000,0.5545,0.555,0.528,0.549,20086,0
MNPR.US,D,20231006,000000,0.5281,0.569,0.5281,0.559,1431,0
MNPR.US,D,20231009,000000,0.526,0.56,0.526,0.545,3670,0
MNPR.US,D,20231010,000000,0.536549,0.545,0.5,0.5125,15232,0
MNPR.US,D,20231011,000000,0.5,0.5109,0.5,0.505,24057,0
MNPR.US,D,20231012,000000,0.52,0.540001,0.46,0.461,82747,0
MNPR.US,D,20231013,000000,0.51,0.51,0.4611,0.4611,13893,0
MNPR.US,D,20231016,000000,0.492,0.493,0.47,0.47,3421,0
MNPR.US,D,20231017,000000,0.475,0.5,0.475,0.48,11559,0
MNPR.US,D,20231018,000000,0.4801,0.4801,0.4272,0.48,23094,0
MNPR.US,D,20231019,000000,0.49,0.49,0.453,0.47,7697,0
MNPR.US,D,20231020,000000,0.469,0.4773,0.4538,0.4562,14996,0
MNPR.US,D,20231023,000000,0.4778,0.489999,0.4501,0.4505,4921,0
MNPR.US,D,20231024,000000,0.4656,0.4899,0.4656,0.4666,10282,0
MNPR.US,D,20231025,000000,0.471,0.471,0.4501,0.47,10323,0
MNPR.US,D,20231026,000000,0.46,0.461,0.43,0.43,22924,0
MNPR.US,D,20231027,000000,0.43,0.46,0.4272,0.46,4211,0
MNPR.US,D,20231030,000000,0.45,0.459999,0.401,0.404,19524,0
MNPR.US,D,20231031,000000,0.395,0.462799,0.395,0.43,14480,0
MNPR.US,D,20231101,000000,0.6617,0.72,0.4875,0.55,54546004,0
MNPR.US,D,20231102,000000,0.471,0.5159,0.4499,0.515,1909101,0
MNPR.US,D,20231103,000000,0.5062,0.51,0.4896,0.51,820053,0
MNPR.US,D,20231106,000000,0.485,0.5069,0.3322,0.4044,479398,0
MNPR.US,D,20231107,000000,0.4008,0.411,0.36,0.39,176468,0
MNPR.US,D,20231108,000000,0.42,0.43,0.3742,0.429,235048,0
MNPR.US,D,20231109,000000,0.4268,0.4268,0.3792,0.416,121180,0
MNPR.US,D,20231110,000000,0.4396,0.4396,0.3574,0.3687,82450,0
MNPR.US,D,20231113,000000,0.3409,0.3409,0.312,0.3121,104841,0
MNPR.US,D,20231114,000000,0.28,0.33,0.28,0.328,131544,0
MNPR.US,D,20231115,000000,0.331,0.339,0.3301,0.335,27637,0
MNPR.US,D,20231116,000000,0.3345,0.339,0.3001,0.334,57674,0
MNPR.US,D,20231117,000000,0.33,0.334,0.29,0.3001,52085,0
MNPR.US,D,20231120,000000,0.309,0.309,0.28,0.2893,74178,0
MNPR.US,D,20231121,000000,0.275,0.3,0.275,0.2945,126835,0
MNPR.US,D,20231122,000000,0.294,0.309,0.286501,0.309,54901,0
MNPR.US,D,20231124,000000,0.317,0.317,0.2948,0.308,51762,0
MNPR.US,D,20231127,000000,0.3079,0.309,0.2739,0.294,83858,0
MNPR.US,D,20231128,000000,0.307999,0.307999,0.29,0.294,24672,0
MNPR.US,D,20231129,000000,0.294,0.33,0.294,0.3046,155519,0
MNPR.US,D,20231130,000000,0.3,0.32,0.29,0.2901,107817,0
MNPR.US,D,20231201,000000,0.2895,0.34,0.28,0.33,175811,0
MNPR.US,D,20231204,000000,0.336,0.34,0.3101,0.310601,57089,0
MNPR.US,D,20231205,000000,0.31,0.3257,0.31,0.3256,67902,0
MNPR.US,D,20231206,000000,0.339,0.35,0.32001,0.34,252500,0
MNPR.US,D,20231207,000000,0.35,0.4002,0.33455,0.3643,297142,0
MNPR.US,D,20231208,000000,0.3841,0.439999,0.36,0.4006,287613,0
MNPR.US,D,20231211,000000,0.3997,0.4196,0.354,0.3772,126698,0
MNPR.US,D,20231212,000000,0.3603,0.3603,0.29,0.32,384935,0
MNPR.US,D,20231213,000000,0.3104,0.3268,0.294,0.326,112217,0
MNPR.US,D,20231214,000000,0.323001,0.339,0.28,0.327,142220,0
MNPR.US,D,20231215,000000,0.32245,0.5029,0.3149,0.3687,4119921,0
MNPR.US,D,20231218,000000,0.3507,0.4066,0.3189,0.3226,422140,0
MNPR.US,D,20231219,000000,0.3288,0.3801,0.3202,0.36,191490,0
MNPR.US,D,20231220,000000,0.378,0.4081,0.3697,0.4081,170525,0
MNPR.US,D,20231221,000000,0.3809,0.425,0.3809,0.40401,166438,0
MNPR.US,D,20231222,000000,0.402,0.402,0.38,0.3982,74384,0
MNPR.US,D,20231226,000000,0.392,0.399899,0.38,0.3841,23549,0
MNPR.US,D,20231227,000000,0.3982,0.41,0.359,0.3794,98234,0
MNPR.US,D,20231228,000000,0.3604,0.379,0.3377,0.3789,164113,0
MNPR.US,D,20231229,000000,0.3311,0.3589,0.3311,0.3402,132840,0
MNPR.US,D,20240102,000000,0.3311,0.38,0.3311,0.37,74365,0
MNPR.US,D,20240103,000000,0.38,0.407,0.350101,0.4001,55705,0
MNPR.US,D,20240104,000000,0.392,0.413,0.392,0.409,64561,0
MNPR.US,D,20240105,000000,0.4274,0.435,0.41935,0.4244,73628,0
MNPR.US,D,20240108,000000,0.42,0.440799,0.4067,0.4293,42285,0
MNPR.US,D,20240109,000000,0.4023,0.4407,0.4023,0.4407,46566,0
MNPR.US,D,20240110,000000,0.4493,0.4494,0.4265,0.4428,158955,0
MNPR.US,D,20240111,000000,0.443,0.48,0.434,0.44,112087,0
MNPR.US,D,20240112,000000,0.44,0.4777,0.4242,0.4346,80518,0
MNPR.US,D,20240116,000000,0.422,0.444,0.4,0.414,82375,0
MNPR.US,D,20240117,000000,0.432,0.4626,0.41,0.438,145754,0
MNPR.US,D,20240118,000000,0.437899,0.438,0.3811,0.385345,62404,0
MNPR.US,D,20240119,000000,0.385,0.39925,0.365,0.3665,91176,0
MNPR.US,D,20240122,000000,0.3813,0.3813,0.3421,0.354,81021,0
MNPR.US,D,20240123,000000,0.351,0.3985,0.351,0.3551,78410,0
MNPR.US,D,20240124,000000,0.3876,0.393,0.3651,0.3671,7043,0
MNPR.US,D,20240125,000000,0.36,0.3867,0.354,0.37,37682,0
MNPR.US,D,20240126,000000,0.3545,0.38,0.3541,0.3637,18061,0
MNPR.US,D,20240129,000000,0.38,0.38,0.354,0.36,16531,0
MNPR.US,D,20240130,000000,0.3575,0.3785,0.355,0.3768,9687,0
MNPR.US,D,20240131,000000,0.362501,0.3699,0.3347,0.3355,82302,0
MNPR.US,D,20240201,000000,0.3356,0.38,0.3356,0.3707,76590,0
MNPR.US,D,20240202,000000,0.365,0.37,0.3409,0.364,50762,0
MNPR.US,D,20240205,000000,0.3411,0.366,0.32,0.3562,34305,0
MNPR.US,D,20240206,000000,0.3378,0.3547,0.3149,0.33,22432,0
MNPR.US,D,20240207,000000,0.3205,0.35,0.309,0.3101,24621,0
MNPR.US,D,20240208,000000,0.3258,0.330596,0.3255,0.3266,3504,0
MNPR.US,D,20240209,000000,0.356,0.356,0.333944,0.35,9433,0
MNPR.US,D,20240212,000000,0.33,0.3461,0.32,0.331,28253,0
MNPR.US,D,20240213,000000,0.34,0.3499,0.3231,0.330101,16121,0
MNPR.US,D,20240214,000000,0.331,0.34,0.33,0.3374,35688,0
MNPR.US,D,20240215,000000,0.3301,0.3575,0.3301,0.3401,56181,0
MNPR.US,D,20240216,000000,0.35,0.35,0.3401,0.3426,23583,0
MNPR.US,D,20240220,000000,1.43,1.56,0.5965,0.669,100382443,0
MNPR.US,D,20240221,000000,0.63,0.63,0.51,0.57,2406852,0
MNPR.US,D,20240222,000000,0.7802,1.37,0.73,1.12,153332626,0
MNPR.US,D,20240223,000000,1.26,1.73,1.18,1.3,61142971,0
MNPR.US,D,20240226,000000,1.46,1.48,0.9997,1.35,6887397,0
MNPR.US,D,20240227,000000,1.28,1.32,1.12,1.21,1596852,0
MNPR.US,D,20240228,000000,1.15,1.1899,0.9599,1,1514150,0
MNPR.US,D,20240229,000000,0.97,1.05,0.7022,0.83,1369482,0
MNPR.US,D,20240301,000000,0.7685,0.95,0.7368,0.8959,1122474,0
MNPR.US,D,20240304,000000,0.946,1.13,0.82,0.9901,906325,0
MNPR.US,D,20240305,000000,1.04,1.2,1.03,1.06,1650396,0
MNPR.US,D,20240306,000000,1.02,1.06,0.875,0.96,654709,0
MNPR.US,D,20240307,000000,0.9231,0.9799,0.9,0.9136,298473,0
MNPR.US,D,20240308,000000,0.91,0.931,0.7276,0.8166,674228,0
MNPR.US,D,20240311,000000,0.8449,0.93,0.8449,0.9116,202439,0
MNPR.US,D,20240312,000000,0.87,0.9,0.81,0.826,154898,0
MNPR.US,D,20240313,000000,0.767,0.798,0.71,0.7521,305348,0
MNPR.US,D,20240314,000000,0.7501,0.777,0.707,0.707,142453,0
MNPR.US,D,20240315,000000,0.7,0.76,0.651,0.651,265854,0
MNPR.US,D,20240318,000000,0.7,0.719,0.6533,0.67,251848,0
MNPR.US,D,20240319,000000,0.77,0.86,0.7357,0.7614,947216,0
MNPR.US,D,20240320,000000,0.73,0.7672,0.7,0.7672,132062,0
MNPR.US,D,20240321,000000,0.74,0.777,0.691,0.7001,216793,0
MNPR.US,D,20240322,000000,0.7,0.700051,0.63,0.6896,218006,0
MNPR.US,D,20240325,000000,0.6689,0.71,0.6602,0.71,60906,0
MNPR.US,D,20240326,000000,0.68,0.789,0.67,0.7363,104084,0
MNPR.US,D,20240327,000000,0.8,0.8,0.7,0.737,142612,0
MNPR.US,D,20240328,000000,0.701,0.7349,0.64,0.681,290922,0
MNPR.US,D,20240401,000000,0.709,0.709,0.6416,0.679,102698,0
MNPR.US,D,20240402,000000,0.6705,0.689,0.6311,0.64,99930,0
MNPR.US,D,20240403,000000,0.63,0.642,0.55,0.642,164643,0
MNPR.US,D,20240404,000000,0.6212,0.68,0.6191,0.6384,137827,0
MNPR.US,D,20240405,000000,0.63,0.6399,0.599401,0.602,133332,0
MNPR.US,D,20240408,000000,0.6,0.6341,0.5833,0.601,150063,0
MNPR.US,D,20240409,000000,0.63,0.63,0.5812,0.5906,114130,0
MNPR.US,D,20240410,000000,0.6189,0.6517,0.4999,0.64,457696,0
MNPR.US,D,20240411,000000,0.753,0.85,0.72,0.77,848671,0
MNPR.US,D,20240412,000000,0.8,0.82,0.76,0.781,283292,0
MNPR.US,D,20240415,000000,0.7599,0.781,0.7438,0.755,101444,0
MNPR.US,D,20240416,000000,0.73,0.740251,0.69,0.728,178639,0
MNPR.US,D,20240417,000000,0.69,0.72,0.6501,0.655,151084,0
MNPR.US,D,20240418,000000,0.7,0.72,0.659,0.678,77544,0
MNPR.US,D,20240419,000000,0.678,0.6799,0.6216,0.6401,33081,0
MNPR.US,D,20240422,000000,0.66,0.66,0.62,0.632,27730,0
MNPR.US,D,20240423,000000,0.618,0.6575,0.61,0.65,85910,0
MNPR.US,D,20240424,000000,0.68,0.68,0.63,0.657,39446,0
MNPR.US,D,20240425,000000,0.65,0.65,0.62,0.6275,58241,0
MNPR.US,D,20240426,000000,0.63,0.6671,0.63,0.6582,35008,0
MNPR.US,D,20240429,000000,0.68,0.68,0.6401,0.65,15062,0
MNPR.US,D,20240430,000000,0.63,0.69,0.63,0.660101,54655,0
MNPR.US,D,20240501,000000,0.65,0.675,0.635749,0.65,19680,0
MNPR.US,D,20240502,000000,0.641,0.67,0.641,0.66,32147,0
MNPR.US,D,20240503,000000,0.67,0.7624,0.6433,0.7272,131354,0
MNPR.US,D,20240506,000000,0.7154,0.8048,0.7002,0.792,83036,0
MNPR.US,D,20240507,000000,0.821,0.821,0.762,0.762,19371,0
MNPR.US,D,20240508,000000,0.77,0.77,0.7359,0.75,12708,0
MNPR.US,D,20240509,000000,0.78,0.8,0.7111,0.7111,51412,0
MNPR.US,D,20240510,000000,0.6312,0.75,0.63,0.6722,130782,0
MNPR.US,D,20240513,000000,0.7069,0.7388,0.6751,0.6751,25221,0
MNPR.US,D,20240514,000000,0.671,0.71,0.651,0.651,62745,0
MNPR.US,D,20240515,000000,0.642,0.6693,0.5651,0.5981,110439,0
MNPR.US,D,20240516,000000,0.6128,0.619,0.6031,0.6175,34442,0
MNPR.US,D,20240517,000000,0.61,0.6289,0.6,0.61,39401,0
MNPR.US,D,20240520,000000,0.62,0.624051,0.5861,0.6199,57746,0
MNPR.US,D,20240521,000000,0.619,0.65,0.5936,0.6111,38357,0
MNPR.US,D,20240522,000000,0.611,0.635,0.611,0.6146,50092,0
MNPR.US,D,20240523,000000,0.6,0.6289,0.6,0.62,36124,0
MNPR.US,D,20240524,000000,0.6011,0.6489,0.6002,0.6289,58774,0
MNPR.US,D,20240528,000000,0.602,0.6244,0.600001,0.62,16324,0
MNPR.US,D,20240529,000000,0.61,0.64,0.61,0.62,52090,0
MNPR.US,D,20240530,000000,0.605,0.643,0.605,0.6125,32998,0
MNPR.US,D,20240531,000000,0.605,0.6502,0.605,0.6111,32333,0
MNPR.US,D,20240603,000000,0.615,0.8439,0.615,0.7699,853632,0
MNPR.US,D,20240604,000000,0.804,0.804,0.741,0.7689,150322,0
MNPR.US,D,20240605,000000,0.77,0.889,0.7686,0.805,350046,0
MNPR.US,D,20240606,000000,0.82,0.95,0.81,0.9297,733566,0
MNPR.US,D,20240607,000000,0.847,0.8999,0.8054,0.811,245925,0
MNPR.US,D,20240610,000000,0.8388,0.849,0.75,0.7746,130183,0
MNPR.US,D,20240611,000000,0.7614,0.829,0.751,0.815,54744,0
MNPR.US,D,20240612,000000,0.8211,0.9,0.800101,0.8949,112632,0
MNPR.US,D,20240613,000000,0.9,1.08,0.85,0.9143,519561,0
MNPR.US,D,20240614,000000,0.959,0.9639,0.883501,0.94,117140,0
MNPR.US,D,20240617,000000,0.92,0.941,0.8541,0.86,95679,0
MNPR.US,D,20240618,000000,0.9,0.914,0.82,0.827,122795,0
MNPR.US,D,20240620,000000,0.8003,0.831,0.6511,0.673,516060,0
MNPR.US,D,20240621,000000,0.669,0.726,0.6601,0.6902,107157,0
MNPR.US,D,20240624,000000,0.712,0.81,0.701,0.799,149088,0
MNPR.US,D,20240625,000000,0.83,0.8689,0.78,0.82,100516,0
MNPR.US,D,20240626,000000,0.7926,0.7926,0.7378,0.7455,68634,0
MNPR.US,D,20240627,000000,0.735,0.767,0.735,0.7425,90315,0
MNPR.US,D,20240628,000000,0.733,0.769,0.71,0.7301,96120,0
MNPR.US,D,20240701,000000,0.76,0.76,0.7101,0.7414,76915,0
MNPR.US,D,20240702,000000,0.73,0.7568,0.711,0.72,45296,0
MNPR.US,D,20240703,000000,0.712,0.73,0.7,0.7034,54133,0
MNPR.US,D,20240705,000000,0.71,0.73389,0.701,0.7201,52418,0
MNPR.US,D,20240708,000000,0.73,0.7379,0.7004,0.7379,47921,0
MNPR.US,D,20240709,000000,0.71,0.7509,0.71,0.741,63023,0
MNPR.US,D,20240710,000000,0.74,0.74,0.6901,0.703999,50435,0
MNPR.US,D,20240711,000000,0.7001,0.728,0.6947,0.7201,67065,0
MNPR.US,D,20240712,000000,0.7285,0.739,0.7049,0.7117,87282,0
MNPR.US,D,20240715,000000,0.712,0.72,0.6901,0.71,58462,0
MNPR.US,D,20240716,000000,0.7,0.749,0.692,0.739,81638,0
MNPR.US,D,20240717,000000,0.739,0.75,0.71,0.71,41221,0
MNPR.US,D,20240718,000000,0.7216,0.7216,0.7101,0.72,8371,0
MNPR.US,D,20240719,000000,0.73,0.73,0.675,0.675,48391,0
MNPR.US,D,20240722,000000,0.6818,0.6818,0.605,0.635,137777,0
MNPR.US,D,20240723,000000,0.635,0.64,0.6212,0.64,41500,0
MNPR.US,D,20240724,000000,0.64,0.64,0.6301,0.64,33590,0
MNPR.US,D,20240725,000000,0.663749,0.678,0.6411,0.655,18987,0
MNPR.US,D,20240726,000000,0.64,0.73,0.64,0.72,116904,0
MNPR.US,D,20240729,000000,0.73,0.73,0.705,0.73,52167,0
MNPR.US,D,20240730,000000,0.73,0.73,0.7,0.7002,18125,0
MNPR.US,D,20240731,000000,0.7,0.7054,0.671,0.6999,13962,0
MNPR.US,D,20240801,000000,0.686462,0.699,0.6501,0.6932,18611,0
MNPR.US,D,20240802,000000,0.68,0.697,0.67,0.694,37795,0
MNPR.US,D,20240805,000000,0.67,0.68,0.61,0.61,107656,0
MNPR.US,D,20240806,000000,0.61,0.645,0.58,0.5911,77530,0
MNPR.US,D,20240807,000000,0.5988,0.6337,0.562,0.5802,115652,0
MNPR.US,D,20240808,000000,0.575,0.629999,0.52,0.55,82139,0
MNPR.US,D,20240809,000000,0.4801,0.4801,0.401,0.442,394247,0
MNPR.US,D,20240812,000000,0.4287,0.506,0.3438,0.471,615188,0
MNPR.US,D,20240813,000000,2.33,2.59,2.16,2.42,68481,0
MNPR.US,D,20240814,000000,2.67,2.6999,2.25,2.28,33457,0
MNPR.US,D,20240815,000000,2.29,2.5,2.29,2.37,11610,0
MNPR.US,D,20240816,000000,2.45,2.4515,2.3,2.33,10440,0
MNPR.US,D,20240819,000000,2.42,2.45,2.26,2.38,22822,0
MNPR.US,D,20240820,000000,2.42,2.54,2.362,2.48,11396,0
MNPR.US,D,20240821,000000,2.35,2.87,2.15,2.58,2261295,0
MNPR.US,D,20240822,000000,2.64,2.95,2.48,2.76,136696,0
MNPR.US,D,20240823,000000,2.76,2.86,2.57,2.57,35753,0
MNPR.US,D,20240826,000000,2.56,2.63,2.55,2.62,16075,0
MNPR.US,D,20240827,000000,2.55,2.6199,2.3,2.4,42688,0
MNPR.US,D,20240828,000000,2.4,2.4,2.26,2.26,15011,0
MNPR.US,D,20240829,000000,2.34,2.49,2.25,2.37,34178,0
MNPR.US,D,20240830,000000,2.32,2.53,2.32,2.39,17218,0
MNPR.US,D,20240903,000000,2.51,2.55,2.32,2.37,24399,0
MNPR.US,D,20240904,000000,2.44,2.4799,2.34,2.44,11356,0
MNPR.US,D,20240905,000000,2.44,2.44,2.34,2.43,6629,0
MNPR.US,D,20240906,000000,2.42,2.4485,2.2901,2.39,7867,0
MNPR.US,D,20240909,000000,2.4,2.47,2.3201,2.4,13260,0
MNPR.US,D,20240910,000000,2.41,2.45,2.3355,2.45,11643,0
MNPR.US,D,20240911,000000,2.4,2.48,2.4,2.4,5278,0
MNPR.US,D,20240912,000000,5.15,5.4406,3.17,3.95,41004636,0
MNPR.US,D,20240913,000000,3.95,3.95,3.33,3.86,866277,0
MNPR.US,D,20240916,000000,3.91,4.43,3.65,4.19,407631,0
MNPR.US,D,20240917,000000,4.15,4.57,4.1457,4.16,197462,0
MNPR.US,D,20240918,000000,4.14,4.19,3.91,3.94,98095,0
MNPR.US,D,20240919,000000,3.9,4.61,3.9,4.5,247820,0
MNPR.US,D,20240920,000000,4.38,4.6,4.2,4.54,96017,0
MNPR.US,D,20240923,000000,4.47,4.47,4.1982,4.37,44296,0
MNPR.US,D,20240924,000000,4.31,4.46,4.23,4.41,35959,0
MNPR.US,D,20240925,000000,4.32,5.47,4.12,5.17,2357472,0
MNPR.US,D,20240926,000000,5.44,5.9,5.06,5.84,783507,0
MNPR.US,D,20240927,000000,6.2,7.1,6.1,6.77,1412579,0
MNPR.US,D,20240930,000000,7.14,7.18,6.07,6.74,643805,0
MNPR.US,D,20241001,000000,6.62,6.62,4.995,5.08,259127,0
MNPR.US,D,20241002,000000,4.88,5.149,4.74,4.85,218567,0
MNPR.US,D,20241003,000000,4.75,4.9195,4.5301,4.55,198822,0
MNPR.US,D,20241004,000000,4.55,4.7587,4.52,4.61,64338,0
MNPR.US,D,20241007,000000,4.52,5.2999,4.52,5.08,108097,0
MNPR.US,D,20241008,000000,5.19,5.66,5.0881,5.34,81727,0
MNPR.US,D,20241009,000000,5.28,5.52,4.86,5.08,60360,0
MNPR.US,D,20241010,000000,4.95,5.23,4.81,5.17,44153,0
MNPR.US,D,20241011,000000,5.56,5.73,5.029,5.5,160203,0
MNPR.US,D,20241014,000000,5.37,5.5904,5.324,5.39,26545,0
MNPR.US,D,20241015,000000,5.41,5.41,5.06,5.15,19212,0
MNPR.US,D,20241016,000000,5.19,5.3,5.16,5.26,13565,0
MNPR.US,D,20241017,000000,5.12,5.88,5.12,5.71,57070,0
MNPR.US,D,20241018,000000,5.84,5.84,5.46,5.5,21976,0
MNPR.US,D,20241021,000000,5.44,5.662,5.08,5.25,59636,0
MNPR.US,D,20241022,000000,5.5,5.5,5.15,5.25,39096,0
MNPR.US,D,20241023,000000,5.1,5.3,4.5,4.63,74507,0
MNPR.US,D,20241024,000000,5.12,38.5,4.87,32.66,19963354,0
MNPR.US,D,20241025,000000,22.39,26.85,16.87,16.93,3356530,0
MNPR.US,D,20241028,000000,14.67,21.95,14.6,17.83,2359695,0
MNPR.US,D,20241029,000000,18.83,20,16.09,16.335,943981,0
