<TICKER>,<PER>,<DATE>,<TIME>,<OPEN>,<HIGH>,<LOW>,<CLOSE>,<VOL>,<OPENINT>
MNTS.US,D,20200103,000000,492,492.5,492,492.5,300,0
MNTS.US,D,20200108,000000,492,494,492,494,4514,0
MNTS.US,D,20200109,000000,493.5,494,493.5,494,6185.92,0
MNTS.US,D,20200117,000000,495,500,494.5,498.5,2410.34,0
MNTS.US,D,20200121,000000,494,497.5,494,494,1162,0
MNTS.US,D,20200123,000000,498.5,498.5,494,494,270,0
MNTS.US,D,20200124,000000,494,494.5,494,494,300,0
MNTS.US,D,20200127,000000,494,494.5,494,494.5,16591.58,0
MNTS.US,D,20200129,000000,497.5,497.5,494.5,497,2180.4,0
MNTS.US,D,20200131,000000,494.375,497,494.375,497,6.58,0
MNTS.US,D,20200203,000000,497,497,497,497,13.12,0
MNTS.US,D,20200204,000000,494.5,497,494.5,497,3055,0
MNTS.US,D,20200206,000000,495,495,495,495,2001,0
MNTS.US,D,20200207,000000,495.5,495.5,495.5,495.5,5000,0
MNTS.US,D,20200210,000000,495.5,495.5,495.5,495.5,4004,0
MNTS.US,D,20200219,000000,495,495,495,495,21.8,0
MNTS.US,D,20200221,000000,495,495,495,495,3042.4,0
MNTS.US,D,20200225,000000,496,496,496,496,53,0
MNTS.US,D,20200228,000000,496,496,492.5,492.5,225.72,0
MNTS.US,D,20200309,000000,492.5,492.5,492.5,492.5,76.62,0
MNTS.US,D,20200310,000000,492.5,498.5,492.5,497.5,3210.7,0
MNTS.US,D,20200311,000000,492.5,498,492.5,497.5,2824,0
MNTS.US,D,20200312,000000,492.5,492.5,492.5,492.5,3328.32,0
MNTS.US,D,20200313,000000,490,490,488.5,488.5,338.76,0
MNTS.US,D,20200318,000000,475,475,470,470,5080.3,0
MNTS.US,D,20200319,000000,470,472.5,460,472.5,29049.72,0
MNTS.US,D,20200320,000000,484.5,484.5,472,472,2524.02,0
MNTS.US,D,20200323,000000,472.5,472.5,470,472.5,10688,0
MNTS.US,D,20200326,000000,480,480,480,480,929.82,0
MNTS.US,D,20200327,000000,483,483,482.5,482.5,1240.08,0
MNTS.US,D,20200330,000000,483.39,487.5,482.5,487.5,1207.3,0
MNTS.US,D,20200331,000000,487.5,487.5,487.5,487.5,7.66,0
MNTS.US,D,20200402,000000,482.585,485,482.585,485,5377.62,0
MNTS.US,D,20200413,000000,486,492.5,486,492.5,137.68,0
MNTS.US,D,20200427,000000,485.5,489.5,485.5,489.5,7009.08,0
MNTS.US,D,20200428,000000,489.5,489.5,489.5,489.5,435.06,0
MNTS.US,D,20200501,000000,485.5,485.5,485.5,485.5,558.1,0
MNTS.US,D,20200506,000000,486.5,487.5,486.5,486.5,33145.68,0
MNTS.US,D,20200507,000000,487.5,487.5,487.5,487.5,44,0
MNTS.US,D,20200513,000000,487,494,485,492.5,961.88,0
MNTS.US,D,20200520,000000,488.5,488.5,488.5,488.5,13496.1,0
MNTS.US,D,20200521,000000,490,490,490,490,6,0
MNTS.US,D,20200527,000000,488.5,493.5,488.5,493.5,4245.88,0
MNTS.US,D,20200528,000000,494,494,488.5,494,10,0
MNTS.US,D,20200529,000000,488.5,494,487.5,488.5,1177.34,0
MNTS.US,D,20200602,000000,490,490,488.5,489,35.96,0
MNTS.US,D,20200603,000000,490,490,490,490,5.42,0
MNTS.US,D,20200617,000000,495.55,495.55,490,490.5,567.96,0
MNTS.US,D,20200618,000000,490,494,490,491.5,34.12,0
MNTS.US,D,20200619,000000,495,495.5,494.5,495,221.16,0
MNTS.US,D,20200624,000000,497.5,497.5,497.5,497.5,20.22,0
MNTS.US,D,20200626,000000,495.5,495.5,495.5,495.5,2,0
MNTS.US,D,20200629,000000,495.5,496.5,495.5,496.5,8.28,0
MNTS.US,D,20200630,000000,497,497.5,497,497.5,2793.96,0
MNTS.US,D,20200701,000000,497.5,505.5,497.5,498.75,24201.24,0
MNTS.US,D,20200702,000000,498.5,498.5,495,495.5,149.74,0
MNTS.US,D,20200707,000000,502.5,502.5,496,498.5,4415.28,0
MNTS.US,D,20200715,000000,499.5,500.5,499.5,500,553,0
MNTS.US,D,20200716,000000,502.5,503,499.75,499.75,85.58,0
MNTS.US,D,20200717,000000,499,499,499,499,3.8,0
MNTS.US,D,20200721,000000,504,504,504,504,20,0
MNTS.US,D,20200723,000000,502.5,502.5,501,501,1549.68,0
MNTS.US,D,20200729,000000,505,505,500.5,500.5,4591.88,0
MNTS.US,D,20200803,000000,500,500,499.5,499.5,277.54,0
MNTS.US,D,20200804,000000,500.5,502.5,496,501,1122.12,0
MNTS.US,D,20200805,000000,498.5,498.5,498.5,498.5,996,0
MNTS.US,D,20200811,000000,501,501,501,501,362.04,0
MNTS.US,D,20200812,000000,502.5,502.5,502.5,502.5,4.1,0
MNTS.US,D,20200813,000000,506.5,507.49,501.75,501.75,43.44,0
MNTS.US,D,20200814,000000,499.5,499.5,497,497,5.78,0
MNTS.US,D,20200817,000000,497,497,494.5,494.5,6019.1,0
MNTS.US,D,20200818,000000,495,495,490,490,168.62,0
MNTS.US,D,20200819,000000,491,493.5,487.5,487.5,1933.2,0
MNTS.US,D,20200820,000000,488,488,488,488,10010.08,0
MNTS.US,D,20200821,000000,488,492.5,488,492.5,861,0
MNTS.US,D,20200825,000000,492.5,494.5,492.5,494.5,41.62,0
MNTS.US,D,20200826,000000,495.5,495.5,495,495.5,14516.36,0
MNTS.US,D,20200827,000000,493.5,494.5,493.5,494.25,515.2,0
MNTS.US,D,20200828,000000,494.5,494.5,494,494,3502.08,0
MNTS.US,D,20200831,000000,494.5,496.5,494.5,496.5,18748.72,0
MNTS.US,D,20200901,000000,496.5,498.5,494,497.5,813.64,0
MNTS.US,D,20200902,000000,497.5,497.5,497.5,497.5,637.14,0
MNTS.US,D,20200903,000000,496.25,498,496.25,496.25,24.26,0
MNTS.US,D,20200904,000000,496.5,496.5,496.5,496.5,2.7,0
MNTS.US,D,20200908,000000,496.5,498,496.5,496.5,413.28,0
MNTS.US,D,20200914,000000,496.5,496.5,494.5,494.775,95.28,0
MNTS.US,D,20200915,000000,495,500,495,495.5,347.8,0
MNTS.US,D,20200916,000000,498.5,498.5,498.5,498.5,2.06,0
MNTS.US,D,20200917,000000,498.25,498.25,498.25,498.25,3.76,0
MNTS.US,D,20200918,000000,499.5,502,499.5,502,2029.82,0
MNTS.US,D,20200921,000000,496,502,496,501,326.38,0
MNTS.US,D,20200922,000000,496.5,499.5,496,499.5,43.04,0
MNTS.US,D,20200923,000000,496.5,497.5,496,497.5,1920.62,0
MNTS.US,D,20200925,000000,496,500.5,495.5,500.5,44,0
MNTS.US,D,20200928,000000,499.5,501,496.5,500.5,76.1,0
MNTS.US,D,20200929,000000,501,502.5,501,502.5,2105.92,0
MNTS.US,D,20200930,000000,504.5,505,502.5,504,1763.9,0
MNTS.US,D,20201001,000000,504.5,510,502.75,510,7796.52,0
MNTS.US,D,20201002,000000,509.5,514,509.5,514,4309.16,0
MNTS.US,D,20201005,000000,513.5,537.5,513.5,514,831.9,0
MNTS.US,D,20201006,000000,501.5,543.995,500,514.5,13818.5,0
MNTS.US,D,20201007,000000,517,525,508,514.5,159727.7,0
MNTS.US,D,20201008,000000,519.5,529,515,529,48744.7,0
MNTS.US,D,20201009,000000,529.75,532,519.5,519.5,41890.72,0
MNTS.US,D,20201012,000000,525.5,537.5,522.5,532,27003.58,0
MNTS.US,D,20201013,000000,530,531,520,525,11083.68,0
MNTS.US,D,20201014,000000,525,525,517.5,520,13835.24,0
MNTS.US,D,20201015,000000,530,530,518.5,522.5,18477.5,0
MNTS.US,D,20201016,000000,526,532,520.5,530.5,40638.08,0
MNTS.US,D,20201019,000000,536.25,537.5,527.5,535,14715.18,0
MNTS.US,D,20201020,000000,535.5,551,531.525,533.5,33389.2,0
MNTS.US,D,20201021,000000,544.5,548.5,527.5,528,15709.06,0
MNTS.US,D,20201022,000000,536,537,519.87,524,9432.28,0
MNTS.US,D,20201023,000000,525,529.5,517.5,520,9715.32,0
MNTS.US,D,20201026,000000,521,521.075,505,511,15628.4,0
MNTS.US,D,20201027,000000,513,519,511,512.5,3906.38,0
MNTS.US,D,20201028,000000,505,512.5,503,510,13108.92,0
MNTS.US,D,20201029,000000,510,510,504.5,508,9421.8,0
MNTS.US,D,20201030,000000,506.13,507,498.5,505,8134.6,0
MNTS.US,D,20201102,000000,500,509.5,500,503.5,6505.04,0
MNTS.US,D,20201103,000000,505.5,510,502.5,508.5,7634.62,0
MNTS.US,D,20201104,000000,506,512,505,508.5,8620.16,0
MNTS.US,D,20201105,000000,508,512,503.5,512,8497.4,0
MNTS.US,D,20201106,000000,507.5,512,505.5,507.5,3258.34,0
MNTS.US,D,20201109,000000,517.5,525,501,505.5,18267.74,0
MNTS.US,D,20201110,000000,510,510,502.5,506.25,6060.78,0
MNTS.US,D,20201111,000000,508.5,508.5,503.5,504,3941.46,0
MNTS.US,D,20201112,000000,504,507,503,506.5,3745.62,0
MNTS.US,D,20201113,000000,510,518,507.5,517,10400.46,0
MNTS.US,D,20201116,000000,522.24,526.5,517.5,523.5,14073.3,0
MNTS.US,D,20201117,000000,525,526.5,513,525,8939,0
MNTS.US,D,20201118,000000,525,537,522.5,535,12754.24,0
MNTS.US,D,20201119,000000,537,547.5,530,544.5,15354.8,0
MNTS.US,D,20201120,000000,549,559,534.5,538.5,15865.96,0
MNTS.US,D,20201123,000000,538.5,546,534.5,535,11726.44,0
MNTS.US,D,20201124,000000,544.5,545,533.235,537.5,9184.52,0
MNTS.US,D,20201125,000000,537.5,593.5,536,593,47651.9,0
MNTS.US,D,20201127,000000,624.5,692,620,660,79823.34,0
MNTS.US,D,20201130,000000,694.5,719.5,614,667,55840.44,0
MNTS.US,D,20201201,000000,679.5,714.5,620,666,45848.82,0
MNTS.US,D,20201202,000000,625.5,677.5,612.5,675,23621.36,0
MNTS.US,D,20201203,000000,705.5,747.5,685,737.5,40250.92,0
MNTS.US,D,20201204,000000,718,810,715,787.5,31741.42,0
MNTS.US,D,20201207,000000,810,899.5,787.5,832.5,72112.18,0
MNTS.US,D,20201208,000000,842.475,899,823,837,30924.36,0
MNTS.US,D,20201209,000000,882.5,886.995,766,846,30258.28,0
MNTS.US,D,20201210,000000,822.5,855,808,844.5,13848.14,0
MNTS.US,D,20201211,000000,823.5,865,780,825,14620.9,0
MNTS.US,D,20201214,000000,837.5,837.5,780,790.5,15546.98,0
MNTS.US,D,20201215,000000,795,808.5,711.5,719,27308.04,0
MNTS.US,D,20201216,000000,744.805,746.03,725,732.5,9019.52,0
MNTS.US,D,20201217,000000,745,757.5,728.5,755.5,18078.96,0
MNTS.US,D,20201218,000000,749,780,733.5,735.5,14301.68,0
MNTS.US,D,20201221,000000,737.5,875,736,824.5,49657.24,0
MNTS.US,D,20201222,000000,850,912.5,850,887.5,27750.46,0
MNTS.US,D,20201223,000000,917.5,937.5,887.5,912.5,18223.28,0
MNTS.US,D,20201224,000000,935,988.885,930,954,17023.8,0
MNTS.US,D,20201228,000000,967.5,992.5,852.5,940.5,29631.88,0
MNTS.US,D,20201229,000000,906,939.5,840,925.5,34101.84,0
MNTS.US,D,20201230,000000,930.5,947.5,914.5,916,17775.06,0
MNTS.US,D,20201231,000000,937.5,939.5,887.5,898,12015.5,0
MNTS.US,D,20210104,000000,918.5,919.5,840,864.5,24989.8,0
MNTS.US,D,20210105,000000,780,822.5,690,812.5,42221.3,0
MNTS.US,D,20210106,000000,781.5,812.5,755,770,15517.7,0
MNTS.US,D,20210107,000000,783,805,765.5,802.5,20510.76,0
MNTS.US,D,20210108,000000,787.5,822,775,814,14990.22,0
MNTS.US,D,20210111,000000,810,812.5,768,785,16028.02,0
MNTS.US,D,20210112,000000,801,839.5,770,800,18174.7,0
MNTS.US,D,20210113,000000,828.5,903,824.9,853.5,30053.96,0
MNTS.US,D,20210114,000000,1104,1137,1000.5,1079.5,85898.5,0
MNTS.US,D,20210115,000000,1048.23,1075,952.5,1001.5,31757.54,0
MNTS.US,D,20210119,000000,1095.5,1339,1033,1268,73620.38,0
MNTS.US,D,20210120,000000,1180.5,1236.4,1117.5,1220,33461.2,0
MNTS.US,D,20210121,000000,1200,1323.5,1117.5,1313,43840.3,0
MNTS.US,D,20210122,000000,1270.5,1323.5,1202.5,1242.5,23830.2,0
MNTS.US,D,20210125,000000,1200,1246,1149.5,1184,24679.36,0
MNTS.US,D,20210126,000000,1201.5,1236,1103,1137.5,23594.64,0
MNTS.US,D,20210127,000000,1049.08,1115,976.5,1005,35548.84,0
MNTS.US,D,20210128,000000,1050,1170,1015,1134.5,27113.84,0
MNTS.US,D,20210129,000000,1100,1127.77,1016,1045,19336.14,0
MNTS.US,D,20210201,000000,1058.5,1140,1040.5,1113.5,17585.1,0
MNTS.US,D,20210202,000000,1190,1195,1125.5,1173.5,18223.82,0
MNTS.US,D,20210203,000000,1186,1238,1176,1198,16351.46,0
MNTS.US,D,20210204,000000,1237,1325,1202.5,1212.5,25346.2,0
MNTS.US,D,20210205,000000,1225,1277.5,1224.5,1277.5,10004.5,0
MNTS.US,D,20210208,000000,1276,1398.5,1276,1317.5,24694.78,0
MNTS.US,D,20210209,000000,1373,1392.5,1318.5,1371,15381.48,0
MNTS.US,D,20210210,000000,1397,1459,1225,1323,23622.36,0
MNTS.US,D,20210211,000000,1320.06,1369,1228,1285,15375.6,0
MNTS.US,D,20210212,000000,1291,1294,1234.5,1248.5,14280.08,0
MNTS.US,D,20210216,000000,1250,1279.94,1215,1242,10552.86,0
MNTS.US,D,20210217,000000,1225,1249,1155,1207.5,11659.14,0
MNTS.US,D,20210218,000000,1194,1209.5,1125.5,1162.5,13030.26,0
MNTS.US,D,20210219,000000,1179.5,1234.5,1151.5,1160.5,10434.96,0
MNTS.US,D,20210222,000000,1164.5,1210,1142,1151,10871.46,0
MNTS.US,D,20210223,000000,1037.5,1099.5,902.5,1055.5,37396.92,0
MNTS.US,D,20210224,000000,1052,1054.5,946,953,30213.66,0
MNTS.US,D,20210225,000000,951.5,1019.85,877.5,898,33413.02,0
MNTS.US,D,20210226,000000,916,916,787.5,826,42353.84,0
MNTS.US,D,20210301,000000,883.5,1005,861.15,969,31315.58,0
MNTS.US,D,20210302,000000,950.5,1037,887.5,931,39789.68,0
MNTS.US,D,20210303,000000,955.5,955.5,820.5,829.5,20953.32,0
MNTS.US,D,20210304,000000,809,810.5,664.5,703.5,62841.84,0
MNTS.US,D,20210305,000000,701.5,711.5,556,679.5,71770.7,0
MNTS.US,D,20210308,000000,686,714,620,625,25999.98,0
MNTS.US,D,20210309,000000,661,675.5,630,671,29912.48,0
MNTS.US,D,20210310,000000,702,794,675,793.5,37383.34,0
MNTS.US,D,20210311,000000,800,836,775,801.75,30001.04,0
MNTS.US,D,20210312,000000,755.435,799.5,750,779.5,13720.64,0
MNTS.US,D,20210315,000000,790.5,848.5,788,805,21943.56,0
MNTS.US,D,20210316,000000,810,822.495,731,752,13493.64,0
MNTS.US,D,20210317,000000,755,760.305,695,732.5,21725.18,0
MNTS.US,D,20210318,000000,706.5,725,660,667,15172.82,0
MNTS.US,D,20210319,000000,684.92,757.5,632.5,754,24670.04,0
MNTS.US,D,20210322,000000,754,847.495,754,843.5,25847.34,0
MNTS.US,D,20210323,000000,825,838.035,761.5,785,19286.18,0
MNTS.US,D,20210324,000000,805.605,812.5,675.5,682,18372,0
MNTS.US,D,20210325,000000,678,707,640,681,14872.44,0
MNTS.US,D,20210326,000000,690,735,665.5,698.5,14039.84,0
MNTS.US,D,20210329,000000,727.57,768.5,705.5,730,17050.06,0
MNTS.US,D,20210330,000000,715,719,650.5,677,23236.8,0
MNTS.US,D,20210331,000000,689,699.995,661.5,661.5,9402.92,0
MNTS.US,D,20210401,000000,675,690,636.5,656.5,16356.92,0
MNTS.US,D,20210405,000000,660.5,670,616.5,642,19803.86,0
MNTS.US,D,20210406,000000,635.5,645,617.5,630.5,9865.96,0
MNTS.US,D,20210407,000000,627.56,672.5,622,622,12259.1,0
MNTS.US,D,20210408,000000,623,641.25,590,610,21517.62,0
MNTS.US,D,20210409,000000,610.5,615.5,586.5,597.5,11141.24,0
MNTS.US,D,20210412,000000,592.5,594.5,557.5,557.5,13624.44,0
MNTS.US,D,20210413,000000,555.5,572,540,553,12705.92,0
MNTS.US,D,20210414,000000,553,555,530.5,534.5,16354.18,0
MNTS.US,D,20210415,000000,540,550.5,511.505,528,24084.54,0
MNTS.US,D,20210416,000000,525,570.5,520.5,559.5,21461.2,0
MNTS.US,D,20210419,000000,543.5,549,527.5,537,14936.9,0
MNTS.US,D,20210420,000000,526.5,565,522.5,550.5,21020.08,0
MNTS.US,D,20210421,000000,560,627,558.75,612,17090.26,0
MNTS.US,D,20210422,000000,613,614.75,565.5,590,9525.68,0
MNTS.US,D,20210423,000000,580,627,577,613.5,8925.8,0
MNTS.US,D,20210426,000000,624,654.495,608.505,648.5,9828.46,0
MNTS.US,D,20210427,000000,662.5,663,642.5,647.5,7222.34,0
MNTS.US,D,20210428,000000,650,679.5,647.5,665,6051.78,0
MNTS.US,D,20210429,000000,675,677,620,636.5,6517.62,0
MNTS.US,D,20210430,000000,624.61,658.5,624.61,644,3397.4,0
MNTS.US,D,20210503,000000,648,648.5,586,594,9934.72,0
MNTS.US,D,20210504,000000,576,594.95,540,554,22895.86,0
MNTS.US,D,20210505,000000,552.5,575.5,535.5,550,9166.84,0
MNTS.US,D,20210506,000000,542.5,582.5,530.5,553.5,14260.32,0
MNTS.US,D,20210507,000000,551.5,571.965,532,537,8760.34,0
MNTS.US,D,20210510,000000,538,544.4,518,538.5,10118,0
MNTS.US,D,20210511,000000,507.5,533,507.5,520,16323.82,0
MNTS.US,D,20210512,000000,525,529.5,513,518,9379.1,0
MNTS.US,D,20210513,000000,520,562.5,510,515,15131.06,0
MNTS.US,D,20210514,000000,530,565.495,525,543.5,9522.66,0
MNTS.US,D,20210517,000000,549.5,553,539.5,546.5,3113.38,0
MNTS.US,D,20210518,000000,556,579.985,536,567,9376.32,0
MNTS.US,D,20210519,000000,582.915,597.5,555.47,572.5,7606.36,0
MNTS.US,D,20210520,000000,589,612.5,572.5,608.5,6123.92,0
MNTS.US,D,20210521,000000,624,624,592,601.5,5062.86,0
MNTS.US,D,20210524,000000,618,618.585,518,521,27051.06,0
MNTS.US,D,20210525,000000,513,519.5,502.5,508.5,19003.12,0
MNTS.US,D,20210526,000000,509,531.5,503,525,10523.14,0
MNTS.US,D,20210527,000000,533.44,549,531,535.5,6623.56,0
MNTS.US,D,20210528,000000,546,546,520,525,7279.82,0
MNTS.US,D,20210601,000000,531.5,544.5,525,540,4321.94,0
MNTS.US,D,20210602,000000,553.5,562,540.5,558.5,4218.3,0
MNTS.US,D,20210603,000000,560,598,545,586,7419.98,0
MNTS.US,D,20210604,000000,580,582,550,563.5,5391.12,0
MNTS.US,D,20210607,000000,563.5,571,542,553,5586.62,0
MNTS.US,D,20210608,000000,560,631.5,545.5,598.5,11949.74,0
MNTS.US,D,20210609,000000,625,631.5,584.95,609,10164.36,0
MNTS.US,D,20210610,000000,633.3,674.5,622.005,657.5,17424.16,0
MNTS.US,D,20210611,000000,659.5,664.5,628,643.5,5121.64,0
MNTS.US,D,20210614,000000,640,645,606,611,4165.06,0
MNTS.US,D,20210615,000000,609,615,590,601,6188.98,0
MNTS.US,D,20210616,000000,599.5,607.995,575,590.5,4045.1,0
MNTS.US,D,20210617,000000,596,603.935,576.63,585,6248.74,0
MNTS.US,D,20210618,000000,590,599.5,555.5,578.5,5016.88,0
MNTS.US,D,20210621,000000,580,599.5,568.5,579,3535.8,0
MNTS.US,D,20210622,000000,588.5,588.5,570,578.5,2464.82,0
MNTS.US,D,20210623,000000,577,615,575.5,580.5,4808.28,0
MNTS.US,D,20210624,000000,591.5,605,585.005,602.5,6592.18,0
MNTS.US,D,20210625,000000,613.39,654,585,650.5,14199.9,0
MNTS.US,D,20210628,000000,652.5,660,625.87,636,5505.2,0
MNTS.US,D,20210629,000000,635.5,674.5,622,667,9740.88,0
MNTS.US,D,20210630,000000,695,718,672.5,698.5,23015.68,0
MNTS.US,D,20210701,000000,685,697.5,643,680.5,9007.96,0
MNTS.US,D,20210702,000000,680.5,734.5,671.5,703.5,14560.96,0
MNTS.US,D,20210706,000000,700,722.25,684,686.5,7307.5,0
MNTS.US,D,20210707,000000,682,698,632.5,679,10700.7,0
MNTS.US,D,20210708,000000,642.5,657.5,639,640,9983.6,0
MNTS.US,D,20210709,000000,638,642.75,615.5,620.5,6189.94,0
MNTS.US,D,20210712,000000,630.5,648.495,623.5,624.5,5911.58,0
MNTS.US,D,20210713,000000,615.5,624.5,583.5,594,18262.12,0
MNTS.US,D,20210714,000000,534,573.975,529,533,51101,0
MNTS.US,D,20210715,000000,538,545.5,512,519,25439.04,0
MNTS.US,D,20210716,000000,520.5,530,513.5,524.5,11391.86,0
MNTS.US,D,20210719,000000,524.5,556,512.5,545,9553.36,0
MNTS.US,D,20210720,000000,545,555,517,521.5,10179.2,0
MNTS.US,D,20210721,000000,523,532.5,512.5,516.5,7772.24,0
MNTS.US,D,20210722,000000,520.5,525.005,512,514.5,5765.98,0
MNTS.US,D,20210723,000000,515,519.485,505,509.5,10972.98,0
MNTS.US,D,20210726,000000,505.5,515,503,506,9493.26,0
MNTS.US,D,20210727,000000,502,506,500,501,11267.18,0
MNTS.US,D,20210728,000000,505,505,499.5,502.5,11314.72,0
MNTS.US,D,20210729,000000,502.5,505.5,500,502.5,5748.3,0
MNTS.US,D,20210730,000000,500,501,499.5,500,6644.88,0
MNTS.US,D,20210802,000000,500,500.5,499.5,500.5,10908.68,0
MNTS.US,D,20210803,000000,499.5,501,499.5,501,11791.3,0
MNTS.US,D,20210804,000000,501.5,501.5,500,501,8957.86,0
MNTS.US,D,20210805,000000,500,501.5,500,501,10759.82,0
MNTS.US,D,20210806,000000,500,500,462.5,475.5,24417.56,0
MNTS.US,D,20210809,000000,477.5,505,473.005,502,6263.02,0
MNTS.US,D,20210810,000000,507,529.005,494.5,523.5,8066.72,0
MNTS.US,D,20210811,000000,515.5,516,505,510,5861.18,0
MNTS.US,D,20210812,000000,510.5,562.5,510.295,548.5,11842.22,0
MNTS.US,D,20210813,000000,542.5,550,480,534,7436,0
MNTS.US,D,20210816,000000,529,545,445.5,453,13587.26,0
MNTS.US,D,20210817,000000,439,488.995,434.5,483.5,9664.06,0
MNTS.US,D,20210818,000000,477,489.5,440.5,441,6401.26,0
MNTS.US,D,20210819,000000,429,455.5,429,431,5973.5,0
MNTS.US,D,20210820,000000,441,452.5,425.25,426,5757.88,0
MNTS.US,D,20210823,000000,426,446,421.505,426,6275.9,0
MNTS.US,D,20210824,000000,431,445,411,418.5,7965.48,0
MNTS.US,D,20210825,000000,449,486,440,449.5,18814.98,0
MNTS.US,D,20210826,000000,459,471.435,440.5,458.5,5973.08,0
MNTS.US,D,20210827,000000,465.5,493.92,460,477.5,7157.86,0
MNTS.US,D,20210830,000000,485.5,489.925,457.5,467,6634.92,0
MNTS.US,D,20210831,000000,471.5,526.5,467.505,515.5,8005.68,0
MNTS.US,D,20210901,000000,510,540,503.095,528,5977.06,0
MNTS.US,D,20210902,000000,528,585,527.5,579.5,9697.22,0
MNTS.US,D,20210903,000000,577.5,611,558,600,13857.38,0
MNTS.US,D,20210907,000000,601.5,643.5,582,593.5,22889.4,0
MNTS.US,D,20210908,000000,600,612.5,542,551.5,12951.22,0
MNTS.US,D,20210909,000000,553,586.5,543.5,545.5,9733.74,0
MNTS.US,D,20210910,000000,544.5,571,515.5,543.5,9208.82,0
MNTS.US,D,20210913,000000,537,541,505,512.5,7711.68,0
MNTS.US,D,20210914,000000,509.5,520,470,473.5,11874.54,0
MNTS.US,D,20210915,000000,450.5,524,450,498,9602.86,0
MNTS.US,D,20210916,000000,496.5,531.5,485.53,513.5,9148.28,0
MNTS.US,D,20210917,000000,521,552.5,511,552.5,43551.54,0
MNTS.US,D,20210920,000000,526.5,572.5,521,566,9292.78,0
MNTS.US,D,20210921,000000,565.5,595,561,580,18157.12,0
MNTS.US,D,20210922,000000,597.5,640,587.5,612,35233.62,0
MNTS.US,D,20210923,000000,625.5,626.665,602.5,612.5,12721.52,0
MNTS.US,D,20210924,000000,612.5,612.5,555.5,561.5,8608.04,0
MNTS.US,D,20210927,000000,572,572.5,535,555.5,5617.94,0
MNTS.US,D,20210928,000000,553,564.5,545,553.5,5755.14,0
MNTS.US,D,20210929,000000,567.58,571.195,525.5,545.5,8254.04,0
MNTS.US,D,20210930,000000,550,562,525,530,6046.38,0
MNTS.US,D,20211001,000000,529,562,520.5,534.5,7358.24,0
MNTS.US,D,20211004,000000,534,534,505,505.5,3191.44,0
MNTS.US,D,20211005,000000,508.5,517,505,512.5,2930.82,0
MNTS.US,D,20211006,000000,505,520,504.05,516.5,2569.56,0
MNTS.US,D,20211007,000000,524.5,539,516,534,7244.44,0
MNTS.US,D,20211008,000000,532,569,532,560,8489,0
MNTS.US,D,20211011,000000,556.5,566.5,550,554,3220.16,0
MNTS.US,D,20211012,000000,555.5,570,550.5,556,6726.2,0
MNTS.US,D,20211013,000000,547.5,570.5,544,569.5,5669.14,0
MNTS.US,D,20211014,000000,571.5,577.5,547,551,3786.06,0
MNTS.US,D,20211015,000000,559.5,563,525.5,531.5,4556.1,0
MNTS.US,D,20211018,000000,525,544.99,516.5,525,5137.36,0
MNTS.US,D,20211019,000000,527,542.5,526,537.5,3276.2,0
MNTS.US,D,20211020,000000,537.5,553.5,526.5,544.5,4519.92,0
MNTS.US,D,20211021,000000,545,556,538.5,544.5,3015.46,0
MNTS.US,D,20211022,000000,547.5,553.5,540,547,2809.66,0
MNTS.US,D,20211025,000000,554.5,554.5,528,539.5,6165.64,0
MNTS.US,D,20211026,000000,535.5,539.5,526.5,530.5,4655.76,0
MNTS.US,D,20211027,000000,525,537.5,523.5,528,3015.2,0
MNTS.US,D,20211028,000000,509,557,507.5,532,6731.64,0
MNTS.US,D,20211029,000000,533,553,527.315,539.5,9148.36,0
MNTS.US,D,20211101,000000,537.5,570,536,568.5,6192.16,0
MNTS.US,D,20211102,000000,568.5,585,556,568,7979.06,0
MNTS.US,D,20211103,000000,566.5,589.5,561.5,582.5,5793.84,0
MNTS.US,D,20211104,000000,585.5,586.75,574,580,6596.76,0
MNTS.US,D,20211105,000000,575,583,548.05,558.5,5640.3,0
MNTS.US,D,20211108,000000,560,560,536.5,545.5,4871.64,0
MNTS.US,D,20211109,000000,558,570.465,544,550.5,5212.86,0
MNTS.US,D,20211110,000000,542.5,568,532,532.5,9136.98,0
MNTS.US,D,20211111,000000,530,538,520.5,526.5,7391.06,0
MNTS.US,D,20211112,000000,525.5,554,525.5,534.5,7536.86,0
MNTS.US,D,20211115,000000,537.5,546.935,526,539,5104.5,0
MNTS.US,D,20211116,000000,534,536,508.5,519.5,9716.8,0
MNTS.US,D,20211117,000000,514.5,519,490.5,493,11201.46,0
MNTS.US,D,20211118,000000,490,493,465,474.5,8855.56,0
MNTS.US,D,20211119,000000,471,475,409.5,414,15632.26,0
MNTS.US,D,20211122,000000,418.62,418.62,400,407,14766.78,0
MNTS.US,D,20211123,000000,378,397.5,330,344,27908.58,0
MNTS.US,D,20211124,000000,357.5,382.5,344.5,377.5,13330.78,0
MNTS.US,D,20211126,000000,362.5,395.49,362.5,376.5,7405.84,0
MNTS.US,D,20211129,000000,376.5,384.5,340.575,357,12809.24,0
MNTS.US,D,20211130,000000,349.5,361,327,344.5,25348,0
MNTS.US,D,20211201,000000,352,369.5,318.505,323.5,14240.52,0
MNTS.US,D,20211202,000000,322,328.03,296.5,309,13647.68,0
MNTS.US,D,20211203,000000,310,322.45,263,277.5,22442.94,0
MNTS.US,D,20211206,000000,282,293,262.5,279.5,20020.46,0
MNTS.US,D,20211207,000000,286.5,306,283,299,14114.26,0
MNTS.US,D,20211208,000000,302,305,290.5,300,7531.48,0
MNTS.US,D,20211209,000000,302,304.4,281.5,291.5,6690.04,0
MNTS.US,D,20211210,000000,289,299.5,283.5,286.5,4743.46,0
MNTS.US,D,20211213,000000,282,285,252.5,255,14618.98,0
MNTS.US,D,20211214,000000,256.5,262.75,244.5,248,13524.42,0
MNTS.US,D,20211215,000000,252.5,261.38,242,249,14313.12,0
MNTS.US,D,20211216,000000,253,259,243,243,11311.54,0
MNTS.US,D,20211217,000000,244.25,248.5,222.5,245.5,18002.56,0
MNTS.US,D,20211220,000000,237,239.5,227.5,231.5,11285.94,0
MNTS.US,D,20211221,000000,233.5,247,233.5,239,8274.48,0
MNTS.US,D,20211222,000000,240,243.5,227.5,235.5,8101.94,0
MNTS.US,D,20211223,000000,235.5,240.5,229,235.5,5696.02,0
MNTS.US,D,20211227,000000,235.5,236,220.5,229.5,10103.42,0
MNTS.US,D,20211228,000000,226.5,230,218.625,219,9839.48,0
MNTS.US,D,20211229,000000,217,219,205.505,209,10513.06,0
MNTS.US,D,20211230,000000,210,216.5,206,209,14877.24,0
MNTS.US,D,20211231,000000,207.5,217.5,204.5,209,13929.62,0
MNTS.US,D,20220103,000000,214,217.29,203,208.5,7973.98,0
MNTS.US,D,20220104,000000,209,210.5,187.5,189,14119.6,0
MNTS.US,D,20220105,000000,193,201.5,191,192.5,12457.74,0
MNTS.US,D,20220106,000000,192.5,199,182.75,185.5,8367.76,0
MNTS.US,D,20220107,000000,186,205.99,184.5,200,10795.78,0
MNTS.US,D,20220110,000000,204.5,204.5,184,194,16512.72,0
MNTS.US,D,20220111,000000,198,208.5,192.5,200,13156.66,0
MNTS.US,D,20220112,000000,212.5,215.995,200,215,18325.84,0
MNTS.US,D,20220113,000000,215,218.5,204.5,206.5,7893.04,0
MNTS.US,D,20220114,000000,201,214,198.5,213,7875.64,0
MNTS.US,D,20220118,000000,212.5,212.5,200,202,7259.2,0
MNTS.US,D,20220119,000000,201.5,202.5,188.5,191.5,13258.68,0
MNTS.US,D,20220120,000000,192.5,203.5,189,190,6066.52,0
MNTS.US,D,20220121,000000,191.5,192,171,173,11950.2,0
MNTS.US,D,20220124,000000,168.5,176.5,144,169.5,17292.9,0
MNTS.US,D,20220125,000000,169,175,164,171.5,5242.6,0
MNTS.US,D,20220126,000000,177,209,174,180.5,35101.62,0
MNTS.US,D,20220127,000000,180,184.065,156.005,156.5,8356.58,0
MNTS.US,D,20220128,000000,157.5,159.5,144,151.5,11986.16,0
MNTS.US,D,20220131,000000,148,182,147.5,180,8671.58,0
MNTS.US,D,20220201,000000,187.5,193.495,173,178.5,9014.46,0
MNTS.US,D,20220202,000000,180.5,180.5,169.055,177.5,7098.3,0
MNTS.US,D,20220203,000000,175,185,171,181.5,4820.18,0
MNTS.US,D,20220204,000000,182.5,197,178.5,195,6000.32,0
MNTS.US,D,20220207,000000,196.5,202,195,196.5,6070.4,0
MNTS.US,D,20220208,000000,195.5,198.5,187.25,194.5,5436.8,0
MNTS.US,D,20220209,000000,197.5,220,195,216.5,10243.58,0
MNTS.US,D,20220210,000000,216,225.5,202.5,204.5,10838.9,0
MNTS.US,D,20220211,000000,203,205.495,181.5,183,8662.08,0
MNTS.US,D,20220214,000000,181,183,149.5,150,26408.34,0
MNTS.US,D,20220215,000000,156.5,160,147.5,149,24393.6,0
MNTS.US,D,20220216,000000,149.5,149.5,129,133.5,38683.36,0
MNTS.US,D,20220217,000000,129,134.5,114.5,116,27169,0
MNTS.US,D,20220218,000000,115,122.75,114.5,114.5,22672.16,0
MNTS.US,D,20220222,000000,112,114,100,109.5,17407.06,0
MNTS.US,D,20220223,000000,109.5,113,107,107,18301.3,0
MNTS.US,D,20220224,000000,98,113.42,98,112.5,25055.82,0
MNTS.US,D,20220225,000000,113,115.5,104.5,112.5,19761.56,0
MNTS.US,D,20220228,000000,118,122.5,112.5,115,31173.18,0
MNTS.US,D,20220301,000000,120,126.48,115.5,116.5,14537.9,0
MNTS.US,D,20220302,000000,117,117,104.25,110,19857.08,0
MNTS.US,D,20220303,000000,112,112,105,110,11172,0
MNTS.US,D,20220304,000000,109,110,107,110,12492.76,0
MNTS.US,D,20220307,000000,110,113.9,105.5,105.5,11813.08,0
MNTS.US,D,20220308,000000,105,111.5,101.5,106.5,13101.14,0
MNTS.US,D,20220309,000000,116,123,108.5,116,21377.12,0
MNTS.US,D,20220310,000000,113.5,115,107,110,18143.6,0
MNTS.US,D,20220311,000000,110.5,110.5,99.5,100,15500.56,0
MNTS.US,D,20220314,000000,100,100,92.5,95.5,14076.76,0
MNTS.US,D,20220315,000000,96.5,104,95,100,11201.44,0
MNTS.US,D,20220316,000000,104,107,97,106.5,21988.42,0
MNTS.US,D,20220317,000000,106,125.5,105,125.5,24574.34,0
MNTS.US,D,20220318,000000,124,131.25,118.5,130,25665.3,0
MNTS.US,D,20220321,000000,132,133,123.5,127,20727.64,0
MNTS.US,D,20220322,000000,129.5,143.5,127,139.5,24685.26,0
MNTS.US,D,20220323,000000,140,143,132.5,138.5,12450.88,0
MNTS.US,D,20220324,000000,143,150,139.5,150,12885.04,0
MNTS.US,D,20220325,000000,156.5,156.5,143.5,151,14920.12,0
MNTS.US,D,20220328,000000,152,157,139,140,14523.64,0
MNTS.US,D,20220329,000000,143,150,137.25,147,17203.24,0
MNTS.US,D,20220330,000000,149.5,158.5,145.75,152.5,11224.44,0
MNTS.US,D,20220331,000000,151.5,160,150,159.5,9632.22,0
MNTS.US,D,20220401,000000,159,163.995,154.285,157.5,10313.16,0
MNTS.US,D,20220404,000000,158.5,168.5,155.5,164,12198.86,0
MNTS.US,D,20220405,000000,165,166.5,149,150.5,8433.28,0
MNTS.US,D,20220406,000000,150,150,141.505,147.5,5428.74,0
MNTS.US,D,20220407,000000,199,237,188.5,219.5,3866240.58,0
MNTS.US,D,20220408,000000,212.5,225,186,200.5,460373.04,0
MNTS.US,D,20220411,000000,198,219.5,190,197,126806.84,0
MNTS.US,D,20220412,000000,197.5,199,171.25,175,64294.2,0
MNTS.US,D,20220413,000000,170.25,204.5,170,188.5,52237.02,0
MNTS.US,D,20220414,000000,185,189.5,171,173,22643.9,0
MNTS.US,D,20220418,000000,174.75,174.75,160,161.5,14686,0
MNTS.US,D,20220419,000000,165,173,158,168,15209.22,0
MNTS.US,D,20220420,000000,167.75,171.25,162.5,167.5,12918.16,0
MNTS.US,D,20220421,000000,168.5,174,152,155.5,19556.64,0
MNTS.US,D,20220422,000000,152.5,159.5,147.5,151,11703.8,0
MNTS.US,D,20220425,000000,150,157.5,147,153,13187.42,0
MNTS.US,D,20220426,000000,151.5,154,136.5,137.5,20628.24,0
MNTS.US,D,20220427,000000,139.5,146,135.25,138,16890.98,0
MNTS.US,D,20220428,000000,142.1,154,133.75,153.5,20890.54,0
MNTS.US,D,20220429,000000,154,155.25,138,140,22100.44,0
MNTS.US,D,20220502,000000,144.5,148,137.5,148,16213.52,0
MNTS.US,D,20220503,000000,149.5,149.5,133,134.5,24498.82,0
MNTS.US,D,20220504,000000,136.5,142,127.5,141.5,12545.24,0
MNTS.US,D,20220505,000000,137,142,134.11,141.5,11207.4,0
MNTS.US,D,20220506,000000,141,150,132.5,147.5,21160.54,0
MNTS.US,D,20220509,000000,146.5,151.5,130.25,130.5,19361.96,0
MNTS.US,D,20220510,000000,131.5,135,123.5,124.5,19638.58,0
MNTS.US,D,20220511,000000,127,127.5,117.5,117.5,24248.22,0
MNTS.US,D,20220512,000000,110,120.5,106,117.5,31003.34,0
MNTS.US,D,20220513,000000,117.5,147,117.5,146.5,23906.7,0
MNTS.US,D,20220516,000000,142,146,131.75,133,11418.08,0
MNTS.US,D,20220517,000000,137.5,139.5,131,138,10203.04,0
MNTS.US,D,20220518,000000,137.5,142.5,130,134.5,14310.82,0
MNTS.US,D,20220519,000000,134.5,142.5,132,139.5,15591.88,0
MNTS.US,D,20220520,000000,147.5,155.385,135.25,145,20118.84,0
MNTS.US,D,20220523,000000,146.5,150,136,141,17290.46,0
MNTS.US,D,20220524,000000,137,141,127,127.5,10458.38,0
MNTS.US,D,20220525,000000,129,137,121,135.5,17637.62,0
MNTS.US,D,20220526,000000,139,146.5,135.5,144,10684.2,0
MNTS.US,D,20220527,000000,144.5,163.75,140,158,17394.96,0
MNTS.US,D,20220531,000000,164,164,144.5,145,30738.72,0
MNTS.US,D,20220601,000000,144,162,142.5,160.5,16867.78,0
MNTS.US,D,20220602,000000,159,167,156.75,167,14388.74,0
MNTS.US,D,20220603,000000,164.5,174,160.5,173,10326.68,0
MNTS.US,D,20220606,000000,178.5,192,178.5,186.5,29337.16,0
MNTS.US,D,20220607,000000,187.5,187.5,171,179,18394.28,0
MNTS.US,D,20220608,000000,176,183.75,157.75,160.5,14462.08,0
MNTS.US,D,20220609,000000,160,160,151.5,154,10755.06,0
MNTS.US,D,20220610,000000,149,153,137.75,139,14822.3,0
MNTS.US,D,20220613,000000,128.5,133,116,116.5,14959.9,0
MNTS.US,D,20220614,000000,116.5,118.5,106,114,19318.32,0
MNTS.US,D,20220615,000000,115.5,122.25,114,118,12710.5,0
MNTS.US,D,20220616,000000,116.5,121.5,114,115.5,14487.74,0
MNTS.US,D,20220617,000000,117,142.5,116,130.5,25274.58,0
MNTS.US,D,20220621,000000,130.5,152,130.5,140,28325.88,0
MNTS.US,D,20220622,000000,137.5,150.5,136,137.5,17460.46,0
MNTS.US,D,20220623,000000,137.5,144.75,134,138,16328.2,0
MNTS.US,D,20220624,000000,137,140,120,123,131339.02,0
MNTS.US,D,20220627,000000,121,121.25,100,102,39961.42,0
MNTS.US,D,20220628,000000,105.5,107.25,103,105,24146.2,0
MNTS.US,D,20220629,000000,103,103.5,95,98,17444.74,0
MNTS.US,D,20220630,000000,98,110.99,96.75,108,23094.24,0
MNTS.US,D,20220701,000000,108.5,111.75,104.25,108,10028.2,0
MNTS.US,D,20220705,000000,103.5,103.5,97,102.5,12858.18,0
MNTS.US,D,20220706,000000,105,106.5,95,100,12697.7,0
MNTS.US,D,20220707,000000,100,108.295,100,102,12274.62,0
MNTS.US,D,20220708,000000,102.5,104.5,97.5,100.5,11338.66,0
MNTS.US,D,20220711,000000,100,100,90,90.5,15206.98,0
MNTS.US,D,20220712,000000,92.5,97.5,91.425,95,6497.9,0
MNTS.US,D,20220713,000000,95,101.5,92.75,101,8891.32,0
MNTS.US,D,20220714,000000,98,100,93,94,9597.54,0
MNTS.US,D,20220715,000000,97.5,98,90,96,12109.7,0
MNTS.US,D,20220718,000000,97.6,104.5,97,98,8436.28,0
MNTS.US,D,20220719,000000,100.5,108,100,107,9722.22,0
MNTS.US,D,20220720,000000,105.5,112,104.25,105,20208.28,0
MNTS.US,D,20220721,000000,105,105.5,97.5,99,15953.22,0
MNTS.US,D,20220722,000000,98.5,100,91.5,94,10692.12,0
MNTS.US,D,20220725,000000,93,95,90.5,91.5,9050.4,0
MNTS.US,D,20220726,000000,90,92,84.5,84.5,15484.86,0
MNTS.US,D,20220727,000000,87.5,88,80.5,82.5,12632.04,0
MNTS.US,D,20220728,000000,84,87.5,80.5,87,16667.8,0
MNTS.US,D,20220729,000000,88.5,90,85.5,88,7646.06,0
MNTS.US,D,20220801,000000,86.5,91.5,83,88.5,8266.56,0
MNTS.US,D,20220802,000000,88.5,103.25,88.5,98.5,16541.58,0
MNTS.US,D,20220803,000000,100.5,101.25,95.5,99,6778.42,0
MNTS.US,D,20220804,000000,99,108.5,99,107.5,10190.5,0
MNTS.US,D,20220805,000000,104.5,109.85,104,106.5,7704.62,0
MNTS.US,D,20220808,000000,106.5,114.485,99.5,103,22816.1,0
MNTS.US,D,20220809,000000,103,105.5,99,101,11713.18,0
MNTS.US,D,20220810,000000,104.5,112.44,102,106.5,20738.56,0
MNTS.US,D,20220811,000000,109,127,100,109,30260.64,0
MNTS.US,D,20220812,000000,113.5,125.5,107.495,125,17017.6,0
MNTS.US,D,20220815,000000,125,130,112.5,116.5,14572.38,0
MNTS.US,D,20220816,000000,114,120.5,110.5,117.5,10492.3,0
MNTS.US,D,20220817,000000,116,116,101,102.5,17325.66,0
MNTS.US,D,20220818,000000,107,107,101,105,7712.52,0
MNTS.US,D,20220819,000000,102.5,103,98.5,100.5,9065.16,0
MNTS.US,D,20220822,000000,98,101,91.5,94,12076.22,0
MNTS.US,D,20220823,000000,93.5,97.5,91.5,96,6534.5,0
MNTS.US,D,20220824,000000,94.5,100.5,94.5,96.5,4819.12,0
MNTS.US,D,20220825,000000,96.5,102.5,96.5,99,6800.16,0
MNTS.US,D,20220826,000000,99.5,99.5,93,95,9348.04,0
MNTS.US,D,20220829,000000,93.5,96,90.5,91.5,8949.72,0
MNTS.US,D,20220830,000000,93.5,93.5,86.5,87.5,8274.62,0
MNTS.US,D,20220831,000000,88,92.75,87.5,88.5,4853.08,0
MNTS.US,D,20220901,000000,87.5,88.5,85,85.5,6014.28,0
MNTS.US,D,20220902,000000,85,88.5,83.445,85.5,4344.58,0
MNTS.US,D,20220906,000000,86.5,87.495,84,85.5,5790.18,0
MNTS.US,D,20220907,000000,85.5,90,84.75,88,4541.96,0
MNTS.US,D,20220908,000000,85,90,85,87,5977.32,0
MNTS.US,D,20220909,000000,88,92.25,86,87,7533.28,0
MNTS.US,D,20220912,000000,88.5,92.5,86.5,88,4239.46,0
MNTS.US,D,20220913,000000,85,87.5,80.5,81,8498.4,0
MNTS.US,D,20220914,000000,83,83.25,78,79,11395.46,0
MNTS.US,D,20220915,000000,78.5,82,77.5,78,8622.02,0
MNTS.US,D,20220916,000000,76.5,79,75,78.5,11440.34,0
MNTS.US,D,20220919,000000,76.5,79,75,78,6212.5,0
MNTS.US,D,20220920,000000,77,82.495,77,80,12076.86,0
MNTS.US,D,20220921,000000,82,84.5,79.92,81,7421.66,0
MNTS.US,D,20220922,000000,79.5,80.995,75.5,77.5,4012.06,0
MNTS.US,D,20220923,000000,75,77,72.25,75.5,7242.72,0
MNTS.US,D,20220926,000000,74.5,78.5,70.5,71,7392.5,0
MNTS.US,D,20220927,000000,71.5,74.5,68,70,5264.44,0
MNTS.US,D,20220928,000000,69,76,68.5,75,6386.08,0
MNTS.US,D,20220929,000000,73.5,73.505,67.5,68,3967.16,0
MNTS.US,D,20220930,000000,69,70.995,68,68.5,2821.64,0
MNTS.US,D,20221003,000000,69.5,69.5,65.5,68.5,5419.46,0
MNTS.US,D,20221004,000000,71,75.5,70,73.5,7993.66,0
MNTS.US,D,20221005,000000,75,75,67.5,70,5457.8,0
MNTS.US,D,20221006,000000,70,72.5,67,68,5225.44,0
MNTS.US,D,20221007,000000,68,69.04,66,67,4016.08,0
MNTS.US,D,20221010,000000,67,67,64,64.5,3932.14,0
MNTS.US,D,20221011,000000,63.5,63.5,59.5,60.5,5473.72,0
MNTS.US,D,20221012,000000,61,61,55.695,57.5,6540.54,0
MNTS.US,D,20221013,000000,54,60,53.5,59,6283.46,0
MNTS.US,D,20221014,000000,59,60,55.5,57,3853.76,0
MNTS.US,D,20221017,000000,58,60,56,56.5,5662.08,0
MNTS.US,D,20221018,000000,60,60,57,59.5,4349.28,0
MNTS.US,D,20221019,000000,60,60.5,57.5,59.5,3768.62,0
MNTS.US,D,20221020,000000,59.5,64.5,56,58,8561.94,0
MNTS.US,D,20221021,000000,58.5,60,56.1,57.5,5728.5,0
MNTS.US,D,20221024,000000,59,59.5,53.5,57.5,5974.32,0
MNTS.US,D,20221025,000000,59,59.5,57.5,59,7406.12,0
MNTS.US,D,20221026,000000,58.5,63.75,58.25,61,7458,0
MNTS.US,D,20221027,000000,61,65,60.5,64.5,3915.86,0
MNTS.US,D,20221028,000000,65,69.5,62.5,69,4816.72,0
MNTS.US,D,20221031,000000,71,74,67.505,73,6189.22,0
MNTS.US,D,20221101,000000,75,78.43,72,75,7117.4,0
MNTS.US,D,20221102,000000,76,77,67.5,68.5,4300.14,0
MNTS.US,D,20221103,000000,69,72,67.94,69.5,2416.5,0
MNTS.US,D,20221104,000000,70,70.545,66,69,5362.26,0
MNTS.US,D,20221107,000000,69.5,74,68.5,71.5,5295.24,0
MNTS.US,D,20221108,000000,72,72,64,65,4555.5,0
MNTS.US,D,20221109,000000,69.5,69.5,61.75,62,2919.14,0
MNTS.US,D,20221110,000000,64,68.955,62.89,67,4128.5,0
MNTS.US,D,20221111,000000,65,72.06,64.005,70.5,4827.44,0
MNTS.US,D,20221114,000000,70,72.5,69,70,2853.68,0
MNTS.US,D,20221115,000000,72,76.5,70,73.5,6045.4,0
MNTS.US,D,20221116,000000,72.5,73.245,65.5,66.5,3832.96,0
MNTS.US,D,20221117,000000,65,66.5,63.5,63.75,3077.94,0
MNTS.US,D,20221118,000000,66,66,60.5,61.5,6758.6,0
MNTS.US,D,20221121,000000,61,62.5,57.5,58.5,4234.94,0
MNTS.US,D,20221122,000000,57.5,58.5,56,58,9549.4,0
MNTS.US,D,20221123,000000,57.5,61.5,57.5,60.5,2977.26,0
MNTS.US,D,20221125,000000,62,62,57.5,60,2446.28,0
MNTS.US,D,20221128,000000,60,60.5,53.5,54,7279.3,0
MNTS.US,D,20221129,000000,54.5,56.5,53,53.5,7131.48,0
MNTS.US,D,20221130,000000,54.5,55.5,53,54,4316.46,0
MNTS.US,D,20221201,000000,54.5,57.5,53,56,4393.3,0
MNTS.US,D,20221202,000000,54.5,59.5,53,55,13171.8,0
MNTS.US,D,20221205,000000,55,56.5,54,55.5,3730.94,0
MNTS.US,D,20221206,000000,55.5,56,51,53,7442.34,0
MNTS.US,D,20221207,000000,52,54,51,51,5059.68,0
MNTS.US,D,20221208,000000,52,53.445,50,52,4200.22,0
MNTS.US,D,20221209,000000,53.5,54,50,50.5,4236.18,0
MNTS.US,D,20221212,000000,50.5,51.5,47.26,47.575,6780.96,0
MNTS.US,D,20221213,000000,51,53.5,48,48.735,7797.38,0
MNTS.US,D,20221214,000000,49,49.995,44.655,45.005,13888.12,0
MNTS.US,D,20221215,000000,44.92,47.25,43.5,44.06,5497.62,0
MNTS.US,D,20221216,000000,43.55,45,40.525,41.84,13522.88,0
MNTS.US,D,20221219,000000,42,43.395,36.7975,39.885,10005.1,0
MNTS.US,D,20221220,000000,40,45.125,38.5,42.87,6431.44,0
MNTS.US,D,20221221,000000,42.5,47.5,42,42.445,4878.44,0
MNTS.US,D,20221222,000000,45,45,37.76,40.815,5646.42,0
MNTS.US,D,20221223,000000,40.595,42,39,39.66,3519.3,0
MNTS.US,D,20221227,000000,38.5,40,36,36.725,9969.52,0
MNTS.US,D,20221228,000000,36.15,37.46,35,36.245,6148.82,0
MNTS.US,D,20221229,000000,35.5,41.5,35.5,41.44,7500.68,0
MNTS.US,D,20221230,000000,40,45.205,37.5,38.995,10392.48,0
MNTS.US,D,20230103,000000,42,44.5,38.625,43.445,8678.44,0
MNTS.US,D,20230104,000000,42.6,49,40.085,48,29862.68,0
MNTS.US,D,20230105,000000,48,48.16,43,45.205,5981.78,0
MNTS.US,D,20230106,000000,44.5,44.585,41,42.375,8235,0
MNTS.US,D,20230109,000000,43.585,47.15,43.585,45.605,7724.24,0
MNTS.US,D,20230110,000000,45.835,46.855,43.445,44.445,5372.86,0
MNTS.US,D,20230111,000000,46.5,47.21,44,45.305,5232.76,0
MNTS.US,D,20230112,000000,46,79.5,45.5,57,269818.22,0
MNTS.US,D,20230113,000000,53,59,51,59,30977.24,0
MNTS.US,D,20230117,000000,59.5,66.5,54.5,56.5,48877.9,0
MNTS.US,D,20230118,000000,57,58.5,43.755,44.49,54709.54,0
MNTS.US,D,20230119,000000,47.5,49.5,43.5,46.065,21819.66,0
MNTS.US,D,20230120,000000,48.325,48.6,45.445,45.755,11679.22,0
MNTS.US,D,20230123,000000,45.795,47.5,44.04,46.97,11588.88,0
MNTS.US,D,20230124,000000,47.175,47.5,44.76,45.785,5400.68,0
MNTS.US,D,20230125,000000,45.09,46.45,42.5,43.22,10590.26,0
MNTS.US,D,20230126,000000,43.5,44.5,40.5,41.04,8990.7,0
MNTS.US,D,20230127,000000,42.525,47.7,41,45.155,12133.06,0
MNTS.US,D,20230130,000000,45.3,46,42.5,42.655,6455.98,0
MNTS.US,D,20230131,000000,44.58,48.365,43.215,45.25,11377.82,0
MNTS.US,D,20230201,000000,45.25,47.5,43.5,45.96,5937.1,0
MNTS.US,D,20230202,000000,48.5,52.5,47.5,51.5,15661.64,0
MNTS.US,D,20230203,000000,52,57.5,51.5,53.5,12442.94,0
MNTS.US,D,20230206,000000,53.5,54.5,47.5,50.5,8995.88,0
MNTS.US,D,20230207,000000,50.5,50.5,45.98,47.15,10173.48,0
MNTS.US,D,20230208,000000,46.5,49.995,45,46.505,7316.9,0
MNTS.US,D,20230209,000000,46.785,50,45.5,47.595,6378.02,0
MNTS.US,D,20230210,000000,48.45,49,44,44.77,7106.66,0
MNTS.US,D,20230213,000000,45.5,46,43,43.025,4242.86,0
MNTS.US,D,20230214,000000,43,44.95,43,43.49,3676.22,0
MNTS.US,D,20230215,000000,43.49,47.5,43.49,45.935,7528.34,0
MNTS.US,D,20230216,000000,47,47.345,44.505,45.185,4315.2,0
MNTS.US,D,20230217,000000,46,46,43.665,44.085,3604.7,0
MNTS.US,D,20230221,000000,44,45,42.5,42.92,5690.1,0
MNTS.US,D,20230222,000000,41.3,47.485,41,43.23,9066.18,0
MNTS.US,D,20230223,000000,43.5,45,42.49,42.885,6430.14,0
MNTS.US,D,20230224,000000,42.355,44,38,39.845,8361.3,0
MNTS.US,D,20230227,000000,41.475,43,40,40.685,5808.4,0
MNTS.US,D,20230228,000000,40.785,42.5,40,41.26,6463.54,0
MNTS.US,D,20230301,000000,41.635,42.5,38.505,38.755,9971.98,0
MNTS.US,D,20230302,000000,39,39.875,38.1499,38.525,5819.84,0
MNTS.US,D,20230303,000000,39.5,40.785,38.5,39.49,8715.64,0
MNTS.US,D,20230306,000000,39.5,40.11,37.05,37.5,9911.88,0
MNTS.US,D,20230307,000000,39,39,35,36,8044.02,0
MNTS.US,D,20230308,000000,36.5,37,35.05,36.02,7063.14,0
MNTS.US,D,20230309,000000,37,38.765,33.5,33.5,15103.3,0
MNTS.US,D,20230310,000000,34.06,39,33.03,33.63,16661.26,0
MNTS.US,D,20230313,000000,33.5,34.5,30.5,31.295,12190.66,0
MNTS.US,D,20230314,000000,33,33.495,31.5,31.5,4647.22,0
MNTS.US,D,20230315,000000,31.915,32.095,29,29.085,10710.02,0
MNTS.US,D,20230316,000000,29.38,29.5,28.025,28.875,7209.36,0
MNTS.US,D,20230317,000000,29,31.555,27,27.5,36290.7,0
MNTS.US,D,20230320,000000,27.55,28.5,24,24.01,22314.92,0
MNTS.US,D,20230321,000000,24.5,28.425,24.5,27.505,8601.76,0
MNTS.US,D,20230322,000000,25.5,28.445,25.5,27.095,8973.46,0
MNTS.US,D,20230323,000000,27.155,29.95,27.155,29.845,2980.66,0
MNTS.US,D,20230324,000000,32.25,32.7,30.3,31.265,7194.02,0
MNTS.US,D,20230327,000000,32.5,33.33,28.005,28.275,5913.06,0
MNTS.US,D,20230328,000000,29,30,26.13,27.125,5886.56,0
MNTS.US,D,20230329,000000,27.5,28.5,25.93,26.935,8460.32,0
MNTS.US,D,20230330,000000,27,29,27,27.5,4427.56,0
MNTS.US,D,20230331,000000,27.5,29.285,27,29.25,8123.38,0
MNTS.US,D,20230403,000000,28.555,29.25,27.05,27.345,3917.7,0
MNTS.US,D,20230404,000000,27.5,29.25,25.005,25.915,5967.36,0
MNTS.US,D,20230405,000000,26.58,27.5,24.5,25.5,6673.46,0
MNTS.US,D,20230406,000000,25.5,27.46,25.5,26.59,4570.06,0
MNTS.US,D,20230410,000000,26.665,26.75,24,24.26,11636.72,0
MNTS.US,D,20230411,000000,25.66,25.66,24.225,24.405,6827.96,0
MNTS.US,D,20230412,000000,25.25,25.25,23.5,23.5,9900.28,0
MNTS.US,D,20230413,000000,23.5,24.25,23,23.15,9441.14,0
MNTS.US,D,20230414,000000,23.25,24,21.5,21.995,7875.42,0
MNTS.US,D,20230417,000000,24,24,22,22.25,10898.2,0
MNTS.US,D,20230418,000000,23.5,24.58,21,23.64,12611.02,0
MNTS.US,D,20230419,000000,24,26,23.5,23.78,11842.34,0
MNTS.US,D,20230420,000000,24.5,25.29,24.15,24.745,4592.96,0
MNTS.US,D,20230421,000000,25,26,22.635,22.905,6472.58,0
MNTS.US,D,20230424,000000,23.5,24.85,22,22.045,5212.12,0
MNTS.US,D,20230425,000000,22.175,23.78,21.5,21.575,7024.38,0
MNTS.US,D,20230426,000000,21.6,22.8299,21,21.28,5387.44,0
MNTS.US,D,20230427,000000,21.5,23,20.5,21.62,8408.4,0
MNTS.US,D,20230428,000000,21.57,22.5,20.515,21.505,6428.36,0
MNTS.US,D,20230501,000000,22.62,22.75,20.5,21.56,6778.56,0
MNTS.US,D,20230502,000000,20.45,22.325,20,20.86,5251.76,0
MNTS.US,D,20230503,000000,21.45,22.25,20.08,20.42,5745.22,0
MNTS.US,D,20230504,000000,21,21.1325,20.2,20.51,3556.9,0
MNTS.US,D,20230505,000000,21.5,21.5,20.2,20.35,6909.3,0
MNTS.US,D,20230508,000000,20.5,21,19.875,20,10626.4,0
MNTS.US,D,20230509,000000,20,20,19,19.735,9180.6,0
MNTS.US,D,20230510,000000,19.475,21.365,19.25,21.365,7484.82,0
MNTS.US,D,20230511,000000,22,24.295,19.95,21,11545.76,0
MNTS.US,D,20230512,000000,26.76,27.32,18.905,19.115,146582.02,0
MNTS.US,D,20230515,000000,19.855,19.855,16,17.225,37776.92,0
MNTS.US,D,20230516,000000,17.03,18.995,16.01,16.855,21755.82,0
MNTS.US,D,20230517,000000,16.49,17.4,16.05,17.15,9268.4,0
MNTS.US,D,20230518,000000,17.175,18.495,17.175,18.005,10467.36,0
MNTS.US,D,20230519,000000,18.525,19.5,17.5,17.84,9753.2,0
MNTS.US,D,20230522,000000,18.175,18.495,16.06,17.48,11975.66,0
MNTS.US,D,20230523,000000,17,17.975,17,17.635,8395.72,0
MNTS.US,D,20230524,000000,17.28,17.98,16.755,16.88,6003.66,0
MNTS.US,D,20230525,000000,16.945,18.365,15.965,16.09,16978.4,0
MNTS.US,D,20230526,000000,16,16.61,15.75,16.095,7960.48,0
MNTS.US,D,20230530,000000,16.05,16.5,15.235,15.905,11611.88,0
MNTS.US,D,20230531,000000,16.18,18,15.5,16.82,13236.58,0
MNTS.US,D,20230601,000000,17.5,17.5,16.025,16.325,10165.14,0
MNTS.US,D,20230602,000000,17.5,17.5,15.675,16.065,13041.72,0
MNTS.US,D,20230605,000000,17.295,19,17.215,17.45,22519.6,0
MNTS.US,D,20230606,000000,18.525,20.49,17.5,17.5,87647.48,0
MNTS.US,D,20230607,000000,17.5,18.75,14.8,15,55564.24,0
MNTS.US,D,20230608,000000,15,15.5,13,14.445,100028.62,0
MNTS.US,D,20230609,000000,14.77,15.085,13.72,15.085,28507,0
MNTS.US,D,20230612,000000,15.25,15.5,14,14.43,28116.14,0
MNTS.US,D,20230613,000000,14.475,15,14.43,14.485,29398.06,0
MNTS.US,D,20230614,000000,14.795,15.15,14.15,14.15,17630.58,0
MNTS.US,D,20230615,000000,14.375,14.75,14.04,14.665,17417.02,0
MNTS.US,D,20230616,000000,15,16.125,14.63,15.5,37942.96,0
MNTS.US,D,20230620,000000,15.75,16,15.07,15.315,18012.22,0
MNTS.US,D,20230621,000000,15.5,15.5,14.5,14.75,13884.72,0
MNTS.US,D,20230622,000000,15.285,15.285,14.035,14.32,15212.68,0
MNTS.US,D,20230623,000000,14.745,15,13.205,13.205,130563.52,0
MNTS.US,D,20230626,000000,13.58,14.325,13,13,33880.96,0
MNTS.US,D,20230627,000000,13.05,13.495,12.3,12.495,22298.24,0
MNTS.US,D,20230628,000000,12.75,14.205,12.555,13.575,24589.56,0
MNTS.US,D,20230629,000000,14.02,16.25,13.8,14.56,31995.16,0
MNTS.US,D,20230630,000000,15.5,16.12,15.005,15.75,25155.04,0
MNTS.US,D,20230703,000000,16.1,16.1325,15.025,15.95,9611.22,0
MNTS.US,D,20230705,000000,16,16,15.025,15.375,9114.04,0
MNTS.US,D,20230706,000000,15.05,15.5,13.5,13.88,15824.46,0
MNTS.US,D,20230707,000000,14.25,14.495,13.7,14.085,10967.26,0
MNTS.US,D,20230710,000000,14,14.64,13.75,14.425,9076.56,0
MNTS.US,D,20230711,000000,14.5,15.625,14.375,15.6,11891.6,0
MNTS.US,D,20230712,000000,15.625,15.75,15.25,15.505,8970.7,0
MNTS.US,D,20230713,000000,15.875,15.875,15.1,15.375,13402.6,0
MNTS.US,D,20230714,000000,15.6,17.5,15.5,16.11,38861.54,0
MNTS.US,D,20230717,000000,15.5,16.75,13.6,14,15025.8,0
MNTS.US,D,20230718,000000,14.27,15.5,13.95,15.37,12849.6,0
MNTS.US,D,20230719,000000,15.5,17.37,15.37,17,23359.36,0
MNTS.US,D,20230720,000000,17,18.995,16.75,18.3,22618.42,0
MNTS.US,D,20230721,000000,18.735,18.735,17.5,18,10014.38,0
MNTS.US,D,20230724,000000,18.35,19.7,18.01,19.3,19908.28,0
MNTS.US,D,20230725,000000,19.5,23.475,19.5,23.05,40204.22,0
MNTS.US,D,20230726,000000,23,23.005,20,20.65,17990.5,0
MNTS.US,D,20230727,000000,21.8,22.1,20.5,21,11023.58,0
MNTS.US,D,20230728,000000,21,22.5,20.8,21.465,11935.02,0
MNTS.US,D,20230731,000000,21.625,23.445,21.49,21.72,14678.14,0
MNTS.US,D,20230801,000000,21.75,22.165,20,20.35,9754,0
MNTS.US,D,20230802,000000,20,20.25,19.015,20.055,7617.64,0
MNTS.US,D,20230803,000000,21.055,21.5,20,20.45,6602.98,0
MNTS.US,D,20230804,000000,20.9,21,20,20.5,4389.46,0
MNTS.US,D,20230807,000000,20,20.495,17.5,18.815,14368.28,0
MNTS.US,D,20230808,000000,18.46,18.665,17.525,17.75,7532.88,0
MNTS.US,D,20230809,000000,18.5,18.9,17.655,18.32,6887.18,0
MNTS.US,D,20230810,000000,18.7,18.995,16.595,17.23,8064.58,0
MNTS.US,D,20230811,000000,17.05,17.69,16,16.95,5897.66,0
MNTS.US,D,20230814,000000,16.5,18,15.525,16,21397,0
MNTS.US,D,20230815,000000,16,16.9999,14.085,15.495,19271.42,0
MNTS.US,D,20230816,000000,15.1,16.475,14.52,15,8496.08,0
MNTS.US,D,20230817,000000,15.65,16.025,15,15,7662.16,0
MNTS.US,D,20230818,000000,15,15.495,14,14.06,4871.96,0
MNTS.US,D,20230821,000000,14.95,14.95,13.07,13.1,11854.22,0
MNTS.US,D,20230822,000000,12.5,13.495,11.5,11.55,23042.44,0
MNTS.US,D,20230823,000000,11.95,12.2,11.5,12.055,24881.9,0
MNTS.US,D,20230824,000000,9.6,9.9549,8.761,9.01,125800,0
MNTS.US,D,20230825,000000,8.53,9.89,8.2,8.28,76682,0
MNTS.US,D,20230828,000000,8.18,8.39,7.29,7.36,61556,0
MNTS.US,D,20230829,000000,7.32,7.99,7.32,7.91,36799,0
MNTS.US,D,20230830,000000,7.88,9.13,7.78,9.04,35741,0
MNTS.US,D,20230831,000000,9.49,12.4565,9.1,10.19,123448,0
MNTS.US,D,20230901,000000,10.7,11.31,8.4,8.44,53514,0
MNTS.US,D,20230905,000000,8.41,8.41,7.83,7.92,55188,0
MNTS.US,D,20230906,000000,7.88,7.88,7,7.18,46826,0
MNTS.US,D,20230907,000000,6.54,7.35,6.17,6.31,84265,0
MNTS.US,D,20230908,000000,6.31,6.558,5.445,5.46,46034,0
MNTS.US,D,20230911,000000,5.51,5.81,5.271,5.29,38851,0
MNTS.US,D,20230912,000000,5.3,5.45,4.74,4.83,57055,0
MNTS.US,D,20230913,000000,5,5,4.05,4.05,83029,0
MNTS.US,D,20230914,000000,4.23,4.23,3.1,3.36,214609,0
MNTS.US,D,20230915,000000,3.52,3.59,3.25,3.41,137088,0
MNTS.US,D,20230918,000000,3.45,3.8,2.95,2.99,176129,0
MNTS.US,D,20230919,000000,3,3.09,2.84,2.87,60645,0
MNTS.US,D,20230920,000000,2.92,3.26,2.6314,2.67,135926,0
MNTS.US,D,20230921,000000,2.65,2.7785,2.4,2.43,137857,0
MNTS.US,D,20230922,000000,2.46,2.76,2.26,2.29,106109,0
MNTS.US,D,20230925,000000,2.39,2.39,1.87,1.91,182782,0
MNTS.US,D,20230926,000000,2.01,2.01,1.76,1.77,103258,0
MNTS.US,D,20230927,000000,2.2,2.2,1.2801,1.33,685980,0
MNTS.US,D,20230928,000000,1.49,1.56,1.29,1.3,283144,0
MNTS.US,D,20230929,000000,1.34,2.47,1.34,2,12051996,0
MNTS.US,D,20231002,000000,2.21,3.66,1.76,1.78,58868708,0
MNTS.US,D,20231003,000000,1.58,1.79,1.2001,1.35,2624842,0
MNTS.US,D,20231004,000000,1.33,1.35,1.0912,1.1,1126603,0
MNTS.US,D,20231005,000000,1.2,1.36,1.1,1.17,2957170,0
MNTS.US,D,20231006,000000,1.1,1.17,1.03,1.17,812121,0
MNTS.US,D,20231009,000000,1.11,1.77,1.1,1.6,4145472,0
MNTS.US,D,20231010,000000,1.64,2.0799,1.61,1.79,3871578,0
MNTS.US,D,20231011,000000,1.75,1.88,1.64,1.79,1438201,0
MNTS.US,D,20231012,000000,1.82,4.3367,1.7617,2.77,35439915,0
MNTS.US,D,20231013,000000,2.5,3.66,2.46,3.11,16642138,0
MNTS.US,D,20231016,000000,3.75,5.5,3.31,4.85,49850786,0
MNTS.US,D,20231017,000000,4.5,5.95,4.5,4.97,15227944,0
MNTS.US,D,20231018,000000,5,5.45,3.86,4.19,4630218,0
MNTS.US,D,20231019,000000,4.05,4.34,3.5,3.72,2080587,0
MNTS.US,D,20231020,000000,3.66,3.99,3.23,3.7,1892357,0
MNTS.US,D,20231023,000000,3.64,4.0899,3.33,3.74,2026004,0
MNTS.US,D,20231024,000000,3.76,4.2,3.48,3.65,1200930,0
MNTS.US,D,20231025,000000,3.57,3.61,2.6,2.7,2051078,0
MNTS.US,D,20231026,000000,2.75,3.25,2.61,3.08,1588994,0
MNTS.US,D,20231027,000000,3.06,3.26,2.8118,3.26,936023,0
MNTS.US,D,20231030,000000,3.2,3.6896,3.17,3.46,1698071,0
MNTS.US,D,20231031,000000,3.63,3.65,3.3103,3.55,686372,0
MNTS.US,D,20231101,000000,3.52,3.78,3.27,3.67,781439,0
MNTS.US,D,20231102,000000,3.71,4.35,3.7004,4.21,1462289,0
MNTS.US,D,20231103,000000,4.33,4.5795,3.72,3.82,1337512,0
MNTS.US,D,20231106,000000,4.16,4.2685,3.75,4.06,1565565,0
MNTS.US,D,20231107,000000,3.98,3.98,3.255,3.38,989664,0
MNTS.US,D,20231108,000000,3.4,3.7587,3.32,3.55,653732,0
MNTS.US,D,20231109,000000,3.58,3.701,3.2,3.34,555787,0
MNTS.US,D,20231110,000000,3.27,3.3399,2.93,3.13,543115,0
MNTS.US,D,20231113,000000,3.24,3.4468,3.13,3.26,445244,0
MNTS.US,D,20231114,000000,3.31,4.0338,3.2012,3.59,1119348,0
MNTS.US,D,20231115,000000,3.32,3.5499,3.2,3.28,767929,0
MNTS.US,D,20231116,000000,3.23,3.32,3.07,3.13,316838,0
MNTS.US,D,20231117,000000,3.1,3.14,2.9,3.08,398479,0
MNTS.US,D,20231120,000000,3.13,3.1689,2.745,2.77,774557,0
MNTS.US,D,20231121,000000,2.83,2.9589,2.6,2.91,417816,0
MNTS.US,D,20231122,000000,2.92,3.16,2.781,3.04,606019,0
MNTS.US,D,20231124,000000,2.98,3.0351,2.79,2.88,166991,0
MNTS.US,D,20231127,000000,3.01,3.0569,2.78,2.86,385063,0
MNTS.US,D,20231128,000000,2.89,2.89,2.61,2.72,383329,0
MNTS.US,D,20231129,000000,2.68,2.77,2.47,2.61,503041,0
MNTS.US,D,20231130,000000,2.61,2.7362,2.5,2.67,219972,0
MNTS.US,D,20231201,000000,2.66,2.86,2.5015,2.82,291061,0
MNTS.US,D,20231204,000000,2.7,3.0876,2.62,2.88,716427,0
MNTS.US,D,20231205,000000,2.72,3.0389,2.72,2.85,352636,0
MNTS.US,D,20231206,000000,2.84,2.9,2.45,2.49,642967,0
MNTS.US,D,20231207,000000,2.52,2.59,2.32,2.44,474767,0
MNTS.US,D,20231208,000000,2.44,2.6,2.3677,2.49,274306,0
MNTS.US,D,20231211,000000,2.49,2.53,2.28,2.28,279101,0
MNTS.US,D,20231212,000000,2.24,2.26,2.13,2.14,332678,0
MNTS.US,D,20231213,000000,2.18,2.187,1.87,2.16,782743,0
MNTS.US,D,20231214,000000,2.2,2.36,2,2.06,966608,0
MNTS.US,D,20231215,000000,2.16,2.16,1.79,1.82,869362,0
MNTS.US,D,20231218,000000,1.81,1.98,1.67,1.7,686285,0
MNTS.US,D,20231219,000000,1.76,1.85,1.72,1.74,588011,0
MNTS.US,D,20231220,000000,1.84,1.84,1.6,1.67,494982,0
MNTS.US,D,20231221,000000,1.66,1.71,1.57,1.64,370172,0
MNTS.US,D,20231222,000000,1.66,2.009,1.6306,1.75,1461581,0
MNTS.US,D,20231226,000000,1.87,1.95,1.76,1.87,1007411,0
MNTS.US,D,20231227,000000,1.91,1.91,1.76,1.83,715907,0
MNTS.US,D,20231228,000000,1.81,1.83,1.7,1.745,514239,0
MNTS.US,D,20231229,000000,1.77,1.77,1.65,1.73,393562,0
MNTS.US,D,20240102,000000,1.75,1.78,1.66,1.71,305653,0
MNTS.US,D,20240103,000000,1.68,1.7,1.4,1.5,810110,0
MNTS.US,D,20240104,000000,1.55,1.59,1.31,1.43,821911,0
MNTS.US,D,20240105,000000,1.44,1.5395,1.41,1.42,261182,0
MNTS.US,D,20240108,000000,1.44,1.4698,1.33,1.38,557629,0
MNTS.US,D,20240109,000000,1.38,1.3995,1.19,1.27,559322,0
MNTS.US,D,20240110,000000,1.28,1.28,1.1801,1.22,443454,0
MNTS.US,D,20240111,000000,1.28,1.46,1.16,1.25,2558290,0
MNTS.US,D,20240112,000000,0.7976,1.1,0.75,0.9599,4052138,0
MNTS.US,D,20240116,000000,1.01,1.02,0.83,0.856,1068463,0
MNTS.US,D,20240117,000000,0.9135,0.9135,0.75,0.801,700349,0
MNTS.US,D,20240118,000000,0.78,0.78,0.6665,0.73,774008,0
MNTS.US,D,20240119,000000,0.7374,0.8,0.67,0.773,586771,0
MNTS.US,D,20240122,000000,0.8,0.9774,0.75,0.7928,1603758,0
MNTS.US,D,20240123,000000,0.836,0.836,0.77,0.8095,378835,0
MNTS.US,D,20240124,000000,0.82,0.82,0.716,0.741,410353,0
MNTS.US,D,20240125,000000,0.7742,0.79,0.74,0.7739,179634,0
MNTS.US,D,20240126,000000,0.79,0.79999,0.75,0.79,260150,0
MNTS.US,D,20240129,000000,0.79,0.8,0.7301,0.7802,415151,0
MNTS.US,D,20240130,000000,0.788,0.788,0.699,0.719,311777,0
MNTS.US,D,20240131,000000,0.74,1.27,0.7339,1.02,23271307,0
MNTS.US,D,20240201,000000,1.06,1.17,0.758,0.8569,9472958,0
MNTS.US,D,20240202,000000,0.84,1.12,0.84,1.03,7300055,0
MNTS.US,D,20240205,000000,1.06,1.14,0.9101,0.95,2881838,0
MNTS.US,D,20240206,000000,0.9613,0.98,0.8232,0.88,1855361,0
MNTS.US,D,20240207,000000,0.8875,0.98,0.86,0.956,1348928,0
MNTS.US,D,20240208,000000,0.97,0.97,0.88,0.9207,1003617,0
MNTS.US,D,20240209,000000,0.8984,0.95,0.88,0.9386,717925,0
MNTS.US,D,20240212,000000,0.9593,1.08,0.9102,1,1546602,0
MNTS.US,D,20240213,000000,1,1.0199,0.82,0.86,814705,0
MNTS.US,D,20240214,000000,0.86,0.9029,0.78,0.8499,549565,0
MNTS.US,D,20240215,000000,0.85,0.8731,0.8,0.85,320941,0
MNTS.US,D,20240216,000000,0.83,0.855,0.81,0.8243,333096,0
MNTS.US,D,20240220,000000,0.83,0.83,0.7287,0.741,430991,0
MNTS.US,D,20240221,000000,0.7101,0.7255,0.660137,0.69,389621,0
MNTS.US,D,20240222,000000,0.69,0.71,0.58,0.604,1012868,0
MNTS.US,D,20240223,000000,0.58,0.62,0.53,0.61,1262374,0
MNTS.US,D,20240226,000000,0.618,0.619,0.58,0.6,344269,0
MNTS.US,D,20240227,000000,0.58,0.7272,0.58,0.7143,426631,0
MNTS.US,D,20240228,000000,0.6949,0.8,0.69,0.7301,381051,0
MNTS.US,D,20240229,000000,0.77,0.7896,0.7301,0.7556,280662,0
MNTS.US,D,20240301,000000,0.74,0.755,0.7,0.7052,329743,0
MNTS.US,D,20240304,000000,0.7025,0.78,0.7,0.78,9561780,0
MNTS.US,D,20240305,000000,0.8753,0.9637,0.74,0.75,21196781,0
MNTS.US,D,20240306,000000,0.6799,0.705,0.53,0.6385,3238549,0
MNTS.US,D,20240307,000000,0.61,0.6699,0.5802,0.647,1072171,0
MNTS.US,D,20240308,000000,0.64,0.72,0.5987,0.625,1374283,0
MNTS.US,D,20240311,000000,0.6107,0.6222,0.5662,0.5662,691432,0
MNTS.US,D,20240312,000000,0.58,0.5978,0.5306,0.5571,745678,0
MNTS.US,D,20240313,000000,0.5412,0.54999,0.5,0.51,888597,0
MNTS.US,D,20240314,000000,0.51,0.51,0.4066,0.494,653851,0
MNTS.US,D,20240315,000000,0.4919,0.5495,0.46,0.4612,839179,0
MNTS.US,D,20240318,000000,0.46,0.5128,0.455,0.5072,499104,0
MNTS.US,D,20240319,000000,0.5,0.6436,0.464,0.5935,7587297,0
MNTS.US,D,20240320,000000,0.474,0.497,0.441,0.4521,1872205,0
MNTS.US,D,20240321,000000,0.46,0.4699,0.431,0.4578,747735,0
MNTS.US,D,20240322,000000,0.46,0.46,0.422,0.449,599936,0
MNTS.US,D,20240325,000000,0.45,0.45,0.406,0.423,688949,0
MNTS.US,D,20240326,000000,0.424,0.45,0.407,0.4323,516125,0
MNTS.US,D,20240327,000000,0.4183,0.45,0.4183,0.448,316752,0
MNTS.US,D,20240328,000000,0.4484,0.45,0.43,0.432,247799,0
MNTS.US,D,20240401,000000,0.43,0.45,0.4203,0.425,228548,0
MNTS.US,D,20240402,000000,0.427,0.4784,0.4205,0.447,253691,0
MNTS.US,D,20240403,000000,0.4422,0.452501,0.432,0.4362,217235,0
MNTS.US,D,20240404,000000,0.4265,0.44,0.42,0.4272,305402,0
MNTS.US,D,20240405,000000,0.4284,0.4398,0.4124,0.4355,287990,0
MNTS.US,D,20240408,000000,0.434,0.44,0.4091,0.4125,286662,0
MNTS.US,D,20240409,000000,0.427,0.429,0.411,0.428,115676,0
MNTS.US,D,20240410,000000,0.42,0.4285,0.411,0.425,133858,0
MNTS.US,D,20240411,000000,0.42,0.4285,0.411,0.424003,105285,0
MNTS.US,D,20240412,000000,0.415,0.424,0.4,0.4012,193358,0
MNTS.US,D,20240415,000000,0.4012,0.4191,0.35,0.3715,316337,0
MNTS.US,D,20240416,000000,0.3604,0.38,0.36,0.377,155036,0
MNTS.US,D,20240417,000000,0.3867,0.4,0.377,0.389,286448,0
MNTS.US,D,20240418,000000,0.3911,0.3984,0.3703,0.3711,129036,0
MNTS.US,D,20240419,000000,0.36,0.387,0.36,0.36,178800,0
MNTS.US,D,20240422,000000,0.3574,0.55,0.351,0.5,4935398,0
MNTS.US,D,20240423,000000,0.4728,0.5598,0.4576,0.4578,1214473,0
MNTS.US,D,20240424,000000,0.4643,0.5,0.4221,0.4361,438404,0
MNTS.US,D,20240425,000000,0.43,0.430201,0.4,0.4184,196381,0
MNTS.US,D,20240426,000000,0.42,0.49,0.4033,0.4756,307395,0
MNTS.US,D,20240429,000000,0.475,0.5,0.462,0.4888,199415,0
MNTS.US,D,20240430,000000,0.4964,0.5,0.46,0.48,118941,0
MNTS.US,D,20240501,000000,0.479,0.55,0.46,0.517,368892,0
MNTS.US,D,20240502,000000,0.53,0.5439,0.5157,0.5378,295853,0
MNTS.US,D,20240503,000000,0.525,0.55,0.52,0.539,193978,0
MNTS.US,D,20240506,000000,0.539,0.58,0.521,0.541,215484,0
MNTS.US,D,20240507,000000,0.5562,0.6188,0.541,0.5862,543562,0
MNTS.US,D,20240508,000000,0.5856,0.5856,0.5511,0.5722,108437,0
MNTS.US,D,20240509,000000,0.5714,0.5714,0.5463,0.554001,108579,0
MNTS.US,D,20240510,000000,0.5635,0.569899,0.5038,0.5448,232891,0
MNTS.US,D,20240513,000000,0.53,0.57,0.52,0.556,128195,0
MNTS.US,D,20240514,000000,0.5613,0.5613,0.525,0.5478,204353,0
MNTS.US,D,20240515,000000,0.5539,0.5571,0.5,0.5136,275244,0
MNTS.US,D,20240516,000000,0.5,0.519,0.49,0.502,249537,0
MNTS.US,D,20240517,000000,0.5,0.5198,0.49,0.5091,119777,0
MNTS.US,D,20240520,000000,0.5091,0.518,0.498,0.500201,64001,0
MNTS.US,D,20240521,000000,0.491,0.525,0.4902,0.52,64222,0
MNTS.US,D,20240522,000000,0.52,0.53999,0.510001,0.5301,42179,0
MNTS.US,D,20240523,000000,0.54,0.54,0.51,0.5359,70106,0
MNTS.US,D,20240524,000000,0.5125,0.5398,0.503,0.5297,79002,0
MNTS.US,D,20240528,000000,0.53,0.5354,0.5,0.526393,145630,0
MNTS.US,D,20240529,000000,0.5106,0.5264,0.4967,0.52,118847,0
MNTS.US,D,20240530,000000,0.6806,1.07,0.5314,0.865,135538280,0
MNTS.US,D,20240531,000000,0.7646,0.95,0.7105,0.84,7875905,0
MNTS.US,D,20240603,000000,0.79,0.9193,0.682,0.8398,4274039,0
MNTS.US,D,20240604,000000,0.8071,0.8071,0.69,0.725,1012847,0
MNTS.US,D,20240605,000000,0.7,0.7,0.6116,0.671,1022650,0
MNTS.US,D,20240606,000000,0.6301,0.7928,0.6133,0.7225,1243904,0
MNTS.US,D,20240607,000000,0.79,0.79,0.6502,0.678,459762,0
MNTS.US,D,20240610,000000,0.6789,0.6993,0.606,0.619,414946,0
MNTS.US,D,20240611,000000,0.61,0.648,0.6005,0.6202,224001,0
MNTS.US,D,20240612,000000,0.648,0.668,0.5611,0.5835,356900,0
MNTS.US,D,20240613,000000,0.584,0.5998,0.53,0.5418,487345,0
MNTS.US,D,20240614,000000,0.55,0.579,0.48,0.5075,497787,0
MNTS.US,D,20240617,000000,0.5379,0.5786,0.52,0.5303,299089,0
MNTS.US,D,20240618,000000,0.52,0.530199,0.4727,0.484,219357,0
MNTS.US,D,20240620,000000,0.47,0.5161,0.47,0.5092,279310,0
MNTS.US,D,20240621,000000,0.5157,0.5293,0.45,0.4945,621701,0
MNTS.US,D,20240624,000000,0.4711,0.5181,0.463421,0.5089,256451,0
MNTS.US,D,20240625,000000,0.4975,0.51,0.471,0.481,170420,0
MNTS.US,D,20240626,000000,0.489,0.53,0.4801,0.514,144666,0
MNTS.US,D,20240627,000000,0.495,0.547,0.495,0.546,122085,0
MNTS.US,D,20240628,000000,0.57,0.57,0.522,0.5357,92248,0
MNTS.US,D,20240701,000000,0.53,0.53,0.507,0.529,127031,0
MNTS.US,D,20240702,000000,0.5188,0.519999,0.5044,0.5125,58983,0
MNTS.US,D,20240703,000000,0.51,0.51,0.490101,0.5059,66216,0
MNTS.US,D,20240705,000000,0.5,0.5136,0.481,0.492,140903,0
MNTS.US,D,20240708,000000,0.52,0.5554,0.5133,0.5386,204889,0
MNTS.US,D,20240709,000000,0.53,0.545,0.51,0.5155,68006,0
MNTS.US,D,20240710,000000,0.52,0.53,0.4998,0.5293,135603,0
MNTS.US,D,20240711,000000,0.53,0.6058,0.5015,0.57,427604,0
MNTS.US,D,20240712,000000,0.5529,0.599,0.5451,0.5899,123619,0
MNTS.US,D,20240715,000000,0.573,0.5892,0.55,0.5711,113710,0
MNTS.US,D,20240716,000000,0.55,0.58,0.55,0.5746,147063,0
MNTS.US,D,20240717,000000,0.56,0.638901,0.56,0.59,200479,0
MNTS.US,D,20240718,000000,0.5868,0.599,0.5552,0.5781,135177,0
MNTS.US,D,20240719,000000,0.5672,0.599999,0.55,0.561,224215,0
MNTS.US,D,20240722,000000,0.565,0.6769,0.5452,0.6007,1827028,0
MNTS.US,D,20240723,000000,0.611,0.847,0.53,0.565,2673762,0
MNTS.US,D,20240724,000000,0.57,0.5989,0.53,0.5449,331863,0
MNTS.US,D,20240725,000000,0.5301,0.569,0.5301,0.544,174364,0
MNTS.US,D,20240726,000000,0.544,0.661799,0.544,0.6185,360208,0
MNTS.US,D,20240729,000000,0.638,0.65,0.5901,0.5926,217535,0
MNTS.US,D,20240730,000000,0.609,0.609,0.5603,0.5905,115380,0
MNTS.US,D,20240731,000000,0.59,0.6163,0.5669,0.5913,89114,0
MNTS.US,D,20240801,000000,0.6,0.6169,0.5669,0.5868,95058,0
MNTS.US,D,20240802,000000,0.5541,0.565,0.522,0.5584,315794,0
MNTS.US,D,20240805,000000,0.52,0.56,0.52,0.537,183472,0
MNTS.US,D,20240806,000000,0.5366,0.5582,0.5115,0.5115,141619,0
MNTS.US,D,20240807,000000,0.5262,0.5263,0.4806,0.482,104689,0
MNTS.US,D,20240808,000000,0.49,0.5012,0.4537,0.4776,235800,0
MNTS.US,D,20240809,000000,0.51,0.558,0.405,0.4735,306724,0
MNTS.US,D,20240812,000000,0.4545,0.488,0.4545,0.479,65393,0
MNTS.US,D,20240813,000000,0.485,0.5478,0.4775,0.523,139524,0
MNTS.US,D,20240814,000000,0.5073,0.5225,0.4907,0.4927,59818,0
MNTS.US,D,20240815,000000,0.5,0.5434,0.49,0.5093,135452,0
MNTS.US,D,20240816,000000,0.52,0.6198,0.4982,0.5509,371494,0
MNTS.US,D,20240819,000000,0.58,0.6629,0.58,0.66,767723,0
MNTS.US,D,20240820,000000,0.6495,0.6699,0.5801,0.582,362594,0
MNTS.US,D,20240821,000000,0.616,0.62,0.56,0.565,192737,0
MNTS.US,D,20240822,000000,0.59,0.609,0.5701,0.5757,18008909,0
MNTS.US,D,20240823,000000,1.09,2.04,0.893,1.05,231743300,0
MNTS.US,D,20240826,000000,1,1.54,0.9465,1.06,61919265,0
MNTS.US,D,20240827,000000,1.12,1.38,0.97,1.05,34972780,0
MNTS.US,D,20240828,000000,1.09,1.16,0.832,0.855,12465957,0
MNTS.US,D,20240829,000000,0.87,0.9899,0.77,0.8198,8578151,0
MNTS.US,D,20240830,000000,0.8228,0.83,0.69,0.743,4291572,0
MNTS.US,D,20240903,000000,0.7098,0.776,0.6501,0.7268,1914975,0
MNTS.US,D,20240904,000000,0.7383,0.8217,0.6801,0.7939,2896400,0
MNTS.US,D,20240905,000000,0.77,0.8804,0.71,0.7599,2572811,0
MNTS.US,D,20240906,000000,0.76,0.7698,0.682,0.7077,1295545,0
MNTS.US,D,20240909,000000,0.741,0.741,0.65,0.6698,798853,0
MNTS.US,D,20240910,000000,0.706,0.7063,0.5994,0.636,1685054,0
MNTS.US,D,20240911,000000,0.6386,0.677,0.6001,0.6342,1589041,0
MNTS.US,D,20240912,000000,0.69,0.7113,0.5791,0.599,1995685,0
MNTS.US,D,20240913,000000,0.6869,0.6869,0.5301,0.572,10957111,0
MNTS.US,D,20240916,000000,0.52,0.6392,0.52,0.5801,3011170,0
MNTS.US,D,20240917,000000,0.57,0.6,0.4494,0.4912,4846458,0
MNTS.US,D,20240918,000000,0.4912,0.5199,0.47,0.4846,1247015,0
MNTS.US,D,20240919,000000,0.47,0.5278,0.47,0.482,1266051,0
MNTS.US,D,20240920,000000,0.507,0.51,0.4806,0.4984,1265192,0
MNTS.US,D,20240923,000000,0.4905,0.5027,0.476,0.48865,666230,0
MNTS.US,D,20240924,000000,0.47,0.4999,0.46,0.4954,869631,0
MNTS.US,D,20240925,000000,0.4909,0.6,0.49,0.5517,2779182,0
MNTS.US,D,20240926,000000,0.57,0.59,0.5149,0.536,1183455,0
MNTS.US,D,20240927,000000,0.47,0.4992,0.404,0.43,3387788,0
MNTS.US,D,20240930,000000,0.4041,0.48,0.404,0.4417,1258059,0
MNTS.US,D,20241001,000000,0.459,0.4598,0.415,0.415,757737,0
MNTS.US,D,20241002,000000,0.4,0.43,0.375,0.39,1159822,0
MNTS.US,D,20241003,000000,0.39,0.429,0.37,0.375,1001092,0
MNTS.US,D,20241004,000000,0.3873,0.4655,0.3801,0.41,1502678,0
MNTS.US,D,20241007,000000,0.4122,0.4299,0.38,0.3941,545690,0
MNTS.US,D,20241008,000000,0.4,0.42,0.3951,0.415,549685,0
MNTS.US,D,20241009,000000,0.667,1.06,0.601,1.06,487345423,0
MNTS.US,D,20241010,000000,0.8999,0.9,0.61,0.6336,32521477,0
MNTS.US,D,20241011,000000,0.58,0.7776,0.58,0.6819,16565780,0
MNTS.US,D,20241014,000000,0.686,0.705,0.601,0.66,4166626,0
MNTS.US,D,20241015,000000,0.6432,0.65,0.5849,0.6021,3193578,0
MNTS.US,D,20241016,000000,0.59,0.685,0.5815,0.64,3372751,0
MNTS.US,D,20241017,000000,0.675,0.685,0.6,0.6587,2318294,0
MNTS.US,D,20241018,000000,0.641,0.7099,0.641,0.6735,2369378,0
MNTS.US,D,20241021,000000,0.65,0.66,0.61,0.6203,1523290,0
MNTS.US,D,20241022,000000,0.601,0.6298,0.5955,0.6116,866767,0
MNTS.US,D,20241023,000000,0.629,0.629,0.6,0.6035,651343,0
MNTS.US,D,20241024,000000,0.595,0.612,0.5111,0.5292,2037836,0
MNTS.US,D,20241025,000000,0.52,0.5402,0.5,0.5019,1178375,0
MNTS.US,D,20241028,000000,0.509,0.527999,0.46,0.47,1747623,0
MNTS.US,D,20241029,000000,0.4732,0.6,0.4701,0.55,3400918,0
