<TICKER>,<PER>,<DATE>,<TIME>,<OPEN>,<HIGH>,<LOW>,<CLOSE>,<VOL>,<OPENINT>
NTZG.US,D,20220627,000000,26,26,25.7841,25.7841,415,0
NTZG.US,D,20220628,000000,25.4253,25.4253,25.4253,25.4253,10,0
NTZG.US,D,20220629,000000,25.352,25.352,25.352,25.352,10,0
NTZG.US,D,20220630,000000,25.0444,25.0444,25.0444,25.0444,20,0
NTZG.US,D,20220701,000000,25.1338,25.1338,25.1338,25.1338,35,0
NTZG.US,D,20220705,000000,24.8983,24.8983,24.8983,24.8983,90,0
NTZG.US,D,20220706,000000,24.9509,24.9509,24.9509,24.9509,2,0
NTZG.US,D,20220707,000000,25.3206,25.3325,25.3206,25.3325,199,0
NTZG.US,D,20220708,000000,25.3295,25.3295,25.3295,25.3295,50,0
NTZG.US,D,20220711,000000,25.0288,25.0288,25.0288,25.0288,61,0
NTZG.US,D,20220712,000000,24.8547,24.8547,24.8547,24.8547,40,0
NTZG.US,D,20220713,000000,24.8231,24.8231,24.8231,24.8231,40,0
NTZG.US,D,20220714,000000,24.6508,24.6508,24.6508,24.6508,10,0
NTZG.US,D,20220715,000000,25.091,25.091,25.091,25.091,40,0
NTZG.US,D,20220718,000000,25.0303,25.0303,25.0303,25.0303,40,0
NTZG.US,D,20220719,000000,25.6998,25.6998,25.6998,25.6998,4,0
NTZG.US,D,20220720,000000,25.6843,25.6843,25.6843,25.6843,2,0
NTZG.US,D,20220721,000000,25.9503,25.9503,25.9503,25.9503,9,0
NTZG.US,D,20220722,000000,25.7611,25.7611,25.7611,25.7611,40,0
NTZG.US,D,20220725,000000,25.8894,25.8894,25.8894,25.8894,1,0
NTZG.US,D,20220726,000000,25.5733,25.5733,25.5733,25.5733,40,0
NTZG.US,D,20220727,000000,26.2193,26.2193,26.2193,26.2193,1,0
NTZG.US,D,20220728,000000,26.5753,26.5753,26.5753,26.5753,40,0
NTZG.US,D,20220729,000000,26.9504,26.9504,26.9504,26.9504,40,0
NTZG.US,D,20220801,000000,26.8255,26.8255,26.8255,26.8255,40,0
NTZG.US,D,20220802,000000,26.6043,26.6043,26.6043,26.6043,40,0
NTZG.US,D,20220803,000000,26.9279,26.9279,26.9279,26.9279,40,0
NTZG.US,D,20220804,000000,26.9278,26.9278,26.9278,26.9278,40,0
NTZG.US,D,20220805,000000,26.9382,26.9382,26.9382,26.9382,161,0
NTZG.US,D,20220808,000000,26.9542,26.9542,26.9542,26.9542,2,0
NTZG.US,D,20220809,000000,26.7664,26.7664,26.7664,26.7664,1,0
NTZG.US,D,20220810,000000,27.2571,27.2571,27.2571,27.2571,1,0
NTZG.US,D,20220811,000000,27.2808,27.2808,27.2808,27.2808,1,0
NTZG.US,D,20220812,000000,27.7233,27.7233,27.7233,27.7233,1,0
NTZG.US,D,20220815,000000,27.7526,27.7526,27.7526,27.7526,1,0
NTZG.US,D,20220816,000000,27.8483,27.8483,27.8483,27.8483,1,0
NTZG.US,D,20220817,000000,27.6283,27.6283,27.6283,27.6283,98,0
NTZG.US,D,20220818,000000,27.717,27.717,27.717,27.717,1,0
NTZG.US,D,20220819,000000,27.4049,27.4049,27.4049,27.4049,1,0
NTZG.US,D,20220822,000000,26.8531,26.8531,26.8531,26.8531,1,0
NTZG.US,D,20220823,000000,26.8826,26.8826,26.8826,26.8826,37,0
NTZG.US,D,20220824,000000,26.9947,26.9947,26.9947,26.9947,1,0
NTZG.US,D,20220825,000000,27.3255,27.3255,27.3255,27.3255,1,0
NTZG.US,D,20220826,000000,26.4968,26.4968,26.4968,26.4968,1,0
NTZG.US,D,20220829,000000,26.3666,26.3666,26.3666,26.3666,11,0
NTZG.US,D,20220830,000000,26.17,26.17,26.1244,26.1244,100,0
NTZG.US,D,20220831,000000,25.9436,25.9436,25.9436,25.9436,1,0
NTZG.US,D,20220901,000000,25.83,25.83,25.83,25.83,1,0
NTZG.US,D,20220902,000000,25.6158,25.6158,25.6158,25.6158,1,0
NTZG.US,D,20220906,000000,25.5316,25.5316,25.5316,25.5316,1,0
NTZG.US,D,20220907,000000,25.8933,25.8933,25.8933,25.8933,1,0
NTZG.US,D,20220908,000000,26.03,26.0611,26.03,26.0611,1000,0
NTZG.US,D,20220909,000000,26.5248,26.5248,26.5248,26.5248,2,0
NTZG.US,D,20220914,000000,25.9469,25.9469,25.9469,25.9469,1,0
NTZG.US,D,20220915,000000,25.6551,25.6551,25.6551,25.6551,1,0
NTZG.US,D,20220916,000000,25.4202,25.4202,25.4202,25.4202,2,0
NTZG.US,D,20220919,000000,25.5214,25.5214,25.5214,25.5214,1,0
NTZG.US,D,20220920,000000,25.156,25.156,25.156,25.156,1,0
NTZG.US,D,20220921,000000,24.8118,24.8118,24.8118,24.8118,1,0
NTZG.US,D,20220922,000000,24.6629,24.6629,24.6629,24.6629,1,0
NTZG.US,D,20220923,000000,24.003,24.003,24.003,24.003,1,0
NTZG.US,D,20220926,000000,23.7339,23.7339,23.7339,23.7339,1,0
NTZG.US,D,20220927,000000,23.6555,23.6555,23.6555,23.6555,1,0
NTZG.US,D,20220928,000000,24.1438,24.1438,24.1438,24.1438,1,0
NTZG.US,D,20220929,000000,23.7939,23.7939,23.7939,23.7939,1,0
NTZG.US,D,20220930,000000,23.5847,23.5847,23.5847,23.5847,15,0
NTZG.US,D,20221003,000000,24.1406,24.1406,24.1406,24.1406,1,0
NTZG.US,D,20221004,000000,24.9776,24.9776,24.9776,24.9776,4,0
NTZG.US,D,20221005,000000,24.9382,24.9382,24.9382,24.9382,1,0
NTZG.US,D,20221006,000000,24.6081,24.6081,24.6081,24.6081,24,0
NTZG.US,D,20221007,000000,24.0288,24.0288,24.0288,24.0288,15,0
NTZG.US,D,20221010,000000,23.7994,23.7994,23.7994,23.7994,4,0
NTZG.US,D,20221011,000000,23.5611,23.5611,23.5611,23.5611,4,0
NTZG.US,D,20221012,000000,23.5479,23.5479,23.5479,23.5479,10,0
NTZG.US,D,20221013,000000,24.1046,24.1046,24.1046,24.1046,1,0
NTZG.US,D,20221014,000000,23.5869,23.5869,23.5869,23.5869,1,0
NTZG.US,D,20221017,000000,24.181,24.181,24.181,24.181,1,0
NTZG.US,D,20221018,000000,24.3836,24.3836,24.3836,24.3836,2,0
NTZG.US,D,20221019,000000,24.1494,24.1494,24.1494,24.1494,1,0
NTZG.US,D,20221020,000000,24.1351,24.1351,24.1351,24.1351,1,0
NTZG.US,D,20221021,000000,24.5865,24.5865,24.5865,24.5865,1,0
NTZG.US,D,20221024,000000,24.7314,24.7314,24.7314,24.7314,2,0
NTZG.US,D,20221025,000000,25.0977,25.0977,25.0977,25.0977,4,0
NTZG.US,D,20221026,000000,25.1448,25.1448,25.1448,25.1448,1,0
NTZG.US,D,20221027,000000,25.0203,25.0203,25.0203,25.0203,1,0
NTZG.US,D,20221028,000000,25.3969,25.3969,25.3969,25.3969,1,0
NTZG.US,D,20221031,000000,25.39,25.39,25.235,25.235,887,0
NTZG.US,D,20221101,000000,25.2464,25.2464,25.2464,25.2464,1,0
NTZG.US,D,20221102,000000,24.7928,24.7928,24.7928,24.7928,1,0
NTZG.US,D,20221103,000000,24.75,24.75,24.7112,24.7112,104,0
NTZG.US,D,20221104,000000,25.2402,25.2402,25.2402,25.2402,1,0
NTZG.US,D,20221107,000000,25.415,25.415,25.415,25.415,1,0
NTZG.US,D,20221108,000000,25.5519,25.5519,25.5519,25.5519,1,0
NTZG.US,D,20221109,000000,25.1066,25.1066,25.1066,25.1066,4,0
NTZG.US,D,20221110,000000,26.3194,26.3194,26.3194,26.3194,3,0
NTZG.US,D,20221111,000000,26.5575,26.5575,26.5575,26.5575,5,0
NTZG.US,D,20221114,000000,26.3839,26.3839,26.3839,26.3839,1,0
NTZG.US,D,20221115,000000,26.5837,26.5837,26.5837,26.5837,1,0
NTZG.US,D,20221116,000000,26.4938,26.4938,26.4938,26.4938,1,0
NTZG.US,D,20221117,000000,26.4486,26.4486,26.4486,26.4486,1,0
NTZG.US,D,20221118,000000,26.56,26.56,26.56,26.56,1,0
NTZG.US,D,20221121,000000,26.436,26.436,26.436,26.436,1,0
NTZG.US,D,20221122,000000,26.7607,26.7607,26.7607,26.7607,1,0
NTZG.US,D,20221123,000000,26.9228,26.9228,26.9228,26.9228,1,0
NTZG.US,D,20221125,000000,27.0431,27.0431,27.0431,27.0431,1,0
NTZG.US,D,20221128,000000,26.71,26.71,26.71,26.71,1,0
NTZG.US,D,20221129,000000,26.7049,26.7049,26.7049,26.7049,1,0
NTZG.US,D,20221130,000000,27.3331,27.3331,27.3331,27.3331,1,0
NTZG.US,D,20221201,000000,27.3838,27.3838,27.3838,27.3838,1,0
NTZG.US,D,20221202,000000,27.3516,27.3516,27.3516,27.3516,1,0
NTZG.US,D,20221205,000000,26.9099,26.9099,26.9099,26.9099,1,0
NTZG.US,D,20221206,000000,26.5862,26.5862,26.5862,26.5862,1,0
NTZG.US,D,20221208,000000,26.6555,26.6555,26.6555,26.6555,12,0
NTZG.US,D,20221209,000000,26.4872,26.4872,26.4872,26.4872,1,0
NTZG.US,D,20221212,000000,26.7493,26.7493,26.7493,26.7493,1,0
NTZG.US,D,20221213,000000,26.9678,26.9678,26.9678,26.9678,1,0
NTZG.US,D,20221214,000000,26.934,26.934,26.934,26.934,1,0
NTZG.US,D,20221215,000000,26.074,26.074,26.074,26.074,1,0
NTZG.US,D,20221216,000000,25.76,25.8269,25.76,25.8269,105,0
NTZG.US,D,20221219,000000,25.6748,25.6748,25.6748,25.6748,2,0
NTZG.US,D,20221220,000000,25.7066,25.7066,25.7066,25.7066,141,0
NTZG.US,D,20221221,000000,25.9795,25.9795,25.9795,25.9795,1,0
NTZG.US,D,20221222,000000,25.6971,25.6971,25.6971,25.6971,3,0
NTZG.US,D,20221223,000000,25.805,25.805,25.805,25.805,5,0
NTZG.US,D,20221227,000000,25.7901,25.7901,25.7901,25.7901,49,0
NTZG.US,D,20221228,000000,25.4749,25.4749,25.4749,25.4749,1,0
NTZG.US,D,20221229,000000,25.8666,25.8666,25.8666,25.8666,1,0
NTZG.US,D,20221230,000000,25.7359,25.7359,25.7359,25.7359,1,0
NTZG.US,D,20230103,000000,25.7585,25.7585,25.7585,25.7585,45,0
NTZG.US,D,20230104,000000,25.9351,25.9351,25.9351,25.9351,1,0
NTZG.US,D,20230105,000000,25.6794,25.6794,25.6794,25.6794,1,0
NTZG.US,D,20230106,000000,26.2896,26.2896,26.2896,26.2896,5,0
NTZG.US,D,20230109,000000,26.3452,26.3452,26.3452,26.3452,7,0
NTZG.US,D,20230110,000000,26.475,26.475,26.475,26.475,1,0
NTZG.US,D,20230111,000000,26.7932,26.7932,26.7932,26.7932,1,0
NTZG.US,D,20230112,000000,27.0434,27.0434,27.0434,27.0434,1,0
NTZG.US,D,20230113,000000,27.2134,27.2134,27.2134,27.2134,1,0
NTZG.US,D,20230117,000000,27.1283,27.1283,27.1283,27.1283,54,0
NTZG.US,D,20230118,000000,26.7977,26.7977,26.7977,26.7977,27,0
NTZG.US,D,20230119,000000,26.6735,26.6735,26.6735,26.6735,27,0
NTZG.US,D,20230120,000000,26.9839,26.9839,26.9839,26.9839,1,0
NTZG.US,D,20230123,000000,27.1967,27.1967,27.1967,27.1967,27,0
NTZG.US,D,20230124,000000,27.1522,27.1522,27.1522,27.1522,27,0
NTZG.US,D,20230125,000000,27.2123,27.2123,27.2123,27.2123,27,0
NTZG.US,D,20230126,000000,27.3595,27.3595,27.3595,27.3595,27,0
NTZG.US,D,20230127,000000,27.3361,27.3361,27.3361,27.3361,27,0
NTZG.US,D,20230130,000000,27.0934,27.0934,27.0934,27.0934,38,0
NTZG.US,D,20230131,000000,27.3671,27.3671,27.3671,27.3671,1,0
NTZG.US,D,20230201,000000,27.5892,27.5892,27.5892,27.5892,1,0
NTZG.US,D,20230202,000000,27.7495,27.7495,27.7495,27.7495,1,0
NTZG.US,D,20230203,000000,27.4342,27.4342,27.4342,27.4342,20,0
NTZG.US,D,20230206,000000,27.19,27.2256,27.19,27.2256,110,0
NTZG.US,D,20230207,000000,27.5116,27.5116,27.5116,27.5116,1,0
NTZG.US,D,20230208,000000,27.276,27.276,27.276,27.276,1,0
NTZG.US,D,20230209,000000,27.215,27.215,27.215,27.215,36,0
NTZG.US,D,20230210,000000,27.2728,27.2728,27.2728,27.2728,1,0
NTZG.US,D,20230213,000000,27.5256,27.5256,27.5256,27.5256,26,0
NTZG.US,D,20230214,000000,27.19,27.5471,27.19,27.5471,1,0
NTZG.US,D,20230215,000000,27.4499,27.4499,27.4499,27.4499,1,0
NTZG.US,D,20230216,000000,27.27,27.27,27.27,27.27,72,0
NTZG.US,D,20230217,000000,27.1956,27.1956,27.1956,27.1956,30,0
NTZG.US,D,20230221,000000,26.7821,26.7821,26.7821,26.7821,26,0
NTZG.US,D,20230222,000000,26.6316,26.6316,26.6316,26.6316,26,0
NTZG.US,D,20230223,000000,26.8482,26.8482,26.8482,26.8482,26,0
NTZG.US,D,20230224,000000,26.5198,26.5198,26.5198,26.5198,26,0
NTZG.US,D,20230227,000000,26.7,26.7,26.7,26.7,190,0
NTZG.US,D,20230228,000000,26.5605,26.5605,26.5605,26.5605,94,0
NTZG.US,D,20230301,000000,26.62,26.62,26.62,26.62,33,0
NTZG.US,D,20230302,000000,26.6767,26.6767,26.6767,26.6767,16,0
NTZG.US,D,20230303,000000,27.0694,27.0694,27.0694,27.0694,1,0
NTZG.US,D,20230306,000000,27.0603,27.0603,27.0603,27.0603,16,0
NTZG.US,D,20230307,000000,26.6698,26.6698,26.6698,26.6698,16,0
NTZG.US,D,20230308,000000,26.6976,26.6976,26.6976,26.6976,5,0
NTZG.US,D,20230309,000000,26.3228,26.3228,26.3228,26.3228,16,0
NTZG.US,D,20230310,000000,25.9598,25.9598,25.9598,25.9598,20,0
NTZG.US,D,20230313,000000,25.848,25.848,25.848,25.848,2,0
NTZG.US,D,20230314,000000,26.2079,26.2079,26.2079,26.2079,4,0
NTZG.US,D,20230315,000000,25.65,25.65,25.65,25.65,2,0
NTZG.US,D,20230316,000000,26.1105,26.1105,26.1105,26.1105,4,0
NTZG.US,D,20230317,000000,25.8208,25.8208,25.8208,25.8208,1,0
NTZG.US,D,20230320,000000,26.137,26.137,26.137,26.137,1,0
NTZG.US,D,20230321,000000,26.4832,26.4832,26.4832,26.4832,1,0
NTZG.US,D,20230322,000000,26.2765,26.2765,26.2765,26.2765,4,0
NTZG.US,D,20230323,000000,26.29,26.29,26.22,26.22,389,0
NTZG.US,D,20230324,000000,26.2251,26.2251,26.2251,26.2251,41,0
NTZG.US,D,20230327,000000,26.4237,26.4237,26.4237,26.4237,4,0
NTZG.US,D,20230328,000000,26.4422,26.4422,26.4422,26.4422,48,0
NTZG.US,D,20230329,000000,26.7968,26.7968,26.7968,26.7968,4,0
NTZG.US,D,20230330,000000,27.0688,27.0688,27.0688,27.0688,4,0
NTZG.US,D,20230331,000000,27.2943,27.2943,27.2943,27.2943,4,0
NTZG.US,D,20230403,000000,27.3869,27.3869,27.3869,27.3869,22,0
NTZG.US,D,20230404,000000,27.215,27.215,27.215,27.215,1,0
NTZG.US,D,20230405,000000,27.1684,27.1684,27.1684,27.1684,45,0
NTZG.US,D,20230406,000000,27.1862,27.1862,27.1862,27.1862,4,0
NTZG.US,D,20230410,000000,27.2086,27.2086,27.2086,27.2086,4,0
NTZG.US,D,20230411,000000,27.2551,27.2551,27.2551,27.2551,4,0
NTZG.US,D,20230412,000000,27.2528,27.2528,27.2528,27.2528,1,0
NTZG.US,D,20230413,000000,27.575,27.575,27.575,27.575,1,0
NTZG.US,D,20230414,000000,27.4852,27.4852,27.4852,27.4852,1,0
NTZG.US,D,20230417,000000,27.5084,27.5084,27.5084,27.5084,1,0
NTZG.US,D,20230418,000000,27.5703,27.5703,27.5703,27.5703,1,0
NTZG.US,D,20230419,000000,27.485,27.485,27.485,27.485,1,0
NTZG.US,D,20230420,000000,27.3914,27.3914,27.3914,27.3914,34,0
NTZG.US,D,20230421,000000,27.4939,27.4939,27.4939,27.4939,1,0
NTZG.US,D,20230424,000000,27.5626,27.5626,27.5626,27.5626,1,0
NTZG.US,D,20230425,000000,27.1638,27.1638,27.1638,27.1638,1,0
NTZG.US,D,20230426,000000,27.135,27.135,27.135,27.135,1,0
NTZG.US,D,20230427,000000,27.4776,27.4776,27.4776,27.4776,1,0
NTZG.US,D,20230428,000000,27.5751,27.5751,27.5751,27.5751,1,0
NTZG.US,D,20230501,000000,27.6422,27.6422,27.6422,27.6422,1,0
NTZG.US,D,20230502,000000,27.41,27.41,27.41,27.41,9,0
NTZG.US,D,20230503,000000,27.2553,27.2553,27.2553,27.2553,80,0
NTZG.US,D,20230504,000000,27.1768,27.1768,27.1768,27.1768,3,0
NTZG.US,D,20230505,000000,27.6066,27.6066,27.6066,27.6066,3,0
NTZG.US,D,20230508,000000,27.595,27.595,27.595,27.595,5,0
NTZG.US,D,20230509,000000,27.4751,27.4751,27.4751,27.4751,3,0
NTZG.US,D,20230510,000000,27.5731,27.5731,27.5731,27.5731,3,0
NTZG.US,D,20230511,000000,27.42,27.42,27.42,27.42,5,0
NTZG.US,D,20230512,000000,27.435,27.435,27.435,27.435,4,0
NTZG.US,D,20230515,000000,27.5705,27.5705,27.5705,27.5705,5,0
NTZG.US,D,20230516,000000,27.365,27.365,27.365,27.365,4,0
NTZG.US,D,20230517,000000,27.6434,27.6434,27.6434,27.6434,4,0
NTZG.US,D,20230518,000000,27.7455,27.7455,27.7455,27.7455,4,0
NTZG.US,D,20230519,000000,27.7634,27.7634,27.7634,27.7634,38,0
NTZG.US,D,20230522,000000,27.7228,27.7228,27.7228,27.7228,4,0
NTZG.US,D,20230523,000000,27.32,27.32,27.32,27.32,2,0
NTZG.US,D,20230524,000000,27.097,27.097,27.097,27.097,1,0
NTZG.US,D,20230525,000000,27.12,27.12,27.12,27.12,2,0
NTZG.US,D,20230526,000000,27.4504,27.4504,27.4504,27.4504,1,0
NTZG.US,D,20230530,000000,27.23,27.23,27.23,27.23,2,0
NTZG.US,D,20230531,000000,27.0919,27.0919,27.0919,27.0919,1,0
NTZG.US,D,20230601,000000,27.392,27.392,27.392,27.392,1,0
NTZG.US,D,20230602,000000,27.85,27.85,27.85,27.85,4,0
NTZG.US,D,20230605,000000,27.7983,27.7983,27.7983,27.7983,2,0
NTZG.US,D,20230606,000000,27.9918,27.9918,27.9918,27.9918,2,0
NTZG.US,D,20230607,000000,27.82,27.82,27.82,27.82,2,0
NTZG.US,D,20230608,000000,28.035,28.035,28.035,28.035,1,0
NTZG.US,D,20230609,000000,28,28,28,28,2,0
NTZG.US,D,20230612,000000,28.19,28.27,28.1899,28.27,1002,0
NTZG.US,D,20230613,000000,28.56,28.56,28.56,28.56,2,0
NTZG.US,D,20230614,000000,28.62,28.62,28.62,28.62,2,0
NTZG.US,D,20230615,000000,28.9464,28.9464,28.9464,28.9464,1,0
NTZG.US,D,20230616,000000,28.8312,28.8312,28.8312,28.8312,29,0
NTZG.US,D,20230620,000000,28.44,28.44,28.44,28.44,3,0
NTZG.US,D,20230621,000000,28.4111,28.4111,28.4111,28.4111,2,0
NTZG.US,D,20230622,000000,28.4,28.4,28.4,28.4,17,0
NTZG.US,D,20230623,000000,28.04,28.04,28.04,28.04,6,0
NTZG.US,D,20230626,000000,28.0107,28.0107,28.0107,28.0107,1,0
NTZG.US,D,20230627,000000,28.2728,28.2728,28.2728,28.2728,1,0
NTZG.US,D,20230628,000000,28.2721,28.2721,28.2721,28.2721,1,0
NTZG.US,D,20230629,000000,28.3708,28.3708,28.3708,28.3708,2,0
NTZG.US,D,20230630,000000,28.7344,28.7344,28.7344,28.7344,4,0
NTZG.US,D,20230703,000000,28.765,28.765,28.765,28.765,1,0
NTZG.US,D,20230705,000000,28.5598,28.5598,28.5598,28.5598,2,0
NTZG.US,D,20230706,000000,28.13,28.13,28.13,28.13,2,0
NTZG.US,D,20230707,000000,28.2216,28.2216,28.2216,28.2216,1,0
NTZG.US,D,20230710,000000,28.31,28.31,28.31,28.31,4,0
NTZG.US,D,20230711,000000,28.5867,28.5867,28.5867,28.5867,1,0
NTZG.US,D,20230712,000000,28.92,28.92,28.92,28.92,2,0
NTZG.US,D,20230713,000000,29.25,29.25,29.25,29.25,2,0
NTZG.US,D,20230714,000000,29.15,29.15,29.15,29.15,35,0
NTZG.US,D,20230717,000000,29.13,29.13,29.13,29.13,2,0
NTZG.US,D,20230718,000000,29.4,29.4,29.4,29.4,2,0
NTZG.US,D,20230719,000000,29.32,29.32,29.32,29.32,2,0
NTZG.US,D,20230720,000000,29.2182,29.2182,29.2182,29.2182,31,0
NTZG.US,D,20230721,000000,29.22,29.22,29.22,29.22,16,0
NTZG.US,D,20230724,000000,29.22,29.22,29.22,29.22,2,0
NTZG.US,D,20230725,000000,29.3642,29.3642,29.3642,29.3642,1,0
NTZG.US,D,20230726,000000,29.24,29.24,29.24,29.24,3,0
NTZG.US,D,20230727,000000,29.1144,29.1144,29.1144,29.1144,70,0
NTZG.US,D,20230728,000000,29.3578,29.3578,29.3578,29.3578,1,0
NTZG.US,D,20230731,000000,29.4954,29.4954,29.4954,29.4954,1,0
NTZG.US,D,20230801,000000,29.2904,29.2904,29.2904,29.2904,1,0
NTZG.US,D,20230802,000000,28.8,28.8,28.8,28.8,2,0
NTZG.US,D,20230803,000000,28.64,28.64,28.64,28.64,1102,0
NTZG.US,D,20230804,000000,28.75,28.75,28.75,28.75,4,0
NTZG.US,D,20230807,000000,29.02,29.02,29.02,29.02,4,0
NTZG.US,D,20230808,000000,28.79,28.79,28.79,28.79,15,0
NTZG.US,D,20230809,000000,28.7691,28.7691,28.7691,28.7691,1,0
NTZG.US,D,20230810,000000,28.7849,28.7849,28.7849,28.7849,1,0
NTZG.US,D,20230811,000000,28.67,28.67,28.67,28.67,2,0
NTZG.US,D,20230814,000000,28.66,28.66,28.66,28.66,3,0
NTZG.US,D,20230815,000000,28.384,28.384,28.384,28.384,68,0
NTZG.US,D,20230816,000000,28.1,28.1,28.1,28.1,2,0
NTZG.US,D,20230817,000000,27.76,27.76,27.76,27.76,2,0
NTZG.US,D,20230818,000000,27.8344,27.8344,27.8344,27.8344,1,0
NTZG.US,D,20230821,000000,27.9027,27.9027,27.9027,27.9027,34,0
NTZG.US,D,20230822,000000,27.8588,27.8588,27.8588,27.8588,34,0
NTZG.US,D,20230823,000000,28.1289,28.1289,28.1289,28.1289,34,0
NTZG.US,D,20230824,000000,27.7,27.7,27.7,27.7,2,0
NTZG.US,D,20230825,000000,27.96,27.96,27.96,27.96,8,0
NTZG.US,D,20230828,000000,28.1262,28.1262,28.1262,28.1262,1,0
NTZG.US,D,20230829,000000,28.4269,28.4269,28.4269,28.4269,2,0
NTZG.US,D,20230830,000000,28.4269,28.4269,28.4269,28.4269,1,0
NTZG.US,D,20230831,000000,28.3547,28.3547,28.3547,28.3547,2,0
NTZG.US,D,20230901,000000,28.49,28.49,28.49,28.49,4,0
NTZG.US,D,20230905,000000,28.3621,28.3621,28.3621,28.3621,2,0
NTZG.US,D,20230906,000000,28.3056,28.3056,28.3056,28.3056,2,0
NTZG.US,D,20230907,000000,28.33,28.33,28.33,28.33,2,0
NTZG.US,D,20230908,000000,28.3,28.3,28.3,28.3,2,0
NTZG.US,D,20230911,000000,28.5325,28.5325,28.5325,28.5325,1,0
NTZG.US,D,20230912,000000,28.33,28.33,28.33,28.33,15,0
NTZG.US,D,20230913,000000,28.3246,28.3246,28.3246,28.3246,1,0
NTZG.US,D,20230914,000000,28.64,28.64,28.64,28.64,2,0
NTZG.US,D,20230915,000000,28.3978,28.3978,28.3978,28.3978,10,0
NTZG.US,D,20230918,000000,28.31,28.31,28.31,28.31,2,0
NTZG.US,D,20230919,000000,28.261,28.261,28.261,28.261,1,0
NTZG.US,D,20230920,000000,28.0944,28.0944,28.0944,28.0944,1,0
NTZG.US,D,20230921,000000,27.55,27.55,27.55,27.55,2,0
NTZG.US,D,20230922,000000,27.62,27.62,27.62,27.62,2,0
NTZG.US,D,20230925,000000,27.62,27.62,27.62,27.62,2,0
NTZG.US,D,20230926,000000,27.2149,27.2149,27.2149,27.2149,1,0
NTZG.US,D,20230927,000000,27.2739,27.2739,27.2739,27.2739,1,0
NTZG.US,D,20230928,000000,27.4539,27.4539,27.4539,27.4539,1,0
NTZG.US,D,20230929,000000,27.41,27.41,27.41,27.41,2,0
NTZG.US,D,20231002,000000,27.15,27.15,27.15,27.15,2,0
NTZG.US,D,20231003,000000,26.783,26.783,26.783,26.783,1,0
NTZG.US,D,20231004,000000,26.9048,26.9048,26.9048,26.9048,1,0
NTZG.US,D,20231005,000000,26.9238,26.9238,26.9238,26.9238,1,0
NTZG.US,D,20231006,000000,27.32,27.32,27.32,27.32,2,0
NTZG.US,D,20231009,000000,27.31,27.31,27.31,27.31,2,0
NTZG.US,D,20231010,000000,27.649,27.649,27.63,27.63,363,0
NTZG.US,D,20231011,000000,27.755,27.755,27.755,27.755,24,0
NTZG.US,D,20231012,000000,27.605,27.605,27.605,27.605,1,0
NTZG.US,D,20231013,000000,27.5029,27.5029,27.5029,27.5029,1,0
NTZG.US,D,20231016,000000,27.7883,27.7883,27.7572,27.7572,129,0
NTZG.US,D,20231017,000000,27.76,27.76,27.76,27.76,2,0
NTZG.US,D,20231018,000000,27.4032,27.4032,27.4032,27.4032,1,0
NTZG.US,D,20231019,000000,27.2433,27.2433,27.2433,27.2433,22,0
NTZG.US,D,20231020,000000,26.79,26.79,26.79,26.79,4,0
NTZG.US,D,20231023,000000,26.7779,26.7779,26.7779,26.7779,1,0
NTZG.US,D,20231024,000000,26.9842,26.9842,26.9842,26.9842,1,0
NTZG.US,D,20231025,000000,26.63,26.63,26.63,26.63,2,0
NTZG.US,D,20231026,000000,26.4744,26.4744,26.4744,26.4744,1,0
NTZG.US,D,20231027,000000,26.3184,26.3184,26.3184,26.3184,1,0
NTZG.US,D,20231030,000000,26.63,26.63,26.63,26.63,2,0
NTZG.US,D,20231031,000000,26.65,26.65,26.65,26.65,4,0
NTZG.US,D,20231101,000000,27,27,27,27,2,0
NTZG.US,D,20231102,000000,27.4272,27.4272,27.4272,27.4272,1,0
NTZG.US,D,20231103,000000,27.68,27.68,27.68,27.68,2,0
NTZG.US,D,20231106,000000,27.6547,27.6547,27.6547,27.6547,1,0
NTZG.US,D,20231107,000000,27.56,27.56,27.56,27.56,2,0
NTZG.US,D,20231108,000000,27.5816,27.5816,27.5816,27.5816,1,0
NTZG.US,D,20231109,000000,27.52,27.52,27.52,27.52,2,0
NTZG.US,D,20231110,000000,27.78,27.78,27.78,27.78,2,0
NTZG.US,D,20231113,000000,27.8151,27.8151,27.8151,27.8151,1,0
NTZG.US,D,20231114,000000,28.3413,28.3413,28.3413,28.3413,1,0
NTZG.US,D,20231115,000000,28.3674,28.3674,28.3674,28.3674,1,0
NTZG.US,D,20231116,000000,28.4044,28.4044,28.4044,28.4044,1,0
NTZG.US,D,20231117,000000,28.54,28.54,28.54,28.54,3,0
NTZG.US,D,20231120,000000,28.715,28.715,28.706,28.706,100,0
NTZG.US,D,20231121,000000,28.635,28.635,28.635,28.635,2,0
NTZG.US,D,20231122,000000,28.755,28.755,28.755,28.755,2,0
NTZG.US,D,20231124,000000,28.855,28.855,28.855,28.855,2,0
NTZG.US,D,20231127,000000,28.85,28.85,28.8069,28.8069,100,0
NTZG.US,D,20231128,000000,28.8133,28.8133,28.8133,28.8133,2,0
NTZG.US,D,20231129,000000,28.805,28.805,28.805,28.805,2,0
NTZG.US,D,20231130,000000,28.8889,28.8889,28.8889,28.8889,2,0
NTZG.US,D,20231201,000000,29.0582,29.0582,29.0582,29.0582,2,0
NTZG.US,D,20231204,000000,28.79,28.79,28.79,28.79,2,0
NTZG.US,D,20231205,000000,28.7307,28.7307,28.7307,28.7307,1,0
NTZG.US,D,20231206,000000,28.78,28.8055,28.6653,28.6653,200,0
NTZG.US,D,20231207,000000,28.88,28.88,28.88,28.88,2,0
NTZG.US,D,20231208,000000,28.945,28.945,28.945,28.945,20,0
NTZG.US,D,20231211,000000,29.115,29.115,29.115,29.115,3,0
NTZG.US,D,20231212,000000,29.06,29.06,29.06,29.06,2,0
NTZG.US,D,20231213,000000,29.4021,29.4021,29.4021,29.4021,1,0
NTZG.US,D,20231214,000000,29.1036,29.1036,29.1036,29.1036,21,0
NTZG.US,D,20231215,000000,29.04,29.04,29.04,29.04,3,0
NTZG.US,D,20231218,000000,29.205,29.205,29.205,29.205,2,0
NTZG.US,D,20231219,000000,29.34,29.34,29.34,29.34,31,0
NTZG.US,D,20231220,000000,29.0019,29.0019,29.0019,29.0019,18,0
NTZG.US,D,20231221,000000,29.31,29.31,29.31,29.31,2,0
NTZG.US,D,20231222,000000,29.45,29.45,29.45,29.45,3,0
NTZG.US,D,20231226,000000,29.5279,29.5279,29.5279,29.5279,1,0
NTZG.US,D,20231227,000000,29.5855,29.5855,29.5855,29.5855,1,0
NTZG.US,D,20231228,000000,29.5842,29.5842,29.5842,29.5842,1,0
NTZG.US,D,20231229,000000,29.5275,29.5275,29.5275,29.5275,1,0
NTZG.US,D,20240102,000000,29.2934,29.2934,29.2934,29.2934,1,0
NTZG.US,D,20240103,000000,29.065,29.065,29.065,29.065,1,0
NTZG.US,D,20240104,000000,28.96,28.96,28.96,28.96,2,0
NTZG.US,D,20240105,000000,29.02,29.02,29.02,29.02,2,0
NTZG.US,D,20240108,000000,29.24,29.24,29.24,29.24,4,0
NTZG.US,D,20240109,000000,29.1753,29.1753,29.1753,29.1753,3,0
NTZG.US,D,20240110,000000,29.29,29.29,29.29,29.29,25,0
NTZG.US,D,20240111,000000,29.3425,29.3425,29.3425,29.3425,1,0
NTZG.US,D,20240112,000000,29.4,29.4,29.4,29.4,21,0
NTZG.US,D,20240116,000000,29.19,29.19,29.19,29.19,2,0
NTZG.US,D,20240117,000000,28.9443,28.9443,28.9443,28.9443,1,0
NTZG.US,D,20240118,000000,29.2465,29.2465,29.2465,29.2465,1,0
NTZG.US,D,20240119,000000,29.47,29.47,29.47,29.47,13,0
NTZG.US,D,20240122,000000,29.41,29.41,29.41,29.41,2,0
NTZG.US,D,20240123,000000,29.52,29.52,29.52,29.52,2,0
NTZG.US,D,20240124,000000,29.5,29.5,29.5,29.5,2,0
NTZG.US,D,20240125,000000,29.66,29.66,29.66,29.66,2,0
NTZG.US,D,20240126,000000,29.68,29.68,29.68,29.68,6,0
NTZG.US,D,20240129,000000,29.9102,29.9102,29.9102,29.9102,1,0
NTZG.US,D,20240130,000000,29.85,29.85,29.85,29.85,2,0
NTZG.US,D,20240131,000000,29.57,29.57,29.57,29.57,2,0
NTZG.US,D,20240201,000000,30.06,30.06,30.06,30.06,14,0
NTZG.US,D,20240202,000000,30.16,30.16,30.16,30.16,2,0
NTZG.US,D,20240205,000000,30.0118,30.0118,30.0118,30.0118,1,0
NTZG.US,D,20240206,000000,30.1672,30.1672,30.1672,30.1672,1,0
NTZG.US,D,20240207,000000,30.38,30.38,30.38,30.38,2,0
NTZG.US,D,20240208,000000,30.51,30.51,30.51,30.51,2,0
NTZG.US,D,20240209,000000,30.6276,30.6276,30.6276,30.6276,1,0
NTZG.US,D,20240212,000000,30.66,30.66,30.66,30.66,4,0
NTZG.US,D,20240213,000000,30.2021,30.2021,30.2021,30.2021,1,0
NTZG.US,D,20240214,000000,30.4578,30.4578,30.4578,30.4578,6,0
NTZG.US,D,20240215,000000,30.77,30.77,30.77,30.77,2,0
NTZG.US,D,20240216,000000,30.67,30.67,30.67,30.67,2,0
NTZG.US,D,20240220,000000,30.68,30.68,30.68,30.68,2,0
NTZG.US,D,20240221,000000,30.735,30.735,30.735,30.735,12,0
NTZG.US,D,20240222,000000,31.1358,31.1358,31.1358,31.1358,4,0
NTZG.US,D,20240223,000000,31.1414,31.1414,31.1414,31.1414,4,0
NTZG.US,D,20240226,000000,31.0428,31.0428,31.0428,31.0428,4,0
NTZG.US,D,20240227,000000,31.0768,31.0768,31.0768,31.0768,10,0
NTZG.US,D,20240228,000000,30.9295,30.9295,30.9295,30.9295,13,0
NTZG.US,D,20240229,000000,31.0338,31.0338,31.0338,31.0338,4,0
NTZG.US,D,20240301,000000,31.3075,31.3075,31.3075,31.3075,4,0
NTZG.US,D,20240304,000000,31.38,31.38,31.38,31.38,6,0
NTZG.US,D,20240305,000000,31.16,31.16,31.16,31.16,19,0
NTZG.US,D,20240306,000000,31.42,31.4219,31.42,31.4219,430,0
NTZG.US,D,20240307,000000,31.87,31.87,31.87,31.87,2,0
NTZG.US,D,20240308,000000,31.59,31.59,31.59,31.59,12,0
NTZG.US,D,20240311,000000,31.5153,31.5153,31.5153,31.5153,9,0
NTZG.US,D,20240312,000000,31.8525,31.8525,31.8525,31.8525,1,0
NTZG.US,D,20240313,000000,31.8219,31.8219,31.8219,31.8219,1,0
NTZG.US,D,20240314,000000,31.74,31.767,31.74,31.767,1618,0
NTZG.US,D,20240315,000000,31.48,31.53,31.48,31.53,319,0
NTZG.US,D,20240318,000000,31.75,31.75,31.6983,31.6983,561,0
NTZG.US,D,20240319,000000,31.71,31.84,31.71,31.84,813,0
NTZG.US,D,20240320,000000,32.02,32.02,32.02,32.02,12,0
NTZG.US,D,20240321,000000,32.07,32.07,32.07,32.07,8,0
NTZG.US,D,20240322,000000,32.08,32.08,32.08,32.08,10,0
NTZG.US,D,20240325,000000,32.0193,32.0193,32.0193,32.0193,5,0
NTZG.US,D,20240326,000000,31.9836,31.9836,31.9836,31.9836,22,0
NTZG.US,D,20240327,000000,32.14,32.14,32.14,32.14,16,0
NTZG.US,D,20240328,000000,32.19,32.19,32.1737,32.1737,107,0
NTZG.US,D,20240401,000000,32.05,32.05,32.05,32.05,9,0
NTZG.US,D,20240402,000000,31.97,31.97,31.97,31.97,11,0
NTZG.US,D,20240403,000000,31.88,31.88,31.88,31.88,3,0
NTZG.US,D,20240404,000000,31.6176,31.6176,31.6176,31.6176,22,0
NTZG.US,D,20240405,000000,31.8,31.8,31.8,31.8,7,0
NTZG.US,D,20240408,000000,31.94,31.96,31.9399,31.96,722,0
NTZG.US,D,20240409,000000,31.9239,31.9239,31.9239,31.9239,10,0
NTZG.US,D,20240410,000000,31.67,31.6999,31.67,31.6999,368,0
NTZG.US,D,20240411,000000,31.82,31.82,31.82,31.82,3,0
NTZG.US,D,20240412,000000,31.3,31.3,31.3,31.3,39,0
NTZG.US,D,20240415,000000,31.1,31.1,31.1,31.1,2,0
NTZG.US,D,20240416,000000,30.92,30.97,30.86,30.86,1418,0
NTZG.US,D,20240417,000000,30.866,30.866,30.866,30.866,1,0
NTZG.US,D,20240418,000000,30.8098,30.8098,30.8098,30.8098,1,0
NTZG.US,D,20240419,000000,30.75,30.77,30.75,30.77,301,0
NTZG.US,D,20240422,000000,30.69,30.88,30.69,30.88,202,0
NTZG.US,D,20240423,000000,31.1138,31.1138,31.1138,31.1138,1,0
NTZG.US,D,20240424,000000,31.1064,31.1064,31.1064,31.1064,1,0
NTZG.US,D,20240425,000000,30.84,31.1,30.84,31.1,141,0
NTZG.US,D,20240426,000000,31.3788,31.3788,31.3788,31.3788,2,0
NTZG.US,D,20240429,000000,31.39,31.39,31.39,31.39,9,0
NTZG.US,D,20240430,000000,31.006,31.006,31.006,31.006,4,0
NTZG.US,D,20240501,000000,30.91,30.9386,30.91,30.9386,137,0
NTZG.US,D,20240502,000000,31.2341,31.2341,31.2341,31.2341,1,0
NTZG.US,D,20240503,000000,31.42,31.42,31.42,31.42,12,0
NTZG.US,D,20240506,000000,31.63,31.7005,31.63,31.7005,137,0
NTZG.US,D,20240507,000000,31.76,31.8121,31.76,31.8121,136,0
NTZG.US,D,20240508,000000,31.7513,31.7513,31.7513,31.7513,1,0
NTZG.US,D,20240509,000000,31.83,31.83,31.83,31.83,12,0
NTZG.US,D,20240510,000000,31.862,31.862,31.862,31.862,11,0
NTZG.US,D,20240513,000000,31.8417,31.8417,31.8417,31.8417,11,0
NTZG.US,D,20240514,000000,32.01,32.01,32.01,32.01,2,0
NTZG.US,D,20240515,000000,32.2915,32.2915,32.2915,32.2915,11,0
NTZG.US,D,20240516,000000,32.12,32.12,32.12,32.12,5,0
NTZG.US,D,20240517,000000,32.2494,32.2494,32.2494,32.2494,1,0
NTZG.US,D,20240520,000000,32.1963,32.1963,32.1963,32.1963,13,0
NTZG.US,D,20240521,000000,32.19,32.2435,32.19,32.2435,172,0
NTZG.US,D,20240522,000000,32.1,32.1,32.1,32.1,43,0
NTZG.US,D,20240523,000000,31.8892,31.8892,31.8892,31.8892,9,0
NTZG.US,D,20240524,000000,32.0607,32.0607,32.0607,32.0607,118,0
NTZG.US,D,20240528,000000,31.97,31.97,31.97,31.97,8,0
NTZG.US,D,20240529,000000,31.63,31.63,31.63,31.63,12,0
NTZG.US,D,20240530,000000,31.5987,31.5987,31.5987,31.5987,3,0
NTZG.US,D,20240531,000000,31.53,31.8,31.5299,31.8,2512,0
NTZG.US,D,20240603,000000,31.7257,31.7257,31.7257,31.7257,2,0
NTZG.US,D,20240604,000000,31.7045,31.7045,31.7045,31.7045,8,0
NTZG.US,D,20240605,000000,31.9157,31.9157,31.9157,31.9157,7,0
NTZG.US,D,20240606,000000,31.9873,31.9873,31.9873,31.9873,3,0
NTZG.US,D,20240607,000000,31.823,31.823,31.823,31.823,1,0
NTZG.US,D,20240610,000000,31.93,31.93,31.93,31.93,15,0
NTZG.US,D,20240611,000000,31.79,31.79,31.79,31.79,6,0
NTZG.US,D,20240612,000000,32.09,32.09,32.09,32.09,32,0
NTZG.US,D,20240613,000000,31.8281,31.83,31.8281,31.83,1008,0
NTZG.US,D,20240614,000000,31.65,31.65,31.65,31.65,14,0
NTZG.US,D,20240617,000000,31.6445,31.8642,31.6445,31.8642,213,0
NTZG.US,D,20240618,000000,31.99,32.02,31.98,31.9847,961,0
NTZG.US,D,20240620,000000,32.14,32.14,32.098,32.098,195,0
NTZG.US,D,20240621,000000,32.1063,32.1063,32.1063,32.1063,3,0
NTZG.US,D,20240624,000000,32.26,32.26,32.21,32.23,10078,0
NTZG.US,D,20240625,000000,32.18,32.2,32.18,32.2,146,0
NTZG.US,D,20240626,000000,32.15,32.15,32.15,32.15,3,0
NTZG.US,D,20240627,000000,32.38,32.38,32.38,32.38,3,0
NTZG.US,D,20240628,000000,32.11,32.11,32.11,32.11,3,0
NTZG.US,D,20240701,000000,32.1759,32.1759,32.1759,32.1759,8,0
NTZG.US,D,20240702,000000,32.28,32.28,32.28,32.28,2,0
NTZG.US,D,20240703,000000,32.6,32.6,32.6,32.6,9,0
NTZG.US,D,20240705,000000,32.81,32.81,32.81,32.81,24,0
NTZG.US,D,20240708,000000,32.82,32.82,32.64,32.64,114,0
NTZG.US,D,20240709,000000,32.53,32.53,32.53,32.53,46,0
NTZG.US,D,20240710,000000,32.89,32.89,32.89,32.89,15,0
NTZG.US,D,20240711,000000,32.92,32.92,32.92,32.92,12,0
NTZG.US,D,20240712,000000,32.9966,32.9966,32.9966,32.9966,10,0
NTZG.US,D,20240715,000000,32.8,32.8,32.8,32.8,17,0
NTZG.US,D,20240716,000000,33.0282,33.0282,33.0282,33.0282,4,0
NTZG.US,D,20240717,000000,32.8,32.8,32.8,32.8,5,0
NTZG.US,D,20240718,000000,32.37,32.37,32.37,32.37,16,0
NTZG.US,D,20240719,000000,32.329,32.35,32.328,32.35,2612,0
NTZG.US,D,20240722,000000,32.4,32.4,32.4,32.4,43,0
NTZG.US,D,20240723,000000,32.409,32.409,32.3077,32.3077,360,0
NTZG.US,D,20240724,000000,31.88,31.88,31.88,31.88,572,0
NTZG.US,D,20240725,000000,31.71,31.7101,31.63,31.63,2280,0
NTZG.US,D,20240726,000000,31.9994,31.9994,31.9994,31.9994,10,0
NTZG.US,D,20240729,000000,32.06,32.06,32.06,32.06,74,0
NTZG.US,D,20240730,000000,32.0178,32.0178,32.0178,32.0178,93,0
NTZG.US,D,20240731,000000,32.3512,32.3512,32.3512,32.3512,34,0
NTZG.US,D,20240801,000000,31.83,31.83,31.83,31.83,10,0
NTZG.US,D,20240802,000000,31.29,31.29,31.04,31.04,529,0
NTZG.US,D,20240805,000000,30.1226,30.1226,30.1226,30.1226,136,0
NTZG.US,D,20240806,000000,30.36,30.36,30.36,30.36,2,0
NTZG.US,D,20240807,000000,30.35,30.35,30.35,30.35,3,0
NTZG.US,D,20240808,000000,30.81,30.81,30.81,30.81,59,0
NTZG.US,D,20240809,000000,31.09,31.09,31.09,31.09,2,0
NTZG.US,D,20240812,000000,30.98,30.98,30.98,30.98,2,0
NTZG.US,D,20240813,000000,31.4767,31.4767,31.4767,31.4767,1,0
NTZG.US,D,20240814,000000,31.5801,31.5801,31.5801,31.5801,1,0
NTZG.US,D,20240815,000000,32.05,32.05,32.05,32.05,6,0
NTZG.US,D,20240816,000000,32.0697,32.0697,32.0697,32.0697,9,0
NTZG.US,D,20240819,000000,32.3538,32.3538,32.3538,32.3538,32,0
NTZG.US,D,20240820,000000,32.2921,32.2921,32.2921,32.2921,13,0
NTZG.US,D,20240821,000000,32.5,32.5,32.5,32.5,18,0
NTZG.US,D,20240822,000000,32.2836,32.2836,32.2836,32.2836,39,0
NTZG.US,D,20240823,000000,32.79,32.79,32.79,32.79,2,0
NTZG.US,D,20240826,000000,32.64,32.64,32.64,32.64,6,0
NTZG.US,D,20240827,000000,32.8,32.8,32.8,32.8,3,0
NTZG.US,D,20240828,000000,32.5806,32.5806,32.5806,32.5806,3,0
NTZG.US,D,20240829,000000,32.79,32.79,32.79,32.79,2,0
NTZG.US,D,20240830,000000,32.96,32.96,32.96,32.96,13,0
NTZG.US,D,20240903,000000,32.3832,32.3832,32.3832,32.3832,9,0
NTZG.US,D,20240904,000000,32.355,32.355,32.2847,32.2847,172,0
NTZG.US,D,20240905,000000,32.1529,32.1529,32.1529,32.1529,1,0
NTZG.US,D,20240906,000000,31.68,31.68,31.68,31.68,13,0
NTZG.US,D,20240909,000000,32,32,32,32,15,0
NTZG.US,D,20240910,000000,31.87,31.87,31.87,31.87,19,0
NTZG.US,D,20240911,000000,31.72,32.29,31.72,32.29,1085,0
NTZG.US,D,20240912,000000,32.49,32.51,32.49,32.51,412,0
NTZG.US,D,20240913,000000,32.695,32.695,32.695,32.695,10,0
NTZG.US,D,20240916,000000,32.92,32.92,32.92,32.92,4,0
NTZG.US,D,20240917,000000,32.78,32.78,32.78,32.78,91,0
NTZG.US,D,20240918,000000,32.79,32.79,32.79,32.79,12,0
NTZG.US,D,20240919,000000,33.2567,33.2567,33.2567,33.2567,5,0
NTZG.US,D,20240920,000000,33.1866,33.1866,33.1866,33.1866,4,0
NTZG.US,D,20240923,000000,33.2973,33.2973,33.2973,33.2973,1,0
NTZG.US,D,20240924,000000,33.54,33.54,33.54,33.54,3,0
NTZG.US,D,20240925,000000,33.28,33.28,33.28,33.28,25,0
NTZG.US,D,20240926,000000,33.56,33.56,33.56,33.56,13,0
NTZG.US,D,20240927,000000,33.38,33.38,33.38,33.38,8,0
NTZG.US,D,20241001,000000,33.21,33.21,33.21,33.21,5,0
NTZG.US,D,20241002,000000,33.09,33.09,33.09,33.09,4,0
NTZG.US,D,20241003,000000,32.96,32.96,32.96,32.96,3,0
NTZG.US,D,20241004,000000,33.16,33.16,33.16,33.16,12,0
NTZG.US,D,20241007,000000,33.01,33.01,33.01,33.01,8,0
NTZG.US,D,20241008,000000,33.01,33.01,33.01,33.01,9,0
NTZG.US,D,20241009,000000,33.15,33.15,33.15,33.15,5,0
NTZG.US,D,20241010,000000,32.6762,32.6762,32.6762,32.6762,13,0
NTZG.US,D,20241011,000000,32.9576,32.9576,32.9576,32.9576,18,0
NTZG.US,D,20241014,000000,32.94,32.94,32.94,32.94,10,0
