<TICKER>,<PER>,<DATE>,<TIME>,<OPEN>,<HIGH>,<LOW>,<CLOSE>,<VOL>,<OPENINT>
NUTX.US,D,20220405,000000,519.75,525,300.15,399.6,98756.600049378,0
NUTX.US,D,20220406,000000,375,375,255,268.5,42111.066687722,0
NUTX.US,D,20220407,000000,238.95,244.09,183.964,185.7,48813.600024407,0
NUTX.US,D,20220408,000000,186.3,187.498,133.8,135.15,94575.400047288,0
NUTX.US,D,20220411,000000,128.1,137.55,122.55,129.45,43621.533355144,0
NUTX.US,D,20220412,000000,123.9,139.5,123.15,123.75,25112.666679223,0
NUTX.US,D,20220413,000000,128.85,128.85,116.25,118.8,48461.066690897,0
NUTX.US,D,20220414,000000,121.2,121.2,108,109.5,18832.066676083,0
NUTX.US,D,20220418,000000,110.1,110.1,57.3,77.55,138047.26673569,0
NUTX.US,D,20220419,000000,76.5,85.5,75,81.15,35511.266684422,0
NUTX.US,D,20220420,000000,80.1,86.2485,70.2,70.35,21712.866677523,0
NUTX.US,D,20220421,000000,71.4,71.4,63,64.05,18434.400009217,0
NUTX.US,D,20220422,000000,61.8,71.5485,61.8,68.85,23285.466678309,0
NUTX.US,D,20220425,000000,69.3,69.3,64.2,66.3,19999.80001,0
NUTX.US,D,20220426,000000,68.55,207.15,65.4,115.2,5028518.4025143,0
NUTX.US,D,20220427,000000,137.55,157.65,119.85,130.8,2999502.5348331,0
NUTX.US,D,20220428,000000,124.35,129.744,116.25,122.1,305634.66681948,0
NUTX.US,D,20220429,000000,118.35,157.35,118.2,141.3,687639.06701049,0
NUTX.US,D,20220502,000000,139.2,153.6,128.4,149.7,277234.93347195,0
NUTX.US,D,20220503,000000,144.3,161.1,113.851,115.5,224679.20011234,0
NUTX.US,D,20220504,000000,115.8,117,97.5,102.6,152478.26674291,0
NUTX.US,D,20220505,000000,104.55,104.55,84,85.8,100206.4000501,0
NUTX.US,D,20220506,000000,89.7,91.05,75.3975,89.25,161278.33341397,0
NUTX.US,D,20220509,000000,82.95,87.45,68.7,69.75,116509.80005825,0
NUTX.US,D,20220510,000000,76.65,80.4,70.8,74.85,70982.333368825,0
NUTX.US,D,20220511,000000,79.8,79.8,71.8875,74.1,108272.20005414,0
NUTX.US,D,20220512,000000,70.65,75.45,69.75,75,99415.266716374,0
NUTX.US,D,20220513,000000,75.75,94.5,74.4,91.8,262026.20013101,0
NUTX.US,D,20220516,000000,86.25,91.65,84.45,87.6,43196.800021598,0
NUTX.US,D,20220517,000000,87.6,114.6,87.6,112.35,172120.00008606,0
NUTX.US,D,20220518,000000,107.25,134.55,104.7,121.35,224408.73344554,0
NUTX.US,D,20220519,000000,121.5,124.35,106.8,119.55,125996.000063,0
NUTX.US,D,20220520,000000,118.5,126.6,112.2,123.75,128798.0000644,0
NUTX.US,D,20220523,000000,126.3,135.75,126.3,128.4,166759.00008338,0
NUTX.US,D,20220524,000000,123.9,133.35,120,125.85,69100.466701217,0
NUTX.US,D,20220525,000000,123.9,148.5,122.25,147.3,142892.13340478,0
NUTX.US,D,20220526,000000,148.5,152.1,142.35,148.65,98773.200049387,0
NUTX.US,D,20220527,000000,147.75,150.598,145.5,150,65427.533366047,0
NUTX.US,D,20220531,000000,150,152.7,143.25,149.7,100482.80005024,0
NUTX.US,D,20220601,000000,149.85,167.85,144.901,161.55,207094.40010355,0
NUTX.US,D,20220602,000000,162,165.6,130.35,138.15,240450.60012023,0
NUTX.US,D,20220603,000000,139.2,167.25,137.85,139.2,323210.13349494,0
NUTX.US,D,20220606,000000,139.95,141.3,90.15,94.95,504339.06691884,0
NUTX.US,D,20220607,000000,95.7,102.75,94.95,99.9,235463.4667844,0
NUTX.US,D,20220608,000000,101.25,125.1,98.7,120.45,288059.93347736,0
NUTX.US,D,20220609,000000,116.85,136.348,112.95,123.75,220938.26677714,0
NUTX.US,D,20220610,000000,120.15,131.25,105.45,105.9,153755.66674354,0
NUTX.US,D,20220613,000000,106.65,106.65,82.65,86.7,168687.80008434,0
NUTX.US,D,20220614,000000,88.35,90.9,83.775,84,57913.53336229,0
NUTX.US,D,20220615,000000,81.45,86.55,75.75,78.9,113791.6000569,0
NUTX.US,D,20220616,000000,79.8,82.8,72,74.7,81954.066707644,0
NUTX.US,D,20220617,000000,76.05,77.7,70.65,71.4,149130.9334079,0
NUTX.US,D,20220621,000000,74.85,75.8475,63.975,64.5,122546.86672794,0
NUTX.US,D,20220622,000000,63.9,66.3,60,60.45,97552.400048776,0
NUTX.US,D,20220623,000000,59.85,61.2,58.05,60.6,73443.733370055,0
NUTX.US,D,20220624,000000,60.15,66.6,58.95,60.3,374644.53352066,0
NUTX.US,D,20220627,000000,66,66.9,60.15,60.3,118137.86672574,0
NUTX.US,D,20220628,000000,60,62.1,54.45,55.05,87712.93337719,0
NUTX.US,D,20220629,000000,56.55,56.55,49.5,49.95,73640.00003682,0
NUTX.US,D,20220630,000000,49.05,50.7,47.4,48.375,60180.40003009,0
NUTX.US,D,20220701,000000,48.6,50.652,45.75,46.05,63591.933365129,0
NUTX.US,D,20220705,000000,46.05,46.5,43.65,45.45,49739.60002487,0
NUTX.US,D,20220706,000000,45,46.65,43.65,46.35,30028.266681681,0
NUTX.US,D,20220707,000000,47.1,47.4,45.15,47.1,27368.933347018,0
NUTX.US,D,20220708,000000,46.95,47.925,45.3,47.25,34871.333350769,0
NUTX.US,D,20220711,000000,47.25,47.25,42.6,43.5,85231.066709282,0
NUTX.US,D,20220712,000000,43.05,44.4,39.9,40.35,46515.533356591,0
NUTX.US,D,20220713,000000,40.5,41.535,37.95,38.1,41755.200020878,0
NUTX.US,D,20220714,000000,38.4,39.45,36.75,37.35,40970.333353819,0
NUTX.US,D,20220715,000000,38.1,39,36.9075,38.7,24576.933345622,0
NUTX.US,D,20220718,000000,41.4,41.4,38.475,38.7,30076.466681705,0
NUTX.US,D,20220719,000000,38.85,40.125,37.5,39.15,42900.666688117,0
NUTX.US,D,20220720,000000,39.6,40.35,38.25,39.75,24095.066678714,0
NUTX.US,D,20220721,000000,39.6,42.45,39.45,42.15,35618.333351143,0
NUTX.US,D,20220722,000000,42,42.5925,40.05,41.1,23439.533345053,0
NUTX.US,D,20220725,000000,41.55,42.1155,39.45,40.95,18529.066675931,0
NUTX.US,D,20220726,000000,41.1,41.7,37.2,41.25,26021.733346344,0
NUTX.US,D,20220727,000000,43.2,43.2,39.675,41.4,19812.800009906,0
NUTX.US,D,20220728,000000,42,46.95,40.5,45.45,57737.200028869,0
NUTX.US,D,20220729,000000,45,46.0395,37.353,39.6,99398.800049699,0
NUTX.US,D,20220801,000000,39.75,45.51,39,43.35,116642.86672499,0
NUTX.US,D,20220802,000000,42.9,58.35,42.9,44.85,260068.80013003,0
NUTX.US,D,20220803,000000,45,51.525,45,51.15,71840.133369253,0
NUTX.US,D,20220804,000000,52.05,55.95,51,52.95,55661.666694498,0
NUTX.US,D,20220805,000000,51.3,54.3,48.45,52.65,39197.600019599,0
NUTX.US,D,20220808,000000,53.25,55.8,49.9515,54.6,41948.666687641,0
NUTX.US,D,20220809,000000,53.7,59.25,52.95,58.95,38456.133352561,0
NUTX.US,D,20220810,000000,59.25,59.25,52.65,57.9,51866.2666926,0
NUTX.US,D,20220811,000000,57.75,58.2,54.1515,57.75,35828.400017914,0
NUTX.US,D,20220812,000000,58.05,58.8,55.0515,57.3,24619.466678976,0
NUTX.US,D,20220815,000000,57,58.65,55.8,58.05,24199.466678766,0
NUTX.US,D,20220816,000000,56.7,64.95,56.325,64.8,43910.666688622,0
NUTX.US,D,20220817,000000,64.35,64.8,60.15,62.25,29762.533348215,0
NUTX.US,D,20220818,000000,62.25,62.7,59.25,59.7,18710.333342689,0
NUTX.US,D,20220819,000000,59.25,59.388,57,58.5,18809.800009405,0
NUTX.US,D,20220822,000000,59.4,59.4,52.2,53.7,16545.933341606,0
NUTX.US,D,20220823,000000,51.6,52.875,47.5515,51.15,35201.266684267,0
NUTX.US,D,20220824,000000,50.7,52.1775,45.75,45.9,19263.600009632,0
NUTX.US,D,20220825,000000,46.65,47.25,43.5,45.15,20904.466677119,0
NUTX.US,D,20220826,000000,45.3,46.2,42.15,42.15,23168.466678251,0
NUTX.US,D,20220829,000000,41.55,43.425,39.6,41.4,24433.866678884,0
NUTX.US,D,20220830,000000,40.5,42.15,38.25,38.85,21746.800010873,0
NUTX.US,D,20220831,000000,39,42.375,39,40.35,22714.533344691,0
NUTX.US,D,20220901,000000,40.65,40.65,37.8,38.85,21545.400010773,0
NUTX.US,D,20220902,000000,40.2,40.2,35.4,35.85,59216.933362942,0
NUTX.US,D,20220906,000000,36.9,51.9,36.525,39,875558.46710445,0
NUTX.US,D,20220907,000000,39.15,50.1,38.7135,47.55,296220.66681478,0
NUTX.US,D,20220908,000000,46.8,60.75,40.95,44.7,823902.73374528,0
NUTX.US,D,20220909,000000,43.8,45.15,41.1,44.1,130132.40006507,0
NUTX.US,D,20220912,000000,42.15,43.7865,40.05,40.65,99078.266716206,0
NUTX.US,D,20220913,000000,39.15,40.11,37.65,39.3,76703.133371685,0
NUTX.US,D,20220914,000000,40.95,40.95,35.25,35.55,93473.000046737,0
NUTX.US,D,20220915,000000,36,37.05,34.5,34.5,82408.133374537,0
NUTX.US,D,20220916,000000,34.35,34.35,30.6,30.75,107361.26672035,0
NUTX.US,D,20220919,000000,30.6,30.75,28.05,28.8,52477.666692905,0
NUTX.US,D,20220920,000000,27.75,30.375,27,28.8,62032.000031016,0
NUTX.US,D,20220921,000000,28.65,29.85,26.7,27,43672.866688503,0
NUTX.US,D,20220922,000000,27.45,27.45,22.35,22.5,100243.60005012,0
NUTX.US,D,20220923,000000,22.2,23.4,21.3,22.8,58911.066696122,0
NUTX.US,D,20220926,000000,22.8,26.55,22.575,24.75,41089.666687212,0
NUTX.US,D,20220927,000000,25.05,25.35,23.475,24.9,32168.666682751,0
NUTX.US,D,20220928,000000,24.45,25.3485,24.1005,24.75,15647.26667449,0
NUTX.US,D,20220929,000000,24.15,24.75,23.4,24.3,21966.86667765,0
NUTX.US,D,20220930,000000,24.15,24.45,22.5,22.5,13331.066673332,0
NUTX.US,D,20221003,000000,22.5,22.95,20.9385,21.9,16830.866675082,0
NUTX.US,D,20221004,000000,22.0485,22.65,21.6,21.75,27236.533346952,0
NUTX.US,D,20221005,000000,21.15,21.45,18,18.3,100533.00005027,0
NUTX.US,D,20221006,000000,18.75,18.75,13.203,13.497,232650.60011633,0
NUTX.US,D,20221007,000000,13.8,13.8,9.525,9.75,372962.20018648,0
NUTX.US,D,20221010,000000,10.9515,11.385,9.465,9.972,310088.40015504,0
NUTX.US,D,20221011,000000,10.2,10.2,9.15,9.45,130570.46673195,0
NUTX.US,D,20221012,000000,9.45,9.6,7.5,8.31,328393.46683086,0
NUTX.US,D,20221013,000000,8.184,17.208,7.6515,14.3265,2896155.9347814,0
NUTX.US,D,20221014,000000,14.067,15.3,10.5765,11.091,756317.40037816,0
NUTX.US,D,20221017,000000,11.4435,17.0985,11.25,12.855,2019069.9343429,0
NUTX.US,D,20221018,000000,13.5,13.62,11.4,11.9865,280971.73347382,0
NUTX.US,D,20221019,000000,11.2785,11.9955,9.90075,10.164,192459.80009623,0
NUTX.US,D,20221020,000000,10.2,10.947,9.3,9.7425,226075.40011304,0
NUTX.US,D,20221021,000000,9.75,9.885,9.15,9.465,150796.93340873,0
NUTX.US,D,20221024,000000,9.45,10.2,8.7,9.2805,113464.60005673,0
NUTX.US,D,20221025,000000,9.1485,13.05,9.0015,12.0195,827765.46708055,0
NUTX.US,D,20221026,000000,12,13.8,11.4225,12.063,381268.60019063,0
NUTX.US,D,20221027,000000,12.075,12.6555,11.2575,11.9265,101156.40005058,0
NUTX.US,D,20221028,000000,11.8515,12.2985,10.692,12,96853.266715093,0
NUTX.US,D,20221031,000000,12.15,12.225,11.85,12.075,56335.266694834,0
NUTX.US,D,20221101,000000,12.4425,12.8985,11.925,12.156,71084.733368876,0
NUTX.US,D,20221102,000000,12.6,12.6,11.2515,11.28,57430.600028715,0
NUTX.US,D,20221103,000000,11.2875,11.7,10.545,10.7265,42346.200021173,0
NUTX.US,D,20221104,000000,10.4505,12.3,10.4505,11.8335,110814.13338874,0
NUTX.US,D,20221107,000000,11.6565,11.6565,10.875,11.1045,104881.20005244,0
NUTX.US,D,20221108,000000,12.3,12.3,10.65,10.767,85344.466709339,0
NUTX.US,D,20221109,000000,11.067,11.673,10.3515,11.3895,65719.866699527,0
NUTX.US,D,20221110,000000,11.4,12.9645,11.1045,12.639,92480.333379574,0
NUTX.US,D,20221111,000000,13.35,18.45,12.6765,17.4,401250.93353396,0
NUTX.US,D,20221114,000000,18,18.45,15.45,17.55,88534.533377601,0
NUTX.US,D,20221115,000000,17.7,17.7,15.75,16.2,56508.133361587,0
NUTX.US,D,20221116,000000,16.05,16.4055,14.721,15.15,63667.133365167,0
NUTX.US,D,20221117,000000,14.7,16.5,13.668,15.75,67340.20003367,0
NUTX.US,D,20221118,000000,16.05,19.8,15.327,17.85,175777.26675456,0
NUTX.US,D,20221121,000000,17.4,20.4,15.9,16.2,100409.73338354,0
NUTX.US,D,20221122,000000,16.65,17.7,15,15.45,99623.866716479,0
NUTX.US,D,20221123,000000,15.15,16.35,15.15,15.6,49286.000024643,0
NUTX.US,D,20221125,000000,14.25,18.75,13.5,18.15,386007.73352634,0
NUTX.US,D,20221128,000000,18,24,17.4,23.25,584070.8669587,0
NUTX.US,D,20221129,000000,23.25,23.25,20.4,21.15,164647.00008232,0
NUTX.US,D,20221130,000000,20.1,23.4,19.2,23.25,453367.73356002,0
NUTX.US,D,20221201,000000,22.5,28.5,22.05,27.15,322883.06682811,0
NUTX.US,D,20221202,000000,26.1,33,25.95,28.8,354427.60017721,0
NUTX.US,D,20221205,000000,27.6,28.725,25.8,28.35,149708.73340819,0
NUTX.US,D,20221206,000000,28.05,33.9,28.0425,33.45,261930.80013097,0
NUTX.US,D,20221207,000000,32.7,33.45,30,31.8,95264.133380965,0
NUTX.US,D,20221208,000000,31.8,35.7015,31.2,35.4,176730.86675503,0
NUTX.US,D,20221209,000000,34.65,36.6,31.2,31.35,139758.86673655,0
NUTX.US,D,20221212,000000,31.5,36.9,27.9,28.2,187221.40009361,0
NUTX.US,D,20221213,000000,28.95,31.92,28.95,29.25,113144.20005657,0
NUTX.US,D,20221214,000000,28.8,30.3,28.5,28.95,93869.666713602,0
NUTX.US,D,20221215,000000,28.8,29.4,23.85,25.95,134679.93340067,0
NUTX.US,D,20221216,000000,26.1,30.6,24.825,29.4,1600173.4674668,0
NUTX.US,D,20221219,000000,29.55,29.55,25.6515,28.2,84782.200042391,0
NUTX.US,D,20221220,000000,27.45,29.7,26.4,29.55,106985.13338683,0
NUTX.US,D,20221221,000000,29.7,29.7,27.45,28.5,54839.133360753,0
NUTX.US,D,20221222,000000,28.35,31.95,27.177,31.8,117571.06672545,0
NUTX.US,D,20221223,000000,31.65,32.4,30,31.2,70042.866701688,0
NUTX.US,D,20221227,000000,30.15,30.15,27.3,27.6,67394.333367031,0
NUTX.US,D,20221228,000000,27,30.6,26.4,30,73240.133369953,0
NUTX.US,D,20221229,000000,29.25,31.2,27.75,29.85,63595.400031798,0
NUTX.US,D,20221230,000000,29.7,30.45,28.35,28.5,51153.13335891,0
NUTX.US,D,20230103,000000,28.8,30.075,27,29.85,97040.066715187,0
NUTX.US,D,20230104,000000,30.75,31.8,27.825,28.2,75309.666704321,0
NUTX.US,D,20230105,000000,27.6,28.05,25.35,25.65,65459.933366063,0
NUTX.US,D,20230106,000000,25.5,26.4,25.35,26.1,36941.933351804,0
NUTX.US,D,20230109,000000,25.95,26.7,23.7,25.8,65041.333365854,0
NUTX.US,D,20230110,000000,25.95,28.575,25.062,26.1,96905.666715119,0
NUTX.US,D,20230111,000000,26.4,27,24.825,25.35,49717.066691525,0
NUTX.US,D,20230112,000000,24.75,26.025,24.3,25.95,63969.400031985,0
NUTX.US,D,20230113,000000,24.9,26.325,24.45,25.65,48492.200024246,0
NUTX.US,D,20230117,000000,25.2,25.6905,22.2,22.5,115392.26672436,0
NUTX.US,D,20230118,000000,22.65,25.8,22.2,23.7,89473.200044737,0
NUTX.US,D,20230119,000000,23.4,23.625,20.55,21.15,74065.066703699,0
NUTX.US,D,20230120,000000,22.2,22.8,19.275,20.25,125648.13339616,0
NUTX.US,D,20230123,000000,20.25,20.6295,18.1515,20.4,83106.66670822,0
NUTX.US,D,20230124,000000,19.2,20.82,19.2,20.1,44244.866688789,0
NUTX.US,D,20230125,000000,20.55,20.55,18.6,19.95,33809.933350238,0
NUTX.US,D,20230126,000000,20.4,20.775,19.2255,20.7,40329.466686831,0
NUTX.US,D,20230127,000000,20.1,21,19.425,20.4,34701.466684017,0
NUTX.US,D,20230130,000000,20.25,21.3,19.2,19.65,63403.133365035,0
NUTX.US,D,20230131,000000,19.65,20.55,19.425,20.1,73453.13337006,0
NUTX.US,D,20230201,000000,20.4,21,18.6,19.8,65489.200032745,0
NUTX.US,D,20230202,000000,19.8,20.4,18.45,19.35,89390.466711362,0
NUTX.US,D,20230203,000000,19.2,23.1,19.2,22.5,153748.20007687,0
NUTX.US,D,20230206,000000,22.5,22.65,20.625,21.6,62441.800031221,0
NUTX.US,D,20230207,000000,21.3,22.5,20.7,22.5,68238.933367453,0
NUTX.US,D,20230208,000000,22.5,22.8,21.525,21.9,43641.200021821,0
NUTX.US,D,20230209,000000,21.6,21.888,19.65,19.875,36545.266684939,0
NUTX.US,D,20230210,000000,19.5,21.075,19.5,20.85,63331.066698332,0
NUTX.US,D,20230213,000000,20.25,20.475,18.675,19.05,42990.600021495,0
NUTX.US,D,20230214,000000,19.05,19.725,18.75,18.9,44002.000022001,0
NUTX.US,D,20230215,000000,18.9,19.65,18.15,19.05,59584.066696459,0
NUTX.US,D,20230216,000000,19.2,19.5,18.45,18.9,31173.066682253,0
NUTX.US,D,20230217,000000,19.8,20.85,18.45,20.7,55140.60002757,0
NUTX.US,D,20230221,000000,20.85,20.9625,18.75,19.95,67052.866700193,0
NUTX.US,D,20230222,000000,20.25,21.75,19.2,21.6,42573.13335462,0
NUTX.US,D,20230223,000000,21.3,21.6,19.65,20.55,57174.066695254,0
NUTX.US,D,20230224,000000,20.1,20.1,18.3,18.9,64379.533365523,0
NUTX.US,D,20230227,000000,19.2,19.65,18.6,19.5,39889.400019945,0
NUTX.US,D,20230228,000000,19.5,20.7,18.6,20.55,63925.933365296,0
NUTX.US,D,20230301,000000,20.7,20.7,18.75,19.65,45193.53335593,0
NUTX.US,D,20230302,000000,19.35,19.725,18.675,19.2,45087.933355877,0
NUTX.US,D,20230303,000000,19.2,20.25,18.75,19.5,37620.666685477,0
NUTX.US,D,20230306,000000,19.95,24.75,19.8,24.15,277070.2668052,0
NUTX.US,D,20230307,000000,24.45,26.775,23.4,24.15,162785.46674806,0
NUTX.US,D,20230308,000000,24,26.85,21.3,22.05,122052.66672769,0
NUTX.US,D,20230309,000000,22.05,22.275,20.85,21,70878.933368773,0
NUTX.US,D,20230310,000000,21,21.45,15.75,17.25,206168.00010308,0
NUTX.US,D,20230313,000000,17.85,18.9,17.4,18.15,70974.733368821,0
NUTX.US,D,20230314,000000,18.45,18.45,16.2,16.95,100837.40005042,0
NUTX.US,D,20230315,000000,16.8,17.1,15.6,16.05,202409.4001012,0
NUTX.US,D,20230316,000000,15.75,16.35,14.4015,16.125,150148.26674174,0
NUTX.US,D,20230317,000000,16.05,16.35,15.45,15.975,254474.80012724,0
NUTX.US,D,20230320,000000,16.05,16.05,14.2635,15.75,224830.13344575,0
NUTX.US,D,20230321,000000,15.9,16.05,14.4015,15.45,283125.46680823,0
NUTX.US,D,20230322,000000,14.7,15.3,13.098,14.709,121801.93339423,0
NUTX.US,D,20230323,000000,14.6085,15.15,14.25,14.8275,63270.000031635,0
NUTX.US,D,20230324,000000,15,15.975,14.178,15.75,60502.733363585,0
NUTX.US,D,20230327,000000,15.9,16.2,14.1,14.8425,106433.53338655,0
NUTX.US,D,20230328,000000,15,15.3,14.403,14.769,31254.733348961,0
NUTX.US,D,20230329,000000,14.85,15.9,14.7022,15,43828.866688581,0
NUTX.US,D,20230330,000000,15.45,16.3395,14.853,15.45,70316.666701825,0
NUTX.US,D,20230331,000000,15.45,15.6,15,15.15,58634.533362651,0
NUTX.US,D,20230403,000000,15.15,15.375,14.4,14.7375,66775.200033388,0
NUTX.US,D,20230404,000000,14.7015,15.3,14.265,15.15,47548.600023774,0
NUTX.US,D,20230405,000000,14.9175,16.5,14.9175,16.05,66404.000033202,0
NUTX.US,D,20230406,000000,15.6,16.35,15.3,15.75,56323.933361495,0
NUTX.US,D,20230410,000000,15.45,16.425,13.857,13.8795,78598.066705966,0
NUTX.US,D,20230411,000000,14.1015,14.6985,14.1015,14.343,124680.66672901,0
NUTX.US,D,20230412,000000,15,15.45,12,12.213,785345.93372601,0
NUTX.US,D,20230413,000000,12.2265,12.3375,11.4015,12,159575.86674645,0
NUTX.US,D,20230414,000000,11.7825,11.8485,10.8375,11.1525,119445.33339306,0
NUTX.US,D,20230417,000000,11.307,12.165,10.8555,11.8485,92108.133379387,0
NUTX.US,D,20230418,000000,11.85,11.997,10.8075,10.8645,72057.266702695,0
NUTX.US,D,20230419,000000,10.5375,10.8,10.4265,10.53,77806.26670557,0
NUTX.US,D,20230420,000000,10.53,10.92,9.9075,10.1775,83377.600041689,0
NUTX.US,D,20230421,000000,10.3185,10.752,9.75,9.9915,82694.800041347,0
NUTX.US,D,20230424,000000,10.182,10.2645,9.27675,9.3,86864.400043432,0
NUTX.US,D,20230425,000000,9.3,9.45,8.33625,8.4015,144145.66673874,0
NUTX.US,D,20230426,000000,8.7,9.3,8.55,8.856,97184.266715259,0
NUTX.US,D,20230427,000000,9,9,8.2545,8.2545,156107.93341139,0
NUTX.US,D,20230428,000000,8.6985,8.6985,8.25,8.523,78555.200039278,0
NUTX.US,D,20230501,000000,8.55,8.8365,7.8885,8.0175,131725.86673253,0
NUTX.US,D,20230502,000000,7.8255,8.121,7.2135,7.3035,208591.13343763,0
NUTX.US,D,20230503,000000,7.425,8.7,7.3035,7.8525,252242.46679279,0
NUTX.US,D,20230504,000000,7.989,8.0985,7.275,7.2945,114728.20005736,0
NUTX.US,D,20230505,000000,7.6485,8.0985,7.509,7.8285,88784.000044392,0
NUTX.US,D,20230508,000000,7.8,7.95,7.425,7.701,121502.33339408,0
NUTX.US,D,20230509,000000,7.83,8.388,7.80001,8.247,100892.06671711,0
NUTX.US,D,20230510,000000,8.1945,9,8.1,8.7,137463.80006873,0
NUTX.US,D,20230511,000000,9,9.15,7.5015,7.5765,100947.93338381,0
NUTX.US,D,20230512,000000,7.725,8.1,7.5,7.569,111678.46672251,0
NUTX.US,D,20230515,000000,7.6485,8.4,7.575,8.253,142375.80007119,0
NUTX.US,D,20230516,000000,7.821,8.25,7.656,7.656,76614.866704974,0
NUTX.US,D,20230517,000000,7.656,7.8795,7.2,7.3125,203925.20010196,0
NUTX.US,D,20230518,000000,7.2915,7.626,6.93,7.473,177834.00008892,0
NUTX.US,D,20230519,000000,7.653,9.2355,7.5,8.349,389896.26686161,0
NUTX.US,D,20230522,000000,8.1315,8.2815,7.5,7.611,167045.33341686,0
NUTX.US,D,20230523,000000,7.5885,8.4,7.356,7.974,168031.40008402,0
NUTX.US,D,20230524,000000,7.9485,7.95,7.125,7.335,135801.33340123,0
NUTX.US,D,20230525,000000,7.353,7.5015,7.2,7.431,121916.20006096,0
NUTX.US,D,20230526,000000,7.365,7.65,7.218,7.2975,113318.73338999,0
NUTX.US,D,20230530,000000,7.2705,7.5705,6.555,6.8235,342507.86683792,0
NUTX.US,D,20230531,000000,6.8085,6.84,6.174,6.5295,173109.80008655,0
NUTX.US,D,20230601,000000,6.525,6.672,6.087,6.414,111185.20005559,0
NUTX.US,D,20230602,000000,6.3285,6.825,6.3105,6.783,131330.333399,0
NUTX.US,D,20230605,000000,6.675,7.2,6.636,6.9,114304.06672382,0
NUTX.US,D,20230606,000000,6.6825,7.125,6.6015,6.963,96898.200048449,0
NUTX.US,D,20230607,000000,6.8625,7.35,6.771,6.909,106760.80005338,0
NUTX.US,D,20230608,000000,6.825,7.2795,6.693,7.128,107271.60005364,0
NUTX.US,D,20230609,000000,7.08,7.08,6.5445,6.6735,86276.933376472,0
NUTX.US,D,20230612,000000,6.786,6.786,6.3075,6.537,118285.73339248,0
NUTX.US,D,20230613,000000,6.525,6.852,6.3,6.3915,170360.93341851,0
NUTX.US,D,20230614,000000,6.3915,6.597,6.1965,6.2265,154177.00007709,0
NUTX.US,D,20230615,000000,6.234,6.297,6.057,6.126,195225.13343095,0
NUTX.US,D,20230616,000000,6.315,6.4485,5.955,6.3675,303874.4668186,0
NUTX.US,D,20230620,000000,6.3825,6.4365,5.73,6.3375,227123.46678023,0
NUTX.US,D,20230621,000000,6.426,7.8,6.3,7.506,687052.13367686,0
NUTX.US,D,20230622,000000,7.65,8.25,6.7665,7.689,376387.53352153,0
NUTX.US,D,20230623,000000,7.44,7.929,6.792,6.792,1813621.8009068,0
NUTX.US,D,20230626,000000,7.257,7.875,6.954,7.1745,208658.666771,0
NUTX.US,D,20230627,000000,7.071,7.5765,6.5205,6.717,193576.60009679,0
NUTX.US,D,20230628,000000,6.717,7.0755,6.3765,6.855,128138.7333974,0
NUTX.US,D,20230629,000000,7.05,7.05,6.4695,6.759,88448.133377557,0
NUTX.US,D,20230630,000000,6.849,6.849,6.093,6.324,148656.866741,0
NUTX.US,D,20230703,000000,6.45,6.5655,6.165,6.4965,51207.600025604,0
NUTX.US,D,20230705,000000,6.513,6.525,6.12,6.21,66079.466699706,0
NUTX.US,D,20230706,000000,6.3,6.312,5.7,5.85,190807.66676207,0
NUTX.US,D,20230707,000000,5.85,6.285,5.637,6.15,123982.40006199,0
NUTX.US,D,20230710,000000,6.255,6.495,5.85,6.132,138638.66673599,0
NUTX.US,D,20230711,000000,6.045,6.21675,5.8995,6.1095,80950.000040475,0
NUTX.US,D,20230712,000000,6.03,6.123,5.718,5.868,153154.60007658,0
NUTX.US,D,20230713,000000,5.937,6.1215,5.775,6.1215,87454.266710394,0
NUTX.US,D,20230714,000000,6.096,6.096,5.775,5.928,63788.400031894,0
NUTX.US,D,20230717,000000,5.85,5.9985,5.7,5.9985,92877.000046439,0
NUTX.US,D,20230718,000000,5.9985,6.27,5.7465,6.24,95018.933380843,0
NUTX.US,D,20230719,000000,6.3,6.744,5.7,6.732,239480.53345307,0
NUTX.US,D,20230720,000000,6.807,6.807,5.868,6.15,141979.93340432,0
NUTX.US,D,20230721,000000,5.841,6.375,5.8125,6.105,106450.86671989,0
NUTX.US,D,20230724,000000,6.15,6.2835,5.8545,5.895,116607.33339164,0
NUTX.US,D,20230725,000000,5.985,6.075,5.745,5.9595,61622.000030811,0
NUTX.US,D,20230726,000000,5.9775,6.192,5.88,5.958,41290.200020645,0
NUTX.US,D,20230727,000000,6,6,5.7,5.8095,77095.533371881,0
NUTX.US,D,20230728,000000,5.772,5.9085,5.772,5.844,44793.266689063,0
NUTX.US,D,20230731,000000,6,6.29895,5.8335,6.276,73845.86670359,0
NUTX.US,D,20230801,000000,6.174,6.228,5.9295,5.997,29170.000014585,0
NUTX.US,D,20230802,000000,6.015,6.15,5.97,6.105,26005.800013003,0
NUTX.US,D,20230803,000000,6.0675,6.3,5.85,5.925,65214.866699274,0
NUTX.US,D,20230804,000000,5.91,5.997,5.7015,5.7015,55369.200027685,0
NUTX.US,D,20230807,000000,5.94,5.94,5.25,5.325,97976.066715655,0
NUTX.US,D,20230808,000000,5.37,5.3925,4.95,4.9995,177404.46675537,0
NUTX.US,D,20230809,000000,5.085,5.2515,4.8765,5.1735,95286.000047643,0
NUTX.US,D,20230810,000000,5.25,5.25,4.65,4.947,178842.33342275,0
NUTX.US,D,20230811,000000,5.1,5.85,5.025,5.7,185938.1334263,0
NUTX.US,D,20230814,000000,5.925,5.925,4.9875,5.04,150968.46674215,0
NUTX.US,D,20230815,000000,4.932,5.187,4.8,5.175,71342.933369005,0
NUTX.US,D,20230816,000000,5.175,5.175,4.6755,4.95,62136.133364401,0
NUTX.US,D,20230817,000000,4.8015,4.947,4.4415,4.5015,172196.73341943,0
NUTX.US,D,20230818,000000,4.5,4.7085,4.5,4.563,60409.400030205,0
NUTX.US,D,20230821,000000,4.575,5.025,4.575,4.665,76502.600038251,0
NUTX.US,D,20230822,000000,4.8495,4.8495,4.575,4.6965,32908.133349787,0
NUTX.US,D,20230823,000000,4.8,4.8,4.347,4.5,81789.133374228,0
NUTX.US,D,20230824,000000,4.5,4.575,3.855,4.17,127312.93339699,0
NUTX.US,D,20230825,000000,4.1595,4.323,3.9675,4.17,111812.13338924,0
NUTX.US,D,20230828,000000,4.0695,4.479,4.0695,4.257,53744.200026872,0
NUTX.US,D,20230829,000000,4.245,4.947,4.245,4.425,166674.33341667,0
NUTX.US,D,20230830,000000,4.8555,4.905,4.3425,4.6815,120052.80006003,0
NUTX.US,D,20230831,000000,4.6065,4.65,4.059,4.1535,110679.33338867,0
NUTX.US,D,20230901,000000,4.122,4.2825,3.9975,4.155,319962.53349331,0
NUTX.US,D,20230905,000000,4.2555,4.5,4.065,4.5,251188.40012559,0
NUTX.US,D,20230906,000000,4.275,4.35,4.02,4.02,141206.13340394,0
NUTX.US,D,20230907,000000,3.975,4.23,3.855,4.2,243391.26678836,0
NUTX.US,D,20230908,000000,4.05,4.275,3.915,3.9885,69478.400034739,0
NUTX.US,D,20230911,000000,4.0575,4.0905,3.75,3.855,145756.26673954,0
NUTX.US,D,20230912,000000,3.8595,3.939,3.225,3.285,356646.60017832,0
NUTX.US,D,20230913,000000,3.4125,3.4125,3.15,3.1965,189843.00009492,0
NUTX.US,D,20230914,000000,3.225,3.261,3.117,3.162,190586.40009529,0
NUTX.US,D,20230915,000000,3.225,3.4305,3.12,3.3555,872832.33376975,0
NUTX.US,D,20230918,000000,3.372,3.795,3.255,3.606,267386.20013369,0
NUTX.US,D,20230919,000000,3.5985,3.6,3.099,3.195,188484.40009424,0
NUTX.US,D,20230920,000000,3.2505,3.345,3.075,3.15,105169.53338592,0
NUTX.US,D,20230921,000000,3.1875,3.1875,2.925,3.0045,201818.60010091,0
NUTX.US,D,20230922,000000,3,3,2.778,2.982,115614.33339114,0
NUTX.US,D,20230925,000000,2.988,2.988,2.7705,2.8485,83226.800041613,0
NUTX.US,D,20230926,000000,2.865,2.958,2.811,2.9295,79300.733372984,0
NUTX.US,D,20230927,000000,2.85,2.9985,2.823,2.865,44096.333355382,0
NUTX.US,D,20230928,000000,2.85,2.97,2.85,2.895,38276.800019138,0
NUTX.US,D,20230929,000000,2.85,3.0525,2.85,3.0375,91950.266712642,0
NUTX.US,D,20231002,000000,3.123,3.135,3.0135,3.1095,50265.8666918,0
NUTX.US,D,20231003,000000,2.85,3.189,2.85,2.937,76665.400038333,0
NUTX.US,D,20231004,000000,2.97,3,2.925,2.925,40966.733353817,0
NUTX.US,D,20231005,000000,2.955,3.105,2.889,2.925,65531.133366099,0
NUTX.US,D,20231006,000000,3,3,2.7735,2.838,112562.93338961,0
NUTX.US,D,20231009,000000,2.754,2.955,2.7,2.8485,68502.333367585,0
NUTX.US,D,20231010,000000,2.805,2.955,2.8005,2.8215,92261.066712797,0
NUTX.US,D,20231011,000000,2.91,2.91,2.8005,2.835,39506.133353086,0
NUTX.US,D,20231012,000000,3,3,2.79,2.8215,53674.600026837,0
NUTX.US,D,20231013,000000,2.904,2.904,2.79,2.895,84275.733375471,0
NUTX.US,D,20231016,000000,2.9175,3.2985,2.88,3.15,124308.40006215,0
NUTX.US,D,20231017,000000,2.85,3.29998,2.85,2.925,87232.466710283,0
NUTX.US,D,20231018,000000,2.922,3.075,2.922,3.0495,34183.133350425,0
NUTX.US,D,20231019,000000,3.06,3.147,2.9295,3.051,36281.933351474,0
NUTX.US,D,20231020,000000,3,3.075,2.925,2.997,34610.866683972,0
NUTX.US,D,20231023,000000,3.075,3.075,2.724,2.82,43581.533355124,0
NUTX.US,D,20231024,000000,2.85,3.045,2.823,3,30452.066681893,0
NUTX.US,D,20231025,000000,2.871,2.98279,2.775,2.85,33611.466683472,0
NUTX.US,D,20231026,000000,2.835,2.877,2.7,2.8275,68916.000034458,0
NUTX.US,D,20231027,000000,2.8275,2.835,2.7,2.73,38562.400019281,0
NUTX.US,D,20231030,000000,2.775,2.9775,2.7435,2.904,36007.533351337,0
NUTX.US,D,20231031,000000,2.85,3.1605,2.85,3.105,68409.400034205,0
NUTX.US,D,20231101,000000,3.1725,3.525,3.0585,3.525,54376.666693855,0
NUTX.US,D,20231102,000000,3.4785,4.2,3.42975,4.2,117184.60005859,0
NUTX.US,D,20231103,000000,4.35,4.5,3.75,3.8505,117018.86672518,0
NUTX.US,D,20231106,000000,4.275,4.2765,3.9015,3.909,51396.266692365,0
NUTX.US,D,20231107,000000,4.2,4.2,3.75,3.8145,43781.933355224,0
NUTX.US,D,20231108,000000,3.8325,3.8325,3.63,3.747,26941.600013471,0
NUTX.US,D,20231109,000000,3.75,3.7935,3.6,3.75,65244.000032622,0
NUTX.US,D,20231110,000000,4.164,4.164,3.465,3.6,87017.266710175,0
NUTX.US,D,20231113,000000,3.4935,3.99,3.4935,3.7665,54794.266694064,0
NUTX.US,D,20231114,000000,3.75,3.75,3.4725,3.5235,34819.333350743,0
NUTX.US,D,20231115,000000,3.6825,3.75,3.2625,3.6795,59820.40002991,0
NUTX.US,D,20231116,000000,3.75,3.825,3.456,3.495,76315.066704824,0
NUTX.US,D,20231117,000000,3.5025,3.5925,3.255,3.4695,79102.733372885,0
NUTX.US,D,20231120,000000,3.5775,3.5775,3.3,3.3,61295.333363981,0
NUTX.US,D,20231121,000000,3.435,3.75,3.2775,3.5865,115337.40005767,0
NUTX.US,D,20231122,000000,3.75,3.825,3.375,3.525,102072.53338437,0
NUTX.US,D,20231124,000000,3.3,3.948,3.3,3.555,61237.600030619,0
NUTX.US,D,20231127,000000,3.513,3.6615,3.2715,3.2715,77629.800038815,0
NUTX.US,D,20231128,000000,3.3,3.3885,3.1185,3.225,57686.133362176,0
NUTX.US,D,20231129,000000,3.24,3.39,3.24,3.285,40504.800020252,0
NUTX.US,D,20231130,000000,3.3,3.39,2.85,2.853,342406.86683787,0
NUTX.US,D,20231201,000000,3,3.093,2.955,3.093,101067.20005053,0
NUTX.US,D,20231204,000000,3.258,3.258,2.955,3.06,80516.666706925,0
NUTX.US,D,20231205,000000,3.0885,3.195,2.994,3.045,49424.600024712,0
NUTX.US,D,20231206,000000,3.12,3.15,2.9625,2.9955,81920.066707627,0
NUTX.US,D,20231207,000000,3,3.075,2.823,2.856,82276.466707805,0
NUTX.US,D,20231208,000000,2.88,2.9325,2.7,2.8935,95234.600047617,0
NUTX.US,D,20231211,000000,2.925,2.925,2.745,2.7945,94268.133380467,0
NUTX.US,D,20231212,000000,2.745,2.85,2.745,2.775,78943.200039472,0
NUTX.US,D,20231213,000000,2.775,2.7765,2.7,2.754,66740.733366704,0
NUTX.US,D,20231214,000000,2.775,2.8425,2.73,2.73,59484.800029742,0
NUTX.US,D,20231215,000000,2.7675,2.82,2.733,2.7675,102800.4000514,0
NUTX.US,D,20231218,000000,2.7735,2.7735,2.61,2.625,99484.466716409,0
NUTX.US,D,20231219,000000,2.7075,2.8345,2.556,2.685,97056.200048528,0
NUTX.US,D,20231220,000000,2.7615,2.8245,2.5875,2.7,38269.000019135,0
NUTX.US,D,20231221,000000,2.6565,2.865,2.649,2.775,39759.533353213,0
NUTX.US,D,20231222,000000,2.775,3.2055,2.745,3.15,115789.40005789,0
NUTX.US,D,20231226,000000,3.1125,3.2385,2.94,3,70289.266701811,0
NUTX.US,D,20231227,000000,3,3,2.85,2.919,55392.066694363,0
NUTX.US,D,20231228,000000,2.925,2.967,2.82,2.85,73036.866703185,0
NUTX.US,D,20231229,000000,2.8245,2.8605,2.7,2.7,122503.66672792,0
NUTX.US,D,20240102,000000,2.7075,3.15,2.7075,3,96050.200048025,0
NUTX.US,D,20240103,000000,2.85,3.111,2.85,3.0525,45086.333355877,0
NUTX.US,D,20240104,000000,3.0165,3.5925,3,3.2955,102888.00005144,0
NUTX.US,D,20240105,000000,3.3,3.3,2.9595,3.156,67049.600033525,0
NUTX.US,D,20240108,000000,3.15,3.6375,3.15,3.6,102385.40005119,0
NUTX.US,D,20240109,000000,3.75,3.8145,3.195,3.3675,108648.53338766,0
NUTX.US,D,20240110,000000,3.321,3.8715,3.255,3.45,150278.86674181,0
NUTX.US,D,20240111,000000,3.4875,3.591,3.05925,3.09,112385.53338953,0
NUTX.US,D,20240112,000000,3,3.2535,2.99565,3.1095,57054.666695194,0
NUTX.US,D,20240116,000000,3.1215,3.1215,2.91,2.925,73442.266703388,0
NUTX.US,D,20240117,000000,2.886,3,2.7825,2.7825,56384.800028192,0
NUTX.US,D,20240118,000000,2.829,2.835,2.628,2.7615,78103.133372385,0
NUTX.US,D,20240119,000000,2.775,2.91,2.775,2.907,45800.333356234,0
NUTX.US,D,20240122,000000,2.91,2.9925,2.793,2.814,67545.200033773,0
NUTX.US,D,20240123,000000,2.34,2.58,2.034,2.0775,545862.6669396,0
NUTX.US,D,20240124,000000,2.1,2.1645,2.025,2.04,271066.0668022,0
NUTX.US,D,20240125,000000,2.0505,2.0985,2.025,2.055,214289.73344048,0
NUTX.US,D,20240126,000000,2.0745,2.166,1.9725,2.055,121932.66672763,0
NUTX.US,D,20240129,000000,2.1,2.1,1.806,1.9095,151907.73340929,0
NUTX.US,D,20240130,000000,1.9395,1.995,1.92075,1.9305,177020.33342184,0
NUTX.US,D,20240131,000000,2.082,2.1,1.91925,1.95,169727.46675153,0
NUTX.US,D,20240201,000000,1.905,1.95,1.68,1.7745,135423.00006771,0
NUTX.US,D,20240202,000000,1.8105,1.8105,1.6515,1.6995,111347.53338901,0
NUTX.US,D,20240205,000000,1.7235,1.827,1.6965,1.707,115986.13339133,0
NUTX.US,D,20240206,000000,1.7475,1.755,1.6845,1.7055,52853.600026427,0
NUTX.US,D,20240207,000000,1.7145,1.725,1.65,1.6755,91769.133379218,0
NUTX.US,D,20240208,000000,1.725,1.725,1.65,1.653,65278.000032639,0
NUTX.US,D,20240209,000000,1.6515,1.6935,1.65,1.6725,181359.66675735,0
NUTX.US,D,20240212,000000,1.6695,1.725,1.623,1.65,227596.66678047,0
NUTX.US,D,20240213,000000,1.6605,1.78429,1.6425,1.692,66249.733366458,0
NUTX.US,D,20240214,000000,1.7955,1.845,1.725,1.8225,214279.73344047,0
NUTX.US,D,20240215,000000,1.77,1.8735,1.77,1.812,63768.400031884,0
NUTX.US,D,20240216,000000,1.845,1.8555,1.77,1.8345,78293.000039147,0
NUTX.US,D,20240220,000000,1.944,1.9485,1.6665,1.7205,185472.80009274,0
NUTX.US,D,20240221,000000,1.6845,1.7925,1.6845,1.77,90739.266712036,0
NUTX.US,D,20240222,000000,1.755,1.7775,1.71,1.77,118721.80005936,0
NUTX.US,D,20240223,000000,1.77,1.791,1.725,1.7655,92483.200046242,0
NUTX.US,D,20240226,000000,1.65,1.7655,1.65,1.6845,71768.533369218,0
NUTX.US,D,20240227,000000,1.6875,1.725,1.665,1.6785,104890.33338578,0
NUTX.US,D,20240228,000000,1.8045,1.8742,1.6575,1.68,108298.46672082,0
NUTX.US,D,20240229,000000,1.8,1.8225,1.695,1.695,132062.93339936,0
NUTX.US,D,20240301,000000,1.6965,1.755,1.6905,1.695,84724.066709029,0
NUTX.US,D,20240304,000000,1.767,1.767,1.65,1.7085,91457.133379062,0
NUTX.US,D,20240305,000000,1.7085,1.7535,1.536,1.6155,123579.60006179,0
NUTX.US,D,20240306,000000,1.5,1.668,1.5,1.605,88970.133377818,0
NUTX.US,D,20240307,000000,1.6095,1.65,1.575,1.5945,136159.73340141,0
NUTX.US,D,20240308,000000,1.65,1.65,1.509,1.5105,141549.00007077,0
NUTX.US,D,20240311,000000,1.59,1.605,1.503,1.56,153073.33340987,0
NUTX.US,D,20240312,000000,1.5825,1.59,1.5225,1.5225,94697.600047349,0
NUTX.US,D,20240313,000000,1.614,1.65,1.5375,1.551,95846.06671459,0
NUTX.US,D,20240314,000000,1.599,1.62,1.3725,1.425,253638.00012682,0
NUTX.US,D,20240315,000000,1.455,1.575,1.395,1.4445,156338.06674484,0
NUTX.US,D,20240318,000000,1.635,1.635,1.47,1.4985,158598.2000793,0
NUTX.US,D,20240319,000000,1.425,1.545,1.425,1.515,102760.06671805,0
NUTX.US,D,20240320,000000,1.5,1.6485,1.5,1.5555,117117.33339189,0
NUTX.US,D,20240321,000000,1.569,1.6155,1.5015,1.5465,140186.00007009,0
NUTX.US,D,20240322,000000,1.56,1.5675,1.5,1.53,106126.86671973,0
NUTX.US,D,20240325,000000,1.551,1.5525,1.5,1.5525,78434.13337255,0
NUTX.US,D,20240326,000000,1.65,1.65,1.509,1.545,42732.066688033,0
NUTX.US,D,20240327,000000,1.518,1.56,1.5,1.53,43300.066688317,0
NUTX.US,D,20240328,000000,1.5225,1.5525,1.4385,1.4385,85926.66670963,0
NUTX.US,D,20240401,000000,1.491,1.5,1.425,1.425,62760.80003138,0
NUTX.US,D,20240402,000000,1.455,1.458,1.365,1.404,69362.600034681,0
NUTX.US,D,20240403,000000,1.35,1.395,1.281,1.3035,126103.06672972,0
NUTX.US,D,20240404,000000,1.35,1.365,1.278,1.344,183362.66675835,0
NUTX.US,D,20240405,000000,1.2,1.2825,1.14,1.179,683894.66700861,0
NUTX.US,D,20240408,000000,1.2,1.275,1.125,1.143,192530.60009627,0
NUTX.US,D,20240409,000000,1.125,1.17,1.125,1.17,166446.00008322,0
NUTX.US,D,20240410,000000,1.29,1.4074,0.9344,0.9756,2319748,0
NUTX.US,D,20240411,000000,0.9641,0.9641,0.7301,0.7559,953035,0
NUTX.US,D,20240412,000000,0.765,0.795,0.6689,0.6709,769196,0
NUTX.US,D,20240415,000000,0.69,0.6999,0.5,0.5334,1496242,0
NUTX.US,D,20240416,000000,0.57,0.708,0.5528,0.69,1788320,0
NUTX.US,D,20240417,000000,0.725,0.725,0.6601,0.6624,640459,0
NUTX.US,D,20240418,000000,0.6687,0.6687,0.6,0.6551,430929,0
NUTX.US,D,20240419,000000,0.6492,0.7297,0.631,0.6901,898784,0
NUTX.US,D,20240422,000000,0.71,0.7985,0.6703,0.6894,475914,0
NUTX.US,D,20240423,000000,0.69,0.69,0.65,0.6667,121370,0
NUTX.US,D,20240424,000000,0.653,0.6999,0.6524,0.6699,292209,0
NUTX.US,D,20240425,000000,0.66,0.6926,0.652,0.6529,187897,0
NUTX.US,D,20240426,000000,0.69,0.69,0.6367,0.6616,93969,0
NUTX.US,D,20240429,000000,0.6605,0.677,0.5569,0.6261,321506,0
NUTX.US,D,20240430,000000,0.6261,0.64,0.584,0.605,120466,0
NUTX.US,D,20240501,000000,0.5968,0.63,0.5968,0.606,42455,0
NUTX.US,D,20240502,000000,0.61,0.65,0.601101,0.644,216401,0
NUTX.US,D,20240503,000000,0.64,0.6939,0.6217,0.6798,184290,0
NUTX.US,D,20240506,000000,0.6896,0.7049,0.66,0.6726,173294,0
NUTX.US,D,20240507,000000,0.6693,0.69,0.6,0.609,366922,0
NUTX.US,D,20240508,000000,0.61,0.6491,0.61,0.647,163038,0
NUTX.US,D,20240509,000000,0.6728,0.6927,0.6546,0.66,384905,0
NUTX.US,D,20240510,000000,0.665,0.675,0.62,0.6309,123977,0
NUTX.US,D,20240513,000000,0.6277,0.7,0.6277,0.699,308742,0
NUTX.US,D,20240514,000000,0.7095,0.714,0.675,0.71,244126,0
NUTX.US,D,20240515,000000,0.7141,0.722762,0.7049,0.718,99123,0
NUTX.US,D,20240516,000000,0.73,0.7516,0.7201,0.7367,261170,0
NUTX.US,D,20240517,000000,0.74,0.75,0.7075,0.712,110902,0
NUTX.US,D,20240520,000000,0.728,0.73,0.71218,0.7221,81002,0
NUTX.US,D,20240521,000000,0.74,0.743,0.72,0.7291,134300,0
NUTX.US,D,20240522,000000,0.7291,0.75,0.72,0.7301,168078,0
NUTX.US,D,20240523,000000,0.7206,0.75,0.7072,0.74,40891,0
NUTX.US,D,20240524,000000,0.72,0.7596,0.7098,0.7456,253766,0
NUTX.US,D,20240528,000000,0.7,0.725,0.7,0.7015,136242,0
NUTX.US,D,20240529,000000,0.7,0.7,0.6736,0.6899,60189,0
NUTX.US,D,20240530,000000,0.68,0.68,0.6501,0.667,98573,0
NUTX.US,D,20240531,000000,0.68,0.69,0.67,0.6825,78453,0
NUTX.US,D,20240603,000000,0.681,0.695,0.665,0.68,34430,0
NUTX.US,D,20240604,000000,0.685,0.685,0.6325,0.6399,72466,0
NUTX.US,D,20240605,000000,0.664,0.664,0.6111,0.636,80436,0
NUTX.US,D,20240606,000000,0.63,0.63,0.5817,0.59,74312,0
NUTX.US,D,20240607,000000,0.6,0.6479,0.585,0.6132,235881,0
NUTX.US,D,20240610,000000,0.645,0.649,0.601,0.608,99236,0
NUTX.US,D,20240611,000000,0.6,0.6101,0.572,0.5796,95807,0
NUTX.US,D,20240612,000000,0.58,0.58,0.5169,0.54,334063,0
NUTX.US,D,20240613,000000,0.5575,0.5679,0.526,0.543,188797,0
NUTX.US,D,20240614,000000,0.531,0.55,0.525,0.5393,338073,0
NUTX.US,D,20240617,000000,0.54,0.6383,0.5361,0.585,272188,0
NUTX.US,D,20240618,000000,0.5849,0.5849,0.538,0.54,98094,0
NUTX.US,D,20240620,000000,0.536,0.6514,0.536,0.5718,256323,0
NUTX.US,D,20240621,000000,0.5546,0.5799,0.54,0.5598,181428,0
NUTX.US,D,20240624,000000,0.5673,0.609,0.5515,0.5868,42697,0
NUTX.US,D,20240625,000000,0.609,0.6398,0.543,0.568,289608,0
NUTX.US,D,20240626,000000,0.59,0.59,0.532,0.5468,270449,0
NUTX.US,D,20240627,000000,0.541,0.6086,0.541,0.5899,193091,0
NUTX.US,D,20240628,000000,0.58,0.6199,0.58,0.5949,341029,0
NUTX.US,D,20240701,000000,0.62,0.64,0.58,0.5902,433816,0
NUTX.US,D,20240702,000000,0.58965,0.6231,0.55,0.59,353949,0
NUTX.US,D,20240703,000000,5.89,5.89,5.22,5.39,48170,0
NUTX.US,D,20240705,000000,5.29,5.37,4.93,5.02,30588,0
NUTX.US,D,20240708,000000,5.03,5.04,4.63,4.65,73324,0
NUTX.US,D,20240709,000000,4.77,4.776,4.34,4.34,42839,0
NUTX.US,D,20240710,000000,4.43,4.4895,4.16,4.34,90289,0
NUTX.US,D,20240711,000000,4.48,4.84,4.31,4.77,84025,0
NUTX.US,D,20240712,000000,4.93,5.4399,4.58,5.05,117488,0
NUTX.US,D,20240715,000000,5.3,5.99,5.2501,5.95,162149,0
NUTX.US,D,20240716,000000,5.98,7.46,5.85,7.25,88385,0
NUTX.US,D,20240717,000000,7,7,6.26,6.56,74920,0
NUTX.US,D,20240718,000000,6.74,6.98,6.57,6.72,28435,0
NUTX.US,D,20240719,000000,7,7.1775,6.73,6.815,38522,0
NUTX.US,D,20240722,000000,6.74,7.8,6.68,6.995,68324,0
NUTX.US,D,20240723,000000,7.21,7.53,6.755,7.51,18208,0
NUTX.US,D,20240724,000000,7.52,7.655,7.28,7.456,25276,0
NUTX.US,D,20240725,000000,7.64,8.07,7.45,7.45,31195,0
NUTX.US,D,20240726,000000,7.8,8.03,7.6,7.84,22928,0
NUTX.US,D,20240729,000000,8.08,8.62,7.9391,8.4079,54530,0
NUTX.US,D,20240730,000000,8.745,9.26,8.3387,8.475,79529,0
NUTX.US,D,20240731,000000,8.62,8.8307,7.776,7.955,34495,0
NUTX.US,D,20240801,000000,7.96,8.45,7.5,7.77,10841,0
NUTX.US,D,20240802,000000,7.45,8.0899,7.06,7.21,17408,0
NUTX.US,D,20240805,000000,6.5,7,6.453,7,18842,0
NUTX.US,D,20240806,000000,7,7.4644,6.9788,7.16,6690,0
NUTX.US,D,20240807,000000,7.2,7.99,7.2,7.83,44587,0
NUTX.US,D,20240808,000000,7.83,8.12,7.66,7.9,66436,0
NUTX.US,D,20240809,000000,8.25,10.3096,8.25,10.0999,63186,0
NUTX.US,D,20240812,000000,10.49,14.9,10.4453,12.6,519441,0
NUTX.US,D,20240813,000000,12.85,14,11.82,12.74,214707,0
NUTX.US,D,20240814,000000,12.91,13.8,12.51,12.96,81786,0
NUTX.US,D,20240815,000000,13.36,13.37,12.735,13.06,35451,0
NUTX.US,D,20240816,000000,13.55,15.25,13.06,15.25,114279,0
NUTX.US,D,20240819,000000,15.25,17.94,15.25,17.71,125567,0
NUTX.US,D,20240820,000000,17.71,22.31,16.92,20.63,127674,0
NUTX.US,D,20240821,000000,21.46,21.8,17.2,20.5,121908,0
NUTX.US,D,20240822,000000,20.14,24.88,20.14,21.51,146521,0
NUTX.US,D,20240823,000000,23.45,24.9,20.91,21.63,94650,0
NUTX.US,D,20240826,000000,21.63,26.7499,20.6,24.19,160362,0
NUTX.US,D,20240827,000000,24,26.18,22.188,23.51,83912,0
NUTX.US,D,20240828,000000,23.21,23.21,18.2947,21.35,132929,0
NUTX.US,D,20240829,000000,21.24,22.69,20.65,21.86,42319,0
NUTX.US,D,20240830,000000,21.7,22.2224,21.11,21.39,36327,0
NUTX.US,D,20240903,000000,21.13,22.01,21.13,21.17,24814,0
NUTX.US,D,20240904,000000,21.17,23.3599,21,23.19,64692,0
NUTX.US,D,20240905,000000,23.5,24.49,21.75,22.03,39592,0
NUTX.US,D,20240906,000000,22.05,22.9999,20.93,21.38,32288,0
NUTX.US,D,20240909,000000,21.57,21.57,20.7,20.85,39135,0
NUTX.US,D,20240910,000000,20.85,21.16,20.26,21.09,26313,0
NUTX.US,D,20240911,000000,20.5,23.22,20.5,23.14,46049,0
NUTX.US,D,20240912,000000,22.73,23.5406,22.62,22.62,24290,0
NUTX.US,D,20240913,000000,22.71,26.4,22.69,25.19,104574,0
NUTX.US,D,20240916,000000,25.9,25.9,24.065,25,40640,0
NUTX.US,D,20240917,000000,25,25.805,24.5,25.05,42893,0
NUTX.US,D,20240918,000000,26.09,26.15,24.5,24.86,77524,0
NUTX.US,D,20240919,000000,25.5,25.8026,24.43,25.17,94393,0
NUTX.US,D,20240920,000000,25.02,25.86,24,24.5,56868,0
NUTX.US,D,20240923,000000,24.5,24.75,21.76,22.425,43385,0
NUTX.US,D,20240924,000000,22.44,23.05,19.5501,20,106551,0
NUTX.US,D,20240925,000000,19.41,19.8829,18.61,18.67,107530,0
NUTX.US,D,20240926,000000,18.66,19.025,17.51,18.5,93889,0
NUTX.US,D,20240927,000000,18.56,20.03,18.04,19.5,40164,0
NUTX.US,D,20240930,000000,19.13,21.98,18.7758,21.7,41273,0
NUTX.US,D,20241001,000000,21.12,22.5,20.01,20.56,44928,0
NUTX.US,D,20241002,000000,20.4,22,20.2,21.61,46993,0
NUTX.US,D,20241003,000000,20.01,21.98,20.01,20.6,16152,0
NUTX.US,D,20241004,000000,21.19,21.87,20.4101,21.87,48063,0
NUTX.US,D,20241007,000000,21.67,22.07,19.62,20.56,61770,0
NUTX.US,D,20241008,000000,20.84,20.84,19.21,19.54,22750,0
NUTX.US,D,20241009,000000,19.85,19.99,17.66,18.57,88121,0
NUTX.US,D,20241010,000000,18.33,19,17.75,18.92,11724,0
NUTX.US,D,20241011,000000,18.89,20.98,18.89,19.79,45091,0
NUTX.US,D,20241014,000000,20,20.45,18.45,19.3,40108,0
NUTX.US,D,20241015,000000,18.7318,21.58,18.7318,21.47,79996,0
NUTX.US,D,20241016,000000,21.2,23.2209,20.99,22.49,76346,0
NUTX.US,D,20241017,000000,22.64,22.654,21.44,22.22,43091,0
NUTX.US,D,20241018,000000,21.78,22.93,21.45,22.3,31821,0
NUTX.US,D,20241021,000000,22.01,22.87,21.65,22.32,57923,0
NUTX.US,D,20241022,000000,22.25,24.82,22.1001,24.82,56228,0
NUTX.US,D,20241023,000000,24.69,24.69,23.02,23.61,41422,0
NUTX.US,D,20241024,000000,23.7,24.6,22.905,24.58,48450,0
NUTX.US,D,20241025,000000,24.87,25.48,23.77,24.29,48936,0
NUTX.US,D,20241028,000000,24.19,24.63,23.42,24,47000,0
NUTX.US,D,20241029,000000,23.7,24.41,21.55,21.77,64504,0
