<TICKER>,<PER>,<DATE>,<TIME>,<OPEN>,<HIGH>,<LOW>,<CLOSE>,<VOL>,<OPENINT>
NVDS.US,D,20220718,000000,987.49,987.49,900.855,960.93,924.33560835552,0
NVDS.US,D,20220719,000000,929.34,951.355,888.96,893.695,931.7029425959,0
NVDS.US,D,20220720,000000,904.94,904.94,836.42,840.705,1865.9098157833,0
NVDS.US,D,20220721,000000,835.47,852.085,820.935,826.665,392.25035766118,0
NVDS.US,D,20220722,000000,834.435,876.175,834.435,868.8,1617.6836196449,0
NVDS.US,D,20220725,000000,886.35,907.535,886.35,887.11,1314.6117130503,0
NVDS.US,D,20220726,000000,909.61,917.505,905.715,917.505,242.78496235302,0
NVDS.US,D,20220727,000000,885.52,888.635,822.385,829.655,1511.8925521539,0
NVDS.US,D,20220728,000000,829.24,849.18,814.705,819.89,466.74229275839,0
NVDS.US,D,20220729,000000,831.525,834.435,805.775,810.135,869.10467780833,0
NVDS.US,D,20220801,000000,827.58,827.58,773.17,794.12,1258.7547998553,0
NVDS.US,D,20220802,000000,816.365,816.365,770.055,788.68,539.78965251435,0
NVDS.US,D,20220803,000000,807.02,807.02,770.42,770.42,701.34132817765,0
NVDS.US,D,20220804,000000,765.275,774.83,751.775,754.535,196.46224641022,0
NVDS.US,D,20220805,000000,776.7,780.23,764.26,765.425,189.96165737458,0
NVDS.US,D,20220808,000000,842.525,852.085,805.775,825.32,3329.505399028,0
NVDS.US,D,20220809,000000,856.655,883.88,846.06,864.545,1475.5374060658,0
NVDS.US,D,20220810,000000,827.785,850.215,802.245,804.735,3481.1858098595,0
NVDS.US,D,20220811,000000,803.28,812.42,772.13,810.54,1185.7555926107,0
NVDS.US,D,20220812,000000,794.56,794.56,764.86,764.86,1201.83853141,0
NVDS.US,D,20220815,000000,764.24,768.375,748.245,750.005,411.07798960883,0
NVDS.US,D,20220816,000000,759.255,770.055,747.625,752.955,429.61670648822,0
NVDS.US,D,20220817,000000,780.23,794.765,771.505,784.645,773.08857012648,0
NVDS.US,D,20220818,000000,778.775,779.605,755.93,762.84,752.3829902352,0
NVDS.US,D,20220819,000000,780.435,808.89,779.085,807.64,1334.7394628051,0
NVDS.US,D,20220822,000000,831.315,858.99,828.825,857.485,1227.6001249956,0
NVDS.US,D,20220823,000000,860.185,860.185,830.695,851.46,806.07304041839,0
NVDS.US,D,20220824,000000,856.81,872.02,832.77,859.56,8570.9062622026,0
NVDS.US,D,20220825,000000,882.615,882.615,766.105,766.105,4419.774561582,0
NVDS.US,D,20220826,000000,804.11,895.905,804.11,895.905,5593.9253989513,0
NVDS.US,D,20220829,000000,912.31,926.85,887.805,911.69,7409.9010604387,0
NVDS.US,D,20220830,000000,910.855,970.67,909.405,951.975,3514.5555002424,0
NVDS.US,D,20220831,000000,969.835,988.32,946.995,978.975,2930.1284696834,0
NVDS.US,D,20220901,000000,1050.41,1123.1,1038.36,1071.59,5120.8751272028,0
NVDS.US,D,20220902,000000,1055.4,1104.82,1054.15,1102.25,2400.6916071146,0
NVDS.US,D,20220906,000000,1091.53,1124.55,1088.74,1119.08,1210.1207633665,0
NVDS.US,D,20220907,000000,1106.07,1124.55,1082.1,1092.14,1148.9189214088,0
NVDS.US,D,20220908,000000,1115.2,1120.19,1065.96,1068.48,1231.1634108374,0
NVDS.US,D,20220909,000000,1046.46,1049.62,1020.5,1026.28,1674.0702104651,0
NVDS.US,D,20220912,000000,1024.45,1043.56,1016.14,1017.6,1426.8070645542,0
NVDS.US,D,20220913,000000,1077.62,1139.3,1068.68,1138.21,3066.9297544999,0
NVDS.US,D,20220914,000000,1124.55,1158.61,1120.19,1137.96,1760.2150533151,0
NVDS.US,D,20220915,000000,1147.19,1171.99,1131.82,1158.23,2855.492077052,0
NVDS.US,D,20220916,000000,1180,1192.67,1128.51,1131.2,3346.9847606572,0
NVDS.US,D,20220919,000000,1125.18,1127.31,1102.74,1110.22,1042.2129562016,0
NVDS.US,D,20220920,000000,1121.64,1142.41,1100.67,1131.82,1792.9587610501,0
NVDS.US,D,20220921,000000,1126.21,1137.01,1041.69,1124.96,7550.4100886311,0
NVDS.US,D,20220922,000000,1141.58,1209.07,1141.16,1195.99,4055.0674404273,0
NVDS.US,D,20220923,000000,1212.19,1230.05,1197.24,1199.31,2254.6931926255,0
NVDS.US,D,20220926,000000,1200.56,1236.49,1187.68,1234.02,2062.7091297732,0
NVDS.US,D,20220927,000000,1198.9,1230.68,1176.06,1214.16,751.32363498495,0
NVDS.US,D,20220928,000000,1204.09,1204.09,1162.97,1176.26,1160.2829140933,0
NVDS.US,D,20220929,000000,1208.03,1261.62,1201.8,1231.01,4150.8909380637,0
NVDS.US,D,20220930,000000,1252.68,1252.68,1181.66,1241.97,1508.2329612894,0
NVDS.US,D,20221003,000000,1220.92,1246.04,1174.81,1198.48,1815.1089162826,0
NVDS.US,D,20221004,000000,1155.28,1155.28,1112.71,1118.4,2049.1301215654,0
NVDS.US,D,20221005,000000,1147.4,1173.14,1101.08,1101.08,1374.7060472464,0
NVDS.US,D,20221006,000000,1106.07,1123.1,1068.48,1121.92,1468.9405120074,0
NVDS.US,D,20221007,000000,1182.7,1235.84,1173.77,1232.86,1856.6645335993,0
NVDS.US,D,20221010,000000,1232.54,1316.65,1228.29,1285.29,2375.8449112451,0
NVDS.US,D,20221011,000000,1299.2,1336.33,1261.41,1297.24,1790.50298297,0
NVDS.US,D,20221012,000000,1289.65,1329.42,1282.38,1308.34,1042.9833963837,0
NVDS.US,D,20221013,000000,1386.43,1406.36,1234.08,1246.46,3443.38608843,0
NVDS.US,D,20221014,000000,1229.42,1341.36,1229.22,1337,2347.0015569315,0
NVDS.US,D,20221017,000000,1295.88,1295.88,1234.2,1241.26,1379.1842308043,0
NVDS.US,D,20221018,000000,1178.13,1270.13,1169.41,1233.97,1254.8544464339,0
NVDS.US,D,20221019,000000,1241.06,1246.04,1185.82,1220.96,1039.3238055191,0
NVDS.US,D,20221020,000000,1205.75,1207.88,1132.19,1201.12,1457.720976857,0
NVDS.US,D,20221021,000000,1211.98,1238.02,1166.5,1167.96,1172.5136519825,0
NVDS.US,D,20221024,000000,1162.55,1214.47,1142.84,1151.55,1469.662799678,0
NVDS.US,D,20221025,000000,1126.83,1134.94,1073.88,1073.88,1295.3507085003,0
NVDS.US,D,20221026,000000,1119.56,1127.46,1064.12,1113.54,1902.0241993146,0
NVDS.US,D,20221027,000000,1032.55,1085.92,1016.27,1083.64,1809.2824624062,0
NVDS.US,D,20221028,000000,1077.41,1091.32,1015.32,1017.18,1331.1761769633,0
NVDS.US,D,20221031,000000,1019.68,1065.57,1017.18,1046.46,2633.7016096585,0
NVDS.US,D,20221101,000000,1016.77,1043.76,1011.78,1042.94,803.47280480414,0
NVDS.US,D,20221102,000000,1018.22,1074.71,980.635,1074.5,3530.301371462,0
NVDS.US,D,20221103,000000,1093.4,1101.29,1020.92,1053.11,1615.2278415648,0
NVDS.US,D,20221104,000000,996.835,1026.73,977,983.96,1966.1633444662,0
NVDS.US,D,20221107,000000,973.37,997.455,961.74,971.845,964.88002293331,0
NVDS.US,D,20221108,000000,926.02,974.405,921.24,943.045,1480.8823348284,0
NVDS.US,D,20221109,000000,979.805,1021.75,979.58,1010.6,1854.0161454737,0
NVDS.US,D,20221110,000000,913.765,937.23,831.525,831.525,5474.5071707412,0
NVDS.US,D,20221111,000000,827.785,848.76,791.235,793.73,3494.6685130445,0
NVDS.US,D,20221114,000000,799.13,815.74,780.85,790.82,3317.8043387639,0
NVDS.US,D,20221115,000000,768.185,787.915,754.27,773.155,2728.0323794423,0
NVDS.US,D,20221116,000000,805.36,824.67,793.355,824.67,6271.7201490665,0
NVDS.US,D,20221117,000000,831.315,839.83,796.01,831.315,6363.1136156564,0
NVDS.US,D,20221118,000000,825.92,867.015,822.405,850.565,2221.9494848905,0
NVDS.US,D,20221121,000000,871.84,872.205,845.665,854.99,1710.6179665988,0
NVDS.US,D,20221122,000000,847.725,868.075,805.15,807.85,2077.9253233677,0
NVDS.US,D,20221123,000000,803.49,804.525,775.87,776.545,2527.9105421675,0
NVDS.US,D,20221125,000000,788.12,795.39,779.19,789.67,762.68762766947,0
NVDS.US,D,20221128,000000,803.47,823.22,790.615,817.795,2126.5593598565,0
NVDS.US,D,20221129,000000,825.5,837.34,811.795,830.03,1319.6195742333,0
NVDS.US,D,20221130,000000,828.62,832.03,745.545,747.37,2197.0546365095,0
NVDS.US,D,20221201,000000,740.565,761.125,727.85,733.475,1731.0346314218,0
NVDS.US,D,20221202,000000,760.915,769.22,745.34,747.415,3424.6547615052,0
NVDS.US,D,20221205,000000,758.425,769.43,747.63,762.565,1618.6466698724,0
NVDS.US,D,20221206,000000,765.9,807.225,765.9,799.175,2201.7735826243,0
NVDS.US,D,20221207,000000,813.04,813.04,787.395,790.82,1607.4752872334,0
NVDS.US,D,20221208,000000,781.475,791.03,726.025,726.025,2876.293961966,0
NVDS.US,D,20221209,000000,726.65,735.37,706.115,735.165,3233.9226639486,0
NVDS.US,D,20221212,000000,732.255,744.995,707.125,707.76,5104.6477308694,0
NVDS.US,D,20221213,000000,656.66,695.08,644.41,678.26,6069.0462286889,0
NVDS.US,D,20221214,000000,683.245,705.465,672.03,701.31,3596.1740070231,0
NVDS.US,D,20221215,000000,723.95,744.6,716.265,735.995,5898.3937283758,0
NVDS.US,D,20221216,000000,743.47,761.67,729.97,758.01,4535.0035213025,0
NVDS.US,D,20221219,000000,754.895,778.15,753.025,775.87,3381.1248912221,0
NVDS.US,D,20221220,000000,784.8,795.805,770.675,783.55,3225.0144493442,0
NVDS.US,D,20221221,000000,778.775,778.985,751.155,760.5,2708.3861548012,0
NVDS.US,D,20221222,000000,784.385,849.075,781.665,824.88,5970.7188004611,0
NVDS.US,D,20221223,000000,835.68,855.2,826.88,837.34,4255.6226503044,0
NVDS.US,D,20221227,000000,837.94,905.88,837.94,902.385,10326.965440007,0
NVDS.US,D,20221228,000000,917.89,920.075,893.925,909.155,6753.105866764,0
NVDS.US,D,20221229,000000,879.665,891.24,857.82,862.19,4236.0957338536,0
NVDS.US,D,20221230,000000,881.63,889.385,861.755,862.73,4916.048291129,0
NVDS.US,D,20230103,000000,842.75,897.795,834.23,885.345,3235.6457785114,0
NVDS.US,D,20230104,000000,858.475,884.69,847.115,851.705,3442.6575245559,0
NVDS.US,D,20230105,000000,871.58,894.3,867.87,886.655,3290.8550146303,0
NVDS.US,D,20230106,000000,870.925,902.385,828.77,839.255,5063.7764876097,0
NVDS.US,D,20230109,000000,808.235,818.285,757.425,785.3,5165.8632177467,0
NVDS.US,D,20230110,000000,794.69,794.69,767.24,774.375,2217.1131960821,0
NVDS.US,D,20230111,000000,771.32,786.5,761.27,761.27,1680.3109550122,0
NVDS.US,D,20230112,000000,754.715,791.415,726.755,733.525,2871.9331906467,0
NVDS.US,D,20230113,000000,748.6,751.44,711.03,712.775,4723.4110891486,0
NVDS.US,D,20230117,000000,708.295,708.295,669.96,671.055,7294.6691033202,0
NVDS.US,D,20230118,000000,671.27,690.495,665.155,686.395,7798.2817123949,0
NVDS.US,D,20230119,000000,706.66,722.385,696.175,716.27,10734.625678514,0
NVDS.US,D,20230120,000000,704.04,712.12,659.04,659.91,6988.5462493176,0
NVDS.US,D,20230123,000000,649.425,657.73,594.815,595.69,10281.919098099,0
NVDS.US,D,20230124,000000,610.98,610.98,587.65,594.155,6290.9688529826,0
NVDS.US,D,20230125,000000,607.925,620.375,591.32,591.975,8637.1324940226,0
NVDS.US,D,20230126,000000,575.375,592.32,560.305,574.5,6360.3237391519,0
NVDS.US,D,20230127,000000,586.955,586.955,544.355,553.97,10079.897241555,0
NVDS.US,D,20230130,000000,567.95,595.035,563.36,595.035,6014.7853359798,0
NVDS.US,D,20230131,000000,593.725,601.59,576.03,580.4,8017.1501683523,0
NVDS.US,D,20230201,000000,573.63,574.94,519.235,528.19,11498.353444825,0
NVDS.US,D,20230202,000000,525.79,526.665,496.299,504.165,8611.5421432842,0
NVDS.US,D,20230203,000000,524.695,530.375,503.125,521.855,13079.415955471,0
NVDS.US,D,20230206,000000,531.685,531.685,507.44,522.73,10674.5181105,0
NVDS.US,D,20230207,000000,513.995,519.89,486.251,489.31,17619.299824387,0
NVDS.US,D,20230208,000000,482.974,493.023,469.868,487.999,17328.833320926,0
NVDS.US,D,20230209,000000,477.076,490.162,466.154,485.159,29722.665926383,0
NVDS.US,D,20230210,000000,502.635,526.225,492.35,514.21,32577.4778448,0
NVDS.US,D,20230213,000000,505.91,522.075,490.401,498.702,19981.531825193,0
NVDS.US,D,20230214,000000,503.945,510.185,462.441,464.844,48904.854076723,0
NVDS.US,D,20230215,000000,475.11,485.605,467.465,469.868,30246.28387226,0
NVDS.US,D,20230216,000000,486.251,491.057,475.547,489.746,25487.989335415,0
NVDS.US,D,20230217,000000,500.015,517.705,497.392,507.005,22354.43028704,0
NVDS.US,D,20230221,000000,520.11,529.065,504.165,529.065,20851.557971495,0
NVDS.US,D,20230222,000000,526.88,535.62,514.21,525.35,37162.591170835,0
NVDS.US,D,20230223,000000,441.252,453.704,427.446,434.262,228140.03687867,0
NVDS.US,D,20230224,000000,443.874,449.99,437.976,442.344,107913.27303602,0
NVDS.US,D,20230227,000000,432.733,438.412,428.582,437.757,83331.795552704,0
NVDS.US,D,20230228,000000,440.378,443.874,430.112,443.655,78766.870678683,0
NVDS.US,D,20230301,000000,444.966,460.894,443.436,456.98,95049.704135528,0
NVDS.US,D,20230302,000000,462.004,462.878,439.208,441.689,95556.017693965,0
NVDS.US,D,20230303,000000,440.378,445.402,427.054,427.927,63495.336753432,0
NVDS.US,D,20230306,000000,427.054,436.446,419.626,434.918,72408.561206852,0
NVDS.US,D,20230307,000000,433.825,442.126,422.248,441.47,116745.78946019,0
NVDS.US,D,20230308,000000,436.883,437.976,419.845,420.064,134152.81297622,0
NVDS.US,D,20230309,000000,420.5,437.538,414.381,436.883,181412.55999724,0
NVDS.US,D,20230310,000000,437.32,453.048,432.077,447.805,185677.22170402,0
NVDS.US,D,20230313,000000,452.83,463.97,439.723,447.805,132776.7937231,0
NVDS.US,D,20230314,000000,434.699,435.354,417.442,421.592,206098.32159323,0
NVDS.US,D,20230315,000000,429.02,436.665,416.787,417.442,189238.99567333,0
NVDS.US,D,20230316,000000,422.466,424.869,388.28,389.263,224753.91617552,0
NVDS.US,D,20230317,000000,381.836,386.472,372.662,385.549,263070.59096373,0
NVDS.US,D,20230320,000000,387.734,396.495,380.307,382.492,139212.65248679,0
NVDS.US,D,20230321,000000,377.03,392.081,373.535,377.03,155984.35777822,0
NVDS.US,D,20230322,000000,373.535,376.373,352.146,372.88,250201.66594331,0
NVDS.US,D,20230323,000000,361.084,368.511,354.531,360.429,185361.98886827,0
NVDS.US,D,20230324,000000,362.613,373.535,360.864,366.763,114707.57982526,0
NVDS.US,D,20230327,000000,365.89,373.97,363.181,370.914,81963.284023236,0
NVDS.US,D,20230328,000000,372.662,382.928,371.788,373.535,80227.35182288,0
NVDS.US,D,20230329,000000,365.89,370.04,361.739,363.487,63865.000585655,0
NVDS.US,D,20230330,000000,359.555,361.084,354.751,356.278,56503.997997147,0
NVDS.US,D,20230331,000000,360.429,361.084,349.506,350.599,72764.033610221,0
NVDS.US,D,20230403,000000,353.875,357.368,346.667,347.759,69183.21565896,0
NVDS.US,D,20230404,000000,347.759,357.786,347.165,355.623,61570.612770527,0
NVDS.US,D,20230405,000000,365.89,372.878,363.268,365.234,95167.080985784,0
NVDS.US,D,20230406,000000,370.258,372.443,361.848,362.831,63892.834097728,0
NVDS.US,D,20230410,000000,366.545,368.73,352.786,353.657,73866.89074732,0
NVDS.US,D,20230411,000000,351.472,360.818,350.818,360.647,46280.401093754,0
NVDS.US,D,20230412,000000,357.807,372.227,355.407,372.006,74232.342929689,0
NVDS.US,D,20230413,000000,367.856,374.204,364.804,372.443,52583.272435452,0
NVDS.US,D,20230414,000000,371.788,376.594,365.125,367.419,76528.424560518,0
NVDS.US,D,20230417,000000,369.822,372.662,363.05,363.487,38929.927629879,0
NVDS.US,D,20230418,000000,354.312,357.37,344.701,352.346,127428.91398561,0
NVDS.US,D,20230419,000000,357.807,358.9,346.886,348.196,81398.922942909,0
NVDS.US,D,20230420,000000,352.346,362.395,346.667,360.647,87668.23842219,0
NVDS.US,D,20230421,000000,363.05,367.2,359.555,360.866,58621.81697006,0
NVDS.US,D,20230424,000000,362.613,368.317,356.934,362.613,43425.726511744,0
NVDS.US,D,20230425,000000,362.176,375.829,359.118,375.72,78289.626659993,0
NVDS.US,D,20230426,000000,362.613,367.638,356.497,363.05,104175.1133397,0
NVDS.US,D,20230427,000000,356.716,368.292,354.133,358.463,73143.723000247,0
NVDS.US,D,20230428,000000,358.463,361.084,349.946,350.599,56869.404400713,0
NVDS.US,D,20230501,000000,349.288,349.509,329.847,332.032,134011.03602409,0
NVDS.US,D,20230502,000000,335.526,343.777,333.342,342.079,68625.309389821,0
NVDS.US,D,20230503,000000,348.196,353.19,339.954,348.633,69985.626513597,0
NVDS.US,D,20230504,000000,351.036,357.043,347.541,352.565,67515.310759494,0
NVDS.US,D,20230505,000000,347.759,349.288,333.342,334.871,52839.267500441,0
NVDS.US,D,20230508,000000,336.837,339.24,326.789,328.1,62053.487581955,0
NVDS.US,D,20230509,000000,331.813,337.492,330.502,335.964,54301.030451115,0
NVDS.US,D,20230510,000000,329.41,337.711,328.318,331.813,69093.031417539,0
NVDS.US,D,20230511,000000,331.376,340.55,330.939,336.618,40008.979789546,0
NVDS.US,D,20230512,000000,336.618,343.609,333.126,339.677,29099.799536139,0
NVDS.US,D,20230515,000000,337.929,342.516,330.284,330.721,25523.971474378,0
NVDS.US,D,20230516,000000,332.468,332.468,317.832,327.444,75335.978306434,0
NVDS.US,D,20230517,000000,321.983,323.912,313.464,313.9,87298.849262784,0
NVDS.US,D,20230518,000000,310.624,311.935,292.275,294.46,177277.36074466,0
NVDS.US,D,20230519,000000,296.862,303.197,295.77,299.265,66881.823687011,0
NVDS.US,D,20230522,000000,303.852,306.256,296.207,300.576,50021.399075844,0
NVDS.US,D,20230523,000000,302.323,306.91,299.265,306.474,49780.739909777,0
NVDS.US,D,20230524,000000,312.153,317.396,307.566,308.876,392032.45393829,0
NVDS.US,D,20230525,000000,207.301,231.328,195.506,214.728,1322383.4344513,0
NVDS.US,D,20230526,000000,214.946,217.568,206.1,207.956,308474.87733042,0
NVDS.US,D,20230530,000000,196.816,201.185,187.642,200.092,974485.91223698,0
NVDS.US,D,20230531,000000,204.025,214.728,199.11,214.51,533208.65083272,0
NVDS.US,D,20230601,000000,209.922,210.796,198.782,200.966,431679.04872525,0
NVDS.US,D,20230602,000000,199,205.313,196.16,203.588,430260.54674318,0
NVDS.US,D,20230605,000000,206.427,207.629,202.277,204.68,262153.27531419,0
NVDS.US,D,20230606,000000,206.864,211.452,204.898,208.394,189880.44825749,0
NVDS.US,D,20230607,000000,206.646,217.131,202.496,216.258,196695.08083516,0
NVDS.US,D,20230608,000000,214.073,215.82,206.248,208.83,191208.90333455,0
NVDS.US,D,20230609,000000,205.335,208.394,200.687,206.864,143624.72193842,0
NVDS.US,D,20230612,000000,204.243,208.175,202.058,202.277,79820.332487612,0
NVDS.US,D,20230613,000000,198.126,200.748,192.01,192.447,262389.35659998,0
NVDS.US,D,20230614,000000,193.976,195.506,181.088,181.306,398851.43550222,0
NVDS.US,D,20230615,000000,183.491,185.894,179.778,183.272,194800.34196805,0
NVDS.US,D,20230616,000000,178.686,183.054,177.374,183.054,166530.74101982,0
NVDS.US,D,20230620,000000,181.743,183.054,176.064,177.156,214138.68161458,0
NVDS.US,D,20230621,000000,178.686,185.878,178.03,181.088,278884.51214399,0
NVDS.US,D,20230622,000000,185.238,185.238,179.122,181.306,168634.23122747,0
NVDS.US,D,20230623,000000,184.365,186.342,182.29,185.457,207660.66057355,0
NVDS.US,D,20230626,000000,184.362,197.034,182.399,194.413,258867.22707384,0
NVDS.US,D,20230627,000000,193.321,195.287,186.549,186.986,162744.55935942,0
NVDS.US,D,20230628,000000,193.976,194.629,186.986,190.918,187769.5876626,0
NVDS.US,D,20230629,000000,188.952,194.194,188.733,193.102,76314.591772864,0
NVDS.US,D,20230630,000000,188.078,188.733,182.836,184.583,155934.55044083,0
NVDS.US,D,20230703,000000,183.272,184.81,181.088,183.928,74802.197466346,0
NVDS.US,D,20230705,000000,185.457,185.457,179.718,184.365,85108.196214693,0
NVDS.US,D,20230706,000000,187.204,189.826,185.238,185.894,165733.86940032,0
NVDS.US,D,20230707,000000,184.583,185.238,179.559,183.71,130585.54555057,0
NVDS.US,D,20230710,000000,182.617,188.078,181.962,185.238,88619.476164574,0
NVDS.US,D,20230711,000000,183.272,185.894,182.18,184.146,77461.579675815,0
NVDS.US,D,20230712,000000,180.87,182.18,176.064,176.282,172084.7627061,0
NVDS.US,D,20230713,000000,173.006,173.224,165.142,165.797,208068.9159365,0
NVDS.US,D,20230714,000000,163.176,169.948,156.644,168.2,429700.48887031,0
NVDS.US,D,20230717,000000,164.486,169.074,163.394,163.613,154143.27166795,0
NVDS.US,D,20230718,000000,162.302,166.889,157.278,159.026,253269.80708255,0
NVDS.US,D,20230719,000000,159.244,162.302,157.933,160.773,177648.58105617,0
NVDS.US,D,20230720,000000,163.613,169.511,160.882,167.763,290820.64827953,0
NVDS.US,D,20230721,000000,166.671,173.879,166.234,173.442,262037.0887128,0
NVDS.US,D,20230724,000000,171.476,174.535,169.292,171.914,167636.80267311,0
NVDS.US,D,20230725,000000,169.948,170.166,164.268,166.889,179719.01896824,0
NVDS.US,D,20230726,000000,165.579,171.664,165.142,167.763,183251.95229182,0
NVDS.US,D,20230727,000000,162.958,166.584,159.026,165.797,188785.60241088,0
NVDS.US,D,20230728,000000,162.739,163.832,160.804,162.084,147025.90386769,0
NVDS.US,D,20230731,000000,162.084,163.176,160.343,162.084,97888.12724256,0
NVDS.US,D,20230801,000000,163.394,165.36,161.647,163.394,107590.07468859,0
NVDS.US,D,20230802,000000,166.452,176.91,166.234,173.224,219956.75543514,0
NVDS.US,D,20230803,000000,175.627,175.627,169.074,172.132,111560.14979966,0
NVDS.US,D,20230804,000000,169.511,172.569,166.452,171.04,173492.41511192,0
NVDS.US,D,20230807,000000,169.292,171.914,167.326,167.763,154271.95588248,0
NVDS.US,D,20230808,000000,170.603,174.096,168.849,171.476,193975.59105767,0
NVDS.US,D,20230809,000000,173.442,183.491,173.224,181.525,165040.00008701,0
NVDS.US,D,20230810,000000,183.491,185.348,176.173,182.617,182385.40533453,0
NVDS.US,D,20230811,000000,185.894,191.794,184.365,190.918,207569.65231368,0
NVDS.US,D,20230814,000000,192.665,193.867,173.661,173.879,549062.67424419,0
NVDS.US,D,20230815,000000,170.035,174.229,166.584,173.006,575441.83953278,0
NVDS.US,D,20230816,000000,170.253,175.627,169.554,175.452,504450.1322711,0
NVDS.US,D,20230817,000000,172.918,177.768,172.569,176.195,280238.37445657,0
NVDS.US,D,20230818,000000,179.952,184.628,175.016,176.501,1145809.0987805,0
NVDS.US,D,20230821,000000,170.734,171.652,157.414,157.802,1007929.0672418,0
NVDS.US,D,20230822,000000,152.953,164.705,152.953,163.264,768795.25088225,0
NVDS.US,D,20230823,000000,162.433,165.492,156.579,156.972,772061.33956459,0
NVDS.US,D,20230824,000000,143.909,156.754,143.866,156.71,871028.47318802,0
NVDS.US,D,20230825,000000,157.54,165.754,154.22,161.603,727970.40127006,0
NVDS.US,D,20230828,000000,159.943,166.584,157.54,158.239,361413.11860241,0
NVDS.US,D,20230829,000000,159.07,160.028,148.759,150.026,400633.42117814,0
NVDS.US,D,20230830,000000,148.977,151.281,145.613,148.104,375457.13971067,0
NVDS.US,D,20230831,000000,147.928,149.327,146.4,147.928,228734.93242044,0
NVDS.US,D,20230901,000000,146.356,152.385,146.356,151.162,233804.01924917,0
NVDS.US,D,20230905,000000,152.341,153.652,149.851,150.987,227893.97581388,0
NVDS.US,D,20230906,000000,151.468,158.719,151.081,156.928,271862.91359908,0
NVDS.US,D,20230907,000000,163.35,164.792,159.943,160.38,254025.43200078,0
NVDS.US,D,20230908,000000,161.69,164.617,158.938,163.394,212704.56906077,0
NVDS.US,D,20230911,000000,160.773,168.986,160.773,165.23,228691.21366381,0
NVDS.US,D,20230912,000000,167.282,168.156,162.958,166.714,176181.55354318,0
NVDS.US,D,20230913,000000,167.763,168.2,161.822,163.656,180544.04455143,0
NVDS.US,D,20230914,000000,161.778,165.404,161.778,163.482,117716.52897255,0
NVDS.US,D,20230915,000000,164.617,171.39,163.512,171.127,250550.13418986,0
NVDS.US,D,20230918,000000,176.588,178.943,169.467,170.909,269827.1302407,0
NVDS.US,D,20230919,000000,171.739,175.54,170.909,173.006,168856.71620885,0
NVDS.US,D,20230920,000000,172.831,179.559,171.171,179.559,162143.02589125,0
NVDS.US,D,20230921,000000,183.01,186.287,180.389,185.938,239926.93411725,0
NVDS.US,D,20230922,000000,182.704,184.845,179.993,182.573,229455.94856378,0
NVDS.US,D,20230925,000000,182.923,185.02,177.724,179.472,192331.85736606,0
NVDS.US,D,20230926,000000,180.564,182.479,176.413,181.132,173411.24929464,0
NVDS.US,D,20230927,000000,178.947,182.792,176.195,178.292,213704.14921886,0
NVDS.US,D,20230928,000000,178.641,180.127,173.224,175.146,199209.20690349,0
NVDS.US,D,20230929,000000,171.39,174.01,169.816,173.006,139072.34045636,0
NVDS.US,D,20231002,000000,170.428,171.04,164.836,166.671,210265.93223817,0
NVDS.US,D,20231003,000000,166.714,173.924,165.404,172.612,185092.39749886,0
NVDS.US,D,20231004,000000,171.564,173.967,169.808,170.428,154007.44596018,0
NVDS.US,D,20231005,000000,170.428,170.952,166.147,167.282,145900.70667484,0
NVDS.US,D,20231006,000000,169.642,170.297,162.128,162.215,210772.01690259,0
NVDS.US,D,20231009,000000,166.452,168.492,163.132,164.574,108395.50694421,0
NVDS.US,D,20231010,000000,164.268,165.36,160.162,162.171,117415.07555643,0
NVDS.US,D,20231011,000000,160.424,160.904,157.496,157.671,200526.03416465,0
NVDS.US,D,20231012,000000,157.846,159.768,154.526,157.278,133203.95573158,0
NVDS.US,D,20231013,000000,157.278,164.311,156.71,163.613,131324.96477262,0
NVDS.US,D,20231016,000000,165.492,165.928,160.292,160.817,129985.70589811,0
NVDS.US,D,20231017,000000,169.86,176.544,166.671,170.253,322665.48216509,0
NVDS.US,D,20231018,000000,176.894,180.483,173.8,178.729,201204.24712743,0
NVDS.US,D,20231019,000000,175.584,180.346,173.05,179.34,293673.0797002,0
NVDS.US,D,20231020,000000,180.346,184.671,177.462,183.316,170934.61606576,0
NVDS.US,D,20231023,000000,184.19,185.763,173.05,174.448,238393.11533104,0
NVDS.US,D,20231024,000000,174.01,175.933,170.909,171.127,134161.87717916,0
NVDS.US,D,20231025,000000,172.438,181.482,171.52,180.564,199219.2782401,0
NVDS.US,D,20231026,000000,179.603,190.656,178.002,188.559,336087.59823796,0
NVDS.US,D,20231027,000000,183.404,190.088,183.229,187.38,152804.15012985,0
NVDS.US,D,20231030,000000,184.059,187.554,180.127,183.534,181744.36475959,0
NVDS.US,D,20231031,000000,187.903,194.457,185.238,185.938,379613.39721252,0
NVDS.US,D,20231101,000000,185.5,185.5,176.763,177.025,193103.00129842,0
NVDS.US,D,20231102,000000,171.695,174.225,169.074,170.909,187974.1731321,0
NVDS.US,D,20231103,000000,168.68,169.904,162.218,163.7,201521.03644247,0
NVDS.US,D,20231106,000000,162.477,164.268,159.65,160.467,219094.60324291,0
NVDS.US,D,20231107,000000,160.642,163.001,158.497,159.594,158124.10479766,0
NVDS.US,D,20231108,000000,159.026,159.462,155.706,156.928,137869.27352003,0
NVDS.US,D,20231109,000000,153.258,156.229,150.069,155.312,352115.67265749,0
NVDS.US,D,20231110,000000,153.258,154.045,149.195,149.808,220413.71944421,0
NVDS.US,D,20231113,000000,149.808,150.681,146.88,148.759,163149.24397574,0
NVDS.US,D,20231114,000000,144.783,147.098,144.171,144.827,173454.96805127,0
NVDS.US,D,20231115,000000,143.909,150.196,143.866,147.579,205355.01117295,0
NVDS.US,D,20231116,000000,148.54,149.72,145.436,145.438,155809.98631854,0
NVDS.US,D,20231117,000000,145.438,147.142,144.827,146.312,112130.82835476,0
NVDS.US,D,20231120,000000,146.181,146.662,141.706,142.118,159365.39703428,0
NVDS.US,D,20231121,000000,143.254,146.4,141.9,143.648,248309.71958318,0
NVDS.US,D,20231122,000000,144.171,151.689,142.563,148.453,433934.98234607,0
NVDS.US,D,20231124,000000,149.502,152.125,147.71,152.101,183560.86765279,0
NVDS.US,D,20231127,000000,152.123,152.428,149.24,150.331,156213.29757079,0
NVDS.US,D,20231128,000000,150.419,153.237,150.113,151.991,106962.40152406,0
NVDS.US,D,20231129,000000,149.72,151.642,148.322,150.681,88289.227881521,0
NVDS.US,D,20231130,000000,151.206,157.496,150.9,156.186,144015.76447153,0
NVDS.US,D,20231201,000000,157.366,158.502,154.46,156.317,191938.84634443,0
NVDS.US,D,20231204,000000,159.244,163.53,159.244,161.384,145952.66561597,0
NVDS.US,D,20231205,000000,161.734,162.608,156.797,156.885,102633.78682985,0
NVDS.US,D,20231206,000000,154.089,161.778,153.608,161.516,112692.0764765,0
NVDS.US,D,20231207,000000,160.598,160.904,156.492,156.622,123541.42383471,0
NVDS.US,D,20231208,000000,156.71,156.754,151.904,152.822,120922.8763173,0
NVDS.US,D,20231211,000000,152.953,159.637,152.953,156.448,113977.54525778,0
NVDS.US,D,20231212,000000,158.807,158.851,152.254,152.341,128959.80292844,0
NVDS.US,D,20231213,000000,152.516,152.516,148.628,150.594,143296.5794803,0
NVDS.US,D,20231214,000000,149.37,153.171,148.366,149.545,98863.902423219,0
NVDS.US,D,20231215,000000,149.764,150.376,145.635,147.448,91436.749464735,0
NVDS.US,D,20231218,000000,145.876,146.618,141.9,143.254,171898.03096968,0
NVDS.US,D,20231219,000000,145.657,147.448,144.652,144.958,112197.89430079,0
NVDS.US,D,20231220,000000,144.827,150.419,143.604,150.376,108191.33348394,0
NVDS.US,D,20231221,000000,147.623,149.108,146.662,147.055,62656.07396258,0
NVDS.US,D,20231222,000000,146.268,149.021,145.769,147.842,64446.482938211,0
NVDS.US,D,20231226,000000,147.5,147.5,145,146.05,84176.4,0
NVDS.US,D,20231227,000000,145.4,146.894,144.75,145.55,49089,0
NVDS.US,D,20231228,000000,145,145.788,144.15,145.35,53265.4,0
NVDS.US,D,20231229,000000,144.445,148.3,143.8,145.4,103939.6,0
NVDS.US,D,20240102,000000,146.6,152.599,146.6,150.4,141687.2,0
NVDS.US,D,20240103,000000,153.35,153.85,150.6,152.95,103473.8,0
NVDS.US,D,20240104,000000,152.35,153.2,149.3,151.3,85240.4,0
NVDS.US,D,20240105,000000,149.7,150,145.4,147.1,144393.8,0
NVDS.US,D,20240108,000000,145.5,145.7,135.3,135.4,418374.6,0
NVDS.US,D,20240109,000000,135,137.2,128.7,132.5,432242,0
NVDS.US,D,20240110,000000,131.05,131.45,128.05,128.9,260708.8,0
NVDS.US,D,20240111,000000,127.1,131.208,125.925,127.4,270111.6,0
NVDS.US,D,20240112,000000,128.15,128.95,127.15,127.9,219275.8,0
NVDS.US,D,20240116,000000,127.05,127.3,121.7,122.95,284403.2,0
NVDS.US,D,20240117,000000,123.15,127.5,123,124.05,196872.8,0
NVDS.US,D,20240118,000000,120.65,123.799,119.75,121.15,277758.8,0
NVDS.US,D,20240119,000000,118.85,120.799,114.75,114.8,312340.4,0
NVDS.US,D,20240122,000000,113.6,115.9,112.85,114.45,273797.6,0
NVDS.US,D,20240123,000000,114.9,117.05,114,114.05,159882.8,0
NVDS.US,D,20240124,000000,112.9,113.9,107.025,110.5,377340,0
NVDS.US,D,20240125,000000,108.4,111.7,107.65,109.9,325350.4,0
NVDS.US,D,20240126,000000,111.4,112.35,109.651,111.4,230111.4,0
NVDS.US,D,20240129,000000,110.9,111.65,108.1,108.15,187093.6,0
NVDS.US,D,20240130,000000,107.1,108.625,105.95,107.5,276700,0
NVDS.US,D,20240131,000000,110.5,111.95,108.65,110.35,467470,0
NVDS.US,D,20240201,000000,108.85,109.85,106.55,106.9,335484.6,0
NVDS.US,D,20240202,000000,104.95,105.5,99.35,100.25,406261.2,0
NVDS.US,D,20240205,000000,96.4,98.35,94.075,94.35,1025375.8,0
NVDS.US,D,20240206,000000,93.75,99.55,93.7,96.25,790182.4,0
NVDS.US,D,20240207,000000,96.1,97.397,92.75,92.95,686558.4,0
NVDS.US,D,20240208,000000,93.1,94.05,91.85,93.75,451148.6,0
NVDS.US,D,20240209,000000,92.3,92.85,89.5,89.6,568611.6,0
NVDS.US,D,20240212,000000,89,91.025,85.8485,89.4,1079964.4,0
NVDS.US,D,20240213,000000,92.3,93.553,87.65,89.65,1246967,0
NVDS.US,D,20240214,000000,88,89.95,86.4995,86.95,731388.8,0
NVDS.US,D,20240215,000000,86.95,89.2,86.95,88.85,487706,0
NVDS.US,D,20240216,000000,86.85,89.1,86.25,88.9,698180.2,0
NVDS.US,D,20240220,000000,90,96.4,90,93.75,940276.6,0
NVDS.US,D,20240221,000000,96.4,99.25,94.8,97.1,1048337.6,0
NVDS.US,D,20240222,000000,83.65,85.1,77.35,77.45,1338667,0
NVDS.US,D,20240223,000000,74.65,78.55,72.65,77.05,1091333,0
NVDS.US,D,20240226,000000,76.05,77.4,74.85,76.7,664326.6,0
NVDS.US,D,20240227,000000,76.45,79.05,76.3,77.2,608092.2,0
NVDS.US,D,20240228,000000,78.7,79.15,76.975,78.5,472918.4,0
NVDS.US,D,20240229,000000,76.85,77.7,75.6165,76.65,634916.2,0
NVDS.US,D,20240301,000000,75.7,76.3,72.95,73,549242.2,0
NVDS.US,D,20240304,000000,71,71.3505,67.0535,69.75,966467.4,0
NVDS.US,D,20240305,000000,69.7,71.6,68.9,69,900198,0
NVDS.US,D,20240306,000000,67,67.95,65.3,66.25,1038981.4,0
NVDS.US,D,20240307,000000,65,65.45,62.55,62.7,847972.6,0
NVDS.US,D,20240308,000000,60.6,67.85,58.6585,66.95,4234533.6,0
NVDS.US,D,20240311,000000,68.1,70,65.805,68.6,2040269.6,0
NVDS.US,D,20240312,000000,66.4,68.3,62.575,62.6,1570435.8,0
NVDS.US,D,20240313,000000,63.3,65.55,62.9,63.4,2616161,0
NVDS.US,D,20240314,000000,64.65,67.225,63.7,65.95,2071403,0
NVDS.US,D,20240315,000000,66.95,67.65,64.55,66.1,1537228.2,0
NVDS.US,D,20240318,000000,63.8,66.9,61.9,65.6,1356605,0
NVDS.US,D,20240319,000000,67.3,68.8515,63.775,64.85,1924623.4,0
NVDS.US,D,20240320,000000,64.475,65.8575,63.9,63.9,890235.4,0
NVDS.US,D,20240321,000000,62.25,63.9,61.95,63,1095393.6,0
NVDS.US,D,20240322,000000,63.25,63.5,60.15,60.65,1014115.6,0
NVDS.US,D,20240325,000000,60.85,61.25,58.6995,60.05,991651.4,0
NVDS.US,D,20240326,000000,59.4,62.05,59.05,61.95,700442.2,0
NVDS.US,D,20240327,000000,61.6,64.9,61.5,63.9,960137.6,0
NVDS.US,D,20240328,000000,64.25,64.95,63.05,64,578009,0
NVDS.US,D,20240401,000000,64,64.975,62.35,63.95,668419.4,0
NVDS.US,D,20240402,000000,65.7,66.425,64.2985,64.8,489948.2,0
NVDS.US,D,20240403,000000,65.74,65.76,64.01,65.27,344107,0
NVDS.US,D,20240404,000000,63.97,68.14,63.78,68.09,628358,0
NVDS.US,D,20240405,000000,67.28,68.11,65.591,66.11,970840,0
NVDS.US,D,20240408,000000,65.44,67.2875,65.38,66.84,692537,0
NVDS.US,D,20240409,000000,66.7,70.899,66.49,68.67,937346,0
NVDS.US,D,20240410,000000,70.19,70.32,66.65,67.01,843663,0
NVDS.US,D,20240411,000000,66.71,67.1,63.46,63.59,830458,0
NVDS.US,D,20240412,000000,64.36,66.269,64.0301,65.7,666801,0
NVDS.US,D,20240415,000000,64.99,67.86,63.53,67.81,680597,0
NVDS.US,D,20240416,000000,67.42,67.8,65.7801,66.46,695299,0
NVDS.US,D,20240417,000000,65.7,69.76,65.2615,69.67,1014393,0
NVDS.US,D,20240418,000000,68.77,71.4,67.5099,69.06,903352,0
NVDS.US,D,20240419,000000,70.71,78.27,69.48,77.691,1785666,0
NVDS.US,D,20240422,000000,75.3,77.5,72.86,73.53,1746874,0
NVDS.US,D,20240423,000000,72.1,72.71,69.87,70.24,1558019,0
NVDS.US,D,20240424,000000,68.64,73.689,68.5,73.19,1513241,0
NVDS.US,D,20240425,000000,74.1,74.86,69.01,69.77,1775454,0
NVDS.US,D,20240426,000000,68.53,69.04,63.8433,64.41,1193078,0
NVDS.US,D,20240429,000000,64.6,66.72,64.28,64.42,878754,0
NVDS.US,D,20240430,000000,65.02,65.83,63.5801,65.77,820511,0
NVDS.US,D,20240501,000000,66.98,70.63,66.16,68.94,1135823,0
NVDS.US,D,20240502,000000,67.52,68.78,65.69,66.06,654029,0
NVDS.US,D,20240503,000000,64.28,64.82,62.771,63.24,724021,0
NVDS.US,D,20240506,000000,62.76,63.03,60.2301,60.28,706847,0
NVDS.US,D,20240507,000000,61.27,62.88,60.68,61.65,977564,0
NVDS.US,D,20240508,000000,62.65,62.65,61.15,61.81,497582,0
NVDS.US,D,20240509,000000,61.71,63.62,61.28,63.19,571123,0
NVDS.US,D,20240510,000000,61.91,62.7999,60.915,62.22,372225,0
NVDS.US,D,20240513,000000,61.75,63.39,61.3101,61.79,495853,0
NVDS.US,D,20240514,000000,62.58,63.05,60.78,61,439901,0
NVDS.US,D,20240515,000000,60.09,60.81,58.13,58.29,465022,0
NVDS.US,D,20240516,000000,58.18,58.71,57.446,58.53,455980,0
NVDS.US,D,20240517,000000,58.5099,60.5,58.29,59.99,494762,0
NVDS.US,D,20240520,000000,58.97,59.22,57.85,58.15,385094,0
NVDS.US,D,20240521,000000,59.17,59.43,57.74,57.79,264253,0
NVDS.US,D,20240522,000000,57.73,59.3681,57.28,58.16,1064437,0
NVDS.US,D,20240523,000000,52.74,53.08,49.4418,51.34,2759503,0
NVDS.US,D,20240524,000000,50.9,51.8242,49.75,49.75,685111,0
NVDS.US,D,20240528,000000,47.56,47.77,44.86,45.38,2240704,0
NVDS.US,D,20240529,000000,45.86,46.915,44.6699,45.02,1354193,0
NVDS.US,D,20240530,000000,45.13,47.4557,44.51,47.04,1627618,0
NVDS.US,D,20240531,000000,46.1,48.99,45.92,47.51,1836502,0
NVDS.US,D,20240603,000000,45.37,46.2798,44.68,44.69,1349806,0
NVDS.US,D,20240604,000000,44.39,45.16,43.94,44,1580016,0
NVDS.US,D,20240605,000000,43.08,43.54,41.21,41.22,2229731,0
NVDS.US,D,20240606,000000,40.56,42.94,39.9,41.85,5836354,0
NVDS.US,D,20240607,000000,42.4,43.12,41.53,41.88,2250238,0
NVDS.US,D,20240610,000000,42.13,43.55,40.96,41.52,1533875,0
NVDS.US,D,20240611,000000,41.54,42.805,41.1,41.87,704841,0
NVDS.US,D,20240612,000000,40.96,41.18,39.35,40.05,1170767,0
NVDS.US,D,20240613,000000,38.42,39.28,38.22,38.36,1244998,0
NVDS.US,D,20240614,000000,38.26,38.8,37.1368,37.44,1599971,0
NVDS.US,D,20240617,000000,37.15,38.3,36.85,37.79,1294527,0
NVDS.US,D,20240618,000000,37.79,37.9,35.91,36.17,1821619,0
NVDS.US,D,20240620,000000,34.775,38.19,34.46,37.81,5849792,0
NVDS.US,D,20240621,000000,39.18,40.12,37.86,39.13,3443132,0
NVDS.US,D,20240624,000000,40.7,42.64,40.15,42.62,3891766,0
NVDS.US,D,20240625,000000,41.32,42.07,38.8785,39,3489123,0
NVDS.US,D,20240626,000000,39.04,40.402,38.2804,38.92,2546954,0
NVDS.US,D,20240627,000000,39.83,40.28,38.94,39.85,2172998,0
NVDS.US,D,20240628,000000,39.69,40.37,38.4,40.1,1834409,0
NVDS.US,D,20240701,000000,40.04,41.97,39.57,39.81,2033704,0
NVDS.US,D,20240702,000000,41.11,41.11,40.1501,40.44,1234723,0
NVDS.US,D,20240703,000000,40.9,40.942,38.14,38.15,1550795,0
NVDS.US,D,20240705,000000,38.48,39.1286,37.9809,39.09,863622,0
NVDS.US,D,20240708,000000,38.47,38.6,37.1901,38.19,1161418,0
NVDS.US,D,20240709,000000,37.37,38.03,36.13,37,2054533,0
NVDS.US,D,20240710,000000,36.08,36.67,35.74,35.82,1082966,0
NVDS.US,D,20240711,000000,35.49,38.4,35.42,38.28,3401630,0
NVDS.US,D,20240712,000000,38,38.339,36.61,37.62,1645617,0
NVDS.US,D,20240715,000000,37.07,38.36,36.86,37.92,1521491,0
NVDS.US,D,20240716,000000,37.97,39.62,37.71,38.88,1380336,0
NVDS.US,D,20240717,000000,41.24,43.2909,40.9601,42.77,2317471,0
NVDS.US,D,20240718,000000,40.71,43.5199,40.35,41,2003260,0
NVDS.US,D,20240719,000000,41.51,42.92,40.83,42.64,1322663,0
NVDS.US,D,20240722,000000,41.37,41.61,39.3701,39.53,1259831,0
NVDS.US,D,20240723,000000,39.99,40.3537,39.12,40.16,614010,0
NVDS.US,D,20240724,000000,41.89,44.6,41.45,44.17,1366008,0
NVDS.US,D,20240725,000000,45.01,48.85,42.91,45.37,1871079,0
NVDS.US,D,20240726,000000,42.99,45.8,42.99,44.95,766516,0
NVDS.US,D,20240729,000000,44.49,45.99,43.0601,45.89,805281,0
NVDS.US,D,20240730,000000,45.92,51.4,45.68,50.72,1773721,0
NVDS.US,D,20240731,000000,44,45.44,40.105,40.89,2429475,0
NVDS.US,D,20240801,000000,40.72,46.3,39.36,44.99,2616706,0
NVDS.US,D,20240802,000000,48.5,49.9577,45.43,46.25,2187277,0
NVDS.US,D,20240805,000000,56.22,57.03,48.84,50.69,3186926,0
NVDS.US,D,20240806,000000,48.25,50.6568,45.29,48.12,2207696,0
NVDS.US,D,20240807,000000,45.43,51.73,44.83,51.73,1554102,0
NVDS.US,D,20240808,000000,49.18,52.64,46.48,46.78,1768739,0
NVDS.US,D,20240809,000000,46.42,47.87,45.8,47.07,921476,0
NVDS.US,D,20240812,000000,45.9,45.94,42.8201,44.09,1819463,0
NVDS.US,D,20240813,000000,42.15,42.61,39.84,39.85,2303480,0
NVDS.US,D,20240814,000000,38.64,40.9285,38.64,38.9,2434022,0
NVDS.US,D,20240815,000000,38.44,39.16,36.3638,36.5,2772435,0
NVDS.US,D,20240816,000000,37.01,37.28,35.58,35.76,1927415,0
NVDS.US,D,20240819,000000,35.9,36.2753,33.4835,33.49,2604360,0
NVDS.US,D,20240820,000000,34.07,35.06,33.53,34.53,2430498,0
NVDS.US,D,20240821,000000,34.54,34.8,33.71,34.07,1594049,0
NVDS.US,D,20240822,000000,33.43,36.2,33.18,35.89,2708204,0
NVDS.US,D,20240823,000000,35,35.2978,33.4202,33.55,3203586,0
NVDS.US,D,20240826,000000,33.47,35.452,32.8,34.65,3637159,0
NVDS.US,D,20240827,000000,35.22,35.72,33.569,33.92,1927759,0
NVDS.US,D,20240828,000000,34.12,36.17,33.96,35.02,5404308,0
NVDS.US,D,20240829,000000,36.89,38.72,35.5262,38.34,3275701,0
NVDS.US,D,20240830,000000,37.47,38.55,36.33,37.52,2161017,0
NVDS.US,D,20240903,000000,39.08,43.21,39.0767,42.9,4402474,0
NVDS.US,D,20240904,000000,44.64,45.24,41.73,43.98,3250338,0
NVDS.US,D,20240905,000000,44.77,44.892,41.86,43.36,2191833,0
NVDS.US,D,20240906,000000,42.82,47.1753,42.8101,46.05,2152664,0
NVDS.US,D,20240909,000000,44.63,45.4595,43.5645,43.62,1495944,0
NVDS.US,D,20240910,000000,42.74,44.58,41.84,42.7,1241055,0
NVDS.US,D,20240911,000000,41.85,43.03,37.3017,37.51,2939007,0
NVDS.US,D,20240912,000000,37.4,38.2,35.61,36.35,2917127,0
NVDS.US,D,20240913,000000,36.42,37.0899,36.04,36.42,1212801,0
NVDS.US,D,20240916,000000,37.56,38.609,36.85,37.5,1339687,0
NVDS.US,D,20240917,000000,36.811,38.46,36.55,38.11,1176090,0
NVDS.US,D,20240918,000000,37.92,39.28,37.0762,39.28,2313403,0
NVDS.US,D,20240919,000000,37.15,37.2,35.96,36.84,2206403,0
NVDS.US,D,20240920,000000,37.315,38.03,36.5501,37.75,1224416,0
NVDS.US,D,20240923,000000,37.58,38.33,37.35,37.69,1084918,0
NVDS.US,D,20240924,000000,37.54,38.1099,35.0034,35.43,1908130,0
NVDS.US,D,20240925,000000,34.98,35.075,33.6917,34.25,1896364,0
NVDS.US,D,20240926,000000,32.96,35.03,32.58,34.08,1661086,0
NVDS.US,D,20240927,000000,34.15,36.03,34.15,35.22,1320159,0
NVDS.US,D,20240930,000000,36.57,36.6,35.16,35.2,1117459,0
NVDS.US,D,20241001,000000,34.99,37.655,34.78,37.14,1449394,0
NVDS.US,D,20241002,000000,37.4,38.0056,36.0117,36.26,1440410,0
NVDS.US,D,20241003,000000,35.31,35.59,33.7759,34.45,1556277,0
NVDS.US,D,20241004,000000,33.58,34.85,33.54,33.61,1260936,0
NVDS.US,D,20241007,000000,33.54,33.57,31.3,32.44,2689304,0
NVDS.US,D,20241008,000000,31.52,31.84,30.2851,30.51,2838997,0
NVDS.US,D,20241009,000000,30.09,31.0462,29.99,30.61,1751165,0
NVDS.US,D,20241010,000000,30.91,31.05,29.8,29.86,2093841,0
NVDS.US,D,20241011,000000,30.14,30.25,29.54,29.9,1253847,0
NVDS.US,D,20241014,000000,29.34,29.39,28.3,28.76,1948745,0
NVDS.US,D,20241015,000000,28.9,31.72,28.66,30.84,3686948,0
NVDS.US,D,20241016,000000,30.06,30.84,29.09,29.43,3031879,0
NVDS.US,D,20241017,000000,28.26,29.03,27.754,29.01,4884969,0
NVDS.US,D,20241018,000000,28.44,28.919982,28.44,28.71,1547240,0
NVDS.US,D,20241021,000000,28.63,28.7,26.94,26.95,2903596,0
NVDS.US,D,20241022,000000,27.2,27.48,26.74,26.97,2073942,0
NVDS.US,D,20241023,000000,27.38,28.68,27.3,28.09,3258206,0
NVDS.US,D,20241024,000000,27.72,28.4392,27.57,27.85,2235257,0
NVDS.US,D,20241025,000000,27.71,27.73,26.75,27.52,1936248,0
NVDS.US,D,20241028,000000,27.08,27.97,27.08,27.81,1503270,0
NVDS.US,D,20241029,000000,27.92,28.32,27.33,27.64,1852361,0
