<TICKER>,<PER>,<DATE>,<TIME>,<OPEN>,<HIGH>,<LOW>,<CLOSE>,<VOL>,<OPENINT>
NVOS.US,D,20210224,000000,140,149.8,57.3,63.7,3407054.9,0
NVOS.US,D,20210225,000000,70.1,74.5,51.2,62.5,194755.5,0
NVOS.US,D,20210226,000000,60.1,61.4,51.3,52.1,60280,0
NVOS.US,D,20210301,000000,52.6,53.1,46,49.1,66004.4,0
NVOS.US,D,20210302,000000,46.8,48.687,43.2,44.8,32239.7,0
NVOS.US,D,20210303,000000,44.7,44.8,37.536,38,29464.7,0
NVOS.US,D,20210304,000000,39.208,39.5,33.301,35.1,14373.1,0
NVOS.US,D,20210305,000000,36.5,36.887,33.101,35.1,11985.5,0
NVOS.US,D,20210308,000000,35.4,41.1,35.25,38.6,14991.1,0
NVOS.US,D,20210309,000000,39.1,41.4,37.1,38.2,11133.7,0
NVOS.US,D,20210310,000000,38.089,39.3,36.75,39.2,11457.4,0
NVOS.US,D,20210311,000000,40.5,42.2,39.1,40.8,11035.2,0
NVOS.US,D,20210312,000000,40.3,40.693,38.8,39.2,7164.4,0
NVOS.US,D,20210315,000000,39.4,42,39.1,41,9080.1,0
NVOS.US,D,20210316,000000,42,52.4,41.7,43.3,55268.7,0
NVOS.US,D,20210317,000000,40.906,44,40.906,42.9,10477.6,0
NVOS.US,D,20210318,000000,43.1,44.865,41.7,41.9,5385.9,0
NVOS.US,D,20210319,000000,42.2,44,41.1,42.7,7160.4,0
NVOS.US,D,20210322,000000,43.4,43.4,41,42.8,5866.8,0
NVOS.US,D,20210323,000000,42,42.25,38.5,39.7,6029.4,0
NVOS.US,D,20210324,000000,39,40.4,35.8,36.3,8716.9,0
NVOS.US,D,20210325,000000,36,38,35.1,37.5,3339.6,0
NVOS.US,D,20210326,000000,38.5,39.9,36.3,36.6,4335.7,0
NVOS.US,D,20210329,000000,36.7,38.5,35.3,35.3,3962,0
NVOS.US,D,20210330,000000,35.3,36.149,34,35,2280,0
NVOS.US,D,20210331,000000,36.376,36.5,34.4,35,3488.8,0
NVOS.US,D,20210401,000000,35.5,37.5,35.5,36.5,4997.1,0
NVOS.US,D,20210405,000000,36.8,36.8,35.6,36.1,2239.4,0
NVOS.US,D,20210406,000000,35.7,36.5,35.3,35.65,1501.6,0
NVOS.US,D,20210407,000000,36,36.5,35,35.3,1489.1,0
NVOS.US,D,20210408,000000,35.5,36.4,34.9,36.1,2746.7,0
NVOS.US,D,20210409,000000,29.2,29.2,27,27.4,239448.6,0
NVOS.US,D,20210412,000000,26.6,26.6,22.1,24.3,113227,0
NVOS.US,D,20210413,000000,23.4,23.9,22,23.9,52225.9,0
NVOS.US,D,20210414,000000,23,24.4,22.5,23,27036.9,0
NVOS.US,D,20210415,000000,23.5,23.5,21.3,21.5,20466.1,0
NVOS.US,D,20210416,000000,21.8,21.8,20,20.5,33932.5,0
NVOS.US,D,20210419,000000,20.5,21.5,19.501,21,29776.6,0
NVOS.US,D,20210420,000000,21.3,21.3,19.8,20.3,16008.3,0
NVOS.US,D,20210421,000000,20.4,22.7,19.8,21.7,18667.9,0
NVOS.US,D,20210422,000000,22.7,25.3,21.7,23.8,57633.5,0
NVOS.US,D,20210423,000000,23.6,24.462,23.4,23.735,12950.6,0
NVOS.US,D,20210426,000000,23.5,24.6,22.8,24,17203.2,0
NVOS.US,D,20210427,000000,24.2,24.2,23.228,23.5,7259.5,0
NVOS.US,D,20210428,000000,23.5,27.3,23.5,26.6,51629.3,0
NVOS.US,D,20210429,000000,29.8,29.9,24.5,27,56971.2,0
NVOS.US,D,20210430,000000,26.5,27.5,25.2,26.3,21374,0
NVOS.US,D,20210503,000000,25.9,32.5,25.69,28.8,131505.4,0
NVOS.US,D,20210504,000000,28.3,28.709,26.3,27.3,17979.5,0
NVOS.US,D,20210505,000000,26.8,30.8,25.1,27.8,115042.8,0
NVOS.US,D,20210506,000000,28.2,28.794,24,25,36670,0
NVOS.US,D,20210507,000000,25,26.9,24,24.05,24557.7,0
NVOS.US,D,20210510,000000,24.2,24.8,21,21.3,19363.3,0
NVOS.US,D,20210511,000000,21.608,23.8,20.6,22.9,12730.7,0
NVOS.US,D,20210512,000000,23,23.3,21.8,22.5,10783.6,0
NVOS.US,D,20210513,000000,22.5,23,21.3,21.4,5749.3,0
NVOS.US,D,20210514,000000,21.1,22.9,21.1,22.2,5213.7,0
NVOS.US,D,20210517,000000,22.6,22.6,21.5,21.9,3983.9,0
NVOS.US,D,20210518,000000,21.938,22.8,21.7,22.8,7949.9,0
NVOS.US,D,20210519,000000,21.6,22.4,21.4,22,8786.8,0
NVOS.US,D,20210520,000000,22.1,22.3,21.2,21.2,9391.5,0
NVOS.US,D,20210521,000000,22,22,21.2,21.3,8713.7,0
NVOS.US,D,20210524,000000,21.4,23.8,21.224,22.7,40646.2,0
NVOS.US,D,20210525,000000,23.8,23.8,21,21.85,12810.8,0
NVOS.US,D,20210526,000000,21.6,22.5,21.2,22,11182.7,0
NVOS.US,D,20210527,000000,22,23.4,21.7,23.2,15083.8,0
NVOS.US,D,20210528,000000,23,23.4,22.1,22.2,13082.3,0
NVOS.US,D,20210601,000000,23,23,21.8,22,8199.8,0
NVOS.US,D,20210602,000000,22,23.2,21.4,22.7,19872.7,0
NVOS.US,D,20210603,000000,23.1,23.5,21.3,22,19206.3,0
NVOS.US,D,20210604,000000,21.9,23.3,21.61,22.8,12802.8,0
NVOS.US,D,20210607,000000,23.2,23.6,22.547,23.6,9264.6,0
NVOS.US,D,20210608,000000,23.8,24.9,22.6,24.3,24004,0
NVOS.US,D,20210609,000000,24.4,24.7,23.1,24.1,10078.1,0
NVOS.US,D,20210610,000000,24,25.5,23.8,24.1,10862.8,0
NVOS.US,D,20210611,000000,24.2,25.6,24.2,25.4,13490.8,0
NVOS.US,D,20210614,000000,25.8,27.3,25,27.1,20959.9,0
NVOS.US,D,20210615,000000,27.2,27.5,25.5,25.8,7576,0
NVOS.US,D,20210616,000000,25.8,27,25.1,26.8,14119.3,0
NVOS.US,D,20210617,000000,26.5,27.5,25.8,27.5,11846.9,0
NVOS.US,D,20210618,000000,27,28.2,25.1,25.1,26383.3,0
NVOS.US,D,20210621,000000,25.7,26.195,24.9,25.9,10024.3,0
NVOS.US,D,20210622,000000,25.5,25.9,23.798,25.8,14583.9,0
NVOS.US,D,20210623,000000,26.3,26.6,25.5,26.4,5412.2,0
NVOS.US,D,20210624,000000,26.5,26.965,25,25.5,7499.2,0
NVOS.US,D,20210625,000000,25.2,25.6,24.4,25.3,9699.5,0
NVOS.US,D,20210628,000000,25,25.12,24,24.5,3874.7,0
NVOS.US,D,20210629,000000,24.9,25.629,24.501,24.8,3988.7,0
NVOS.US,D,20210630,000000,25.3,25.7,24,25.1,6126,0
NVOS.US,D,20210701,000000,25.4,25.799,24.2,24.4,7537,0
NVOS.US,D,20210702,000000,24.251,24.251,22.2,24.2,9412.4,0
NVOS.US,D,20210706,000000,23.22,23.89,21.8,23.4,5887.1,0
NVOS.US,D,20210707,000000,23.3,23.7,21.5,22,10900.1,0
NVOS.US,D,20210708,000000,21.5,23.6,21.5,21.9,9910.6,0
NVOS.US,D,20210709,000000,22,23,21.6,21.6,2232.3,0
NVOS.US,D,20210712,000000,22.5,22.6,21.6,22.4,4445.2,0
NVOS.US,D,20210713,000000,22.3,23.1,22,22.6,5282,0
NVOS.US,D,20210714,000000,22.6,22.8,21.2,21.6,8704.9,0
NVOS.US,D,20210715,000000,21.6,29.9,21.2,23.2,256681.9,0
NVOS.US,D,20210716,000000,22,23.45,21.3,22.8,29546.1,0
NVOS.US,D,20210719,000000,22.5,23.3,21.2,22.7,17991.7,0
NVOS.US,D,20210720,000000,22.8,23.2,22.048,22.4,11190.3,0
NVOS.US,D,20210721,000000,22.5,22.7,21.1,21.5,17342,0
NVOS.US,D,20210722,000000,21.3,22.6,20.299,20.9,15907.1,0
NVOS.US,D,20210723,000000,20.799,20.799,19.6,20.3,10878.7,0
NVOS.US,D,20210726,000000,20.4,20.4,19,19,10962.8,0
NVOS.US,D,20210727,000000,19.3,19.3,17.65,18.6,9503.8,0
NVOS.US,D,20210728,000000,19,19.3,18.3,18.7,2606.4,0
NVOS.US,D,20210729,000000,19.85,19.85,18.5,18.8,2291.7,0
NVOS.US,D,20210730,000000,19,19.5,18.599,18.8,2267,0
NVOS.US,D,20210802,000000,19.038,19.2,18.7,18.9,1723.4,0
NVOS.US,D,20210803,000000,19.2,19.2,18.5,19,2324.8,0
NVOS.US,D,20210804,000000,18.9,19.5,18.6,19.5,3987.5,0
NVOS.US,D,20210805,000000,19.43,21.2,19.4,20.8,5304.8,0
NVOS.US,D,20210806,000000,20.8,21,19.2,20.8,6135,0
NVOS.US,D,20210809,000000,20.4,21.8,20.4,21.29,8299.5,0
NVOS.US,D,20210810,000000,21.6,21.6,20.2,20.9,5106.4,0
NVOS.US,D,20210811,000000,21.2,21.2,19.55,20.4,8086.9,0
NVOS.US,D,20210812,000000,19.8,20.4,19.1,19.8,5822.2,0
NVOS.US,D,20210813,000000,19.5,20.5,19.3,20.3,2705.4,0
NVOS.US,D,20210816,000000,19.501,20.3,17,17.3,13306.7,0
NVOS.US,D,20210817,000000,18.5,19,15.8,16.8,11446,0
NVOS.US,D,20210818,000000,17.3,18.9,17.1,17.6,58368.3,0
NVOS.US,D,20210819,000000,17.3,17.499,17,17.1,4402.2,0
NVOS.US,D,20210820,000000,17.4,17.641,16.2,17,9617.5,0
NVOS.US,D,20210823,000000,17.3,18.5,17,17.9,4744.8,0
NVOS.US,D,20210824,000000,17.7,19.799,17.7,18.8,8317.1,0
NVOS.US,D,20210825,000000,18.942,19,18.483,18.5,2086.9,0
NVOS.US,D,20210826,000000,18.2,18.698,17.5,18.2,4108.6,0
NVOS.US,D,20210827,000000,18.3,19.5,17.6,18.7,4915,0
NVOS.US,D,20210830,000000,19.1,19.4,18.2,18.8,3904.6,0
NVOS.US,D,20210831,000000,18.914,19.2,17.794,18.2,3506.6,0
NVOS.US,D,20210901,000000,18.2,18.6,18,18.2,3483.2,0
NVOS.US,D,20210902,000000,18.2,19.2,18.1,18.9,3026.4,0
NVOS.US,D,20210903,000000,19.1,19.8,18.6,19.6,4831.2,0
NVOS.US,D,20210907,000000,19.3,19.3,17.5,18.5,4871.1,0
NVOS.US,D,20210908,000000,18.7,18.7,17.5,18.1,3930.6,0
NVOS.US,D,20210909,000000,18.1,18.5,18.1,18.3,1314.8,0
NVOS.US,D,20210910,000000,18.2,18.35,18,18,1952.8,0
NVOS.US,D,20210913,000000,18,18.4,17.55,18,2157.2,0
NVOS.US,D,20210914,000000,18.199,18.3,17.628,18.3,1339.6,0
NVOS.US,D,20210915,000000,18,18.238,17.6,18.1,3271.4,0
NVOS.US,D,20210916,000000,19.2,19.2,18,18.5,1619.1,0
NVOS.US,D,20210917,000000,18.7,19,18,18.9,2317.4,0
NVOS.US,D,20210920,000000,18,18.7,17.7,18.7,4317.7,0
NVOS.US,D,20210921,000000,19.1,20,18.5,19.2,15895,0
NVOS.US,D,20210922,000000,20.8,21.2,19.869,20.8,28555.8,0
NVOS.US,D,20210923,000000,21,21,18.5,19.2,17007.2,0
NVOS.US,D,20210924,000000,19,19.594,18.9,19.245,7528.9,0
NVOS.US,D,20210927,000000,19,19.5,18.4,18.9,8828.9,0
NVOS.US,D,20210928,000000,18.7,19.3,18.5,18.7,4476.1,0
NVOS.US,D,20210929,000000,18.5,18.831,18,18.4,2999.5,0
NVOS.US,D,20210930,000000,18.6,18.7,18,18.4,4987.5,0
NVOS.US,D,20211001,000000,18.4,19.1,18.285,18.7,2780.9,0
NVOS.US,D,20211004,000000,18.8,19.2,18.39,18.6,4418.8,0
NVOS.US,D,20211005,000000,19.399,19.399,18.6,18.8,2626.9,0
NVOS.US,D,20211006,000000,19.7,19.7,18,18,2817.2,0
NVOS.US,D,20211007,000000,18.2,18.4,17.55,17.7,3594.8,0
NVOS.US,D,20211008,000000,18,18.2,17.7,18.2,1421.5,0
NVOS.US,D,20211011,000000,18,18.6,17.701,17.899,499.3,0
NVOS.US,D,20211012,000000,17.7,18,17.7,17.801,1386,0
NVOS.US,D,20211013,000000,17.8,18.2,17.7,18,2351.7,0
NVOS.US,D,20211014,000000,17.7,18.535,17.6,17.627,3159,0
NVOS.US,D,20211015,000000,17.65,17.9,17.3,17.3,3634.6,0
NVOS.US,D,20211018,000000,17.3,17.3,16.5,16.8,3577.5,0
NVOS.US,D,20211019,000000,16.8,17.5,16.8,17.5,1075.1,0
NVOS.US,D,20211020,000000,17.4,18.1,17.039,17.8,1796.7,0
NVOS.US,D,20211021,000000,17.8,18,17.3,17.501,3269.4,0
NVOS.US,D,20211022,000000,17.5,18.3,17.5,17.651,5064.4,0
NVOS.US,D,20211025,000000,18,18.1,17.6,17.7,2921.4,0
NVOS.US,D,20211026,000000,17.5,17.8,17.1,17.3,2246.3,0
NVOS.US,D,20211027,000000,17,18,17,17.6,1291.2,0
NVOS.US,D,20211028,000000,17.4,17.4,16.8,17.104,2621.4,0
NVOS.US,D,20211029,000000,17.2,17.8,16.9,17.2,1903.6,0
NVOS.US,D,20211101,000000,17.3,17.652,17.3,17.4,1665.5,0
NVOS.US,D,20211102,000000,17.3,17.4,17,17.2,2461.5,0
NVOS.US,D,20211103,000000,17.1,17.773,17,17.5,5263.2,0
NVOS.US,D,20211104,000000,17,17.483,17,17.25,5246.9,0
NVOS.US,D,20211105,000000,17.3,17.4,17,17.2,1368,0
NVOS.US,D,20211108,000000,17.8,17.8,16.9,17,6323.6,0
NVOS.US,D,20211109,000000,16.801,18,16.5,17.1,12657.1,0
NVOS.US,D,20211110,000000,17.2,17.2,16.2,16.2,8890,0
NVOS.US,D,20211111,000000,16.3,16.8,16.2,16.2,1795.9,0
NVOS.US,D,20211112,000000,16.3,16.9,16.1,16.5,3033.8,0
NVOS.US,D,20211115,000000,17.5,17.5,16.1,16.1,5191.4,0
NVOS.US,D,20211116,000000,16.2,16.2,15.6,15.7,5470.3,0
NVOS.US,D,20211117,000000,15.8,16.9,15.6,15.9,9359.5,0
NVOS.US,D,20211118,000000,15.9,16.75,15.1,16.1,19996.2,0
NVOS.US,D,20211119,000000,16,16.5,15.5,15.6,11936.8,0
NVOS.US,D,20211122,000000,15.5,15.5,12,13,54252.8,0
NVOS.US,D,20211123,000000,13.4,14.199,13,13.2,10048.5,0
NVOS.US,D,20211124,000000,13.1,13.699,12.882,13.25,5841.8,0
NVOS.US,D,20211126,000000,12.9,14.199,12.9,12.9,6693.9,0
NVOS.US,D,20211129,000000,12.8,13.992,12.6,13,14626.5,0
NVOS.US,D,20211130,000000,13.8,17.4,13,14.4,77501.1,0
NVOS.US,D,20211201,000000,14.1,14.3,12.3,13.4,22562.7,0
NVOS.US,D,20211202,000000,13.7,14,12.7,14,7472.2,0
NVOS.US,D,20211203,000000,13.7,14.599,13.2,14,5939.4,0
NVOS.US,D,20211206,000000,13.5,15.4,13.2,15.2,6365.9,0
NVOS.US,D,20211207,000000,14.9,15.8,14.3,14.7,13139.6,0
NVOS.US,D,20211208,000000,14.7,15.3,14,15.05,6254.2,0
NVOS.US,D,20211209,000000,15.2,15.299,14.3,14.3,5343.2,0
NVOS.US,D,20211210,000000,14.135,14.515,13.6,14,4046.3,0
NVOS.US,D,20211213,000000,13.9,14.7,13,13.1,3154.2,0
NVOS.US,D,20211214,000000,13.4,13.4,13,13.2,2932.6,0
NVOS.US,D,20211215,000000,13.2,13.5,12.3,12.9,6371.5,0
NVOS.US,D,20211216,000000,13.007,13.4,12.5,12.9,4731.1,0
NVOS.US,D,20211217,000000,12.6,13.5,12.6,13.4,5247.3,0
NVOS.US,D,20211220,000000,13.2,13.4,12.812,13.1,1638.9,0
NVOS.US,D,20211221,000000,13.1,14,13.1,13.8,1860.7,0
NVOS.US,D,20211222,000000,14,14.6,13.6,13.9,3754.9,0
NVOS.US,D,20211223,000000,13.8,14.7,13.5,14.001,2159.1,0
NVOS.US,D,20211227,000000,14,14.999,13.2,14.4,4695,0
NVOS.US,D,20211228,000000,14.4,15,14,14.4,3202.8,0
NVOS.US,D,20211229,000000,14.1,14.5,14.1,14.2,3850.4,0
NVOS.US,D,20211230,000000,14.9,14.9,14.1,14.15,2826.1,0
NVOS.US,D,20211231,000000,14.227,15.099,13.6,14,1700.3,0
NVOS.US,D,20220103,000000,14.8,14.899,13.955,14.5,2551.7,0
NVOS.US,D,20220104,000000,14.3,15.099,13.7,13.7,2066.5,0
NVOS.US,D,20220105,000000,13.95,14.894,13.897,13.897,3513.8,0
NVOS.US,D,20220106,000000,13.8,13.9,13.5,13.8,1225.7,0
NVOS.US,D,20220107,000000,15.5,15.5,14,14.4,4314.9,0
NVOS.US,D,20220110,000000,16,16,12.799,13.338,7088.6,0
NVOS.US,D,20220111,000000,13.8,13.8,13.3,13.301,2656.1,0
NVOS.US,D,20220112,000000,14.3,14.6,13,13.9,3768.9,0
NVOS.US,D,20220113,000000,14.3,14.9,13.55,13.952,4266.1,0
NVOS.US,D,20220114,000000,13.2,14,12.8,13.199,7766.2,0
NVOS.US,D,20220118,000000,13,13.7,12.8,13.7,2254.7,0
NVOS.US,D,20220119,000000,13.6,14.4,12.9,13.4,6158.7,0
NVOS.US,D,20220120,000000,12.8,13.994,12.503,13.2,5283.4,0
NVOS.US,D,20220121,000000,12.702,13.068,11.8,12.2,4294.9,0
NVOS.US,D,20220124,000000,12,12.2,11.8,12,3622.6,0
NVOS.US,D,20220125,000000,11.4,12.8,11.2,12.6,3383.2,0
NVOS.US,D,20220126,000000,12,13.1,10.2,11.2,8596.3,0
NVOS.US,D,20220127,000000,11.3,11.3,11,11.045,1967.8,0
NVOS.US,D,20220128,000000,11.3,13.1,10.7,12.198,3837.3,0
NVOS.US,D,20220131,000000,12.527,13.2,12.2,12.9,1412.9,0
NVOS.US,D,20220201,000000,11.8,13.2,11.8,13.2,595.3,0
NVOS.US,D,20220202,000000,13.101,13.9,13.1,13.5,1656.7,0
NVOS.US,D,20220203,000000,12.9,13.5,12.3,12.3,1086.4,0
NVOS.US,D,20220204,000000,10.2,13,10.2,11.9,5697.4,0
NVOS.US,D,20220207,000000,12.3,12.755,11.7,12.3,2482.1,0
NVOS.US,D,20220208,000000,12.9,12.9,11.6,12.1,534.2,0
NVOS.US,D,20220209,000000,11.9,12.7,11.9,12.3,1715.6,0
NVOS.US,D,20220210,000000,12.1,13.4,12.1,13.4,2256.2,0
NVOS.US,D,20220211,000000,13.399,13.399,12.75,13,833.8,0
NVOS.US,D,20220214,000000,12.916,13.4,12.76,13.1,682.6,0
NVOS.US,D,20220215,000000,13.142,13.3,12.7,12.897,515,0
NVOS.US,D,20220216,000000,12.9,13.9,12.55,13.6,1687,0
NVOS.US,D,20220217,000000,13.4,14.8,13.4,14,7918.1,0
NVOS.US,D,20220218,000000,14.6,14.6,13.835,14,1417,0
NVOS.US,D,20220222,000000,14.2,14.2,13.3,13.3,2674.4,0
NVOS.US,D,20220223,000000,13.3,14.1,13.3,13.4,970.9,0
NVOS.US,D,20220224,000000,12.5,13.269,11.101,12.9,3186.2,0
NVOS.US,D,20220225,000000,13.2,14.1,13,13.6,810.1,0
NVOS.US,D,20220228,000000,13.9,14.2,12.9,13.9,2900.5,0
NVOS.US,D,20220301,000000,13.9,15.449,13.4,15,5748.1,0
NVOS.US,D,20220302,000000,14.9,16.8,14.9,16.7,5245.4,0
NVOS.US,D,20220303,000000,17,17,15.6,16.4,6540,0
NVOS.US,D,20220304,000000,16.5,16.9,16.2,16.8,5406.9,0
NVOS.US,D,20220307,000000,16.3,16.9,15.4,16.4,2222,0
NVOS.US,D,20220308,000000,16,17.6,15.503,17.5,5332.9,0
NVOS.US,D,20220309,000000,17.3,20.5,16.784,20,22277.3,0
NVOS.US,D,20220310,000000,20.5,23.5,19.8,23.5,12111.8,0
NVOS.US,D,20220311,000000,24,24,19.6,20.9,13358.2,0
NVOS.US,D,20220314,000000,21.3,23,20,22.5,6545.9,0
NVOS.US,D,20220315,000000,22.2,22.8,21.3,22.5,7668.4,0
NVOS.US,D,20220316,000000,22.8,24.699,21.3,24.3,8624.2,0
NVOS.US,D,20220317,000000,23.5,25.8,23.404,25.5,9571.4,0
NVOS.US,D,20220318,000000,26.3,30.4,25.4,27.6,45119,0
NVOS.US,D,20220321,000000,29.3,30.3,27.7,30.2,9497.1,0
NVOS.US,D,20220322,000000,31,31.25,29.9,30.9,17279.7,0
NVOS.US,D,20220323,000000,30.3,33.2,29,30.1,21547.2,0
NVOS.US,D,20220324,000000,32.9,32.9,25,25.2,34004,0
NVOS.US,D,20220325,000000,26.8,26.9,22.9,23,16823.4,0
NVOS.US,D,20220328,000000,21.9,23,21.5,22.5,12077.1,0
NVOS.US,D,20220329,000000,23.8,24,22.13,23.8,4335.9,0
NVOS.US,D,20220330,000000,23.3,25.5,23.3,24.8,8459.2,0
NVOS.US,D,20220331,000000,24.3,25.292,22.9,23.1,4155.1,0
NVOS.US,D,20220401,000000,23,23,21.4,21.6,8014.5,0
NVOS.US,D,20220404,000000,21.6,22.1,21.509,21.9,1098.1,0
NVOS.US,D,20220405,000000,21.52,21.9,20.95,21.3,4600.4,0
NVOS.US,D,20220406,000000,21.1,22,21.1,21.9,4031.4,0
NVOS.US,D,20220407,000000,22.3,22.5,21,21.5,10549,0
NVOS.US,D,20220408,000000,21.9,22,20.4,20.4,7591.3,0
NVOS.US,D,20220411,000000,18.7,20.6,17.401,20.4,5466.7,0
NVOS.US,D,20220412,000000,20,20.5,19.881,20.5,2083.9,0
NVOS.US,D,20220413,000000,20.6,22.8,20.6,22.096,7191.9,0
NVOS.US,D,20220414,000000,22.601,23.8,22.601,23,5502.5,0
NVOS.US,D,20220418,000000,22.4,22.464,21.4,22,4173.8,0
NVOS.US,D,20220419,000000,22.1,22.7,21.9,22,7907.6,0
NVOS.US,D,20220420,000000,22.9,23,22.2,22.7,4210.8,0
NVOS.US,D,20220421,000000,21.9,22.2,21.85,21.9,4996.5,0
NVOS.US,D,20220422,000000,22.2,22.5,21.8,22,6173.4,0
NVOS.US,D,20220425,000000,22.4,22.4,20.772,21.5,1855.3,0
NVOS.US,D,20220426,000000,20.7,21.5,20.691,21.5,450.5,0
NVOS.US,D,20220427,000000,21.3,22,20.7,21.999,1987,0
NVOS.US,D,20220428,000000,22,22,21,21.5,827,0
NVOS.US,D,20220429,000000,21.6,23,21.6,22.9,7873.6,0
NVOS.US,D,20220502,000000,22.5,22.9,21.12,21.4,3828.5,0
NVOS.US,D,20220503,000000,21.9,22.1,21.5,21.8,2299.7,0
NVOS.US,D,20220504,000000,21.8,22,21.2,21.3,5655.1,0
NVOS.US,D,20220505,000000,20.68,21.625,18.2,19.6,9192.9,0
NVOS.US,D,20220506,000000,20.9,21,20,20.5,1467.8,0
NVOS.US,D,20220509,000000,20,20,18.1,20,2628.3,0
NVOS.US,D,20220510,000000,19.527,19.88,19.1,19.6,1418.2,0
NVOS.US,D,20220511,000000,20.5,20.5,19.477,20.4,1653,0
NVOS.US,D,20220512,000000,19.9,20.9,19.2,20,1848.9,0
NVOS.US,D,20220513,000000,20.8,20.9,20.107,20.5,1267.2,0
NVOS.US,D,20220516,000000,20.5,21,19.9,20.4,1507.2,0
NVOS.US,D,20220517,000000,20.519,20.9,19.522,20.9,828.2,0
NVOS.US,D,20220518,000000,20.501,21,20.5,20.5,317.2,0
NVOS.US,D,20220519,000000,20.5,20.6,20.05,20.05,1051.9,0
NVOS.US,D,20220520,000000,20.5,20.6,19.556,19.7,939.4,0
NVOS.US,D,20220523,000000,21.2,21.2,19.8,20.5,999.2,0
NVOS.US,D,20220524,000000,19.9,20.6,19.5,20.1,2146,0
NVOS.US,D,20220525,000000,19.5,20.2,19.5,20.1,966,0
NVOS.US,D,20220526,000000,19.6,20.65,19.6,20.2,1047,0
NVOS.US,D,20220527,000000,19.7,20.5,19.7,20.499,789.1,0
NVOS.US,D,20220531,000000,20,20.5,20,20.5,465.1,0
NVOS.US,D,20220601,000000,20.1,20.5,19.5,19.6,2523.4,0
NVOS.US,D,20220602,000000,19.75,20.1,19.5,19.5,289.5,0
NVOS.US,D,20220603,000000,20.4,20.4,19.3,19.7,426,0
NVOS.US,D,20220606,000000,20.4,20.4,19.5,19.9,770.6,0
NVOS.US,D,20220607,000000,19.115,19.65,19.1,19.1,1752.8,0
NVOS.US,D,20220608,000000,19.101,19.834,18.931,19.6,804.1,0
NVOS.US,D,20220609,000000,19.5,20.3,19.2,20.3,983.6,0
NVOS.US,D,20220610,000000,19.6,20,19.301,19.5,1735.6,0
NVOS.US,D,20220613,000000,18.8,19.5,18.8,18.9,4712.7,0
NVOS.US,D,20220614,000000,18.8,18.8,17.1,18.1,1133.5,0
NVOS.US,D,20220615,000000,18.773,18.8,17.95,18.2,500.8,0
NVOS.US,D,20220616,000000,18.8,19.6,18.2,18.8,1755.8,0
NVOS.US,D,20220617,000000,19.2,19.7,18.9,19,967.8,0
NVOS.US,D,20220621,000000,18.6,19.6,17,19.1,1021.9,0
NVOS.US,D,20220622,000000,19.223,19.55,18.7,18.7,1626,0
NVOS.US,D,20220623,000000,18.6,19.799,18.6,19.2,780.1,0
NVOS.US,D,20220624,000000,18.334,19.2,18.334,19.1,376.1,0
NVOS.US,D,20220627,000000,18.089,19.6,18.089,19.5,408.4,0
NVOS.US,D,20220628,000000,19.9,19.9,19.1,19.1,986.8,0
NVOS.US,D,20220629,000000,19,19.15,17.8,18.7,2611.2,0
NVOS.US,D,20220630,000000,19,19.1,18.5,18.7,386.8,0
NVOS.US,D,20220701,000000,18.5,18.5,18.2,18.2,293.1,0
NVOS.US,D,20220705,000000,20,20,18.4,18.4,517.9,0
NVOS.US,D,20220706,000000,18.2,19,16.7,18.7,2016.9,0
NVOS.US,D,20220707,000000,19.2,19.2,18.95,19.2,302.6,0
NVOS.US,D,20220708,000000,19,19,18.751,19,238,0
NVOS.US,D,20220711,000000,18.701,18.9,18.7,18.9,3348.6,0
NVOS.US,D,20220712,000000,21,21.4,18.45,20,60993.2,0
NVOS.US,D,20220713,000000,19.2,19.9,18.3,18.8,2352.6,0
NVOS.US,D,20220714,000000,18.9,20.5,18.9,20.5,1492.5,0
NVOS.US,D,20220715,000000,20.5,20.5,19.3,20.1,3836.4,0
NVOS.US,D,20220718,000000,20.6,20.6,19.9,20.5,781,0
NVOS.US,D,20220719,000000,19.9,20.5,19.2,19.7,1650.5,0
NVOS.US,D,20220720,000000,20,20,19.4,19.4,311.3,0
NVOS.US,D,20220721,000000,19.85,20,18.4,18.9,855.2,0
NVOS.US,D,20220722,000000,18.8,18.9,18.5,18.7,324.8,0
NVOS.US,D,20220725,000000,18.657,19.3,18.657,19.3,351,0
NVOS.US,D,20220726,000000,18.8,18.95,18.6,18.6,440.7,0
NVOS.US,D,20220727,000000,18.843,19.2,18.4,18.4,380.1,0
NVOS.US,D,20220728,000000,18.5,18.7,17.8,17.8,613.7,0
NVOS.US,D,20220729,000000,18.874,18.874,17.1,17.1,1303.7,0
NVOS.US,D,20220801,000000,17.11,18.3,17.1,17.1,648.4,0
NVOS.US,D,20220802,000000,17.625,17.625,16,16.5,2653,0
NVOS.US,D,20220803,000000,16.601,17.6,16.601,17.5,2001.6,0
NVOS.US,D,20220804,000000,18.1,18.7,17.7,18.7,1301.5,0
NVOS.US,D,20220805,000000,19.1,19.1,18.75,19,1692.4,0
NVOS.US,D,20220808,000000,18.9,19,18.5,19,1660.5,0
NVOS.US,D,20220809,000000,18.55,18.95,17.9,17.9,1318.4,0
NVOS.US,D,20220810,000000,19.099,19.099,19.099,19.099,63.6,0
NVOS.US,D,20220811,000000,18.177,18.4,18.177,18.4,33.6,0
NVOS.US,D,20220812,000000,18.9,18.9,16.865,17.7,947,0
NVOS.US,D,20220815,000000,17.108,18,17.02,17.999,618.7,0
NVOS.US,D,20220816,000000,18.4,18.5,18.1,18.1,139.9,0
NVOS.US,D,20220817,000000,18,18.15,17.327,17.427,580.1,0
NVOS.US,D,20220818,000000,17,17.51,16.8,16.8,930.3,0
NVOS.US,D,20220819,000000,17,17,16.4,16.6,506.4,0
NVOS.US,D,20220822,000000,16.1,16.1,15.1,16,1360.2,0
NVOS.US,D,20220823,000000,16.6,16.842,16.6,16.842,58.9,0
NVOS.US,D,20220824,000000,16.1,16.5,16,16.499,528.2,0
NVOS.US,D,20220825,000000,17.1,17.1,16.5,16.5,823.2,0
NVOS.US,D,20220826,000000,16.2,17.021,16,16.5,827.5,0
NVOS.US,D,20220829,000000,17.3,17.9,16.6,17.5,253.6,0
NVOS.US,D,20220830,000000,17.3,17.5,16.3,16.3,1074.2,0
NVOS.US,D,20220831,000000,16.9,16.9,16.4,16.65,146.2,0
NVOS.US,D,20220901,000000,16.9,16.9,15.65,16,2206.9,0
NVOS.US,D,20220902,000000,15.6,15.9,15.233,15.6,343.1,0
NVOS.US,D,20220906,000000,15.9,16,15.55,16,326.2,0
NVOS.US,D,20220907,000000,14.8,16,14.8,15.377,862.8,0
NVOS.US,D,20220908,000000,16,16,15,15.307,700.4,0
NVOS.US,D,20220909,000000,15.2,16,13.9,15.1,1715.8,0
NVOS.US,D,20220912,000000,15.9,15.9,14.1,14.7,895.8,0
NVOS.US,D,20220913,000000,15.4,15.4,10.9,13.5,11166,0
NVOS.US,D,20220914,000000,14.179,14.179,9.413,10.285,4904,0
NVOS.US,D,20220915,000000,11,12.9,11,12.25,2535.4,0
NVOS.US,D,20220916,000000,12.5,12.5,10.7,10.7,2660.8,0
NVOS.US,D,20220919,000000,10.5,11.3,10.5,11.3,223.5,0
NVOS.US,D,20220920,000000,10.2,12.2,10.2,10.5,797.3,0
NVOS.US,D,20220921,000000,11.1,11.1,10.2,10.5,750.8,0
NVOS.US,D,20220922,000000,11,11,10.3,10.3,481.2,0
NVOS.US,D,20220923,000000,10.5,10.7,10.5,10.6,290.3,0
NVOS.US,D,20220926,000000,11.1,11.1,10.5,10.8,500.2,0
NVOS.US,D,20220927,000000,10.516,11.673,10.516,11,399.5,0
NVOS.US,D,20220928,000000,12.4,12.4,10.7,10.7,1425.6,0
NVOS.US,D,20220929,000000,11.1,11.2,10.835,11.2,191.5,0
NVOS.US,D,20220930,000000,11.015,11.2,10.5,10.5,785.8,0
NVOS.US,D,20221003,000000,10.9,10.9,10.1,10.8,947.4,0
NVOS.US,D,20221004,000000,10.8,11.7,10.8,11.2,337.7,0
NVOS.US,D,20221005,000000,10.1,11.234,10,10.3,878.8,0
NVOS.US,D,20221006,000000,10.4,10.6,10.4,10.45,418.4,0
NVOS.US,D,20221007,000000,11.099,11.1,10.2,10.4,1576.3,0
NVOS.US,D,20221010,000000,10,10,7.9,9.032,3030.2,0
NVOS.US,D,20221011,000000,9.174,9.2,8.231,8.256,1058.2,0
NVOS.US,D,20221012,000000,9,10,6.109,6.693,7154.9,0
NVOS.US,D,20221013,000000,8.7,8.7,7.218,7.501,4797.5,0
NVOS.US,D,20221014,000000,3.67,3.8,2.8,2.855,368486.3,0
NVOS.US,D,20221017,000000,2.9,3.1,2.5,2.652,233016.3,0
NVOS.US,D,20221018,000000,3.04,3.05,2.51,2.951,132199.2,0
NVOS.US,D,20221019,000000,3.175,3.5,2.82201,2.831,116319.4,0
NVOS.US,D,20221020,000000,3.13,3.13,2.621,2.8,68701.3,0
NVOS.US,D,20221021,000000,2.802,2.974,2.639,2.9,45627,0
NVOS.US,D,20221024,000000,2.8,2.912,2.51,2.87499,49646.2,0
NVOS.US,D,20221025,000000,2.876,2.901,2.7,2.75,38849.5,0
NVOS.US,D,20221026,000000,2.76,2.9,2.7,2.79,28742,0
NVOS.US,D,20221027,000000,2.831,2.831,2.7,2.774,8844.5,0
NVOS.US,D,20221028,000000,2.7,2.774,2.51,2.752,14786.3,0
NVOS.US,D,20221031,000000,2.675,2.758,2.64,2.65,7062.9,0
NVOS.US,D,20221101,000000,2.821,2.841,2.649,2.78,17806,0
NVOS.US,D,20221102,000000,2.779,2.896,2.7,2.778,13061.4,0
NVOS.US,D,20221103,000000,2.75001,2.99999,2.75,2.785,15321.4,0
NVOS.US,D,20221104,000000,2.806,2.94,2.75,2.789,9785.3,0
NVOS.US,D,20221107,000000,2.7,2.788,2.54,2.58,18378,0
NVOS.US,D,20221108,000000,2.601,2.667,2.51,2.51,9245.6,0
NVOS.US,D,20221109,000000,2.6,2.6,2.3,2.309,9990.5,0
NVOS.US,D,20221110,000000,2.449,2.63,2.35,2.599,10559.1,0
NVOS.US,D,20221111,000000,2.5,2.6,2.418,2.541,2324.8,0
NVOS.US,D,20221114,000000,2.6,2.646,2.53,2.537,8601.8,0
NVOS.US,D,20221115,000000,3.1,3.1,2.401,2.437,16934.1,0
NVOS.US,D,20221116,000000,2.44,2.44,2.3,2.368,5929.5,0
NVOS.US,D,20221117,000000,2.301,2.383,2.301,2.303,2913.7,0
NVOS.US,D,20221118,000000,2.302,2.31699,2.11,2.276,6884.3,0
NVOS.US,D,20221121,000000,2.276,2.376,2.231,2.232,14416,0
NVOS.US,D,20221122,000000,2.2,2.35,2.2,2.251,6220,0
NVOS.US,D,20221123,000000,2.252,2.307,2.251,2.28,5766.7,0
NVOS.US,D,20221125,000000,2.35,2.449,2.35,2.394,7090.9,0
NVOS.US,D,20221128,000000,2.3,2.386,2.275,2.386,2308.6,0
NVOS.US,D,20221129,000000,2.765,2.83,2.386,2.45,6497,0
NVOS.US,D,20221130,000000,2.405,2.5,2.404,2.493,6940.6,0
NVOS.US,D,20221201,000000,2.5,2.556,2.5,2.556,2229.5,0
NVOS.US,D,20221202,000000,2.556,2.556,2.5,2.501,3029.2,0
NVOS.US,D,20221205,000000,2.82,2.82,2.305,2.553,14702.4,0
NVOS.US,D,20221206,000000,2.72,2.72,2.218,2.3,7808.1,0
NVOS.US,D,20221207,000000,2.40001,2.401,2.075,2.122,15620.6,0
NVOS.US,D,20221208,000000,2.36199,2.36199,2.1,2.1695,3750.4,0
NVOS.US,D,20221209,000000,2.2,2.3229,2.075,2.2,16071.7,0
NVOS.US,D,20221212,000000,2.27,2.6,2.1,2.176,38117.6,0
NVOS.US,D,20221213,000000,2.5,2.5,2.013,2.22,13725.7,0
NVOS.US,D,20221214,000000,2.3,2.348,2.09,2.257,5649.1,0
NVOS.US,D,20221215,000000,2.34,2.34,2.196,2.288,4306.7,0
NVOS.US,D,20221216,000000,2.5,2.5,2.138,2.4,8843.4,0
NVOS.US,D,20221219,000000,2.4,2.4,2.097,2.227,9602.1,0
NVOS.US,D,20221220,000000,2.203,2.205,2.11,2.205,8241.5,0
NVOS.US,D,20221221,000000,2.3,2.3,2.1,2.222,11414.3,0
NVOS.US,D,20221222,000000,2.2,2.4,1.975,1.975,20474.9,0
NVOS.US,D,20221223,000000,2,2.2,2,2.009,15714.6,0
NVOS.US,D,20221227,000000,2.127,2.127,1.948,1.975,22171,0
NVOS.US,D,20221228,000000,1.975,2.1,1.975,1.975,11590.7,0
NVOS.US,D,20221229,000000,2.073,2.12033,1.975,2,9946.2,0
NVOS.US,D,20221230,000000,2,2.1,2,2.011,19148.8,0
NVOS.US,D,20230103,000000,2.8,2.895,1.711,1.826,1299756.6,0
NVOS.US,D,20230104,000000,1.797,1.831,1.55,1.675,338082,0
NVOS.US,D,20230105,000000,1.65,1.65,1.455,1.51,275241.2,0
NVOS.US,D,20230106,000000,1.575,1.58,1.434,1.511,181440.8,0
NVOS.US,D,20230109,000000,2.17,3.3,1.83,1.855,6851677.2,0
NVOS.US,D,20230110,000000,1.784,1.8,1.621,1.74,1541156.5,0
NVOS.US,D,20230111,000000,1.518,1.598,1.48,1.526,1423841.1,0
NVOS.US,D,20230112,000000,1.473,1.495,1.3,1.342,1569730.5,0
NVOS.US,D,20230113,000000,1.38,1.482,1.283,1.315,1158549.4,0
NVOS.US,D,20230117,000000,1.318,1.318,1.1,1.196,938009.5,0
NVOS.US,D,20230118,000000,1.185,1.185,1.061,1.123,871798,0
NVOS.US,D,20230119,000000,1.049,1.25,1.007,1.05,2097815.1,0
NVOS.US,D,20230120,000000,1.176,1.215,1.05,1.167,2131360.8,0
NVOS.US,D,20230123,000000,1.215,1.29,1.185,1.234,2250324.3,0
NVOS.US,D,20230124,000000,1.562,1.65,1.234,1.32,11288974.3,0
NVOS.US,D,20230125,000000,1.469,1.57,1.34,1.405,7430016,0
NVOS.US,D,20230126,000000,1.54,1.555,1.36,1.409,6217222.5,0
NVOS.US,D,20230127,000000,1.498,1.498,1.15,1.24,5532513.4,0
NVOS.US,D,20230130,000000,1.127,1.307,1.12,1.282,2786173.4,0
NVOS.US,D,20230131,000000,1.176,1.3,1.176,1.248,1567728.8,0
NVOS.US,D,20230201,000000,1.209,1.45,1.17,1.345,3290544.7,0
NVOS.US,D,20230202,000000,1.381,1.425,1.3,1.349,2434110.6,0
NVOS.US,D,20230203,000000,1.37,1.37,1.25,1.33,2330391.5,0
NVOS.US,D,20230206,000000,1.337,1.445,1.28,1.39,2288955,0
NVOS.US,D,20230207,000000,1.4,1.49,1.28,1.31,2114709.3,0
NVOS.US,D,20230208,000000,1.312,1.335,1.21,1.279,1545084.4,0
NVOS.US,D,20230209,000000,1.299,1.303,1.182,1.208,1259495.9,0
NVOS.US,D,20230210,000000,1.15,1.211,1.115,1.197,1173381.2,0
NVOS.US,D,20230213,000000,1.141,1.198,1.054,1.1,1473581.8,0
NVOS.US,D,20230214,000000,1.14,1.23,1.1,1.139,1927743,0
NVOS.US,D,20230215,000000,1.171,1.42,1.132,1.35,5700202.2,0
NVOS.US,D,20230216,000000,1.343,1.485,1.26,1.341,2597639.1,0
NVOS.US,D,20230217,000000,1.349,1.4,1.24,1.279,1466656.8,0
NVOS.US,D,20230221,000000,1.225,1.338,1.225,1.291,1607422.2,0
NVOS.US,D,20230222,000000,1.267,1.329,1.261,1.282,958433.8,0
NVOS.US,D,20230223,000000,1.263,1.275,1.208,1.233,870165.3,0
NVOS.US,D,20230224,000000,1.2,1.215,1.102,1.119,1217866.1,0
NVOS.US,D,20230227,000000,1.155,1.169,1.107,1.155,1222740.2,0
NVOS.US,D,20230228,000000,1.17,1.32,1.166,1.267,1819407.5,0
NVOS.US,D,20230301,000000,1.3,1.36,1.166,1.192,2154143,0
NVOS.US,D,20230302,000000,1.189,1.387,1.17,1.335,3871152.6,0
NVOS.US,D,20230303,000000,1.324,1.36,1.28,1.292,1289652.5,0
NVOS.US,D,20230306,000000,1.31,1.819,1.27,1.74,13035110.3,0
NVOS.US,D,20230307,000000,2.11,2.42,1.825,2.032,19380391.8,0
NVOS.US,D,20230308,000000,1.97,2,1.578,1.931,8339247.7,0
NVOS.US,D,20230309,000000,1.809,1.86,1.451,1.586,4847412,0
NVOS.US,D,20230310,000000,1.579,1.579,1.31,1.42,2709526.7,0
NVOS.US,D,20230313,000000,1.276,1.34,1.169,1.313,1754101.6,0
NVOS.US,D,20230314,000000,1.26,1.37,1.185,1.247,1482055.4,0
NVOS.US,D,20230315,000000,1.22,1.22,1.12,1.199,1486150.2,0
NVOS.US,D,20230316,000000,1.126,1.179,1.101,1.155,1158882.5,0
NVOS.US,D,20230317,000000,1.1,1.128,1,1,1696654.6,0
NVOS.US,D,20230320,000000,1.048,1.075,1,1.014,2387781.4,0
NVOS.US,D,20230321,000000,1.376,1.458,1.171,1.39,7003215.4,0
NVOS.US,D,20230322,000000,1.198,1.33999,1.18,1.237,1824682.8,0
NVOS.US,D,20230323,000000,1.25,1.251,1.091,1.182,1947376.9,0
NVOS.US,D,20230324,000000,1.146,1.367,1.1,1.284,2817235.7,0
NVOS.US,D,20230327,000000,1.284,1.29,1.192,1.2,1140301.9,0
NVOS.US,D,20230328,000000,1.161,1.184,1.133,1.165,771338.7,0
NVOS.US,D,20230329,000000,1.165,1.234,1.132,1.157,1009032.2,0
NVOS.US,D,20230330,000000,1.155,1.229,1.115,1.138,848867.7,0
NVOS.US,D,20230331,000000,1.14,1.234,1.116,1.228,1154843.9,0
NVOS.US,D,20230403,000000,1.22,1.263,1.186,1.2,961562.4,0
NVOS.US,D,20230404,000000,1.2,1.2,1.076,1.1,912561.1,0
NVOS.US,D,20230405,000000,1.094,1.135,1.077,1.095,619160.1,0
NVOS.US,D,20230406,000000,1.085,1.12,1.04,1.075,995229.2,0
NVOS.US,D,20230410,000000,1.099,1.115,1.051,1.115,591447.6,0
NVOS.US,D,20230411,000000,1.07,1.182,1.07,1.162,699507.7,0
NVOS.US,D,20230412,000000,1.2,1.2,1.13,1.159,482859.4,0
NVOS.US,D,20230413,000000,1.183,1.183,1.11,1.146,362225.6,0
NVOS.US,D,20230414,000000,1.125,1.178,1.115,1.17,481472.1,0
NVOS.US,D,20230417,000000,1.18,1.26,1.15,1.258,978735.6,0
NVOS.US,D,20230418,000000,1.261,1.261,1.175,1.224,619841.7,0
NVOS.US,D,20230419,000000,1.215,1.27,1.18601,1.269,622605.2,0
NVOS.US,D,20230420,000000,1.26,1.3,1.183,1.229,519608.8,0
NVOS.US,D,20230421,000000,1.176,1.22,1.126,1.14,490540.6,0
NVOS.US,D,20230424,000000,1.102,1.131,1.052,1.073,587933.2,0
NVOS.US,D,20230425,000000,1.078,1.111,1.036,1.079,486526.6,0
NVOS.US,D,20230426,000000,1.065,1.15,1.061,1.1,766625,0
NVOS.US,D,20230427,000000,1.3,1.375,1.13,1.339,5646730.9,0
NVOS.US,D,20230428,000000,1.184,1.29499,1.16,1.2,1283002.4,0
NVOS.US,D,20230501,000000,1.2,1.4,1.194,1.387,1404494.3,0
NVOS.US,D,20230502,000000,1.4,1.4,1.27,1.382,824739.2,0
NVOS.US,D,20230503,000000,1.379,1.49999,1.28,1.433,795416.2,0
NVOS.US,D,20230504,000000,1.471,1.741,1.368,1.58,2002791.9,0
NVOS.US,D,20230505,000000,1.7,1.78,1.58,1.685,1095397.6,0
NVOS.US,D,20230508,000000,1.686,2.1,1.645,1.978,2005272.2,0
NVOS.US,D,20230509,000000,2.1,2.1,1.613,1.694,2049326.1,0
NVOS.US,D,20230510,000000,1.678,1.951,1.678,1.851,866087.2,0
NVOS.US,D,20230511,000000,2.014,2.1,1.212,1.444,4992268.5,0
NVOS.US,D,20230512,000000,1.456,1.498,1.3,1.312,1360170.3,0
NVOS.US,D,20230515,000000,1.324,1.475,1.263,1.37,1098460.8,0
NVOS.US,D,20230516,000000,1.37,1.4,1.34,1.367,270906.1,0
NVOS.US,D,20230517,000000,1.334,1.397,1.285,1.37,457919.7,0
NVOS.US,D,20230518,000000,1.4,1.48,1.371,1.472,638788.1,0
NVOS.US,D,20230519,000000,1.47,1.599,1.447,1.544,780789.7,0
NVOS.US,D,20230522,000000,1.598,1.749,1.575,1.72,938741.4,0
NVOS.US,D,20230523,000000,1.776,1.83,1.488,1.617,856162.3,0
NVOS.US,D,20230524,000000,1.575,1.575,1.35,1.502,740563.4,0
NVOS.US,D,20230525,000000,1.45,1.47,1.33,1.344,964064.4,0
NVOS.US,D,20230526,000000,1.33,1.38,1.3,1.36,594932.4,0
NVOS.US,D,20230530,000000,1.359,1.372,1.2,1.225,854078.2,0
NVOS.US,D,20230531,000000,1.21,1.33,1.2,1.32,389302.3,0
NVOS.US,D,20230601,000000,1.3,1.34,1.27,1.313,268113.4,0
NVOS.US,D,20230602,000000,1.28,1.317,1.248,1.287,275116.4,0
NVOS.US,D,20230605,000000,1.3,1.325,1.25,1.264,199584.8,0
NVOS.US,D,20230606,000000,1.649,1.653,1.33,1.47,3725461.4,0
NVOS.US,D,20230607,000000,1.386,1.525,1.362,1.41,607184.3,0
NVOS.US,D,20230608,000000,1.403,1.428,1.328,1.37,473912.5,0
NVOS.US,D,20230609,000000,1.355,1.36,1.303,1.344,284024.7,0
NVOS.US,D,20230612,000000,1.339,1.44,1.31,1.343,526544,0
NVOS.US,D,20230613,000000,1.399,1.399,1.304,1.328,295615.1,0
NVOS.US,D,20230614,000000,1.31,1.349,1.232,1.33,361238.1,0
NVOS.US,D,20230615,000000,1.321,1.345,1.29,1.345,319915.8,0
NVOS.US,D,20230616,000000,1.4,1.461,1.35,1.439,830547.9,0
NVOS.US,D,20230620,000000,1.49,1.56,1.439,1.535,834399,0
NVOS.US,D,20230621,000000,1.535,1.535,1.4,1.44,260207.1,0
NVOS.US,D,20230622,000000,1.425,1.5,1.375,1.489,308054.2,0
NVOS.US,D,20230623,000000,1.452,1.68,1.428,1.54,673424.1,0
NVOS.US,D,20230626,000000,1.536,1.574,1.44,1.499,253013,0
NVOS.US,D,20230627,000000,1.408,1.475,1.395,1.435,247726.5,0
NVOS.US,D,20230628,000000,1.45,1.459,1.335,1.396,295511.7,0
NVOS.US,D,20230629,000000,1.368,1.45,1.365,1.434,204518.8,0
NVOS.US,D,20230630,000000,1.43,1.6,1.401,1.481,257970.2,0
NVOS.US,D,20230703,000000,1.45,1.52,1.38,1.52,137755.2,0
NVOS.US,D,20230705,000000,1.445,1.493,1.416,1.433,263613.8,0
NVOS.US,D,20230706,000000,1.4,1.423,1.315,1.351,448777,0
NVOS.US,D,20230707,000000,1.389,1.4,1.326,1.358,295993.1,0
NVOS.US,D,20230710,000000,1.359,1.375,1.333,1.355,247765.2,0
NVOS.US,D,20230711,000000,1.34,1.366,1.33,1.35,203991.8,0
NVOS.US,D,20230712,000000,1.33,1.42,1.32,1.393,371575.4,0
NVOS.US,D,20230713,000000,1.4,1.4,1.342,1.36,258031.6,0
NVOS.US,D,20230714,000000,1.353,1.365,1.26,1.285,639961,0
NVOS.US,D,20230717,000000,1.26,1.28,1.242,1.263,242741.7,0
NVOS.US,D,20230718,000000,1.25,1.25,1.1,1.172,765463.8,0
NVOS.US,D,20230719,000000,1.162,1.19,1.115,1.19,300101.8,0
NVOS.US,D,20230720,000000,1.154,1.185,1.111,1.141,296823.1,0
NVOS.US,D,20230721,000000,1.141,1.15,1.102,1.135,431201.5,0
NVOS.US,D,20230724,000000,1.134,1.17,1.1051,1.131,197484.3,0
NVOS.US,D,20230725,000000,1.12,1.191,1.12,1.18,287846.9,0
NVOS.US,D,20230726,000000,1.172,1.23,1.161,1.23,207037.9,0
NVOS.US,D,20230727,000000,1.195,1.199,1.1,1.118,419457,0
NVOS.US,D,20230728,000000,1.102,1.116,1.043,1.097,459379.2,0
NVOS.US,D,20230731,000000,1.096,1.096,1.019,1.053,408613.6,0
NVOS.US,D,20230801,000000,1.07,1.128,1.036,1.09,358080.9,0
NVOS.US,D,20230802,000000,1.045,1.097,1.045,1.063,182907.2,0
NVOS.US,D,20230803,000000,1.1,1.12,1.066,1.075,280523,0
NVOS.US,D,20230804,000000,1.1,1.1,1.02,1.051,335751.5,0
NVOS.US,D,20230807,000000,1.04,1.04999,0.876,0.908,771244.2,0
NVOS.US,D,20230808,000000,0.9,0.917,0.805,0.871,416654.4,0
NVOS.US,D,20230809,000000,0.9,0.907,0.866,0.876,182853.6,0
NVOS.US,D,20230810,000000,0.9,0.918,0.801,0.827,327770.2,0
NVOS.US,D,20230811,000000,0.81,0.84,0.753,0.787,363617.2,0
NVOS.US,D,20230814,000000,0.763,0.78,0.69,0.709,708029.6,0
NVOS.US,D,20230815,000000,0.978,1.384,0.95,1.16,27608129.2,0
NVOS.US,D,20230816,000000,2.21,2.499,1.75,1.811,40641444.2,0
NVOS.US,D,20230817,000000,1.458,1.89,1.323,1.525,8865539.3,0
NVOS.US,D,20230818,000000,1.528,1.528,1.176,1.33,3307164.1,0
NVOS.US,D,20230821,000000,1.27,2.07,1.215,1.777,19181424.1,0
NVOS.US,D,20230822,000000,2.107,2.28,1.734,1.91,12921160.3,0
NVOS.US,D,20230823,000000,1.804,2.2,1.626,2,6257396.4,0
NVOS.US,D,20230824,000000,2.123,2.385,1.752,1.82,6136528.5,0
NVOS.US,D,20230825,000000,1.75,1.79,1.65,1.709,1993673.5,0
NVOS.US,D,20230828,000000,1.708,1.789,1.41,1.491,2672349.2,0
NVOS.US,D,20230829,000000,1.399,1.45,1.301,1.347,1603468.4,0
NVOS.US,D,20230830,000000,1.398,1.55,1.36,1.442,1673924,0
NVOS.US,D,20230831,000000,1.4,1.462,1.3,1.4,5571114.6,0
NVOS.US,D,20230901,000000,2.1,2.3,1.75,2.15,22509686,0
NVOS.US,D,20230905,000000,2.37,3.5,2.255,2.92,28138222,0
NVOS.US,D,20230906,000000,3.02,3.4,2.666,2.9,9797549.4,0
NVOS.US,D,20230907,000000,2.86,3.15,2.68,2.84,4890241.2,0
NVOS.US,D,20230908,000000,2.822,3.195,2.499,2.675,5263459.7,0
NVOS.US,D,20230911,000000,2.7,3.99,2.7,3.66,14371756,0
NVOS.US,D,20230912,000000,3.741,4.283,3.525,3.896,8576547.6,0
NVOS.US,D,20230913,000000,3.919,5.384,3.71,4.405,15486380.1,0
NVOS.US,D,20230914,000000,4.8,5,3.348,4.26,7667018,0
NVOS.US,D,20230915,000000,3.587,4.1,3.31,4,2988499.1,0
NVOS.US,D,20230918,000000,3.558,3.869,3.109,3.4,3432705.6,0
NVOS.US,D,20230919,000000,2.824,2.98,2.29,2.499,4444254.4,0
NVOS.US,D,20230920,000000,2.2,3.099,2.11,2.676,3918171.2,0
NVOS.US,D,20230921,000000,2.538,3.289,2.538,2.747,4548341.3,0
NVOS.US,D,20230922,000000,2.8,2.895,2.55,2.6,2025085.4,0
NVOS.US,D,20230925,000000,2.735,2.879,2.517,2.658,1649505.8,0
NVOS.US,D,20230926,000000,2.47,2.49,2.153,2.199,1688055.1,0
NVOS.US,D,20230927,000000,2.073,2.499,1.96,2.375,1668007.7,0
NVOS.US,D,20230928,000000,2.3,2.3,1.91,2.01,7418024.3,0
NVOS.US,D,20230929,000000,3.4,3.743,2.625,2.982,22523988,0
NVOS.US,D,20231002,000000,2.965,3.55,2.85,3.388,8081133.1,0
NVOS.US,D,20231003,000000,3.2,4,3.05,3.912,4878055.8,0
NVOS.US,D,20231004,000000,3.7,4.786,3.65,4.4,7649942.7,0
NVOS.US,D,20231005,000000,4.41,5.29,4.318,4.7,8598462.7,0
NVOS.US,D,20231006,000000,3.542,3.649,3.15,3.213,6420784,0
NVOS.US,D,20231009,000000,3.15,3.3,2.901,3.079,1954299.2,0
NVOS.US,D,20231010,000000,2.905,3.85,2.905,3.703,3163334,0
NVOS.US,D,20231011,000000,3.7,4,3.231,3.268,2252491.4,0
NVOS.US,D,20231012,000000,3.06,3.3,2.95,3.122,1274859,0
NVOS.US,D,20231013,000000,3.096,3.122,2.705,2.858,1429113,0
NVOS.US,D,20231016,000000,2.994,3.152,2.901,2.995,760750.8,0
NVOS.US,D,20231017,000000,2.999,2.999,2.55,2.791,1033648.6,0
NVOS.US,D,20231018,000000,3.11,3.189,2.86,2.94,1167845,0
NVOS.US,D,20231019,000000,3.035,3.179,2.85,3.102,1127676.5,0
NVOS.US,D,20231020,000000,3.002,3.02599,2.776,2.849,1083007,0
NVOS.US,D,20231023,000000,2.769,3.07,2.22,2.901,2130604.8,0
NVOS.US,D,20231024,000000,2.829,3.23,2.8,2.96,1843196.3,0
NVOS.US,D,20231025,000000,3.1,3.25,2.936,2.95,1005775.3,0
NVOS.US,D,20231026,000000,3.01,3.06,2.87019,2.956,639198.1,0
NVOS.US,D,20231027,000000,2.67,3.014,2.615,2.656,1516788,0
NVOS.US,D,20231030,000000,2.718,2.76,2.47,2.596,624690.6,0
NVOS.US,D,20231031,000000,2.54,2.699,2.402,2.589,801897.6,0
NVOS.US,D,20231101,000000,2.571,2.571,2.277,2.335,917758.7,0
NVOS.US,D,20231102,000000,2.276,2.66,2.24,2.585,1663857.5,0
NVOS.US,D,20231103,000000,3,3.445,2.586,2.98,9654116.6,0
NVOS.US,D,20231106,000000,2.73,2.97,1.102,1.207,10656579.3,0
NVOS.US,D,20231107,000000,1.22,1.75,1,1.5,9548877,0
NVOS.US,D,20231108,000000,1.65,2.1208,1.63,1.7,16990714,0
NVOS.US,D,20231109,000000,1.81,1.81,1.49,1.65,3828675,0
NVOS.US,D,20231110,000000,1.55,1.62,1.42,1.62,1999339,0
NVOS.US,D,20231113,000000,1.52,1.769,1.41,1.65,2636563,0
NVOS.US,D,20231114,000000,1.61,1.815,1.61,1.77,1674634,0
NVOS.US,D,20231115,000000,1.74,1.7794,1.67,1.73,933525,0
NVOS.US,D,20231116,000000,1.73,1.74,1.55,1.59,929119,0
NVOS.US,D,20231117,000000,1.55,1.63,1.44,1.54,979313,0
NVOS.US,D,20231120,000000,1.52,1.615,1.47,1.58,1066754,0
NVOS.US,D,20231121,000000,1.49,1.56,1.45,1.46,777451,0
NVOS.US,D,20231122,000000,1.43,1.4499,1.3,1.4,984592,0
NVOS.US,D,20231124,000000,1.46,1.6,1.43,1.59,916497,0
NVOS.US,D,20231127,000000,1.6,1.6,1.45,1.45,940719,0
NVOS.US,D,20231128,000000,1.46,1.46,1.3,1.35,1166372,0
NVOS.US,D,20231129,000000,1.36,1.42,1.2601,1.33,1205121,0
NVOS.US,D,20231130,000000,1.26,1.2666,1.15,1.2,1197018,0
NVOS.US,D,20231201,000000,1.2,1.2,1.04,1.13,1504145,0
NVOS.US,D,20231204,000000,1.18,1.52,1.13,1.34,3698220,0
NVOS.US,D,20231205,000000,1.28,1.47,1.26,1.33,1679214,0
NVOS.US,D,20231206,000000,1.33,1.35,1.18,1.23,1099957,0
NVOS.US,D,20231207,000000,1.21,1.26,1.16,1.19,478197,0
NVOS.US,D,20231208,000000,1.21,1.27,1.16,1.24,674726,0
NVOS.US,D,20231211,000000,1.32,1.32,1.24,1.27,513206,0
NVOS.US,D,20231212,000000,1.23,1.23,1.11,1.14,883841,0
NVOS.US,D,20231213,000000,1.16,1.2,1.11,1.18,500121,0
NVOS.US,D,20231214,000000,1.14,1.22,1.14,1.16,701220,0
NVOS.US,D,20231215,000000,1.18,1.1999,1.14,1.15,334784,0
NVOS.US,D,20231218,000000,1.16,1.31,1.16,1.23,1059041,0
NVOS.US,D,20231219,000000,1.27,1.33,1.23,1.28,862023,0
NVOS.US,D,20231220,000000,1.31,1.31,1.14,1.14,1100805,0
NVOS.US,D,20231221,000000,1.14,1.1597,1.04,1.12,1031111,0
NVOS.US,D,20231222,000000,1.08,1.13,1.06,1.11,701536,0
NVOS.US,D,20231226,000000,1.09,1.1,1.06,1.07,497032,0
NVOS.US,D,20231227,000000,1.05,1.06,0.9211,0.9523,1117183,0
NVOS.US,D,20231228,000000,0.91,0.9501,0.7822,0.8055,1433065,0
NVOS.US,D,20231229,000000,0.8395,0.8669,0.66,0.821,1723267,0
NVOS.US,D,20240102,000000,0.8149,0.8149,0.7601,0.7706,540552,0
NVOS.US,D,20240103,000000,0.7645,0.7849,0.7101,0.768,741215,0
NVOS.US,D,20240104,000000,0.8,0.87,0.76327,0.8304,999603,0
NVOS.US,D,20240105,000000,0.8231,0.84,0.77,0.7742,470236,0
NVOS.US,D,20240108,000000,0.7919,0.7919,0.712901,0.734,767261,0
NVOS.US,D,20240109,000000,0.7171,0.7256,0.67,0.6843,540463,0
NVOS.US,D,20240110,000000,0.703,0.7498,0.68,0.7049,907107,0
NVOS.US,D,20240111,000000,0.719,0.730799,0.685,0.711,637531,0
NVOS.US,D,20240112,000000,0.74,0.859,0.7001,0.78,1656707,0
NVOS.US,D,20240116,000000,0.7808,0.81,0.7193,0.74,638085,0
NVOS.US,D,20240117,000000,0.72,0.7394,0.695,0.7148,423326,0
NVOS.US,D,20240118,000000,0.715,0.7355,0.672,0.6843,302674,0
NVOS.US,D,20240119,000000,0.685,0.685,0.61,0.647,614828,0
NVOS.US,D,20240122,000000,0.6604,0.72,0.64,0.715,446685,0
NVOS.US,D,20240123,000000,0.7027,0.72,0.67,0.683,236693,0
NVOS.US,D,20240124,000000,0.6825,0.73,0.6809,0.7099,332566,0
NVOS.US,D,20240125,000000,0.7,0.722,0.6804,0.7074,261137,0
NVOS.US,D,20240126,000000,0.73,0.73,0.71,0.7188,129053,0
NVOS.US,D,20240129,000000,0.7251,0.7953,0.7072,0.792699,393515,0
NVOS.US,D,20240130,000000,0.7522,0.77,0.7202,0.7499,187821,0
NVOS.US,D,20240131,000000,0.7142,0.78,0.69,0.7437,544783,0
NVOS.US,D,20240201,000000,0.748,0.769,0.7005,0.7453,290748,0
NVOS.US,D,20240202,000000,0.74,0.8,0.705101,0.78,612239,0
NVOS.US,D,20240205,000000,0.7961,0.82,0.755,0.7924,440439,0
NVOS.US,D,20240206,000000,0.7746,0.8099,0.7029,0.7354,531601,0
NVOS.US,D,20240207,000000,0.73,0.77,0.701,0.711,306976,0
NVOS.US,D,20240208,000000,0.7114,0.7411,0.6723,0.725,598483,0
NVOS.US,D,20240209,000000,0.7499,0.7499,0.6816,0.73,689930,0
NVOS.US,D,20240212,000000,0.705,0.7444,0.705,0.712,343157,0
NVOS.US,D,20240213,000000,0.72,0.73,0.69,0.708,266823,0
NVOS.US,D,20240214,000000,0.708,0.7174,0.68,0.6859,484399,0
NVOS.US,D,20240215,000000,0.6845,0.7,0.55,0.6407,638717,0
NVOS.US,D,20240216,000000,0.7,0.74,0.652999,0.725,905417,0
NVOS.US,D,20240220,000000,0.735,0.8349,0.6805,0.75,3377971,0
NVOS.US,D,20240221,000000,0.7491,0.777,0.7013,0.7714,779802,0
NVOS.US,D,20240222,000000,0.758,0.758,0.7214,0.74,354798,0
NVOS.US,D,20240223,000000,0.7294,0.73,0.6906,0.7,266842,0
NVOS.US,D,20240226,000000,0.73,0.73,0.6863,0.7001,219557,0
NVOS.US,D,20240227,000000,0.685,0.71,0.67,0.6866,376337,0
NVOS.US,D,20240228,000000,0.6907,0.7194,0.6401,0.644,409838,0
NVOS.US,D,20240229,000000,0.6401,0.666779,0.6116,0.6309,260004,0
NVOS.US,D,20240301,000000,0.61,0.663,0.61,0.6403,465579,0
NVOS.US,D,20240304,000000,0.6477,0.6477,0.5917,0.6134,417500,0
NVOS.US,D,20240305,000000,0.6352,0.65,0.6,0.629,215647,0
NVOS.US,D,20240306,000000,0.6191,0.6369,0.6,0.6367,186019,0
NVOS.US,D,20240307,000000,0.6176,0.635,0.611,0.63,200261,0
NVOS.US,D,20240308,000000,0.6295,0.6295,0.5901,0.6095,272612,0
NVOS.US,D,20240311,000000,0.6,0.608,0.52,0.5401,582347,0
NVOS.US,D,20240312,000000,0.5329,0.5689,0.5329,0.554,357775,0
NVOS.US,D,20240313,000000,0.5585,0.699,0.5289,0.6683,1389217,0
NVOS.US,D,20240314,000000,0.66,0.675,0.55,0.5549,793351,0
NVOS.US,D,20240315,000000,0.552,0.6365,0.54,0.55,887256,0
NVOS.US,D,20240318,000000,0.56,0.6497,0.557,0.6059,1638992,0
NVOS.US,D,20240319,000000,0.589,0.598,0.516,0.5221,915765,0
NVOS.US,D,20240320,000000,0.53,0.5486,0.52,0.5459,302873,0
NVOS.US,D,20240321,000000,0.535,0.56,0.525,0.5298,192101,0
NVOS.US,D,20240322,000000,0.5263,0.5272,0.47,0.5102,645605,0
NVOS.US,D,20240325,000000,0.54,0.54,0.48,0.48885,300724,0
NVOS.US,D,20240326,000000,0.4826,0.5,0.43,0.4622,1022137,0
NVOS.US,D,20240327,000000,0.4716,0.499,0.4601,0.4725,206299,0
NVOS.US,D,20240328,000000,0.4729,0.5,0.4525,0.4872,453029,0
NVOS.US,D,20240401,000000,0.485,0.5055,0.467,0.483899,248224,0
NVOS.US,D,20240402,000000,0.4777,0.4999,0.4406,0.4572,292453,0
NVOS.US,D,20240403,000000,0.4573,0.479,0.4414,0.468299,651224,0
NVOS.US,D,20240404,000000,0.59,0.59,0.4924,0.499,2650797,0
NVOS.US,D,20240405,000000,0.465,0.47,0.4412,0.449,549857,0
NVOS.US,D,20240408,000000,0.465,0.548,0.465,0.5206,911117,0
NVOS.US,D,20240409,000000,0.53,0.55,0.49,0.531,416614,0
NVOS.US,D,20240410,000000,0.518,0.547,0.4842,0.5109,588101,0
NVOS.US,D,20240411,000000,0.4995,0.5219,0.4808,0.501,1210576,0
NVOS.US,D,20240412,000000,0.4856,0.51,0.45,0.4545,583551,0
NVOS.US,D,20240415,000000,0.465,0.4841,0.4401,0.46,2032304,0
NVOS.US,D,20240416,000000,0.5,0.648,0.475,0.611,4407757,0
NVOS.US,D,20240417,000000,0.5682,0.65,0.50361,0.5099,1112482,0
NVOS.US,D,20240418,000000,0.502,0.51,0.46,0.4664,564584,0
NVOS.US,D,20240419,000000,0.468,0.485,0.416,0.4567,1196349,0
NVOS.US,D,20240422,000000,0.5003,0.55,0.4901,0.5136,1170684,0
NVOS.US,D,20240423,000000,0.5,0.5747,0.47,0.515,1480471,0
NVOS.US,D,20240424,000000,0.511,0.55,0.5003,0.525,536411,0
NVOS.US,D,20240425,000000,0.5265,0.55,0.50281,0.5256,521135,0
NVOS.US,D,20240426,000000,0.544,0.5591,0.4988,0.519,470838,0
NVOS.US,D,20240429,000000,0.5118,0.68,0.5118,0.6755,2370018,0
NVOS.US,D,20240430,000000,0.68,0.68,0.5954,0.6171,782820,0
NVOS.US,D,20240501,000000,0.5986,0.6,0.51,0.57,503106,0
NVOS.US,D,20240502,000000,0.5529,0.63,0.55,0.5999,575864,0
NVOS.US,D,20240503,000000,0.63,0.63,0.52,0.523,1573704,0
NVOS.US,D,20240506,000000,0.559,0.58,0.52,0.5701,689952,0
NVOS.US,D,20240507,000000,0.554,0.57,0.5405,0.5435,235422,0
NVOS.US,D,20240508,000000,0.5432,0.5912,0.53,0.5612,448401,0
NVOS.US,D,20240509,000000,0.5615,0.6597,0.5615,0.5852,1606166,0
NVOS.US,D,20240510,000000,0.559,0.639899,0.559,0.581,511360,0
NVOS.US,D,20240513,000000,0.5821,0.619,0.564,0.575,429525,0
NVOS.US,D,20240514,000000,0.57,0.5956,0.5527,0.5787,850782,0
NVOS.US,D,20240515,000000,0.5636,0.579799,0.516,0.537,855239,0
NVOS.US,D,20240516,000000,0.5295,0.539499,0.48,0.4989,1267568,0
NVOS.US,D,20240517,000000,0.518,0.518,0.48,0.4805,1124018,0
NVOS.US,D,20240520,000000,0.5042,0.5077,0.4205,0.4369,886772,0
NVOS.US,D,20240521,000000,0.455,0.559,0.435,0.47735,2796570,0
NVOS.US,D,20240522,000000,0.4774,0.5093,0.451,0.467,622770,0
NVOS.US,D,20240523,000000,0.48,0.4999,0.455,0.4564,762410,0
NVOS.US,D,20240524,000000,0.475,0.525,0.47,0.5025,662483,0
NVOS.US,D,20240528,000000,0.4963,0.509499,0.4631,0.4753,462306,0
NVOS.US,D,20240529,000000,0.4589,0.4754,0.44,0.457501,729966,0
NVOS.US,D,20240530,000000,0.47,0.47,0.44,0.451,11684328,0
NVOS.US,D,20240531,000000,0.9604,1.4099,0.8734,1.05,310284633,0
NVOS.US,D,20240603,000000,1.08,1.24,0.91,1.24,23925679,0
NVOS.US,D,20240604,000000,1.17,1.24,1,1.11,9171897,0
NVOS.US,D,20240605,000000,1.04,1.18,0.9618,1.01,7367250,0
NVOS.US,D,20240606,000000,1,1.09,0.9205,0.9303,5848150,0
NVOS.US,D,20240607,000000,0.9279,0.9279,0.8087,0.8636,2416274,0
NVOS.US,D,20240610,000000,0.85,1.03,0.85,1.01,2546041,0
NVOS.US,D,20240611,000000,0.995,1.04,0.9108,0.9501,1459574,0
NVOS.US,D,20240612,000000,0.9889,0.9999,0.926,0.9396,1301932,0
NVOS.US,D,20240613,000000,0.9398,1.1,0.9,1.02,4322501,0
NVOS.US,D,20240614,000000,1.04,1.1,0.87,0.8935,3235933,0
NVOS.US,D,20240617,000000,0.875,0.893,0.82,0.8555,1422311,0
NVOS.US,D,20240618,000000,0.8642,0.8642,0.7731,0.8189,1475902,0
NVOS.US,D,20240620,000000,0.789,0.8,0.726,0.7335,1215814,0
NVOS.US,D,20240621,000000,0.67,0.85,0.6559,0.82,1670983,0
NVOS.US,D,20240624,000000,0.79,0.87,0.7511,0.7665,992575,0
NVOS.US,D,20240625,000000,0.84,0.84,0.751,0.7604,625967,0
NVOS.US,D,20240626,000000,0.7475,0.8149,0.7315,0.7862,457818,0
NVOS.US,D,20240627,000000,0.7619,0.8431,0.7401,0.8097,737562,0
NVOS.US,D,20240628,000000,0.8163,0.8234,0.7287,0.75,646226,0
NVOS.US,D,20240701,000000,0.744,0.795,0.725,0.7769,538003,0
NVOS.US,D,20240702,000000,0.7728,0.7871,0.732,0.761,458985,0
NVOS.US,D,20240703,000000,0.761,0.779,0.735,0.7483,316795,0
NVOS.US,D,20240705,000000,0.77,0.7775,0.7385,0.7599,211131,0
NVOS.US,D,20240708,000000,0.78,0.79,0.7332,0.755,834204,0
NVOS.US,D,20240709,000000,0.65,0.659999,0.44,0.4855,3117902,0
NVOS.US,D,20240710,000000,0.5,0.564,0.5,0.5122,1385654,0
NVOS.US,D,20240711,000000,0.56,0.56,0.5189,0.53,617020,0
NVOS.US,D,20240712,000000,0.535,0.5754,0.5091,0.5391,1304243,0
NVOS.US,D,20240715,000000,0.53,0.5735,0.53,0.5562,732779,0
NVOS.US,D,20240716,000000,0.547,0.5999,0.54,0.5926,650616,0
NVOS.US,D,20240717,000000,0.61,0.63,0.556,0.601,497360,0
NVOS.US,D,20240718,000000,0.583,0.633,0.5809,0.6023,8072139,0
NVOS.US,D,20240719,000000,0.73,0.736599,0.6151,0.665,14990014,0
NVOS.US,D,20240722,000000,0.595,0.7145,0.595,0.648,2099553,0
NVOS.US,D,20240723,000000,0.63,0.7118,0.63,0.6892,951478,0
NVOS.US,D,20240724,000000,0.67,0.6828,0.6339,0.6449,628385,0
NVOS.US,D,20240725,000000,0.62,0.6532,0.606,0.6401,513178,0
NVOS.US,D,20240726,000000,0.6451,0.68,0.6359,0.6529,417593,0
NVOS.US,D,20240729,000000,0.653,0.679,0.6313,0.646,332700,0
NVOS.US,D,20240730,000000,0.646,0.6558,0.615,0.6272,217342,0
NVOS.US,D,20240731,000000,0.65,0.6601,0.63,0.6416,289832,0
NVOS.US,D,20240801,000000,0.6434,0.669,0.6126,0.6206,302766,0
NVOS.US,D,20240802,000000,0.63,0.63,0.6,0.607,247648,0
NVOS.US,D,20240805,000000,0.51,0.5799,0.47,0.5572,472173,0
NVOS.US,D,20240806,000000,0.58495,0.6,0.56,0.5736,177445,0
NVOS.US,D,20240807,000000,0.5736,0.576,0.546,0.5501,133852,0
NVOS.US,D,20240808,000000,0.55,0.57,0.521,0.5627,212845,0
NVOS.US,D,20240809,000000,0.5627,0.5627,0.494501,0.51117,371929,0
NVOS.US,D,20240812,000000,0.5105,0.5224,0.4851,0.5031,185346,0
NVOS.US,D,20240813,000000,0.51,0.5223,0.501,0.5129,137751,0
NVOS.US,D,20240814,000000,0.525,0.5299,0.5064,0.5137,129541,0
NVOS.US,D,20240815,000000,0.5173,0.52701,0.5014,0.5057,559307,0
NVOS.US,D,20240816,000000,0.3,0.42,0.2951,0.376,3999550,0
NVOS.US,D,20240819,000000,0.36,0.43,0.3594,0.4126,552296,0
NVOS.US,D,20240820,000000,0.4,0.41,0.35,0.3891,362056,0
NVOS.US,D,20240821,000000,0.3985,0.4112,0.3845,0.3884,406977,0
NVOS.US,D,20240822,000000,0.39,0.4,0.37,0.38,354358,0
NVOS.US,D,20240823,000000,0.3758,0.387,0.36,0.37,414134,0
NVOS.US,D,20240826,000000,0.38,0.3813,0.36,0.3617,226211,0
NVOS.US,D,20240827,000000,0.3696,0.3696,0.3026,0.3285,389687,0
NVOS.US,D,20240828,000000,0.3466,0.347,0.31,0.31,273725,0
NVOS.US,D,20240829,000000,0.3145,0.333,0.3038,0.3194,318191,0
NVOS.US,D,20240830,000000,0.32,0.32,0.3026,0.3147,157529,0
NVOS.US,D,20240903,000000,0.3155,0.3193,0.29,0.2935,282986,0
NVOS.US,D,20240904,000000,0.309,0.315,0.3,0.301,108605,0
NVOS.US,D,20240905,000000,0.315,0.3151,0.2841,0.2902,206595,0
NVOS.US,D,20240906,000000,0.3,0.3,0.27,0.2848,350669,0
NVOS.US,D,20240909,000000,0.2835,0.2961,0.2553,0.28,444119,0
NVOS.US,D,20240910,000000,0.2828,0.2828,0.2,0.244,835392,0
NVOS.US,D,20240911,000000,0.245,0.251451,0.2353,0.251451,181631,0
NVOS.US,D,20240912,000000,0.267,0.3486,0.2537,0.304,1532993,0
NVOS.US,D,20240913,000000,0.32,0.3443,0.3,0.3038,710135,0
NVOS.US,D,20240916,000000,0.3,0.3084,0.2849,0.298,132285,0
NVOS.US,D,20240917,000000,0.31,0.33,0.2832,0.2832,191274,0
NVOS.US,D,20240918,000000,0.3,0.3349,0.2815,0.3187,485475,0
NVOS.US,D,20240919,000000,0.326,0.3366,0.307,0.328,465777,0
NVOS.US,D,20240920,000000,0.3192,0.325,0.300101,0.309,218835,0
NVOS.US,D,20240923,000000,0.31,0.31,0.2839,0.2971,186138,0
NVOS.US,D,20240924,000000,0.297,0.315,0.29262,0.3046,74454,0
NVOS.US,D,20240925,000000,0.3,0.3,0.29,0.2951,94794,0
NVOS.US,D,20240926,000000,0.305,0.305,0.2791,0.286,137590,0
NVOS.US,D,20240927,000000,0.2937,0.2989,0.2801,0.294,58171,0
NVOS.US,D,20240930,000000,0.282,0.292,0.2716,0.281,327690,0
NVOS.US,D,20241001,000000,0.281,0.281,0.241238,0.2477,412327,0
NVOS.US,D,20241002,000000,0.25,0.2649,0.23,0.2479,320013,0
NVOS.US,D,20241003,000000,0.2481,0.249799,0.2322,0.2407,240326,0
NVOS.US,D,20241004,000000,0.24,0.2499,0.2351,0.2496,76641,0
NVOS.US,D,20241007,000000,0.236,0.2699,0.236,0.2695,452780,0
NVOS.US,D,20241008,000000,0.2686,0.276,0.244,0.247,160423,0
NVOS.US,D,20241009,000000,0.25,0.26,0.245,0.2589,95355,0
NVOS.US,D,20241010,000000,0.2476,0.25,0.2451,0.2481,120050,0
NVOS.US,D,20241011,000000,0.2469,0.269,0.2469,0.2627,274437,0
NVOS.US,D,20241014,000000,0.2659,0.2984,0.263,0.2932,328181,0
NVOS.US,D,20241015,000000,0.286,0.31,0.2801,0.2801,496436,0
NVOS.US,D,20241016,000000,0.2912,0.3001,0.281,0.281,110633,0
NVOS.US,D,20241017,000000,0.2904,0.2904,0.2626,0.2722,226555,0
NVOS.US,D,20241018,000000,0.285,0.285,0.2002,0.2271,1754424,0
NVOS.US,D,20241021,000000,0.239,0.239,0.2026,0.2205,773837,0
NVOS.US,D,20241022,000000,0.2269,0.2409,0.2094,0.2299,1658667,0
NVOS.US,D,20241023,000000,0.23,0.23,0.21,0.2195,983396,0
NVOS.US,D,20241024,000000,0.215,0.2275,0.2055,0.222,800122,0
NVOS.US,D,20241025,000000,0.223,0.2249,0.21,0.2173,462921,0
NVOS.US,D,20241028,000000,0.21,0.2173,0.2018,0.2022,432554,0
NVOS.US,D,20241029,000000,0.2012,0.21,0.187,0.1918,681472,0
