<TICKER>,<PER>,<DATE>,<TIME>,<OPEN>,<HIGH>,<LOW>,<CLOSE>,<VOL>,<OPENINT>
OBT.US,D,20210805,000000,32.7193,35.8168,32.7193,33.0095,281682.50391223,0
OBT.US,D,20210806,000000,33.7751,33.7751,32.9132,33.0578,36513.946975007,0
OBT.US,D,20210809,000000,33.5813,33.5813,32.9132,33.0578,36227.355835621,0
OBT.US,D,20210810,000000,33.1356,33.7781,32.9132,33.1159,12186.221107665,0
OBT.US,D,20210811,000000,33.8715,33.8715,32.923,32.9899,5567.1853246426,0
OBT.US,D,20210812,000000,33.3293,33.3293,32.9416,32.9416,2290.6965538051,0
OBT.US,D,20210813,000000,33.1553,33.1553,32.9132,32.9328,4131.1807858109,0
OBT.US,D,20210816,000000,32.923,33.1553,32.9132,33.0972,4029.5527221993,0
OBT.US,D,20210817,000000,33.1069,33.1553,32.923,33.1159,6861.9268550542,0
OBT.US,D,20210818,000000,33.3865,33.3865,32.923,32.923,5708.4483330627,0
OBT.US,D,20210819,000000,32.9328,33.2516,32.9132,33.1256,10597.774473416,0
OBT.US,D,20210820,000000,33.1553,33.3865,32.923,32.9328,10416.876520187,0
OBT.US,D,20210823,000000,33.0421,33.0421,32.9328,32.9328,618.91490739455,0
OBT.US,D,20210824,000000,32.923,33.2899,32.923,33.1553,6562.1240674,0
OBT.US,D,20210825,000000,33.1553,33.3589,32.923,33.3589,827.2524377983,0
OBT.US,D,20210826,000000,33.0676,33.3963,33.0676,33.3963,2068.1310944957,0
OBT.US,D,20210827,000000,33.2999,33.8618,33.2999,33.8618,6873.1059420515,0
OBT.US,D,20210830,000000,33.416,33.4455,33.416,33.4455,2084.3915846736,0
OBT.US,D,20210831,000000,33.416,33.6383,33.0282,33.6285,2423.8293171363,0
OBT.US,D,20210901,000000,33.8715,33.8715,33.8322,33.8715,2064.0659719513,0
OBT.US,D,20210902,000000,33.8322,34.5535,33.4721,34.5535,2021.3821852344,0
OBT.US,D,20210903,000000,34.2701,34.7572,33.3933,34.0654,3331.3679251877,0
OBT.US,D,20210907,000000,34.0654,35.0396,33.3933,35.0396,26158.047292986,0
OBT.US,D,20210908,000000,34.0752,34.5622,33.3884,33.3884,4247.0367783281,0
OBT.US,D,20210909,000000,33.8322,33.8322,33.1119,33.1119,15430.188898147,0
OBT.US,D,20210910,000000,33.8322,34.5535,33.4475,34.5535,3497.0216688746,0
OBT.US,D,20210913,000000,34.3852,34.5042,33.1611,33.1611,3118.9652722395,0
OBT.US,D,20210914,000000,34.3586,35.0396,33.1119,34.0752,4990.9542039649,0
OBT.US,D,20210915,000000,34.5622,34.6548,33.9789,34.0752,4761.2747802027,0
OBT.US,D,20210916,000000,34.1736,34.7089,33.5881,34.7089,12527.6914014,0
OBT.US,D,20210917,000000,34.0752,34.6598,33.1119,33.1119,33105.341721473,0
OBT.US,D,20210920,000000,33.1021,33.598,33.1021,33.2083,2540.7015902896,0
OBT.US,D,20210921,000000,33.2477,33.5016,32.9269,32.9269,3939.103745585,0
OBT.US,D,20210922,000000,32.9269,33.9443,32.9269,33.1021,817.08963143714,0
OBT.US,D,20210923,000000,34.8752,34.8752,33.0047,33.0047,1112.8272965469,0
OBT.US,D,20210924,000000,33.2035,33.2035,33.2035,33.2035,1134.1691899053,0
OBT.US,D,20210927,000000,33.6118,34.1716,33.3933,33.3933,1950.2425407063,0
OBT.US,D,20210929,000000,34.027,34.027,33.3933,33.3933,43400.264565327,0
OBT.US,D,20210930,000000,33.3933,34.2169,33.3933,34.2169,33544.374956276,0
OBT.US,D,20211001,000000,33.0627,34.5535,33.0627,34.5436,680.90802619762,0
OBT.US,D,20211004,000000,34.0851,34.5436,33.1119,33.5881,4496.0255341765,0
OBT.US,D,20211005,000000,33.3264,34.0703,32.9073,33.2645,18186.341983293,0
OBT.US,D,20211006,000000,33.9789,33.9789,33.9789,33.9789,734.77089991176,0
OBT.US,D,20211007,000000,33.1513,33.3264,33.1513,33.3264,618.91490739455,0
OBT.US,D,20211008,000000,33.597,34.3586,33.597,34.3586,2148.4172647489,0
OBT.US,D,20211011,000000,34.0654,34.3192,33.2889,34.2504,696.15223573935,0
OBT.US,D,20211012,000000,33.9789,34.1736,33.2802,34.0654,2484.8061553032,0
OBT.US,D,20211014,000000,34.0368,34.0368,34.0368,34.0368,178.86539195639,0
OBT.US,D,20211015,000000,34.0073,34.1539,33.5881,34.0368,5327.3430945193,0
OBT.US,D,20211018,000000,33.9789,34.0752,33.9592,34.0752,1419.7440486538,0
OBT.US,D,20211020,000000,33.9789,34.0752,33.0145,34.0752,7713.5700281193,0
OBT.US,D,20211021,000000,33.783,34.4649,33.783,34.2209,1915.6889990784,0
OBT.US,D,20211022,000000,33.783,36.0225,33.783,36.0225,6609.8892572975,0
OBT.US,D,20211025,000000,34.0752,39.9171,34.0752,36.5175,5821.2554836716,0
OBT.US,D,20211026,000000,37.3469,37.7071,35.9281,36.7536,2994.9790346334,0
OBT.US,D,20211027,000000,38.6518,38.6999,37.5162,38.2128,3577.3078391278,0
OBT.US,D,20211029,000000,38.0869,38.0869,38.0869,38.0869,849.61061179285,0
OBT.US,D,20211101,000000,36.2665,36.6749,36.1691,36.1691,3137.2583236896,0
OBT.US,D,20211102,000000,36.8795,36.8795,35.3131,36.5292,1147.3808381748,0
OBT.US,D,20211103,000000,37.9708,37.9708,36.1691,37.1138,1080.3063161911,0
OBT.US,D,20211104,000000,36.4702,37.2397,35.9261,36.7536,19057.294488445,0
OBT.US,D,20211105,000000,36.3148,37.1669,36.3148,36.9957,26711.920239669,0
OBT.US,D,20211108,000000,36.8009,37.1669,36.8009,37.1669,2624.0366024511,0
OBT.US,D,20211109,000000,36.7045,37.7071,36.7045,37.7071,3831.3779981567,0
OBT.US,D,20211110,000000,36.9957,37.1325,36.7045,36.7045,10933.147083334,0
OBT.US,D,20211111,000000,36.179,36.5195,36.179,36.5195,1178.8855378944,0
OBT.US,D,20211115,000000,36.4702,36.5096,35.4872,36.0225,1212.4227988862,0
OBT.US,D,20211116,000000,37.6579,37.7268,37.3371,37.5319,5523.4852572896,0
OBT.US,D,20211117,000000,37.5319,37.5319,37.5319,37.5319,2520.3759775673,0
OBT.US,D,20211118,000000,37.4828,37.8971,36.9288,36.9485,12468.747124506,0
OBT.US,D,20211119,000000,36.7911,36.7911,36.7911,36.7911,433.95183162147,0
OBT.US,D,20211122,000000,36.6071,36.6071,36.6071,36.6071,417.69134144361,0
OBT.US,D,20211123,000000,35.0494,36.9957,35.0494,36.9957,842.49664734004,0
OBT.US,D,20211124,000000,35.0494,36.4121,35.0494,36.4121,246.95619457615,0
OBT.US,D,20211126,000000,36.0915,36.0915,36.0915,36.0915,293.70510383748,0
OBT.US,D,20211129,000000,35.2629,36.5096,35.1762,35.5364,2228.703435002,0
OBT.US,D,20211130,000000,35.5266,35.9261,34.8102,35.9261,2451.2688943114,0
OBT.US,D,20211201,000000,34.1342,34.1342,34.1342,34.1342,5153.5591057435,0
OBT.US,D,20211202,000000,37.7328,37.7328,37.7328,37.7328,6262.3212797458,0
OBT.US,D,20211203,000000,37.9432,37.9432,37.9432,37.9432,2379.1129691472,0
OBT.US,D,20211207,000000,37.5999,37.5999,37.5999,37.5999,516.27056314685,0
OBT.US,D,20211208,000000,37.6983,37.6983,37.6983,37.6983,360.77962582113,0
OBT.US,D,20211210,000000,36.9052,37.6983,36.9052,37.6983,663.63125538365,0
OBT.US,D,20211213,000000,37.1108,37.9334,36.3768,36.3768,2635.2156894484,0
OBT.US,D,20211214,000000,36.7487,37.6983,36.7487,36.7684,2758.1856464184,0
OBT.US,D,20211215,000000,37.8941,37.8941,36.3276,37.8941,1968.5355921564,0
OBT.US,D,20211216,000000,37.3942,37.7721,36.0048,37.7721,2989.8976314528,0
OBT.US,D,20211217,000000,37.6983,37.7475,36.6405,36.6405,1001.0364265741,0
OBT.US,D,20211220,000000,37.5024,37.5024,37.5024,37.5024,723.59181291448,0
OBT.US,D,20211221,000000,38.8632,38.8632,36.7192,37.7278,3969.5921646685,0
OBT.US,D,20211222,000000,37.6983,38.1882,37.6983,38.1882,145227.5191816,0
OBT.US,D,20211223,000000,38.1882,38.6281,37.6983,38.6281,141005.88941917,0
OBT.US,D,20211228,000000,40.841,40.841,37.8941,37.8941,9134.3303574092,0
OBT.US,D,20211229,000000,37.9825,39.3632,37.9825,39.3632,1207.3413957056,0
OBT.US,D,20220103,000000,39.9014,39.9014,39.9014,39.9014,133.13276333118,0
OBT.US,D,20220104,000000,38.4028,39.5098,38.4028,39.1674,1949.2262600702,0
OBT.US,D,20220105,000000,39.4114,39.4211,38.2611,39.1575,2176.8731225601,0
OBT.US,D,20220106,000000,38.6773,41.1254,38.6773,40.3422,2887.2532872051,0
OBT.US,D,20220107,000000,40.2634,40.8215,39.2057,40.8215,54542.765459702,0
OBT.US,D,20220110,000000,40.1464,41.7227,37.2082,41.7227,7977.8029935094,0
OBT.US,D,20220111,000000,39.7351,39.9014,39.7351,39.9014,814.04078952879,0
OBT.US,D,20220112,000000,39.6564,39.6564,39.6564,39.6564,1904.5099120811,0
OBT.US,D,20220113,000000,38.6773,39.7016,38.6773,39.7016,552.85666604702,0
OBT.US,D,20220114,000000,38.697,40.3422,38.6773,40.3422,4692.1676969469,0
OBT.US,D,20220120,000000,40.1464,40.1464,40.1464,40.1464,645.33820393356,0
OBT.US,D,20220121,000000,40.2438,40.2438,37.8449,39.9014,4430.9835734651,0
OBT.US,D,20220124,000000,39.9014,40.1464,37.6983,40.1464,7565.1930552464,0
OBT.US,D,20220125,000000,40.1464,40.1464,40.0027,40.1365,2115.8962843932,0
OBT.US,D,20220126,000000,39.9014,40.1464,39.1674,39.1674,1654.5048755966,0
OBT.US,D,20220127,000000,39.4901,39.4901,39.4901,39.4901,927.86422077377,0
OBT.US,D,20220128,000000,38.7167,40.1464,38.7167,40.1464,3070.183801706,0
OBT.US,D,20220131,000000,39.2765,40.1464,39.2765,40.1464,898.39208232641,0
OBT.US,D,20220201,000000,39.6564,40.1464,39.6564,40.1464,1429.906855015,0
OBT.US,D,20220202,000000,39.6918,39.6918,39.6918,39.6918,528.46593078024,0
OBT.US,D,20220204,000000,40.1464,40.1464,39.9505,40.1464,2456.350297492,0
OBT.US,D,20220207,000000,40.2438,40.2438,40.2438,40.2438,316.06327783203,0
OBT.US,D,20220208,000000,40.2438,40.2438,39.0512,40.0677,10035.771281644,0
OBT.US,D,20220210,000000,41.6637,41.6637,39.7331,40.1365,5568.2016052787,0
OBT.US,D,20220211,000000,39.6318,39.6318,39.6318,39.6318,1113.843577183,0
OBT.US,D,20220214,000000,40.0874,40.0874,39.5195,39.5195,1108.7621740024,0
OBT.US,D,20220215,000000,40.1464,40.1464,39.8531,40.1464,7210.5111132419,0
OBT.US,D,20220216,000000,39.8915,40.1464,39.2922,40.1464,2775.4624172324,0
OBT.US,D,20220217,000000,40.1464,40.1464,40.048,40.048,2018.3333433261,0
OBT.US,D,20220218,000000,40.1464,40.1464,39.6761,40.1464,1525.4372348099,0
OBT.US,D,20220223,000000,39.7548,39.7548,39.7548,39.7548,721.55925164225,0
OBT.US,D,20220224,000000,39.5048,39.5048,39.5048,39.5048,701.23363891993,0
OBT.US,D,20220225,000000,39.9142,39.9142,39.7912,39.7912,1219.536763339,0
OBT.US,D,20220228,000000,40.0971,40.0971,40.0971,40.0971,508.14031805792,0
OBT.US,D,20220302,000000,40.1759,40.3432,39.9988,40.3432,3024.4511730808,0
OBT.US,D,20220303,000000,40.3334,40.3432,40.0381,40.3432,4381.1858222954,0
OBT.US,D,20220304,000000,40.2841,40.4416,40.2841,40.3432,3149.453691323,0
OBT.US,D,20220307,000000,40.1858,40.4662,39.9596,40.3432,17206.647450077,0
OBT.US,D,20220308,000000,40.3432,40.3432,39.8727,40.3432,7342.627595937,0
OBT.US,D,20220309,000000,39.9988,40.4416,39.8511,40.3432,10738.0212012,0
OBT.US,D,20220310,000000,40.3432,40.3432,39.8511,39.8708,8451.3897699394,0
OBT.US,D,20220311,000000,40.3432,40.3432,40.0381,40.0381,8370.0873190501,0
OBT.US,D,20220314,000000,40.3432,40.4416,40.0332,40.4317,13017.538668008,0
OBT.US,D,20220315,000000,40.3432,40.4416,40.1071,40.1218,12374.233025347,0
OBT.US,D,20220316,000000,40.3432,40.4416,40.0971,40.4416,26357.238297664,0
OBT.US,D,20220317,000000,40.1513,40.3432,40.1316,40.3432,28193.657407126,0
OBT.US,D,20220318,000000,39.9889,40.3432,39.7035,40.3432,38789.399319269,0
OBT.US,D,20220321,000000,40.3432,40.3432,39.4183,40.1168,24035.03704414,0
OBT.US,D,20220322,000000,39.7035,40.2744,39.2608,39.4084,30702.854297696,0
OBT.US,D,20220323,000000,38.8717,39.984,38.8717,39.4575,1303.8880561366,0
OBT.US,D,20220325,000000,39.0148,39.2411,39.0148,39.2411,1127.0552254525,0
OBT.US,D,20220328,000000,39.2608,39.497,39.2116,39.497,885.1804340569,0
OBT.US,D,20220330,000000,39.3601,39.8217,39.3601,39.8217,841.48036670392,0
OBT.US,D,20220331,000000,38.9164,39.7725,38.8673,39.3691,3275.4724902014,0
OBT.US,D,20220401,000000,39.1132,39.1132,38.8672,38.8722,5787.7182226797,0
OBT.US,D,20220404,000000,38.7688,39.802,38.5794,39.802,3475.6797755162,0
OBT.US,D,20220405,000000,39.2116,39.2511,39.2116,39.2511,1103.6807708218,0
OBT.US,D,20220406,000000,38.9797,39.6741,38.8673,39.3592,3656.5777287448,0
OBT.US,D,20220407,000000,38.8746,39.7528,38.7442,39.1624,24061.460340679,0
OBT.US,D,20220408,000000,39.1194,39.1194,39.1194,39.1194,738.83602245622,0
OBT.US,D,20220411,000000,39.1034,39.1034,35.6201,35.6201,18015.606836425,0
OBT.US,D,20220412,000000,35.7184,39.3592,35.7184,39.1821,14779.769291033,0
OBT.US,D,20220413,000000,39.3592,39.3592,38.8678,39.31,1771.3771487499,0
OBT.US,D,20220414,000000,38.3752,38.3752,37.9619,38.3162,5390.3524939584,0
OBT.US,D,20220419,000000,38.9656,38.9656,38.9656,38.9656,1004.0852684825,0
OBT.US,D,20220422,000000,38.3752,38.3752,38.3752,38.3752,735.78718054787,0
OBT.US,D,20220426,000000,38.9656,38.9656,38.9656,38.9656,1505.1116220876,0
OBT.US,D,20220428,000000,36.2301,37.3896,36.2301,37.2865,5367.9943199639,0
OBT.US,D,20220429,000000,38.8181,38.8181,36.0137,38.8181,2099.6357942153,0
OBT.US,D,20220502,000000,38.7688,38.8181,36.9485,38.1981,5866.9881122968,0
OBT.US,D,20220503,000000,37.3912,37.3912,37.3912,37.3912,752.04767072573,0
OBT.US,D,20220504,000000,38.0702,38.8181,37.6668,38.8181,2153.4986679295,0
OBT.US,D,20220505,000000,38.8081,38.8181,38.8081,38.8181,1879.1028961782,0
OBT.US,D,20220506,000000,37.1551,37.4109,36.5155,37.3421,3577.3078391278,0
OBT.US,D,20220509,000000,36.7122,37.0961,36.4073,36.5155,3625.0730290252,0
OBT.US,D,20220511,000000,36.6532,36.9485,36.6532,36.7615,1477.6720449124,0
OBT.US,D,20220512,000000,36.6532,36.8992,36.6532,36.8992,486.79842469949,0
OBT.US,D,20220513,000000,37.2338,37.2338,36.6828,36.6828,552.85666604702,0
OBT.US,D,20220516,000000,37.1452,37.3912,37.0468,37.3912,4717.5747128498,0
OBT.US,D,20220517,000000,37.3618,37.3618,36.7025,36.7025,862.82226006235,0
OBT.US,D,20220518,000000,36.8009,37.0223,36.2203,36.2203,11286.812744703,0
OBT.US,D,20220519,000000,35.9153,37.3618,35.5315,37.3519,6725.7452498147,0
OBT.US,D,20220520,000000,37.0468,37.3912,36.9976,37.3224,2396.3897399612,0
OBT.US,D,20220523,000000,37.6372,38.1508,36.4073,37.3618,3785.6453695315,0
OBT.US,D,20220524,000000,37.2239,37.2239,36.0235,36.0235,5241.9755210855,0
OBT.US,D,20220526,000000,34.7738,36.427,34.7738,36.427,1381.1253844814,0
OBT.US,D,20220527,000000,36.7025,38.8181,36.7025,37.3912,4502.1232179932,0
OBT.US,D,20220531,000000,37.3912,37.3912,37.3912,37.3912,525.41708887189,0
OBT.US,D,20220601,000000,37.1835,37.1835,36.59,36.7088,4626.0238740307,0
OBT.US,D,20220602,000000,37.0945,37.0945,36.2142,36.5555,3111.6480516317,0
OBT.US,D,20220603,000000,36.2537,36.2537,35.1161,35.1161,7988.3830097444,0
OBT.US,D,20220606,000000,35.1408,37.4209,35.1408,37.3418,2905.4179663383,0
OBT.US,D,20220607,000000,36.6097,36.6097,36.4614,36.4614,815.82195505742,0
OBT.US,D,20220608,000000,35.7789,35.858,35.6107,35.858,3669.6824000724,0
OBT.US,D,20220610,000000,36.0064,36.5999,36.0064,36.5999,2357.4929358041,0
OBT.US,D,20220614,000000,35.8112,37.5792,35.8112,36.036,720.79436673599,0
OBT.US,D,20220615,000000,37.5792,37.5792,36.036,36.036,1029.1285628853,0
OBT.US,D,20220617,000000,36.5504,38.4793,36.5504,38.4793,11564.048753286,0
OBT.US,D,20220621,000000,37.6287,38.5288,37.3418,37.4703,10853.363704457,0
OBT.US,D,20220622,000000,38.4497,38.5782,37.1241,37.1241,34983.294615566,0
OBT.US,D,20220623,000000,37.0945,37.1143,36.7977,36.8274,1544.7037761186,0
OBT.US,D,20220624,000000,36.0064,36.0064,34.7303,34.7798,4658.3736913316,0
OBT.US,D,20220627,000000,35.6206,36.5999,35.6107,36.0262,3175.3367544428,0
OBT.US,D,20220628,000000,36.5999,36.5999,35.4129,35.6009,3354.2716813885,0
OBT.US,D,20220629,000000,34.8194,37.5594,34.8194,37.5594,3746.5132161621,0
OBT.US,D,20220630,000000,37.2825,37.5594,36.3328,37.5594,1789.3492694568,0
OBT.US,D,20220701,000000,34.6215,37.5792,34.6215,37.5792,1544.7037761186,0
OBT.US,D,20220705,000000,35.7591,36.2141,35.6107,36.2141,1807.5460416886,0
OBT.US,D,20220706,000000,36.4021,36.4021,36.4021,36.4021,595.43882469495,0
OBT.US,D,20220714,000000,36.5306,36.5306,36.5306,36.5306,263.85319736058,0
OBT.US,D,20220715,000000,36.0657,36.7977,36.0163,36.7977,2527.3294766339,0
OBT.US,D,20220719,000000,35.9866,36.6097,35.9866,36.6097,1219.1837395282,0
OBT.US,D,20220722,000000,36.1449,36.1449,36.1449,36.1449,178.93492694568,0
OBT.US,D,20220725,000000,36.2042,36.2042,36.2042,36.2042,192.07704022418,0
OBT.US,D,20220726,000000,35.8086,36.9956,35.8086,36.9956,752.13325224625,0
OBT.US,D,20220727,000000,36.4021,36.4021,35.3634,35.3634,1847.9833133147,0
OBT.US,D,20220728,000000,35.0667,36.6787,35.0667,35.1161,719.78343494533,0
OBT.US,D,20220729,000000,34.2357,34.7699,33.2466,33.2466,2028.9401038417,0
OBT.US,D,20220801,000000,32.841,32.841,32.841,32.841,294.18115108019,0
OBT.US,D,20220802,000000,35.1655,35.1655,32.2574,32.2574,638.90889169305,0
OBT.US,D,20220803,000000,32.3959,32.5047,32.3959,32.5047,722.81623031729,0
OBT.US,D,20220804,000000,31.9606,35.215,31.9606,34.9678,10273.088856621,0
OBT.US,D,20220805,000000,34.6215,35.3536,34.4237,34.4237,1368.8016445449,0
OBT.US,D,20220809,000000,34.5819,35.5415,33.9984,34.4138,2746.7016752057,0
OBT.US,D,20220812,000000,34.493,34.493,33.6325,33.7411,1176.7246043207,0
OBT.US,D,20220815,000000,34.2061,34.6215,33.3356,33.3356,3259.2440930671,0
OBT.US,D,20220816,000000,32.0101,34.6215,31.9606,33.6719,9691.8030769957,0
OBT.US,D,20220817,000000,33.6818,33.6818,33.6818,33.6818,209.26288066529,0
OBT.US,D,20220818,000000,34.5919,35.6107,34.5721,35.1161,3821.3221686705,0
OBT.US,D,20220819,000000,36.3031,37.4605,36.3031,37.4605,518.60800860528,0
OBT.US,D,20220823,000000,37.5792,37.5792,37.5792,37.5792,263.85319736058,0
OBT.US,D,20220824,000000,35.7195,35.7195,34.6215,34.6215,1492.1353230047,0
OBT.US,D,20220826,000000,35.6107,35.6107,35.6107,35.6107,254.7548112447,0
OBT.US,D,20220829,000000,34.6215,36.041,34.6215,34.671,3243.0691844166,0
OBT.US,D,20220830,000000,34.6215,35.6107,34.6215,34.671,765.27536552474,0
OBT.US,D,20220831,000000,34.1764,34.1764,33.0487,33.0487,1887.4096531502,0
OBT.US,D,20220901,000000,33.815,35.3276,33.815,34.8997,1552.539783546,0
OBT.US,D,20220902,000000,34.8499,34.8499,33.3373,34.223,3117.1381285176,0
OBT.US,D,20220906,000000,34.1334,35.9844,33.3573,35.8252,9516.214725036,0
OBT.US,D,20220907,000000,35.7754,36.8104,35.7754,36.8104,3302.0360703768,0
OBT.US,D,20220908,000000,36.4422,37.8055,35.7555,37.7856,9622.7320176288,0
OBT.US,D,20220909,000000,37.8155,39.4574,37.8155,39.2883,15464.100148213,0
OBT.US,D,20220912,000000,37.9846,39.4077,34.1832,38.8902,17078.942499125,0
OBT.US,D,20220913,000000,39.2087,39.3082,39.2087,39.2087,9443.8633564824,0
OBT.US,D,20220914,000000,38.5419,39.3082,38.0212,39.0594,14225.082961733,0
OBT.US,D,20220915,000000,39.3878,39.3878,37.9249,38.7608,17133.20602554,0
OBT.US,D,20220916,000000,37.5667,40.0396,37.5667,39.1489,91969.643112932,0
OBT.US,D,20220919,000000,43.0599,43.0599,36.472,37.5169,18593.296838156,0
OBT.US,D,20220920,000000,36.9795,39.3082,36.3128,38.8305,21142.677699552,0
OBT.US,D,20220921,000000,37.6164,39.1091,35.3375,39.1091,774.7625715948,0
OBT.US,D,20220922,000000,37.8851,39.2733,37.701,39.2733,11831.458518751,0
OBT.US,D,20220923,000000,39.0594,39.3181,38.8006,39.0594,7064.307235164,0
OBT.US,D,20220926,000000,39.3082,40.1889,39.3082,39.3082,5466.547846272,0
OBT.US,D,20220927,000000,39.3082,39.9053,39.3082,39.4077,3711.0222787284,0
OBT.US,D,20220928,000000,40.8306,40.8306,39.0295,39.348,3807.4907701332,0
OBT.US,D,20220929,000000,38.6116,38.7608,38.6116,38.7608,2100.199448292,0
OBT.US,D,20220930,000000,38.5419,40.7014,37.8254,38.313,6749.7797579796,0
OBT.US,D,20221003,000000,39.8057,40.0545,38.8106,39.2982,6359.8862718852,0
OBT.US,D,20221004,000000,41.398,42.7812,40.8009,40.8009,3982.3399108044,0
OBT.US,D,20221005,000000,40.4924,40.7511,40.2536,40.7511,2338.3560364476,0
OBT.US,D,20221006,000000,36.89,41.7214,36.89,41.7214,2256.9607468248,0
OBT.US,D,20221007,000000,41.7562,41.7562,40.0048,40.5322,2484.0636536736,0
OBT.US,D,20221010,000000,39.8057,41.1989,39.8057,40.7014,4136.0865689808,0
OBT.US,D,20221011,000000,40.3033,41.2487,40.3033,41.2487,1349.5539995484,0
OBT.US,D,20221012,000000,41.179,41.179,41.179,41.179,818.977296822,0
OBT.US,D,20221013,000000,40.3033,41.1392,40.3033,41.1392,880.2749840688,0
OBT.US,D,20221014,000000,37.0293,41.796,37.0293,41.796,2301.175472052,0
OBT.US,D,20221017,000000,41.796,44.4829,41.6965,42.4429,7760.6891574924,0
OBT.US,D,20221018,000000,42.7912,42.9902,42.5026,42.6917,4072.7791214964,0
OBT.US,D,20221019,000000,42.0846,42.2737,41.2587,42.2737,3350.2703160792,0
OBT.US,D,20221020,000000,42.413,43.0798,41.7065,42.9703,3620.5830680364,0
OBT.US,D,20221021,000000,42.9404,44.1844,42.6718,42.6718,3503.0120941368,0
OBT.US,D,20221024,000000,43.7664,43.7764,42.2936,42.3036,2849.8400169168,0
OBT.US,D,20221025,000000,42.2488,42.2488,40.8009,42.0995,1355.5832802612,0
OBT.US,D,20221026,000000,41.5771,42.7315,39.8057,42.7315,4844.5270527348,0
OBT.US,D,20221027,000000,46.9907,46.9907,43.3385,45.3885,8427.9295563756,0
OBT.US,D,20221028,000000,45.8512,47.5457,44.1247,44.3187,4113.9792063672,0
OBT.US,D,20221031,000000,44.0351,45.8065,44.0351,44.1147,1590.7252280604,0
OBT.US,D,20221101,000000,45.8761,47.2593,44.1247,44.4083,4953.0541055652,0
OBT.US,D,20221102,000000,45.279,47.7569,44.4232,45.08,5271.6011032248,0
OBT.US,D,20221103,000000,44.7815,45.0701,44.7815,45.0402,4487.7946105608,0
OBT.US,D,20221104,000000,45.08,46.7369,44.4431,46.7369,5301.7475067888,0
OBT.US,D,20221107,000000,45.8164,46.1747,45.3686,46.1747,2703.127519572,0
OBT.US,D,20221108,000000,46.7518,46.7518,46.7518,46.7518,642.1183959132,0
OBT.US,D,20221109,000000,45.6273,46.5727,45.6273,45.9557,1485.2128155864,0
OBT.US,D,20221110,000000,46.6225,46.6225,46.4931,46.4931,1841.9452577604,0
OBT.US,D,20221111,000000,47.1897,47.1897,46.4732,46.4732,1170.685338402,0
OBT.US,D,20221114,000000,46.6324,46.6324,46.4732,46.4732,946.5970719096,0
OBT.US,D,20221115,000000,47.13,47.13,47.13,47.13,765.7186505256,0
OBT.US,D,20221116,000000,46.9409,46.9409,46.9409,46.9409,220.0687460172,0
OBT.US,D,20221117,000000,47.13,47.13,47.12,47.12,939.562911078,0
OBT.US,D,20221118,000000,47.13,47.13,47.12,47.12,635.0842350816,0
OBT.US,D,20221121,000000,47.13,47.13,46.2841,47.0305,5548.9480160136,0
OBT.US,D,20221122,000000,47.13,47.13,46.2941,46.9708,2618.7175895928,0
OBT.US,D,20221123,000000,46.9708,47.13,46.9708,47.0902,5579.0944195776,0
OBT.US,D,20221125,000000,47.0902,47.0902,47.0902,47.0902,718.489284942,0
OBT.US,D,20221128,000000,47.13,47.13,46.9111,46.9111,1654.0326755448,0
OBT.US,D,20221129,000000,47.13,47.13,47.1101,47.1101,955.6409929788,0
OBT.US,D,20221130,000000,47.1101,47.13,47.1101,47.13,1131.4950137688,0
OBT.US,D,20221201,000000,47.35,47.35,46.93,46.93,1440,0
OBT.US,D,20221202,000000,47.3,47.35,46.925,47.35,2382,0
OBT.US,D,20221205,000000,47.36,47.36,47.26,47.26,1373,0
OBT.US,D,20221206,000000,47.35,47.35,47.3,47.3,1194,0
OBT.US,D,20221207,000000,47.35,47.35,47.2565,47.35,4574,0
OBT.US,D,20221208,000000,47.35,47.35,46.02,46.02,4180,0
OBT.US,D,20221209,000000,46.64,46.8,45.5,46.8,987,0
OBT.US,D,20221212,000000,46.85,47.1,46.85,47.1,641,0
OBT.US,D,20221213,000000,46.8,47.36,46.8,47.36,8239,0
OBT.US,D,20221214,000000,47.36,47.36,47.22,47.22,2699,0
OBT.US,D,20221215,000000,47.35,47.35,46.93,46.93,1428,0
OBT.US,D,20221216,000000,46.9,47.24,46.5,47.24,10424,0
OBT.US,D,20221219,000000,47.36,47.36,46.98,46.98,4560,0
OBT.US,D,20221220,000000,47.23,47.23,47.02,47.02,1957,0
OBT.US,D,20221221,000000,47.24,47.24,47.0087,47.01,2277,0
OBT.US,D,20221222,000000,47.17,47.17,46.2701,46.6,1694,0
OBT.US,D,20221223,000000,46.99,47,46.68,46.68,1511,0
OBT.US,D,20221227,000000,47,47,46.83,46.83,2254,0
OBT.US,D,20221228,000000,47,47,46.78,46.78,824,0
OBT.US,D,20221229,000000,46.9,46.98,46.51,46.51,3197,0
OBT.US,D,20221230,000000,46.76,46.76,46.58,46.58,553,0
OBT.US,D,20230103,000000,46.82,46.99,46.82,46.845,2676,0
OBT.US,D,20230104,000000,47,47.3,46.25,47.03,7632,0
OBT.US,D,20230105,000000,47.24,47.24,46.81,46.96,3461,0
OBT.US,D,20230106,000000,46.96,47.15,46.96,47,4427,0
OBT.US,D,20230109,000000,47.25,47.28,47.25,47.28,3287,0
OBT.US,D,20230110,000000,47.28,47.34,47.25,47.26,3877,0
OBT.US,D,20230111,000000,47.33,47.33,47.0024,47.05,7032,0
OBT.US,D,20230112,000000,47.23,47.31,47.23,47.31,3293,0
OBT.US,D,20230113,000000,47.31,48.33,47.08,47.28,12198,0
OBT.US,D,20230117,000000,47.5,48.07,47.34,47.9278,4896,0
OBT.US,D,20230118,000000,48.05,48.05,47.28,47.79,5273,0
OBT.US,D,20230119,000000,47.41,47.99,47.345,47.49,5003,0
OBT.US,D,20230120,000000,47.64,47.99,47.29,47.7,3875,0
OBT.US,D,20230123,000000,47.7,47.99,47,47.96,8209,0
OBT.US,D,20230124,000000,47.99,47.99,47.98,47.98,2217,0
OBT.US,D,20230125,000000,48,48.6,48,48.6,3366,0
OBT.US,D,20230126,000000,48.73,48.73,48,48,4579,0
OBT.US,D,20230127,000000,47.75,48,46.48,46.91,8241,0
OBT.US,D,20230130,000000,46.46,47.725,43.9638,47.725,2298,0
OBT.US,D,20230131,000000,47.7,47.8,47.6,47.7,3763,0
OBT.US,D,20230201,000000,47.85,48.25,47.85,48.06,3720,0
OBT.US,D,20230202,000000,48.73,48.73,47.3,48.25,5373,0
OBT.US,D,20230203,000000,48.69,48.71,47.575,48.12,3666,0
OBT.US,D,20230206,000000,48.72,50.64,48.69,50.6,14243,0
OBT.US,D,20230207,000000,50.53,51.53,50.3,51.12,17384,0
OBT.US,D,20230208,000000,51.32,52.98,51.32,51.9,12639,0
OBT.US,D,20230209,000000,51.89,52.2,50.55,52.2,9506,0
OBT.US,D,20230210,000000,52.98,52.98,52.18,52.2,4054,0
OBT.US,D,20230213,000000,46.98,52.775,45.15,52.2,4795,0
OBT.US,D,20230214,000000,52.15,53.25,52.15,53.175,6728,0
OBT.US,D,20230215,000000,53.6,53.6,53.2,53.4,3753,0
OBT.US,D,20230216,000000,53.43,55.19,52.7071,53.19,12562,0
OBT.US,D,20230217,000000,53.93,54.4,53.25,53.69,4750,0
OBT.US,D,20230221,000000,54.18,54.18,54.048,54.18,3573,0
OBT.US,D,20230222,000000,54.58,54.58,54.35,54.37,1341,0
OBT.US,D,20230223,000000,54.1859,54.7,54.1859,54.7,3459,0
OBT.US,D,20230224,000000,54.07,54.15,53.5,53.5,2560,0
OBT.US,D,20230227,000000,53.85,54.39,53.8025,54.39,2550,0
OBT.US,D,20230228,000000,54.2932,54.2932,54.26,54.26,2041,0
OBT.US,D,20230301,000000,53.905,54.4,53.82,54.36,5675,0
OBT.US,D,20230302,000000,53.94,53.945,51.69,53.9001,3724,0
OBT.US,D,20230303,000000,52.51,53.5495,52.51,53.5495,3536,0
OBT.US,D,20230306,000000,53.28,53.93,52.54,53.93,4863,0
OBT.US,D,20230307,000000,53.4725,53.6508,53.305,53.55,3197,0
OBT.US,D,20230308,000000,53.58,53.58,53.006,53.54,10527,0
OBT.US,D,20230309,000000,51,53.525,51,52.75,10162,0
OBT.US,D,20230310,000000,52.37,53.105,51.2,53,8368,0
OBT.US,D,20230313,000000,52.53,52.53,48.9,49.61,17415,0
OBT.US,D,20230314,000000,50.9,52.67,50.0006,51.1,14653,0
OBT.US,D,20230315,000000,50.56,50.56,49.5,49.63,3756,0
OBT.US,D,20230316,000000,49.5001,51.51,49.08,51.51,7804,0
OBT.US,D,20230317,000000,51.22,51.69,49.34,51.35,29123,0
OBT.US,D,20230320,000000,51.12,51.12,47.51,47.81,12139,0
OBT.US,D,20230321,000000,47.5,48.6,47.5,47.97,9557,0
OBT.US,D,20230322,000000,47.34,49,47.34,47.82,3886,0
OBT.US,D,20230323,000000,47.39,47.7,47.19,47.19,6240,0
OBT.US,D,20230324,000000,47.0001,47.26,47,47.15,3392,0
OBT.US,D,20230327,000000,47.19,47.37,46.29,47.37,4012,0
OBT.US,D,20230328,000000,46.79,46.79,46.79,46.79,2118,0
OBT.US,D,20230329,000000,47.49,47.95,46.65,46.65,4456,0
OBT.US,D,20230330,000000,45.19,46.5,45.19,46.08,4743,0
OBT.US,D,20230331,000000,45.035,45.45,44,44,10205,0
OBT.US,D,20230403,000000,43.81,44.76,43.59,43.99,8966,0
OBT.US,D,20230404,000000,43.62,43.62,40.61,42.12,9689,0
OBT.US,D,20230405,000000,41.41,42.1,39.78,41.22,12576,0
OBT.US,D,20230406,000000,41.01,42.09,40,41.1018,5320,0
OBT.US,D,20230410,000000,41.02,41.895,41,41.23,7659,0
OBT.US,D,20230411,000000,41.04,42.67,40.4,41.94,25117,0
OBT.US,D,20230412,000000,41.91,43.4899,41.61,42.28,4713,0
OBT.US,D,20230413,000000,42.21,42.83,42.21,42.83,3385,0
OBT.US,D,20230414,000000,42.66,43.4,42.5001,42.735,14174,0
OBT.US,D,20230417,000000,42.64,45.095,42.0701,45.095,6093,0
OBT.US,D,20230418,000000,44.61,45.195,43.5,43.5,3425,0
OBT.US,D,20230419,000000,43,43,41.5,41.5,3270,0
OBT.US,D,20230420,000000,40.86,43,39.33,39.99,7084,0
OBT.US,D,20230421,000000,39.44,41,39.44,40.06,8158,0
OBT.US,D,20230424,000000,38.0007,39.9,38.0007,38.72,6512,0
OBT.US,D,20230425,000000,37.12,37.12,34.47,35.99,10782,0
OBT.US,D,20230426,000000,36,37.6,35.5677,36.76,9880,0
OBT.US,D,20230427,000000,38.06,38.1499,36.95,37.15,4996,0
OBT.US,D,20230428,000000,36.7,36.7,36.045,36.31,5211,0
OBT.US,D,20230501,000000,36.2891,36.2891,35.12,35.12,8189,0
OBT.US,D,20230502,000000,35.18,35.18,32.585,32.84,9184,0
OBT.US,D,20230503,000000,32.53,34.0969,30.89,32.26,13048,0
OBT.US,D,20230504,000000,31.61,31.62,26.875,29.54,14517,0
OBT.US,D,20230505,000000,29.95,32.2,29.95,32.2,8883,0
OBT.US,D,20230508,000000,32.2,32.75,31.2,32.68,9741,0
OBT.US,D,20230509,000000,32.36,32.5,29.82,30.02,7467,0
OBT.US,D,20230510,000000,32.325,33.15,31.01,32.1,15102,0
OBT.US,D,20230511,000000,31.64,32,31.61,31.69,4308,0
OBT.US,D,20230512,000000,31.66,32.29,31.49,31.775,4137,0
OBT.US,D,20230515,000000,31.56,35.0597,31.56,33.66,9588,0
OBT.US,D,20230516,000000,33.18,35.17,31.7,31.7,6883,0
OBT.US,D,20230517,000000,31.205,33.46,31.104,33.46,23125,0
OBT.US,D,20230518,000000,33.5,34.015,32,32.46,15730,0
OBT.US,D,20230519,000000,31.4,32.295,30.9,30.9,7006,0
OBT.US,D,20230522,000000,30.95,31.8,28.2101,31.3,18542,0
OBT.US,D,20230523,000000,31.66,32.6,30.76,31.88,4800,0
OBT.US,D,20230524,000000,30.995,31.44,30.94,30.94,3639,0
OBT.US,D,20230525,000000,31.45,32.8499,31.06,31.06,3550,0
OBT.US,D,20230526,000000,31.52,32.2,31.31,31.89,5003,0
OBT.US,D,20230530,000000,34.75,35.5485,32.75,33.22,8889,0
OBT.US,D,20230531,000000,32.3,32.33,31.5,32.1,5571,0
OBT.US,D,20230601,000000,31.91,31.91,31.34,31.34,5001,0
OBT.US,D,20230602,000000,31.52,33.3225,31.52,32.03,11475,0
OBT.US,D,20230605,000000,32.135,32.8,31.7,32.2,13977,0
OBT.US,D,20230606,000000,32.48,32.77,32,32.53,16901,0
OBT.US,D,20230607,000000,32.6,32.81,31.93,32.35,23886,0
OBT.US,D,20230608,000000,32.99,33,32.77,32.83,19355,0
OBT.US,D,20230609,000000,34.4,34.55,32.39,32.99,17412,0
OBT.US,D,20230612,000000,32.97,33.69,32,32.2,33655,0
OBT.US,D,20230613,000000,32.57,33.275,32.35,32.55,31007,0
OBT.US,D,20230614,000000,32.77,33.49,32.46,32.86,24931,0
OBT.US,D,20230615,000000,33.13,33.55,32.5,32.87,26739,0
OBT.US,D,20230616,000000,33.29,33.93,31.91,33.4,89971,0
OBT.US,D,20230620,000000,33.935,33.935,32.83,32.83,21114,0
OBT.US,D,20230621,000000,33.28,33.96,32.7,33.25,37895,0
OBT.US,D,20230622,000000,33.52,33.84,32.45,33.83,36289,0
OBT.US,D,20230623,000000,33.423,34.63,32.2173,33.82,600439,0
OBT.US,D,20230626,000000,33.72,35.14,33.43,34.96,36043,0
OBT.US,D,20230627,000000,34.95,36.76,34.55,36.43,26825,0
OBT.US,D,20230628,000000,36.3,39.75,36.125,38.84,24723,0
OBT.US,D,20230629,000000,38.71,38.71,36.93,37.75,12691,0
OBT.US,D,20230630,000000,37.81,37.84,36.88,37,6403,0
OBT.US,D,20230703,000000,37.42,37.42,36.14,36.14,3475,0
OBT.US,D,20230705,000000,36.14,36.5,34.46,34.62,18987,0
OBT.US,D,20230706,000000,34.75,34.75,33.31,33.86,12360,0
OBT.US,D,20230707,000000,34.17,34.985,33.53,34.51,28554,0
OBT.US,D,20230710,000000,34.75,35.37,34.55,34.7,6527,0
OBT.US,D,20230711,000000,34.63,34.63,33.35,33.94,8641,0
OBT.US,D,20230712,000000,34.7,34.99,34.05,34.18,20252,0
OBT.US,D,20230713,000000,34.5,36.2,33.9,35.02,20819,0
OBT.US,D,20230714,000000,34.79,34.79,34.19,34.19,5739,0
OBT.US,D,20230717,000000,34.5,36.3,34.05,35.9,19369,0
OBT.US,D,20230718,000000,36.25,37.91,35.685,36.8,9516,0
OBT.US,D,20230719,000000,37.33,39.87,36.52,39.23,12129,0
OBT.US,D,20230720,000000,39.19,42.21,38.51,41.38,27554,0
OBT.US,D,20230721,000000,41.33,41.62,39.66,40.62,32451,0
OBT.US,D,20230724,000000,40.88,41.94,40.4,40.84,22907,0
OBT.US,D,20230725,000000,41.23,41.43,39.94,39.94,30637,0
OBT.US,D,20230726,000000,40.21,41.43,39.5,41.22,29020,0
OBT.US,D,20230727,000000,41.22,44.26,40.7633,44.25,24783,0
OBT.US,D,20230728,000000,44.02,46.75,44.02,46.2,18459,0
OBT.US,D,20230731,000000,46.2,46.45,44.55,45.04,31734,0
OBT.US,D,20230801,000000,45.22,45.58,44.37,44.59,18271,0
OBT.US,D,20230802,000000,44.32,45.8,44,44.92,18817,0
OBT.US,D,20230803,000000,45.15,45.5,44.5,44.97,7232,0
OBT.US,D,20230804,000000,45.41,46.8176,43.5,46.8,27727,0
OBT.US,D,20230807,000000,47.07,49.96,46.2,48.85,35991,0
OBT.US,D,20230808,000000,48.75,49.8,47.06,47.35,24969,0
OBT.US,D,20230809,000000,47.41,49.25,47.2,49.03,16007,0
OBT.US,D,20230810,000000,48,49,48,48.5,20956,0
OBT.US,D,20230811,000000,48,49,47.57,48.74,24730,0
OBT.US,D,20230814,000000,48.4,49.44,47.47,47.7,28355,0
OBT.US,D,20230815,000000,47.31,48.4,46.6,47.16,24915,0
OBT.US,D,20230816,000000,48.23,48.23,47.18,47.18,10225,0
OBT.US,D,20230817,000000,47.45,49,47.2,48.48,21203,0
OBT.US,D,20230818,000000,48.05,48.69,47.61,48.2,25674,0
OBT.US,D,20230821,000000,47.37,48.23,47.16,47.6,18063,0
OBT.US,D,20230822,000000,46.74,48.24,45.61,45.61,29415,0
OBT.US,D,20230823,000000,45.75,46.89,44.8391,46.3,10584,0
OBT.US,D,20230824,000000,45.55,46.355,45.02,45.69,12986,0
OBT.US,D,20230825,000000,46.84,48.055,45.36,45.93,22323,0
OBT.US,D,20230828,000000,45.498,46.31,45.315,46.02,18128,0
OBT.US,D,20230829,000000,45.5,46.76,45.47,46.46,18888,0
OBT.US,D,20230830,000000,45.95,48.599,45.95,47.98,15355,0
OBT.US,D,20230831,000000,47.19,48.03,46.3,46.49,20514,0
OBT.US,D,20230901,000000,46.97,47.94,46.41,47.94,20579,0
OBT.US,D,20230905,000000,47.93,47.93,43.87,47.53,5459,0
OBT.US,D,20230906,000000,46.3194,47.37,45.93,46.25,22353,0
OBT.US,D,20230907,000000,46.13,46.5,44.5531,45.58,27621,0
OBT.US,D,20230908,000000,44.75,46.62,44,46.14,13298,0
OBT.US,D,20230911,000000,46.15,47.0027,45.85,46.42,13684,0
OBT.US,D,20230912,000000,45.83,46.1,44.95,45.76,19673,0
OBT.US,D,20230913,000000,45.22,45.85,44.75,45.38,17327,0
OBT.US,D,20230914,000000,45.2,45.67,45.2,45.67,11853,0
OBT.US,D,20230915,000000,45.49,47.43,45.075,47.04,39927,0
OBT.US,D,20230918,000000,46.51,47.09,46.12,46.51,21290,0
OBT.US,D,20230919,000000,46.05,46.65,44.748,45.02,11615,0
OBT.US,D,20230920,000000,45.76,45.76,44.5,44.5,5510,0
OBT.US,D,20230921,000000,44.0472,44.55,43.23,44.25,14849,0
OBT.US,D,20230922,000000,44.64,44.64,43.63,43.63,6289,0
OBT.US,D,20230925,000000,43.35,45.34,43.35,45.19,12337,0
OBT.US,D,20230926,000000,44,44.61,43.98,44.1,7757,0
OBT.US,D,20230927,000000,43.5419,44.84,43.37,43.9,12392,0
OBT.US,D,20230928,000000,43.25,45.49,43.25,44.72,10129,0
OBT.US,D,20230929,000000,44.155,44.155,43.17,43.17,2499,0
OBT.US,D,20231002,000000,44.41,44.8,42.33,42.5,23994,0
OBT.US,D,20231003,000000,42.85,42.94,39.72,40.08,11468,0
OBT.US,D,20231004,000000,40.31,42.85,39.91,42.85,8161,0
OBT.US,D,20231005,000000,42.03,44.49,40.81,44.03,17150,0
OBT.US,D,20231006,000000,44.03,44.5,43.1,43.89,16133,0
OBT.US,D,20231009,000000,43.68,43.85,42.02,43.85,2715,0
OBT.US,D,20231010,000000,44.16,46.16,44.06,44.06,16628,0
OBT.US,D,20231011,000000,44.645,45.31,44.23,45.31,8177,0
OBT.US,D,20231012,000000,44.96,45.009,44.2,44.64,9281,0
OBT.US,D,20231013,000000,42.9101,44.9298,42.91,43.99,8709,0
OBT.US,D,20231016,000000,44.51,44.699,43.53,43.53,6121,0
OBT.US,D,20231017,000000,44.43,45,44.11,44.11,10565,0
OBT.US,D,20231018,000000,44.12,44.12,41.87,42.3,5252,0
OBT.US,D,20231019,000000,42.065,42.119,41.22,41.32,4029,0
OBT.US,D,20231020,000000,41.94,42.565,40.04,40.69,9253,0
OBT.US,D,20231023,000000,40.71,40.775,39.7101,39.99,2401,0
OBT.US,D,20231024,000000,40.24,43.2,40.24,42.98,7280,0
OBT.US,D,20231025,000000,43.35,43.35,42.4189,42.99,9718,0
OBT.US,D,20231026,000000,44.08,44.96,43.56,44.96,9635,0
OBT.US,D,20231027,000000,44.11,45.64,42.4,42.4,7186,0
OBT.US,D,20231030,000000,42.65,44.6994,42.65,43.94,11233,0
OBT.US,D,20231031,000000,43.53,44.32,43.47,44.1,6169,0
OBT.US,D,20231101,000000,43.75,45.32,43.35,44.56,8002,0
OBT.US,D,20231102,000000,44.16,46,43.53,44.81,11389,0
OBT.US,D,20231103,000000,45.28,45.28,43.95,43.95,5963,0
OBT.US,D,20231106,000000,43.77,43.77,43.18,43.18,2144,0
OBT.US,D,20231107,000000,44.035,45.995,44.035,44.6,7102,0
OBT.US,D,20231108,000000,43.24,43.24,43.24,43.24,2994,0
OBT.US,D,20231109,000000,42.75,43.7999,41.1,41.12,6119,0
OBT.US,D,20231110,000000,41.78,43.37,41.705,42.55,5938,0
OBT.US,D,20231113,000000,43.39,43.43,42.8,43.42,2679,0
OBT.US,D,20231114,000000,43.44,48.375,42.7278,47.76,10956,0
OBT.US,D,20231115,000000,47.69,48.4,46.41,46.41,9372,0
OBT.US,D,20231116,000000,47,47,46.75,46.75,4242,0
OBT.US,D,20231117,000000,47.29,47.81,47.29,47.81,10090,0
OBT.US,D,20231120,000000,47.89,47.89,47.34,47.87,2852,0
OBT.US,D,20231121,000000,46.6,47.4,46.01,46.01,2606,0
OBT.US,D,20231122,000000,46.3,46.3,46.29,46.29,2969,0
OBT.US,D,20231124,000000,47.91,47.91,47.91,47.91,1235,0
OBT.US,D,20231127,000000,47.05,47.32,46.85,47.27,7626,0
OBT.US,D,20231128,000000,46.37,47.69,46.37,46.66,3920,0
OBT.US,D,20231129,000000,47,48,46.97,47.88,12624,0
OBT.US,D,20231130,000000,47.41,47.9,46.8,47.81,6441,0
OBT.US,D,20231201,000000,47.28,49.4,47.28,48.69,19875,0
OBT.US,D,20231204,000000,48.75,49.22,48.29,49.22,5740,0
OBT.US,D,20231205,000000,48.5,49.4,48.5,49.01,4322,0
OBT.US,D,20231206,000000,44.5,49.005,44.5,48.6,9083,0
OBT.US,D,20231207,000000,48.8,50.99,48.6,50.99,5052,0
OBT.US,D,20231208,000000,50,50.75,46.76,50.44,12595,0
OBT.US,D,20231211,000000,50.88,50.88,49.665,50.88,9735,0
OBT.US,D,20231212,000000,50.63,50.63,49.9,50.54,5443,0
OBT.US,D,20231213,000000,49.89,54.75,49.89,54,28412,0
OBT.US,D,20231214,000000,55,55.75,53.3001,55.68,16968,0
OBT.US,D,20231215,000000,56.32,58.15,54.455,58,46717,0
OBT.US,D,20231218,000000,57.89,58.14,55.41,57.35,20218,0
OBT.US,D,20231219,000000,56.64,57.8,55.495,56.8,18365,0
OBT.US,D,20231220,000000,55.66,60.2447,54.72,58.82,21014,0
OBT.US,D,20231221,000000,58.73,60.29,58.5,59.5,13029,0
OBT.US,D,20231222,000000,60.8,63.975,59.94,62.7,18727,0
OBT.US,D,20231226,000000,62.98,64.01,61.1201,63.32,13873,0
OBT.US,D,20231227,000000,63.82,63.9899,62.1,63.36,10744,0
OBT.US,D,20231228,000000,62.24,63.905,61.5,63.2,7473,0
OBT.US,D,20231229,000000,62.31,63.0981,60.24,60.24,9052,0
OBT.US,D,20240102,000000,58.11,60.195,58,58.75,20419,0
OBT.US,D,20240103,000000,59.01,59.01,53.44,53.7,12910,0
OBT.US,D,20240104,000000,54,54,49.91,49.91,10786,0
OBT.US,D,20240105,000000,50.2,52.005,49.98,50.96,23853,0
OBT.US,D,20240108,000000,51.22,52.19,50,52.19,7226,0
OBT.US,D,20240109,000000,51.29,52.96,50.44,52.01,8067,0
OBT.US,D,20240110,000000,51.68,51.995,51.11,51.31,6243,0
OBT.US,D,20240111,000000,51.17,51.17,49.85,49.85,5593,0
OBT.US,D,20240112,000000,51.02,52.5,47.5,48.97,10202,0
OBT.US,D,20240116,000000,48.28,49.99,46.83,49.99,9495,0
OBT.US,D,20240117,000000,50.42,50.42,49.0088,49.8,6673,0
OBT.US,D,20240118,000000,49.84,49.84,48.96,49.3,4086,0
OBT.US,D,20240119,000000,49.69,50.19,49.65,50.19,5988,0
OBT.US,D,20240122,000000,50.05,51.65,50.05,51.29,13868,0
OBT.US,D,20240123,000000,51.73,52.05,51.73,51.88,5119,0
OBT.US,D,20240124,000000,51.98,51.98,51.12,51.34,4042,0
OBT.US,D,20240125,000000,52.89,54.18,52.01,52.01,7566,0
OBT.US,D,20240126,000000,52.51,52.51,52.25,52.25,2557,0
OBT.US,D,20240129,000000,51.7,52.3549,51.53,51.53,5965,0
OBT.US,D,20240130,000000,50.87,51.48,48.01,50.06,12781,0
OBT.US,D,20240131,000000,50.06,51.9776,48.54,48.54,11288,0
OBT.US,D,20240201,000000,50.905,50.905,49.5,50.72,5157,0
OBT.US,D,20240202,000000,50.18,50.255,46.51,46.51,7775,0
OBT.US,D,20240205,000000,46.2,46.4,44,44.36,10210,0
OBT.US,D,20240206,000000,44.52,44.52,42.9,44.26,8410,0
OBT.US,D,20240207,000000,43.01,43.62,41,43.28,11572,0
OBT.US,D,20240208,000000,43.12,44.63,43.12,44.63,5295,0
OBT.US,D,20240209,000000,45.52,48.295,45,45.9,13480,0
OBT.US,D,20240212,000000,45.9,49.75,45.9,48.33,14222,0
OBT.US,D,20240213,000000,46.87,46.87,43.75,44.02,11318,0
OBT.US,D,20240214,000000,49.41,49.41,46.16,47.85,8445,0
OBT.US,D,20240215,000000,49.6,49.6,45.57,46.8,15326,0
OBT.US,D,20240216,000000,47.26,47.26,45.88,45.88,11369,0
OBT.US,D,20240220,000000,44.23,45.9,44,44.02,5820,0
OBT.US,D,20240221,000000,44.86,45.22,43,44.45,7953,0
OBT.US,D,20240222,000000,44.11,45.09,44,44.7,7637,0
OBT.US,D,20240223,000000,44.21,45,44.18,45,1866,0
OBT.US,D,20240226,000000,44.21,44.25,43.76,44.19,3387,0
OBT.US,D,20240227,000000,44.51,45.35,44,44.25,11938,0
OBT.US,D,20240228,000000,45.5,45.51,44.25,44.52,7386,0
OBT.US,D,20240229,000000,45.78,46,44.655,45.98,7024,0
OBT.US,D,20240301,000000,46,46,44.46,44.6,4893,0
OBT.US,D,20240304,000000,45.4,47.335,44.5,45,4144,0
OBT.US,D,20240305,000000,45.46,46,45.46,46,2187,0
OBT.US,D,20240306,000000,46.74,48.36,45.6,48.36,4339,0
OBT.US,D,20240307,000000,47.89,47.89,46.0339,46.2,4579,0
OBT.US,D,20240308,000000,47.18,47.18,45.01,45.01,5353,0
OBT.US,D,20240311,000000,44.7,47,44.7,45.2,4002,0
OBT.US,D,20240312,000000,45.28,46.935,45.28,46.15,3019,0
OBT.US,D,20240313,000000,47.36,47.36,45.77,46.59,7724,0
OBT.US,D,20240314,000000,46.5801,47.625,45.255,45.29,9616,0
OBT.US,D,20240315,000000,45,47.35,45,47.1,26462,0
OBT.US,D,20240318,000000,46.1401,46.474,44.6,44.6,8282,0
OBT.US,D,20240319,000000,44.5,44.5,44,44,6190,0
OBT.US,D,20240320,000000,44.1091,46,44.1091,46,5021,0
OBT.US,D,20240321,000000,46,46,45.34,45.44,7200,0
OBT.US,D,20240322,000000,45.9,45.9,43.9308,45,4415,0
OBT.US,D,20240325,000000,45.9,46,44.2982,45.45,9048,0
OBT.US,D,20240326,000000,44.53,45.855,44.53,45.38,3950,0
OBT.US,D,20240327,000000,44.52,46,44.5,45.99,9512,0
OBT.US,D,20240328,000000,45.94,46,45.94,46,3384,0
OBT.US,D,20240401,000000,46,49.28,45.96,47.74,8620,0
OBT.US,D,20240402,000000,46.42,46.5,46.06,46.5,4177,0
OBT.US,D,20240403,000000,45.75,45.82,45.54,45.54,3558,0
OBT.US,D,20240404,000000,48.71,48.71,46.49,46.98,5439,0
OBT.US,D,20240405,000000,45.57,46.54,45.57,46.09,1903,0
OBT.US,D,20240408,000000,47.25,47.25,45.07,46.99,3041,0
OBT.US,D,20240409,000000,46.21,47.2,46.21,47.2,1521,0
OBT.US,D,20240410,000000,46.5,48.81,46,46,6538,0
OBT.US,D,20240411,000000,46.75,46.75,46.06,46.06,3632,0
OBT.US,D,20240415,000000,45.92,47.16,45.5,45.55,6984,0
OBT.US,D,20240416,000000,46.2,46.4,45.82,46,6244,0
OBT.US,D,20240417,000000,45.92,46.48,45.545,45.6,6625,0
OBT.US,D,20240418,000000,45.3442,45.3442,43.05,43.05,12295,0
OBT.US,D,20240419,000000,42.69,43.05,42.69,43.05,2648,0
OBT.US,D,20240422,000000,44.925,44.98,44,44.85,9002,0
OBT.US,D,20240423,000000,44.8,45.56,42.92,45.56,4327,0
OBT.US,D,20240424,000000,45.25,45.25,44.97,45.05,3717,0
OBT.US,D,20240425,000000,42,44.02,42,44.01,5135,0
OBT.US,D,20240426,000000,44.39,44.88,44.39,44.88,2647,0
OBT.US,D,20240429,000000,44.57,45.58,43.13,45.58,2899,0
OBT.US,D,20240430,000000,43.2501,43.58,42.32,43.21,8517,0
OBT.US,D,20240501,000000,44,45.73,43.8645,45.73,7078,0
OBT.US,D,20240502,000000,47.15,49.49,45.24,49.49,10889,0
OBT.US,D,20240503,000000,49.66,57.96,48,51.87,12152,0
OBT.US,D,20240506,000000,51.8419,52.25,48.785,52.25,21049,0
OBT.US,D,20240507,000000,50.94,51,48.25,48.25,7027,0
OBT.US,D,20240508,000000,48.25,48.39,47.52,47.52,6859,0
OBT.US,D,20240509,000000,47.5,48.65,47.5,48.65,4552,0
OBT.US,D,20240510,000000,49.55,49.6775,49.54,49.55,3704,0
OBT.US,D,20240513,000000,50.35,50.49,48.76,48.76,4844,0
OBT.US,D,20240514,000000,50.64,50.64,49,49,3468,0
OBT.US,D,20240515,000000,49.5,49.805,48.75,48.76,6398,0
OBT.US,D,20240516,000000,49.42,51.2599,48.45,49.66,22441,0
OBT.US,D,20240517,000000,49.89,50.19,49.49,49.5,2977,0
OBT.US,D,20240520,000000,49.68,51.01,49.35,49.35,2950,0
OBT.US,D,20240521,000000,49.69,49.69,49,49.03,2837,0
OBT.US,D,20240522,000000,49,49.915,49,49.69,6860,0
OBT.US,D,20240523,000000,48.2292,49.035,46.26,46.45,11894,0
OBT.US,D,20240524,000000,46.102,49.615,46.102,47.83,3813,0
OBT.US,D,20240528,000000,48.54,49.12,48.5,49.1,5013,0
OBT.US,D,20240529,000000,48.855,48.855,46.52,46.52,4863,0
OBT.US,D,20240530,000000,46.96,48.75,46.96,48.75,3531,0
OBT.US,D,20240531,000000,48.76,49.03,48.76,49.03,3048,0
OBT.US,D,20240603,000000,49.41,49.41,47.25,47.25,5873,0
OBT.US,D,20240604,000000,46.51,47.535,44.6,44.98,8264,0
OBT.US,D,20240605,000000,44.95,45.95,44.6,45.95,3674,0
OBT.US,D,20240606,000000,46.37,46.92,45.21,45.98,28829,0
OBT.US,D,20240607,000000,46.635,46.635,45.96,45.96,4056,0
OBT.US,D,20240610,000000,46.19,46.19,45.8,46,5169,0
OBT.US,D,20240611,000000,45.68,45.85,45.24,45.8,4586,0
OBT.US,D,20240612,000000,46.66,46.91,45.5,45.83,8213,0
OBT.US,D,20240613,000000,46,46,45.78,45.78,3062,0
OBT.US,D,20240614,000000,45.5,45.52,44.62,44.62,4417,0
OBT.US,D,20240617,000000,44.8801,46.136,44.8037,46.12,19334,0
OBT.US,D,20240618,000000,45.5,46.8,45.17,45.65,16956,0
OBT.US,D,20240620,000000,45,46.88,45,46.88,3372,0
OBT.US,D,20240621,000000,46.65,46.76,45.6,46.16,21126,0
OBT.US,D,20240624,000000,46.795,47.3908,46.795,46.93,3616,0
OBT.US,D,20240625,000000,46.31,46.31,45.55,45.55,3019,0
OBT.US,D,20240626,000000,45.8,47.82,45.395,46.9,19087,0
OBT.US,D,20240627,000000,47,49.85,46.1828,49.85,8708,0
OBT.US,D,20240628,000000,49.9,52.88,49.79,52.88,53649,0
OBT.US,D,20240701,000000,52.23,52.23,47.51,47.51,22707,0
OBT.US,D,20240702,000000,47.51,50.39,46.57,50.09,26448,0
OBT.US,D,20240703,000000,50,50.84,48.1,49.26,4026,0
OBT.US,D,20240705,000000,49.02,49.815,48.5,49,26934,0
OBT.US,D,20240708,000000,49.4,49.894,47.27,48.22,23656,0
OBT.US,D,20240709,000000,48.2,48.365,47.19,47.83,21767,0
OBT.US,D,20240710,000000,47.83,48.32,47.31,48.1,9044,0
OBT.US,D,20240711,000000,48.73,52.39,48.61,52.23,17680,0
OBT.US,D,20240712,000000,52.74,53.1,51.9403,52.87,13202,0
OBT.US,D,20240715,000000,52.98,55.17,52.35,54.8,17202,0
OBT.US,D,20240716,000000,54.94,59.35,54.94,59.06,22263,0
OBT.US,D,20240717,000000,58.56,58.56,54.55,55.52,33640,0
OBT.US,D,20240718,000000,53.9418,57.231,53.9418,55.5,20432,0
OBT.US,D,20240719,000000,55.49,58.555,55.49,58.1,11143,0
OBT.US,D,20240722,000000,58.28,58.28,56.81,57.36,14580,0
OBT.US,D,20240723,000000,56.75,60.46,56.75,60.46,16267,0
OBT.US,D,20240724,000000,60.33,61.64,59.27,59.6,8848,0
OBT.US,D,20240725,000000,59.7,63.54,59.4,62.9,15740,0
OBT.US,D,20240726,000000,63.43,63.43,61,62.02,11465,0
OBT.US,D,20240729,000000,61.4,61.4,58.92,59.69,11818,0
OBT.US,D,20240730,000000,59.15,60.1626,57.6014,58.98,38365,0
OBT.US,D,20240731,000000,56.74,62.75,56.74,62.19,15024,0
OBT.US,D,20240801,000000,63.1,63.1,55.36,56.13,17311,0
OBT.US,D,20240802,000000,53.5,55.83,52.25,55.3,12172,0
OBT.US,D,20240805,000000,52.79,53.424,50.81,51.73,13509,0
OBT.US,D,20240806,000000,51.3,53.09,49.425,52.28,18873,0
OBT.US,D,20240807,000000,52.86,54.545,51.35,51.45,8275,0
OBT.US,D,20240808,000000,51.3,55.2,51.3,55.12,10571,0
OBT.US,D,20240809,000000,53.66,54.071,52.26,52.26,4647,0
OBT.US,D,20240812,000000,55,55,53.0601,53.48,4554,0
OBT.US,D,20240813,000000,53.61,54.591,53.26,54.18,3513,0
OBT.US,D,20240814,000000,53.23,53.23,52.34,52.6,2545,0
OBT.US,D,20240815,000000,54.49,57.125,54.31,56.58,9462,0
OBT.US,D,20240816,000000,56.51,57.95,54.61,54.61,26189,0
OBT.US,D,20240819,000000,54.95,56.14,54.04,55.24,16186,0
OBT.US,D,20240820,000000,53.77,55,53.7699,54.93,4398,0
OBT.US,D,20240821,000000,54.2994,55.48,54,55.47,9756,0
OBT.US,D,20240822,000000,54.32,55.39,54.32,54.6,5474,0
OBT.US,D,20240823,000000,54.89,59.69,54.89,59.39,14485,0
OBT.US,D,20240826,000000,59.23,61.98,58.22,61.98,17722,0
OBT.US,D,20240827,000000,59.0491,59.0491,58.0572,58.44,12648,0
OBT.US,D,20240828,000000,58.25,59.23,57,58.55,6271,0
OBT.US,D,20240829,000000,58.905,59.43,58.905,59.3,5550,0
OBT.US,D,20240830,000000,58.26,58.26,57.05,57.45,7934,0
OBT.US,D,20240903,000000,57.55,58.36,55.94,58.36,19630,0
OBT.US,D,20240904,000000,58.68,58.68,56.98,57.23,8021,0
OBT.US,D,20240905,000000,57.15,57.15,54.5648,56.16,7222,0
OBT.US,D,20240906,000000,55.2,57.0476,54.64,54.64,12880,0
OBT.US,D,20240909,000000,55.35,56.2,55,55.78,7662,0
OBT.US,D,20240910,000000,54.7788,56.0485,54.3749,55.94,36429,0
OBT.US,D,20240911,000000,54.95,54.95,54.085,54.8,8103,0
OBT.US,D,20240912,000000,54.69,55.73,54.5316,55.73,16250,0
OBT.US,D,20240913,000000,55.98,58.61,55.5612,58.44,20937,0
OBT.US,D,20240916,000000,58.91,61.09,58.24,59.43,14970,0
OBT.US,D,20240917,000000,60.14,60.14,58.905,59.46,10757,0
OBT.US,D,20240918,000000,59.78,59.795,57.86,59.06,17448,0
OBT.US,D,20240919,000000,60.44,61.23,59.99,61.23,10550,0
OBT.US,D,20240920,000000,60.36,60.75,58.64,59.73,30275,0
OBT.US,D,20240923,000000,59.93,59.93,56.745,58.5,30738,0
OBT.US,D,20240924,000000,59.01,59.01,57.04,57.04,10588,0
OBT.US,D,20240925,000000,57.112,58.865,57.05,57.43,11276,0
OBT.US,D,20240926,000000,57.93,57.94,55.095,56.89,11989,0
OBT.US,D,20240927,000000,57.16,60,56.5,59.65,21687,0
OBT.US,D,20240930,000000,59.89,60.95,59.5,60.32,10815,0
OBT.US,D,20241001,000000,60.5,61.2,58.49,58.51,18310,0
OBT.US,D,20241002,000000,57.8,57.8,54.77,55.39,14586,0
OBT.US,D,20241003,000000,54.59,54.8894,52.68,52.9,14999,0
OBT.US,D,20241004,000000,53.07,55.5,52.94,54.64,30573,0
OBT.US,D,20241007,000000,54.11,55.28,53.115,55.28,19875,0
OBT.US,D,20241008,000000,56.2,56.4,55.65,55.65,9267,0
OBT.US,D,20241009,000000,55.81,56.7586,55.5,55.62,10489,0
OBT.US,D,20241010,000000,54.76,54.76,53,54.49,5553,0
OBT.US,D,20241011,000000,55.6,56.41,55.6,56.39,12497,0
OBT.US,D,20241014,000000,56,56.485,54.83,55.94,17764,0
OBT.US,D,20241015,000000,56.12,56.71,55.8126,56.71,20209,0
OBT.US,D,20241016,000000,56.79,57.43,56.4101,57.4,14221,0
OBT.US,D,20241017,000000,57.67,57.71,57.08,57.51,9846,0
OBT.US,D,20241018,000000,57.73,57.73,56.79,57.09,5217,0
OBT.US,D,20241021,000000,57,57,54.26,54.26,5429,0
OBT.US,D,20241022,000000,54.26,56.89,53.8,56.89,15675,0
OBT.US,D,20241023,000000,55.0001,55.88,54.65,55.35,7014,0
OBT.US,D,20241024,000000,55.09,56.45,54.94,56.45,6709,0
OBT.US,D,20241025,000000,56.4,56.5,53,53.15,21163,0
OBT.US,D,20241028,000000,54.335,57.3,53.456,57.3,15710,0
OBT.US,D,20241029,000000,56.29,57.16,55.24,57.16,5510,0
