<TICKER>,<PER>,<DATE>,<TIME>,<OPEN>,<HIGH>,<LOW>,<CLOSE>,<VOL>,<OPENINT>
OCTO.US,D,20220519,000000,690,690,687.5,687.5,46.54,0
OCTO.US,D,20220531,000000,442,442,430,430,13.1,0
OCTO.US,D,20220601,000000,423,423,423,423,10.78,0
OCTO.US,D,20220602,000000,385,394.5,385,394.5,13.44,0
OCTO.US,D,20220603,000000,409.5,409.5,404,404,9.72,0
OCTO.US,D,20220606,000000,405.5,405.5,405.5,405.5,7.22,0
OCTO.US,D,20220609,000000,415,435,415,435,14.48,0
OCTO.US,D,20220613,000000,385,385,385,385,3.54,0
OCTO.US,D,20220617,000000,300,342,300,341.5,17.86,0
OCTO.US,D,20220627,000000,314.5,315,309.75,309.75,25.38,0
OCTO.US,D,20220628,000000,307.495,314.995,306.9,307.5,36.74,0
OCTO.US,D,20220629,000000,315,315,314.995,314.995,30.38,0
OCTO.US,D,20220630,000000,155,156.5,95,101.5,61982,0
OCTO.US,D,20220701,000000,97.5,99.5,66.5,69.5,53410.6,0
OCTO.US,D,20220705,000000,68,75,61.5,62,34585.82,0
OCTO.US,D,20220706,000000,59,84.5,55,60.5,112763.46,0
OCTO.US,D,20220707,000000,73,83.26,64,66.5,347597.68,0
OCTO.US,D,20220708,000000,64,67.5,62,64,57246.9,0
OCTO.US,D,20220711,000000,59,60.5,56.5,57,31875.42,0
OCTO.US,D,20220712,000000,56,57.5,52,52.5,30032.92,0
OCTO.US,D,20220713,000000,49.245,51,45.5,48.75,28090.96,0
OCTO.US,D,20220714,000000,47.5,48.5,44,45.74,23572.06,0
OCTO.US,D,20220715,000000,47,47,44.8,46.2,19556.04,0
OCTO.US,D,20220718,000000,46,53,46,48.995,46630.26,0
OCTO.US,D,20220719,000000,48.82,59.705,48.5,58.5,62996.06,0
OCTO.US,D,20220720,000000,60.5,62,54.5,55,58588.44,0
OCTO.US,D,20220721,000000,53,56.5,51.5,54.5,31558.42,0
OCTO.US,D,20220722,000000,54.5,54.5,49,51,22056.96,0
OCTO.US,D,20220725,000000,49.5,55.5,48.01,51,24949.98,0
OCTO.US,D,20220726,000000,48.5,49.575,43.5,44.19,32724.86,0
OCTO.US,D,20220727,000000,45.415,89,45.415,63.5,1156590.72,0
OCTO.US,D,20220728,000000,72,73,56.5,67.5,699881.92,0
OCTO.US,D,20220729,000000,61,63,52,55.5,173737.32,0
OCTO.US,D,20220801,000000,53,55.5,50,54,114189.7,0
OCTO.US,D,20220802,000000,57,67.5,55.5,56.5,251605.62,0
OCTO.US,D,20220803,000000,57,58,53,55,90765.2,0
OCTO.US,D,20220804,000000,54.5,59.5,53,55.5,85719.34,0
OCTO.US,D,20220805,000000,54.5,57.5,52.5,53.5,45987.8,0
OCTO.US,D,20220808,000000,54,56.5,53,54.5,51152.6,0
OCTO.US,D,20220809,000000,53.5,54.5,50.5,52.5,37561.48,0
OCTO.US,D,20220810,000000,53.5,55.5,52,55.5,45371.22,0
OCTO.US,D,20220811,000000,56.5,61.995,55,56,57348.54,0
OCTO.US,D,20220812,000000,56.5,60,56.5,59.5,44712.98,0
OCTO.US,D,20220815,000000,54.25,55,52.5,54,41970.68,0
OCTO.US,D,20220816,000000,54,65,52.5,56,183692.3,0
OCTO.US,D,20220817,000000,56.5,61.5,54,54.5,114518,0
OCTO.US,D,20220818,000000,56,57,53.5,55.5,58655.96,0
OCTO.US,D,20220819,000000,53.5,54.5,49.32,51,69381.84,0
OCTO.US,D,20220822,000000,50.5,51.5,48.25,48.6,32896.82,0
OCTO.US,D,20220823,000000,48.25,49,43.425,44.255,48695.88,0
OCTO.US,D,20220824,000000,45,46.245,44.505,45.13,18917.26,0
OCTO.US,D,20220825,000000,46,46.915,44.5,44.745,17606.56,0
OCTO.US,D,20220826,000000,45.4,45.495,43,43.285,19752.54,0
OCTO.US,D,20220829,000000,41.5,44,41.5,43.34,19831.94,0
OCTO.US,D,20220830,000000,42.5,43.495,39.25,39.415,25479.24,0
OCTO.US,D,20220831,000000,39.505,40,39,39.35,7640.8,0
OCTO.US,D,20220901,000000,39.045,39.886,36.255,38.34,14792.58,0
OCTO.US,D,20220902,000000,40,41.25,37.35,38.765,14047.68,0
OCTO.US,D,20220906,000000,39.605,39.99,38.315,39.25,7194.98,0
OCTO.US,D,20220907,000000,38.995,39.95,38.015,38.855,6084.98,0
OCTO.US,D,20220908,000000,38.05,40,37.1,37.82,6631.2,0
OCTO.US,D,20220909,000000,38.86,40,38.155,39.41,9837.44,0
OCTO.US,D,20220912,000000,40,43,38.5,40.635,21145.2,0
OCTO.US,D,20220913,000000,38.55,39.5,38.05,38.74,10646.48,0
OCTO.US,D,20220914,000000,38.5,40.655,37.525,39.685,9983.18,0
OCTO.US,D,20220915,000000,45,46,39.51,40.775,104611.82,0
OCTO.US,D,20220916,000000,40.21,40.89,36.665,37,21569.08,0
OCTO.US,D,20220919,000000,36.965,37.935,33,33.515,19026.6,0
OCTO.US,D,20220920,000000,34,36,33.5,35,12412,0
OCTO.US,D,20220921,000000,34.745,37.3,33,34.5,13324.22,0
OCTO.US,D,20220922,000000,34.57,35.9,32.745,34.66,11284.4,0
OCTO.US,D,20220923,000000,34.06,35.5,32.75,34.57,13601.2,0
OCTO.US,D,20220926,000000,33.535,36.5,33,33.5,7961.42,0
OCTO.US,D,20220927,000000,33.705,34.975,33.15,34.025,5457.2,0
OCTO.US,D,20220928,000000,32.93,35.465,32.6,34.51,6307.24,0
OCTO.US,D,20220929,000000,34.525,34.865,33.25,34.185,5442.64,0
OCTO.US,D,20220930,000000,34.25,35.5,33.65,34.635,7423.52,0
OCTO.US,D,20221003,000000,34.05,36.5,34.05,35.32,5651.52,0
OCTO.US,D,20221004,000000,36.41,36.515,35.3,35.84,6424.86,0
OCTO.US,D,20221005,000000,35.26,37,35,36.515,4922.24,0
OCTO.US,D,20221006,000000,36.5,38,36,37.55,6265.34,0
OCTO.US,D,20221007,000000,37.93,37.93,35.5,36.41,5530.9,0
OCTO.US,D,20221010,000000,35.5,37.5,33.95,36.81,7786.02,0
OCTO.US,D,20221011,000000,36.815,37.125,35.25,36.5,3006.56,0
OCTO.US,D,20221012,000000,36.5,36.575,34.5,36.035,3744.08,0
OCTO.US,D,20221013,000000,34.32,37.25,34.32,37.005,3719.24,0
OCTO.US,D,20221014,000000,36.5,38,36.055,37.61,6672.4,0
OCTO.US,D,20221017,000000,37.5,39.245,36.55,39.07,6760.24,0
OCTO.US,D,20221018,000000,39.5,40,35.55,36.595,10600.84,0
OCTO.US,D,20221019,000000,36.345,36.865,35,35.5,4458.6,0
OCTO.US,D,20221020,000000,35.425,35.75,34.25,35.265,3531.4,0
OCTO.US,D,20221021,000000,35.3,35.3,32.9915,33.925,7134.94,0
OCTO.US,D,20221024,000000,33.75,33.75,30.55,31.75,6333.36,0
OCTO.US,D,20221025,000000,31.525,33.5,31.5,32.815,8568.02,0
OCTO.US,D,20221026,000000,32,33.77,31.1,31.225,7337.64,0
OCTO.US,D,20221027,000000,31.715,31.995,28.055,28.86,12592.62,0
OCTO.US,D,20221028,000000,28.525,28.995,26,28.55,12181.62,0
OCTO.US,D,20221031,000000,27.875,28.005,26.08,27.135,4265.48,0
OCTO.US,D,20221101,000000,28,28.075,26.5,27.31,7104.54,0
OCTO.US,D,20221102,000000,27.5,27.5,26.055,26.055,5364.04,0
OCTO.US,D,20221103,000000,26.785,27,22.8025,23.37,13104.6,0
OCTO.US,D,20221104,000000,23.35,23.9,22.55,22.98,4753.7,0
OCTO.US,D,20221107,000000,22.98,24.905,20.71,22.4,7149.5,0
OCTO.US,D,20221108,000000,21.75,23.495,21.5,21.875,4142.28,0
OCTO.US,D,20221109,000000,21.5,21.55,18.505,19.21,7718.8,0
OCTO.US,D,20221110,000000,19.275,21.5,19.255,21.35,5619.78,0
OCTO.US,D,20221111,000000,20.95,23,20.555,22.625,4773.7,0
OCTO.US,D,20221114,000000,22.805,23,21.23,22.2,3358.1,0
OCTO.US,D,20221115,000000,22.5,23.6,21.915,22.5,3814.82,0
OCTO.US,D,20221116,000000,22.5,22.5,21.05,21.5,2483.56,0
OCTO.US,D,20221117,000000,21.45,22,20.24,20.6,3095.82,0
OCTO.US,D,20221118,000000,21.5,21.5,20.005,20.16,2589.62,0
OCTO.US,D,20221121,000000,20.5,20.5,18.5,18.77,4419.7,0
OCTO.US,D,20221122,000000,19,19,17.55,18.745,11097.96,0
OCTO.US,D,20221123,000000,18.44,18.44,17.5,17.8,5562.02,0
OCTO.US,D,20221125,000000,17.75,17.8,16.5,16.71,4031.28,0
OCTO.US,D,20221128,000000,16.665,17,15,15.15,10714.12,0
OCTO.US,D,20221129,000000,15.45,15.45,14.05,14.505,11076.72,0
OCTO.US,D,20221130,000000,15,15,14.25,14.75,4747.22,0
OCTO.US,D,20221201,000000,15,15.25,14.57,14.965,4743.44,0
OCTO.US,D,20221202,000000,14.965,15,14.495,14.995,4750.88,0
OCTO.US,D,20221205,000000,15,15,14.4,14.5,2746.22,0
OCTO.US,D,20221206,000000,14.425,14.425,12.525,13.225,8109.26,0
OCTO.US,D,20221207,000000,13.91,13.91,12.555,12.905,4889.58,0
OCTO.US,D,20221208,000000,12.905,13.5,12.5,12.865,8043.32,0
OCTO.US,D,20221209,000000,12.79,13.495,12.56,13.295,2860.9,0
OCTO.US,D,20221212,000000,13.5,15.125,13.3,14.12,9019.74,0
OCTO.US,D,20221213,000000,13.995,14.75,13.25,13.49,4569.56,0
OCTO.US,D,20221214,000000,13.085,14,12.5,13.59,6691.42,0
OCTO.US,D,20221215,000000,13.18,14.7,12.8205,13.06,20318.28,0
OCTO.US,D,20221216,000000,13,15,12.55,15,15715.32,0
OCTO.US,D,20221219,000000,14.55,14.55,13.305,14.415,7362.96,0
OCTO.US,D,20221220,000000,13.425,14.4,13.06,14.4,7886.62,0
OCTO.US,D,20221221,000000,13.28,14,13.065,13.325,4401.4,0
OCTO.US,D,20221222,000000,13.43,13.885,11.9,12.165,7955.32,0
OCTO.US,D,20221223,000000,12.875,13.45,11.75,11.82,2582.56,0
OCTO.US,D,20221227,000000,10.355,12,10.355,11.045,5708.48,0
OCTO.US,D,20221228,000000,11.075,11.26,8.65,9.575,12131.64,0
OCTO.US,D,20221229,000000,8.915,9.995,8.81,9.59,17420.42,0
OCTO.US,D,20221230,000000,9.3,9.875,9.3,9.585,8615.68,0
OCTO.US,D,20230103,000000,9.445,10,9.26,9.65,7009.8,0
OCTO.US,D,20230104,000000,11.5,28.5,10.605,17.5,1402645.12,0
OCTO.US,D,20230105,000000,14.5,15.94,13.425,14.7,99094.12,0
OCTO.US,D,20230106,000000,15.17,21.5,13.05,16.22,197166.62,0
OCTO.US,D,20230109,000000,17.25,19.5,14.505,16.14,72158.58,0
OCTO.US,D,20230110,000000,16.5,17,15.55,16.045,31724.58,0
OCTO.US,D,20230111,000000,16.045,17,14.25,15,36511.18,0
OCTO.US,D,20230112,000000,15.425,17,14.5,15.28,89891.84,0
OCTO.US,D,20230113,000000,15,15.5,14,14.8,99778.32,0
OCTO.US,D,20230117,000000,14.85,15.675,14.325,15,64478.56,0
OCTO.US,D,20230118,000000,14.71,15,13,13.295,58083.8,0
OCTO.US,D,20230119,000000,13.675,13.87,12.61,13,33329.24,0
OCTO.US,D,20230120,000000,13.5,14.75,13,13.99,92760.88,0
OCTO.US,D,20230123,000000,14,15.87,12.9,13.965,349710.9,0
OCTO.US,D,20230124,000000,13.255,13.49,12.5,12.845,168573.2,0
OCTO.US,D,20230125,000000,12.855,12.99,11.5,12.055,107257.86,0
OCTO.US,D,20230126,000000,14.565,17.5,10.6,11.4,2258518.86,0
OCTO.US,D,20230127,000000,10.93,11,9.945,10.355,449552.76,0
OCTO.US,D,20230130,000000,10.23,10.7,9.55,10.16,223494.38,0
OCTO.US,D,20230131,000000,10,11.12,9.9,10.775,151168.76,0
OCTO.US,D,20230201,000000,10.795,10.795,10.05,10.42,96951.7,0
OCTO.US,D,20230202,000000,10.25,11.2,10.1,10.845,168976.96,0
OCTO.US,D,20230203,000000,10.845,10.99,10.05,10.19,146643.44,0
OCTO.US,D,20230206,000000,10.5,10.85,10.155,10.415,99037.88,0
OCTO.US,D,20230207,000000,10.415,10.5,9.89505,10.08,88773.02,0
OCTO.US,D,20230208,000000,10.245,10.39,9.675,9.7,71525.1,0
OCTO.US,D,20230209,000000,11.04,11.5,9.59,9.73,649016.76,0
OCTO.US,D,20230210,000000,9.5,9.5,8.75,8.96,155341.46,0
OCTO.US,D,20230213,000000,9.04,10.35,9,9.505,123864.2,0
OCTO.US,D,20230214,000000,9.275,9.9,9.25,9.495,47280.88,0
OCTO.US,D,20230215,000000,9.39,9.62,9.34,9.595,88735.64,0
OCTO.US,D,20230216,000000,9.45,9.595,8.9,9.2,97853.68,0
OCTO.US,D,20230217,000000,9.2,9.245,8.555,8.65,97609.58,0
OCTO.US,D,20230221,000000,8.98,8.98,8,8.305,85378.74,0
OCTO.US,D,20230222,000000,8,9.31,7.75,9.07,107671.6,0
OCTO.US,D,20230223,000000,9,9.2,8.5,9.065,49809.42,0
OCTO.US,D,20230224,000000,8.865,9.055,8.2,8.45,44863.06,0
OCTO.US,D,20230227,000000,8.195,8.67,8.195,8.575,25443.72,0
OCTO.US,D,20230228,000000,8.655,9,8.33,8.57,21846.14,0
OCTO.US,D,20230301,000000,8.9,8.95,8.5,8.78,33951.32,0
OCTO.US,D,20230302,000000,8.625,9.275,8.625,9,34303.2,0
OCTO.US,D,20230303,000000,9.02,9.03,8.64,9.005,26932.68,0
OCTO.US,D,20230306,000000,8.755,9,8.665,8.82,26567.2,0
OCTO.US,D,20230307,000000,8.87,8.925,7.81,8.49,49328.46,0
OCTO.US,D,20230308,000000,8.4,8.4,8,8.06,36494.34,0
OCTO.US,D,20230309,000000,8.35,8.35,7.675,7.88,38542.6,0
OCTO.US,D,20230310,000000,7.705,7.895,7.05505,7.25,47203.42,0
OCTO.US,D,20230313,000000,7.495,7.51,7,7.36,36766.08,0
OCTO.US,D,20230314,000000,7.355,8,6.9,7.015,37700.94,0
OCTO.US,D,20230315,000000,6.805,7.005,6.01,6.245,56929.78,0
OCTO.US,D,20230316,000000,6,6.25,5.05,5.35,174384.64,0
OCTO.US,D,20230317,000000,5.3,5.455,4.28,4.9,151112.8,0
OCTO.US,D,20230320,000000,4.835,5.265,4.75,4.935,44283.42,0
OCTO.US,D,20230321,000000,4.93,5.95,4.93,5.475,193785.34,0
OCTO.US,D,20230322,000000,5.37,5.37,4.76,4.92,71701.76,0
OCTO.US,D,20230323,000000,4.87,5.35,4.57,4.835,109661.32,0
OCTO.US,D,20230324,000000,4.75,5.1,4.25,4.505,151907.08,0
OCTO.US,D,20230327,000000,4.6,4.755,4.35,4.46,79243,0
OCTO.US,D,20230328,000000,4.455,4.5,4.055,4.115,72299.14,0
OCTO.US,D,20230329,000000,4.25,4.4,4.09,4.345,77028.84,0
OCTO.US,D,20230330,000000,4.5,4.85,4.16,4.22,181392.62,0
OCTO.US,D,20230331,000000,4.2,4.35,3.91,4.16,150560.7,0
OCTO.US,D,20230403,000000,4.15,4.15,2.755,2.855,475940.34,0
OCTO.US,D,20230404,000000,3.2,3.2,2.2101,2.32,984000,0
OCTO.US,D,20230405,000000,2.19,2.3,1.85,1.85,250800,0
OCTO.US,D,20230406,000000,2.41,3,1.6079,2.36,14026200,0
OCTO.US,D,20230410,000000,2.18,2.46,2.0301,2.36,851100,0
OCTO.US,D,20230411,000000,2.38,2.45,2.11,2.3,654300,0
OCTO.US,D,20230412,000000,2.34,2.43,2.195,2.29,162900,0
OCTO.US,D,20230413,000000,2.25,2.5199,2.25,2.49,225000,0
OCTO.US,D,20230414,000000,2.55,4.46,2.5001,3.11,3009800,0
OCTO.US,D,20230417,000000,3.2,3.28,2.81,2.95,417000,0
OCTO.US,D,20230418,000000,2.75,2.75,2.5,2.65,278100,0
OCTO.US,D,20230419,000000,2.63,2.77,2.33,2.76,216500,0
OCTO.US,D,20230420,000000,2.7,3.15,2.635,2.99,409300,0
OCTO.US,D,20230421,000000,2.88,2.92,2.5,2.57,221400,0
OCTO.US,D,20230424,000000,2.54,2.6542,2.41,2.45,153800,0
OCTO.US,D,20230425,000000,2.41,2.5299,2.21,2.26,105800,0
OCTO.US,D,20230426,000000,2.22,2.29,2.13,2.21,101200,0
OCTO.US,D,20230427,000000,2.19,2.2,1.98,2.05,143600,0
OCTO.US,D,20230428,000000,1.98,2,1.85,1.91,154700,0
OCTO.US,D,20230501,000000,1.95,2.15,1.94,2.1,113200,0
OCTO.US,D,20230502,000000,2.08,2.8,2.0129,2.72,859500,0
OCTO.US,D,20230503,000000,2.39,2.49,2.2,2.26,216600,0
OCTO.US,D,20230504,000000,2.34,2.37,2.16,2.2,85700,0
OCTO.US,D,20230505,000000,2.21,2.4,2.15,2.26,116500,0
OCTO.US,D,20230508,000000,2.31,2.39,2.22,2.27,50500,0
OCTO.US,D,20230509,000000,2.34,2.35,2.1,2.12,89800,0
OCTO.US,D,20230510,000000,2.1,2.24,2.02,2.07,83900,0
OCTO.US,D,20230511,000000,2.13,2.14,2.01,2.03,57100,0
OCTO.US,D,20230512,000000,2.08,2.086,1.9,2,56800,0
OCTO.US,D,20230515,000000,2,2.04,1.94,2.01,37900,0
OCTO.US,D,20230516,000000,1.96,2.055,1.94,2,25700,0
OCTO.US,D,20230517,000000,2.26,2.44,1.7819,2,6292500,0
OCTO.US,D,20230518,000000,1.84,1.98,1.81,1.9,351200,0
OCTO.US,D,20230519,000000,1.82,1.9,1.8,1.84,168500,0
OCTO.US,D,20230522,000000,1.85,2.02,1.84,1.95,220700,0
OCTO.US,D,20230523,000000,1.96,1.98,1.85,1.89,89700,0
OCTO.US,D,20230524,000000,1.87,1.875,1.815,1.84,43100,0
OCTO.US,D,20230525,000000,2.05,2.1,1.72,1.88,1018700,0
OCTO.US,D,20230526,000000,1.88,1.92,1.81,1.9,86500,0
OCTO.US,D,20230530,000000,1.93,1.93,1.85,1.9,78933,0
OCTO.US,D,20230531,000000,1.9,1.92,1.75,1.78,57594,0
OCTO.US,D,20230601,000000,1.79,1.85,1.7601,1.79,46030,0
OCTO.US,D,20230602,000000,1.87,1.87,1.76,1.82,72147,0
OCTO.US,D,20230605,000000,1.9,1.9,1.77,1.81,71214,0
OCTO.US,D,20230606,000000,1.84,1.92,1.77,1.82,152124,0
OCTO.US,D,20230607,000000,1.84,1.88,1.78,1.81,43363,0
OCTO.US,D,20230608,000000,1.8,1.85,1.78,1.85,57913,0
OCTO.US,D,20230609,000000,1.86,1.89,1.78,1.85,80737,0
OCTO.US,D,20230612,000000,1.81,2.2,1.78,1.96,517758,0
OCTO.US,D,20230613,000000,1.95,1.99,1.57,1.71,313818,0
OCTO.US,D,20230614,000000,1.73,1.8,1.65,1.77,135448,0
OCTO.US,D,20230615,000000,1.76,1.76,1.64,1.72,60820,0
OCTO.US,D,20230616,000000,1.74,1.77,1.7,1.73,60523,0
OCTO.US,D,20230620,000000,1.7,1.78,1.69,1.76,77742,0
OCTO.US,D,20230621,000000,1.85,1.99,1.7101,1.85,4885779,0
OCTO.US,D,20230622,000000,1.71,1.7255,1.53,1.65,306869,0
OCTO.US,D,20230623,000000,1.58,1.63,1.54,1.54,280073,0
OCTO.US,D,20230626,000000,1.5807,1.584,1.43,1.49,93866,0
OCTO.US,D,20230627,000000,1.5,1.53,1.44,1.47,85194,0
OCTO.US,D,20230628,000000,1.49,1.495,1.44,1.45,59319,0
OCTO.US,D,20230629,000000,1.43,1.5,1.4,1.43,54977,0
OCTO.US,D,20230630,000000,1.44,1.56,1.41,1.41,127939,0
OCTO.US,D,20230703,000000,1.43,1.5299,1.43,1.43,97440,0
OCTO.US,D,20230705,000000,1.45,1.46,1.35,1.39,161190,0
OCTO.US,D,20230706,000000,1.43,1.43,1.32,1.33,50313,0
OCTO.US,D,20230707,000000,1.37,1.42,1.315,1.36,104238,0
OCTO.US,D,20230710,000000,1.35,1.5,1.3453,1.42,174782,0
OCTO.US,D,20230711,000000,1.44,1.4479,1.38,1.39,78544,0
OCTO.US,D,20230712,000000,1.46,1.5,1.41,1.49,647971,0
OCTO.US,D,20230713,000000,1.54,1.83,1.53,1.62,753537,0
OCTO.US,D,20230714,000000,1.59,1.6,1.47,1.51,162451,0
OCTO.US,D,20230717,000000,1.52,1.62,1.48,1.6,162012,0
OCTO.US,D,20230718,000000,1.6,1.62,1.52,1.58,34542,0
OCTO.US,D,20230719,000000,1.59,1.59,1.51,1.51,56169,0
OCTO.US,D,20230720,000000,1.55,1.55,1.45,1.51,73935,0
OCTO.US,D,20230721,000000,1.54,1.54,1.43,1.5,55104,0
OCTO.US,D,20230724,000000,1.5,1.7473,1.47,1.67,717042,0
OCTO.US,D,20230725,000000,1.69,1.69,1.4801,1.52,165923,0
OCTO.US,D,20230726,000000,1.52,1.61,1.48,1.55,63002,0
OCTO.US,D,20230727,000000,1.54,1.66,1.5,1.54,126274,0
OCTO.US,D,20230728,000000,1.57,1.5899,1.39,1.45,188546,0
OCTO.US,D,20230731,000000,1.44,1.5,1.3,1.4,172453,0
OCTO.US,D,20230801,000000,1.36,1.4556,1.36,1.42,37908,0
OCTO.US,D,20230802,000000,1.39,1.44,1.39,1.4,43360,0
OCTO.US,D,20230803,000000,1.42,1.42,1.36,1.37,31349,0
OCTO.US,D,20230804,000000,1.39,1.39,1.35,1.35,40294,0
OCTO.US,D,20230807,000000,1.35,1.37,1.29,1.29,43814,0
OCTO.US,D,20230808,000000,1.27,1.29,1.21,1.27,65083,0
OCTO.US,D,20230809,000000,1.24,1.29,1.24,1.26,19436,0
OCTO.US,D,20230810,000000,1.252,1.29,1.2,1.22,38012,0
OCTO.US,D,20230811,000000,1.18,1.1831,1.06,1.07,109708,0
OCTO.US,D,20230814,000000,1.1,1.11,1.03,1.08,28149,0
OCTO.US,D,20230815,000000,1.09,1.09,1.0101,1.06,26254,0
OCTO.US,D,20230816,000000,1.2,1.64,0.86,0.899,25527818,0
OCTO.US,D,20230817,000000,0.89,0.898,0.7,0.74,936296,0
OCTO.US,D,20230818,000000,0.6491,0.7399,0.63,0.7208,422171,0
OCTO.US,D,20230821,000000,0.7151,0.7272,0.68,0.705,131130,0
OCTO.US,D,20230822,000000,0.701,0.72,0.675,0.7045,110124,0
OCTO.US,D,20230823,000000,0.691,0.72,0.6501,0.711,243103,0
OCTO.US,D,20230824,000000,0.6897,0.7,0.64,0.66,149090,0
OCTO.US,D,20230825,000000,0.651,0.6549,0.6054,0.64,80691,0
OCTO.US,D,20230828,000000,0.64,0.67,0.6235,0.669,97972,0
OCTO.US,D,20230829,000000,0.641,0.6989,0.63,0.6795,204087,0
OCTO.US,D,20230830,000000,0.6866,0.6866,0.6502,0.651,72997,0
OCTO.US,D,20230831,000000,0.6767,0.6767,0.62,0.6499,56959,0
OCTO.US,D,20230901,000000,0.65,0.6595,0.6325,0.642,36842,0
OCTO.US,D,20230905,000000,0.659,0.659,0.611,0.6253,59901,0
OCTO.US,D,20230906,000000,0.63,0.6999,0.616,0.67,529952,0
OCTO.US,D,20230907,000000,0.6734,0.83,0.62,0.799199,1202988,0
OCTO.US,D,20230908,000000,0.734,0.74,0.6405,0.678,283206,0
OCTO.US,D,20230911,000000,0.693,0.95,0.67,0.92,2209988,0
OCTO.US,D,20230912,000000,0.778,0.782399,0.7,0.729899,673756,0
OCTO.US,D,20230913,000000,0.7079,0.714501,0.65,0.699,193167,0
OCTO.US,D,20230914,000000,0.67,0.7184,0.67,0.701,162470,0
OCTO.US,D,20230915,000000,0.7,0.7,0.635,0.6729,183613,0
OCTO.US,D,20230918,000000,0.6863,0.6863,0.6201,0.6365,56760,0
OCTO.US,D,20230919,000000,0.6701,0.6701,0.61,0.6302,64360,0
OCTO.US,D,20230920,000000,0.62,0.639,0.611,0.6323,50804,0
OCTO.US,D,20230921,000000,0.611,0.635,0.6001,0.632,69751,0
OCTO.US,D,20230922,000000,0.63,0.6389,0.6,0.61,107395,0
OCTO.US,D,20230925,000000,0.6,0.629,0.59,0.601,21467,0
OCTO.US,D,20230926,000000,0.62,0.62,0.591,0.609,44788,0
OCTO.US,D,20230927,000000,0.5888,0.616972,0.5715,0.58,54073,0
OCTO.US,D,20230928,000000,0.6069,0.6069,0.551,0.591001,76513,0
OCTO.US,D,20230929,000000,0.5827,0.5957,0.56,0.563,54328,0
OCTO.US,D,20231002,000000,0.56,0.59,0.53,0.5349,69411,0
OCTO.US,D,20231003,000000,0.528,0.54,0.510301,0.529701,55308,0
OCTO.US,D,20231004,000000,0.5278,0.54,0.5002,0.5102,69383,0
OCTO.US,D,20231005,000000,0.505,0.529,0.475,0.485,81730,0
OCTO.US,D,20231006,000000,0.4841,0.5,0.4503,0.4851,52262,0
OCTO.US,D,20231009,000000,0.4753,0.498,0.45,0.47,44385,0
OCTO.US,D,20231010,000000,0.4808,0.489,0.4298,0.4772,74288,0
OCTO.US,D,20231011,000000,0.4769,0.4784,0.435,0.451,78401,0
OCTO.US,D,20231012,000000,0.48,0.489,0.446,0.467,57065,0
OCTO.US,D,20231013,000000,0.48,0.8,0.448,0.6199,685170,0
OCTO.US,D,20231016,000000,0.57,0.62,0.55,0.5899,76408,0
OCTO.US,D,20231017,000000,0.589899,0.5899,0.44,0.4985,149983,0
OCTO.US,D,20231018,000000,0.524,0.5747,0.510101,0.5639,60005,0
OCTO.US,D,20231019,000000,0.568,0.568,0.5116,0.5116,72838,0
OCTO.US,D,20231020,000000,0.55,0.55,0.5,0.5,42641,0
OCTO.US,D,20231023,000000,0.5321,0.568899,0.51,0.5273,58190,0
OCTO.US,D,20231024,000000,0.51,0.609,0.51,0.5121,599740,0
OCTO.US,D,20231025,000000,0.53,0.53,0.44,0.4494,182276,0
OCTO.US,D,20231026,000000,0.4498,0.52,0.43,0.4786,145173,0
OCTO.US,D,20231027,000000,0.4829,0.4853,0.4491,0.4675,26733,0
OCTO.US,D,20231030,000000,0.491,0.491,0.4505,0.47,71784,0
OCTO.US,D,20231031,000000,0.49,0.49,0.44,0.4857,41244,0
OCTO.US,D,20231101,000000,0.485,0.5089,0.46,0.499,23344,0
OCTO.US,D,20231102,000000,0.5007,0.549,0.5007,0.53,78585,0
OCTO.US,D,20231103,000000,0.55,0.55,0.4921,0.529,28408,0
OCTO.US,D,20231106,000000,0.55,0.583,0.543301,0.55,72776,0
OCTO.US,D,20231107,000000,0.5675,0.5775,0.55,0.5577,19892,0
OCTO.US,D,20231108,000000,0.57,0.5775,0.52,0.5688,52845,0
OCTO.US,D,20231109,000000,0.56,0.56,0.52,0.5362,37921,0
OCTO.US,D,20231110,000000,0.5362,0.5362,0.49,0.5199,30258,0
OCTO.US,D,20231113,000000,0.5397,0.5489,0.49,0.53,19177,0
OCTO.US,D,20231114,000000,0.54,0.55,0.495,0.5051,54529,0
OCTO.US,D,20231115,000000,0.55,0.55,0.5,0.545,54119,0
OCTO.US,D,20231116,000000,0.54,0.5428,0.5155,0.5398,27057,0
OCTO.US,D,20231117,000000,0.5398,0.598,0.5221,0.589,82691,0
OCTO.US,D,20231120,000000,0.5949,0.5949,0.55,0.58,67482,0
OCTO.US,D,20231121,000000,0.58,0.598,0.57,0.58,27754,0
OCTO.US,D,20231122,000000,0.598,0.6189,0.5738,0.615,85376,0
OCTO.US,D,20231124,000000,0.5901,0.6194,0.5901,0.6194,18482,0
OCTO.US,D,20231127,000000,0.6002,0.6799,0.6002,0.647,189749,0
OCTO.US,D,20231128,000000,0.7,0.705,0.6512,0.6782,120745,0
OCTO.US,D,20231129,000000,0.69,0.7297,0.6607,0.72,90853,0
OCTO.US,D,20231130,000000,0.7457,0.7457,0.5802,0.62,144286,0
OCTO.US,D,20231201,000000,0.58,0.6399,0.58,0.61,40267,0
OCTO.US,D,20231204,000000,0.6598,0.6699,0.6111,0.6399,97708,0
OCTO.US,D,20231205,000000,0.6303,0.6804,0.605,0.65,35396,0
OCTO.US,D,20231206,000000,0.6338,0.65,0.61,0.6496,34708,0
OCTO.US,D,20231207,000000,0.64,0.65,0.6162,0.6331,12877,0
OCTO.US,D,20231208,000000,0.626,0.65,0.62,0.6203,32551,0
OCTO.US,D,20231211,000000,0.62,0.679899,0.62,0.6409,29238,0
OCTO.US,D,20231212,000000,0.64,0.641,0.6191,0.63,20246,0
OCTO.US,D,20231213,000000,0.63,0.6363,0.571,0.5841,49051,0
OCTO.US,D,20231214,000000,0.6011,0.6297,0.5601,0.583,43236,0
OCTO.US,D,20231215,000000,0.57,0.61,0.5688,0.57,60095,0
OCTO.US,D,20231218,000000,0.5685,0.5699,0.5098,0.54,73197,0
OCTO.US,D,20231219,000000,0.51,0.5381,0.44,0.4899,93152,0
OCTO.US,D,20231220,000000,0.52,0.527499,0.4672,0.497399,31836,0
OCTO.US,D,20231221,000000,0.5013,0.5199,0.48,0.490517,50671,0
OCTO.US,D,20231222,000000,0.5,0.505051,0.47,0.4814,55964,0
OCTO.US,D,20231226,000000,0.47,0.4994,0.460999,0.4825,63253,0
OCTO.US,D,20231227,000000,0.49,0.595,0.48,0.5501,227676,0
OCTO.US,D,20231228,000000,0.5483,0.5698,0.5122,0.569,96780,0
OCTO.US,D,20231229,000000,0.5519,0.5804,0.513,0.514,59090,0
OCTO.US,D,20240102,000000,0.5565,0.5679,0.5008,0.5008,48552,0
OCTO.US,D,20240103,000000,0.509,0.57,0.5013,0.5249,23338,0
OCTO.US,D,20240104,000000,0.53,0.5498,0.4962,0.5199,27691,0
OCTO.US,D,20240105,000000,0.5359,0.5359,0.501,0.5015,37240,0
OCTO.US,D,20240108,000000,0.5081,0.5495,0.481,0.526,112554,0
OCTO.US,D,20240109,000000,0.5255,0.5255,0.482,0.49,49508,0
OCTO.US,D,20240110,000000,0.491,0.4949,0.46,0.47,324925,0
OCTO.US,D,20240111,000000,0.51,0.6828,0.5069,0.56,2883268,0
OCTO.US,D,20240112,000000,0.51,0.58,0.51,0.5335,291220,0
OCTO.US,D,20240116,000000,0.54,0.54,0.47,0.4836,100935,0
OCTO.US,D,20240117,000000,0.48,0.5083,0.44,0.454,137327,0
OCTO.US,D,20240118,000000,0.467,0.489,0.45,0.4699,59795,0
OCTO.US,D,20240119,000000,0.4575,0.48,0.433,0.451,197278,0
OCTO.US,D,20240122,000000,0.5017,0.67,0.471,0.65,8158874,0
OCTO.US,D,20240123,000000,0.65,0.7299,0.581,0.671,1150429,0
OCTO.US,D,20240124,000000,0.6532,0.7,0.593,0.6635,292479,0
OCTO.US,D,20240125,000000,0.66,0.683,0.611,0.6695,110579,0
OCTO.US,D,20240126,000000,0.6494,0.683,0.6013,0.62,183358,0
OCTO.US,D,20240129,000000,0.63,0.6492,0.6,0.6349,110098,0
OCTO.US,D,20240130,000000,0.6349,0.65,0.61,0.6101,51194,0
OCTO.US,D,20240131,000000,0.6227,0.64,0.6101,0.6211,33557,0
OCTO.US,D,20240201,000000,0.62,0.62,0.5605,0.5889,150358,0
OCTO.US,D,20240202,000000,0.5712,0.5925,0.56,0.58,25837,0
OCTO.US,D,20240205,000000,0.5978,0.5978,0.5208,0.57,80543,0
OCTO.US,D,20240206,000000,0.5754,0.58,0.5433,0.560101,43397,0
OCTO.US,D,20240207,000000,0.56,0.57,0.5403,0.5539,30597,0
OCTO.US,D,20240208,000000,0.541,0.613,0.541,0.5622,52357,0
OCTO.US,D,20240209,000000,0.61,0.6725,0.5573,0.62,278497,0
OCTO.US,D,20240212,000000,0.62,0.6799,0.578,0.66,184216,0
OCTO.US,D,20240213,000000,0.6345,0.6662,0.6235,0.6525,50951,0
OCTO.US,D,20240214,000000,0.646,0.69,0.6342,0.669,122204,0
OCTO.US,D,20240215,000000,0.647,0.722,0.647,0.709199,365404,0
OCTO.US,D,20240216,000000,0.71,0.722,0.7,0.7215,316521,0
OCTO.US,D,20240220,000000,0.7214,0.7214,0.65,0.6829,79714,0
OCTO.US,D,20240221,000000,0.71,0.7212,0.6652,0.7212,87361,0
OCTO.US,D,20240222,000000,0.7212,0.7212,0.68,0.6901,90684,0
OCTO.US,D,20240223,000000,0.68,0.708,0.588,0.615,161712,0
OCTO.US,D,20240226,000000,0.615,0.65945,0.615,0.625,286401,0
OCTO.US,D,20240227,000000,0.6252,0.688,0.6055,0.6474,167535,0
OCTO.US,D,20240228,000000,0.68,0.69,0.63,0.669699,124306,0
OCTO.US,D,20240229,000000,0.6496,0.6721,0.62352,0.64,59820,0
OCTO.US,D,20240301,000000,0.648,0.6898,0.635,0.65,114371,0
OCTO.US,D,20240304,000000,0.6731,0.6731,0.6319,0.649899,134863,0
OCTO.US,D,20240305,000000,0.641,0.6639,0.6314,0.6314,136256,0
OCTO.US,D,20240306,000000,0.641,0.655,0.623,0.64,43270,0
OCTO.US,D,20240307,000000,0.63,0.6498,0.63,0.6496,97579,0
OCTO.US,D,20240308,000000,0.6711,0.76,0.65,0.7596,1286907,0
OCTO.US,D,20240311,000000,0.7445,0.7585,0.68,0.731,382087,0
OCTO.US,D,20240312,000000,0.745,0.745,0.7019,0.7272,142069,0
OCTO.US,D,20240313,000000,0.7154,0.7643,0.6497,0.7056,334183,0
OCTO.US,D,20240314,000000,0.7101,0.7101,0.6632,0.6632,52740,0
OCTO.US,D,20240315,000000,0.6478,0.8498,0.636,0.81,461899,0
OCTO.US,D,20240318,000000,0.819,0.8994,0.798,0.83,332282,0
OCTO.US,D,20240319,000000,0.839,0.839,0.7581,0.7802,93950,0
OCTO.US,D,20240320,000000,0.78,0.8324,0.71,0.731,164034,0
OCTO.US,D,20240321,000000,0.768,0.769,0.75,0.769,50991,0
OCTO.US,D,20240322,000000,0.77,0.77,0.7101,0.73,94978,0
OCTO.US,D,20240325,000000,0.74,0.7935,0.74,0.7775,91708,0
OCTO.US,D,20240326,000000,0.7865,0.7865,0.75,0.78,70309,0
OCTO.US,D,20240327,000000,0.7625,0.7936,0.7405,0.79,76359,0
OCTO.US,D,20240328,000000,0.78,0.86,0.7661,0.792,157888,0
OCTO.US,D,20240401,000000,0.8316,0.845,0.773,0.785,50338,0
OCTO.US,D,20240402,000000,0.799,0.8,0.76,0.799,146663,0
OCTO.US,D,20240403,000000,0.8,0.83,0.761,0.8224,95642,0
OCTO.US,D,20240404,000000,0.82,0.899,0.7804,0.8599,176048,0
OCTO.US,D,20240405,000000,0.85,0.85,0.826,0.8352,59279,0
OCTO.US,D,20240408,000000,0.85,0.85,0.8,0.82,65679,0
OCTO.US,D,20240409,000000,0.8118,0.8369,0.77,0.777499,71998,0
OCTO.US,D,20240410,000000,0.78,0.7999,0.775,0.79,61905,0
OCTO.US,D,20240411,000000,0.795,0.7999,0.7601,0.7851,38173,0
OCTO.US,D,20240412,000000,0.761,0.8,0.74,0.77,78460,0
OCTO.US,D,20240415,000000,0.749,0.7825,0.678566,0.71005,185742,0
OCTO.US,D,20240416,000000,0.738,0.779,0.723,0.746,131857,0
OCTO.US,D,20240417,000000,0.78,0.7999,0.675,0.675,359815,0
OCTO.US,D,20240418,000000,0.68,0.6803,0.64,0.6472,114756,0
OCTO.US,D,20240419,000000,0.669,0.68,0.61,0.6171,88009,0
OCTO.US,D,20240422,000000,0.6281,0.6415,0.6016,0.6145,64363,0
OCTO.US,D,20240423,000000,0.612,0.6477,0.5906,0.621,78962,0
OCTO.US,D,20240424,000000,0.603,0.6425,0.6,0.6098,46274,0
OCTO.US,D,20240425,000000,0.5984,0.601,0.569,0.574,82763,0
OCTO.US,D,20240426,000000,0.57,0.5998,0.5202,0.581,244802,0
OCTO.US,D,20240429,000000,0.58,0.59,0.5412,0.57,102904,0
OCTO.US,D,20240430,000000,0.58,0.587,0.5303,0.5387,100159,0
OCTO.US,D,20240501,000000,0.54035,0.5583,0.515,0.5583,84988,0
OCTO.US,D,20240502,000000,0.5303,0.5845,0.5212,0.5702,132499,0
OCTO.US,D,20240503,000000,0.5642,0.58,0.5517,0.5644,22747,0
OCTO.US,D,20240506,000000,0.5485,0.58,0.5485,0.561,41509,0
OCTO.US,D,20240507,000000,0.567,0.58,0.549,0.551,47786,0
OCTO.US,D,20240508,000000,0.5412,0.5794,0.53,0.5743,17981,0
OCTO.US,D,20240509,000000,0.586,0.64,0.544952,0.6029,93950,0
OCTO.US,D,20240510,000000,0.6388,0.66,0.6001,0.6448,122410,0
OCTO.US,D,20240513,000000,0.6462,0.6778,0.6448,0.677799,63390,0
OCTO.US,D,20240514,000000,0.6394,0.6777,0.6203,0.6623,66430,0
OCTO.US,D,20240515,000000,0.65,0.662299,0.6313,0.6523,23493,0
OCTO.US,D,20240516,000000,0.621,0.6978,0.621,0.6698,105616,0
OCTO.US,D,20240517,000000,0.66,0.6978,0.66,0.6811,100838,0
OCTO.US,D,20240520,000000,0.6926,0.6978,0.645,0.6762,23194,0
OCTO.US,D,20240521,000000,0.6694,0.69,0.6502,0.6799,11245,0
OCTO.US,D,20240522,000000,0.669,0.67,0.6325,0.6682,55458,0
OCTO.US,D,20240523,000000,0.654,0.67,0.64,0.6698,38006,0
OCTO.US,D,20240524,000000,0.652,0.669999,0.652,0.668899,26016,0
OCTO.US,D,20240528,000000,0.6322,0.667,0.61,0.6112,118481,0
OCTO.US,D,20240529,000000,0.61,0.6399,0.61,0.6121,72056,0
OCTO.US,D,20240530,000000,0.61,0.6399,0.5538,0.573,143302,0
OCTO.US,D,20240531,000000,0.6,0.6199,0.5512,0.5889,153139,0
OCTO.US,D,20240603,000000,0.619,0.62,0.5643,0.598,32980,0
OCTO.US,D,20240604,000000,0.5656,0.62,0.5656,0.5828,47110,0
OCTO.US,D,20240605,000000,0.5755,0.609,0.5017,0.566,96606,0
OCTO.US,D,20240606,000000,0.5598,0.56,0.5472,0.56,37931,0
OCTO.US,D,20240607,000000,0.56,0.616,0.4958,0.5699,343754,0
OCTO.US,D,20240610,000000,0.5484,0.55,0.5183,0.539,75307,0
OCTO.US,D,20240611,000000,0.538,0.5589,0.510455,0.5199,64906,0
OCTO.US,D,20240612,000000,0.52,0.5399,0.506399,0.5253,24085,0
OCTO.US,D,20240613,000000,0.51,0.5249,0.4612,0.5193,189896,0
OCTO.US,D,20240614,000000,0.501,0.53,0.4705,0.4899,349424,0
OCTO.US,D,20240617,000000,0.4931,0.5182,0.48,0.4995,147591,0
OCTO.US,D,20240618,000000,0.4845,0.4899,0.4333,0.44,218448,0
OCTO.US,D,20240620,000000,0.44,0.5249,0.44,0.5139,207331,0
OCTO.US,D,20240621,000000,0.51,0.5282,0.49065,0.527,114057,0
OCTO.US,D,20240624,000000,0.5112,0.5199,0.4925,0.5196,56166,0
OCTO.US,D,20240625,000000,0.4959,0.5107,0.462223,0.49,204966,0
OCTO.US,D,20240626,000000,0.4877,0.4877,0.47,0.4855,25501,0
OCTO.US,D,20240627,000000,0.484,0.4896,0.4568,0.4699,151405,0
OCTO.US,D,20240628,000000,0.4691,0.4891,0.4467,0.4582,24759,0
OCTO.US,D,20240701,000000,0.473,0.489799,0.441,0.4493,115181,0
OCTO.US,D,20240702,000000,0.44,0.4599,0.4367,0.4595,43893,0
OCTO.US,D,20240703,000000,0.451,0.4897,0.4444,0.4699,40140,0
OCTO.US,D,20240705,000000,0.4444,0.4897,0.4444,0.4752,113812,0
OCTO.US,D,20240708,000000,0.4751,0.4898,0.46355,0.4797,62945,0
OCTO.US,D,20240709,000000,0.466,0.4796,0.452,0.455,59107,0
OCTO.US,D,20240710,000000,0.4549,0.4796,0.441001,0.4599,75617,0
OCTO.US,D,20240711,000000,0.4633,0.479851,0.45,0.4668,66983,0
OCTO.US,D,20240712,000000,0.46415,0.5398,0.4601,0.5119,480713,0
OCTO.US,D,20240715,000000,0.52,0.53,0.47,0.521,144400,0
OCTO.US,D,20240716,000000,0.53,0.565,0.5,0.527,1178113,0
OCTO.US,D,20240717,000000,0.458,0.4928,0.4512,0.4749,240546,0
OCTO.US,D,20240718,000000,0.4608,0.4749,0.452,0.4599,170967,0
OCTO.US,D,20240719,000000,0.456,0.4747,0.4523,0.4715,94890,0
OCTO.US,D,20240722,000000,0.462,0.52,0.46,0.518,400997,0
OCTO.US,D,20240723,000000,0.569,0.5697,0.3408,0.411,5559022,0
OCTO.US,D,20240724,000000,0.39,0.4108,0.3521,0.374,543109,0
OCTO.US,D,20240725,000000,0.3628,0.38963,0.36,0.377,163383,0
OCTO.US,D,20240726,000000,0.3839,0.3979,0.3697,0.3861,201763,0
OCTO.US,D,20240729,000000,0.39,0.391,0.3733,0.3765,92144,0
OCTO.US,D,20240730,000000,0.3703,0.3766,0.3525,0.3573,99848,0
OCTO.US,D,20240731,000000,0.3621,0.3621,0.3155,0.3275,298834,0
OCTO.US,D,20240801,000000,0.33,0.344,0.32,0.3316,164150,0
OCTO.US,D,20240802,000000,0.31,0.3318,0.27,0.2864,401763,0
OCTO.US,D,20240805,000000,0.263,0.2843,0.254,0.274,322404,0
OCTO.US,D,20240806,000000,0.2783,0.2848,0.2602,0.2712,161205,0
OCTO.US,D,20240807,000000,0.282,0.2894,0.262,0.266,161111,0
OCTO.US,D,20240808,000000,0.272,0.2798,0.2519,0.252,123657,0
OCTO.US,D,20240809,000000,0.2544,0.264,0.252,0.264,106901,0
OCTO.US,D,20240812,000000,0.264,0.28,0.26,0.278,97637,0
OCTO.US,D,20240813,000000,0.2686,0.2785,0.264,0.2749,89584,0
OCTO.US,D,20240814,000000,0.2786,0.2886,0.266,0.2666,98950,0
OCTO.US,D,20240815,000000,0.264,0.285,0.264,0.2775,146128,0
OCTO.US,D,20240816,000000,1.48,1.77,1.32,1.6301,275679,0
OCTO.US,D,20240819,000000,1.63,1.88,1.59,1.76,176543,0
OCTO.US,D,20240820,000000,1.77,1.86,1.67,1.8,67719,0
OCTO.US,D,20240821,000000,1.78,1.87,1.72,1.75,30993,0
OCTO.US,D,20240822,000000,1.75,1.85,1.7197,1.8199,43421,0
OCTO.US,D,20240823,000000,1.8,1.8399,1.7192,1.798,28916,0
OCTO.US,D,20240826,000000,1.78,1.94,1.75,1.9399,24700,0
OCTO.US,D,20240827,000000,1.94,1.9701,1.89,1.9,12727,0
OCTO.US,D,20240828,000000,1.87,1.914,1.82,1.845,10985,0
OCTO.US,D,20240829,000000,1.81,1.86,1.79,1.82,10473,0
OCTO.US,D,20240830,000000,1.84,1.885,1.8,1.8,14021,0
OCTO.US,D,20240903,000000,1.84,1.93,1.58,1.73,49555,0
OCTO.US,D,20240904,000000,1.73,1.74,1.6295,1.7,11894,0
OCTO.US,D,20240905,000000,1.68,1.68,1.5,1.55,38485,0
OCTO.US,D,20240906,000000,1.58,1.66,1.32,1.42,38525,0
OCTO.US,D,20240909,000000,1.39,1.49,1.36,1.47,46428,0
OCTO.US,D,20240910,000000,1.44,1.45,1.38,1.3899,13801,0
OCTO.US,D,20240911,000000,1.4,1.434,1.33,1.37,12645,0
OCTO.US,D,20240912,000000,1.3797,1.52,1.3797,1.52,48796,0
OCTO.US,D,20240913,000000,1.54,1.67,1.53,1.64,60655,0
OCTO.US,D,20240916,000000,1.61,1.66,1.56,1.64,43564,0
OCTO.US,D,20240917,000000,1.59,1.82,1.55,1.79,82614,0
OCTO.US,D,20240918,000000,1.74,2.1699,1.74,2.1,173099,0
OCTO.US,D,20240919,000000,2.05,2.2393,1.96,2.1901,64769,0
OCTO.US,D,20240920,000000,2.19,2.98,2.15,2.55,296441,0
OCTO.US,D,20240923,000000,2.55,3.5,2.26,3.2,2218633,0
OCTO.US,D,20240924,000000,3.4,3.8499,2.41,2.49,1428785,0
OCTO.US,D,20240925,000000,4.14,4.8601,3.35,3.63,100600651,0
OCTO.US,D,20240926,000000,3.38,3.3899,2.8409,2.94,1625693,0
OCTO.US,D,20240927,000000,2.85,2.99,2.61,2.73,760573,0
OCTO.US,D,20240930,000000,2.66,2.66,2.38,2.39,462219,0
OCTO.US,D,20241001,000000,2.4,2.41,2.0201,2.24,434807,0
OCTO.US,D,20241002,000000,2.16,2.31,2.1029,2.24,143631,0
OCTO.US,D,20241003,000000,2.24,2.34,2.22,2.29,117544,0
OCTO.US,D,20241004,000000,2.3,2.34,2.15,2.23,104102,0
OCTO.US,D,20241007,000000,2.18,2.23,2.1,2.17,147350,0
OCTO.US,D,20241008,000000,2.28,2.31,2.04,2.09,405278,0
OCTO.US,D,20241009,000000,2.04,2.08,1.85,1.89,173314,0
OCTO.US,D,20241010,000000,1.92,1.94,1.78,1.87,77006,0
OCTO.US,D,20241011,000000,1.88,1.9948,1.87,1.97,29822,0
OCTO.US,D,20241014,000000,2,2.1,1.9719,2.06,70806,0
OCTO.US,D,20241015,000000,2.06,2.41,2.06,2.4,235014,0
OCTO.US,D,20241016,000000,2.29,2.5099,2.29,2.42,105696,0
OCTO.US,D,20241017,000000,2.39,2.49,2.33,2.48,77945,0
OCTO.US,D,20241018,000000,2.51,2.51,2.3908,2.49,62832,0
OCTO.US,D,20241021,000000,2.51,2.515,2.25,2.28,51162,0
OCTO.US,D,20241022,000000,2.29,2.33,2.02,2.1,83803,0
OCTO.US,D,20241023,000000,2.1,2.21,1.98,2.01,73743,0
OCTO.US,D,20241024,000000,2,2.05,1.939,2.03,59680,0
OCTO.US,D,20241025,000000,2.03,2.03,1.93,1.94,37596,0
OCTO.US,D,20241028,000000,1.97,2.15,1.97,2.15,49665,0
OCTO.US,D,20241029,000000,2.15,2.2,2.02,2.06,34332,0
