<TICKER>,<PER>,<DATE>,<TIME>,<OPEN>,<HIGH>,<LOW>,<CLOSE>,<VOL>,<OPENINT>
OMIC.US,D,20210527,000000,29,32.08,25.5,25.72,4759744,0
OMIC.US,D,20210528,000000,27,28.9,26.3225,27,563398,0
OMIC.US,D,20210601,000000,26.68,31.365,26.5,31.17,1183372,0
OMIC.US,D,20210602,000000,32,33.37,30.38,30.95,606734,0
OMIC.US,D,20210603,000000,30.4,30.9,25.7,27.73,1487435,0
OMIC.US,D,20210604,000000,27,28.21,24.18,25.47,194091,0
OMIC.US,D,20210607,000000,25.28,25.85,24.37,24.86,151276,0
OMIC.US,D,20210608,000000,24.85,25.65,23.92,24.61,136167,0
OMIC.US,D,20210609,000000,24.82,25.74,24.205,25.15,169457,0
OMIC.US,D,20210610,000000,24.79,25.29,24.58,24.96,262257,0
OMIC.US,D,20210611,000000,24.83,25.25,24.5,24.87,46302,0
OMIC.US,D,20210614,000000,24.9,25.605,24.41,24.54,180946,0
OMIC.US,D,20210615,000000,24.53,24.96,23.392,23.73,136951,0
OMIC.US,D,20210616,000000,23.5,23.85,22.9,23.7,199468,0
OMIC.US,D,20210617,000000,23.69,24.57,23,24.24,121242,0
OMIC.US,D,20210618,000000,24.05,24.4,23.3503,23.9,179739,0
OMIC.US,D,20210621,000000,24.23,24.23,23.03,23.16,155009,0
OMIC.US,D,20210622,000000,23.16,24.397,23.16,24.27,176723,0
OMIC.US,D,20210623,000000,24.6,26.19,24.6,25.34,164060,0
OMIC.US,D,20210624,000000,25.8,26.63,25,26.19,105643,0
OMIC.US,D,20210625,000000,26.31,26.865,25.65,26.44,278898,0
OMIC.US,D,20210628,000000,26.49,28.34,26.05,27.31,205538,0
OMIC.US,D,20210629,000000,27.47,27.9699,26.9,27.23,108444,0
OMIC.US,D,20210630,000000,27.03,28.11,26.99,27.48,85495,0
OMIC.US,D,20210701,000000,27.69,27.69,25.39,26.23,238302,0
OMIC.US,D,20210702,000000,26.31,27.725,26.31,27.63,193282,0
OMIC.US,D,20210706,000000,27.57,27.57,26.24,26.31,206057,0
OMIC.US,D,20210707,000000,26.78,27.49,25.51,25.56,86333,0
OMIC.US,D,20210708,000000,25.37,26.185,24.61,24.68,57880,0
OMIC.US,D,20210709,000000,24.68,25.98,24.5101,25.32,36946,0
OMIC.US,D,20210712,000000,25.09,26.068,24.15,24.27,153127,0
OMIC.US,D,20210713,000000,24.02,24.736,22.16,22.39,122207,0
OMIC.US,D,20210714,000000,23,23,20.78,21.16,57882,0
OMIC.US,D,20210715,000000,21.21,21.32,20.57,20.8,61037,0
OMIC.US,D,20210716,000000,20.89,22.18,18.525,18.91,134100,0
OMIC.US,D,20210719,000000,18.81,20.35,18.71,20.1,45892,0
OMIC.US,D,20210720,000000,20.04,20.1,16.63,17.43,528985,0
OMIC.US,D,20210721,000000,18,18.01,17.275,17.98,160912,0
OMIC.US,D,20210722,000000,18.04,19.25,17.5,19.2,115561,0
OMIC.US,D,20210723,000000,19.35,20.08,19.12,19.63,104475,0
OMIC.US,D,20210726,000000,19.63,19.95,17.36,17.4,92288,0
OMIC.US,D,20210727,000000,17.4,17.87,15.65,15.82,120007,0
OMIC.US,D,20210728,000000,15.78,16.995,15.78,16.36,172616,0
OMIC.US,D,20210729,000000,16.67,18.5,16.57,18.07,80061,0
OMIC.US,D,20210730,000000,17.77,18.4,16.91,18.05,90408,0
OMIC.US,D,20210802,000000,18.04,18.97,17.31,18.24,71378,0
OMIC.US,D,20210803,000000,18.19,20,16.37,16.55,65950,0
OMIC.US,D,20210804,000000,16.59,17,16.12,16.85,71558,0
OMIC.US,D,20210805,000000,16.87,17.98,16.29,17.68,77375,0
OMIC.US,D,20210806,000000,17.45,18.92,16.4901,17.32,45504,0
OMIC.US,D,20210809,000000,18.28,18.92,17.32,17.53,73018,0
OMIC.US,D,20210810,000000,17.52,18.495,15.53,15.78,131564,0
OMIC.US,D,20210811,000000,15.88,15.88,14.33,15.23,101658,0
OMIC.US,D,20210812,000000,15.25,15.6,14.6388,15.56,179377,0
OMIC.US,D,20210813,000000,15.5,15.6,15.0036,15.23,45654,0
OMIC.US,D,20210816,000000,15.15,15.33,13.715,14.21,81983,0
OMIC.US,D,20210817,000000,14.01,14.6,13.44,13.6,104238,0
OMIC.US,D,20210818,000000,13.815,15.1,13.28,14.35,90676,0
OMIC.US,D,20210819,000000,14.875,14.875,13.79,14.14,89036,0
OMIC.US,D,20210820,000000,14.01,14.87,14.01,14.3,160545,0
OMIC.US,D,20210823,000000,14.27,17.34,14.27,16.59,216212,0
OMIC.US,D,20210824,000000,16.59,16.99,16.215,16.81,119392,0
OMIC.US,D,20210825,000000,16.95,17.19,15.99,16.15,35185,0
OMIC.US,D,20210826,000000,15.95,17.2,15.49,16.58,116386,0
OMIC.US,D,20210827,000000,16.49,17.7499,15.59,17.13,102818,0
OMIC.US,D,20210830,000000,17.25,17.4,16.6,16.64,126201,0
OMIC.US,D,20210831,000000,16.77,17.13,16.02,16.53,149911,0
OMIC.US,D,20210901,000000,16.69,17.4,16.42,17.38,215867,0
OMIC.US,D,20210902,000000,17.4,18.1,17.2,17.6,238986,0
OMIC.US,D,20210903,000000,17.77,18.15,17.1,17.83,163990,0
OMIC.US,D,20210907,000000,18.15,18.19,15.78,16.3,218674,0
OMIC.US,D,20210908,000000,16.29,16.65,15.73,16.56,87594,0
OMIC.US,D,20210909,000000,16.68,17.51,15.88,17.12,125983,0
OMIC.US,D,20210910,000000,17.28,17.445,16.7059,16.91,73349,0
OMIC.US,D,20210913,000000,17.03,17.03,14.84,14.88,136714,0
OMIC.US,D,20210914,000000,14.9837,15.36,14.23,14.56,103217,0
OMIC.US,D,20210915,000000,14.37,14.48,13.64,13.92,105813,0
OMIC.US,D,20210916,000000,13.9,14.1999,13.37,13.91,202751,0
OMIC.US,D,20210917,000000,14.05,14.4,13.25,13.39,1561498,0
OMIC.US,D,20210920,000000,13.29,13.47,12.27,12.6,191590,0
OMIC.US,D,20210921,000000,12.61,13.87,11.71,12.34,127510,0
OMIC.US,D,20210922,000000,12.39,13.1,12.22,12.76,76982,0
OMIC.US,D,20210923,000000,12.95,14.36,12.03,12.37,167772,0
OMIC.US,D,20210924,000000,12.37,12.69,11.7,11.81,73826,0
OMIC.US,D,20210927,000000,11.85,12.41,11.01,11.59,114237,0
OMIC.US,D,20210928,000000,11.46,11.92,11.0446,11.71,54258,0
OMIC.US,D,20210929,000000,11.71,12.1,10.8,10.9,66792,0
OMIC.US,D,20210930,000000,10.99,11.32,10.85,11.19,76645,0
OMIC.US,D,20211001,000000,11.21,12.2052,10.9,11.76,64540,0
OMIC.US,D,20211004,000000,11.63,11.875,11.01,11.8,88563,0
OMIC.US,D,20211005,000000,11.77,12.35,11.43,12.02,101006,0
OMIC.US,D,20211006,000000,11.77,11.77,11.195,11.62,128050,0
OMIC.US,D,20211007,000000,11.72,12.435,11.3,12.19,78501,0
OMIC.US,D,20211008,000000,12.27,12.39,12.01,12.27,155010,0
OMIC.US,D,20211011,000000,12.29,12.71,12.03,12.26,186080,0
OMIC.US,D,20211012,000000,12.49,13.11,12.17,12.79,116295,0
OMIC.US,D,20211013,000000,12.84,13.57,12.81,13.27,64354,0
OMIC.US,D,20211014,000000,13.43,14.38,13.38,13.75,145246,0
OMIC.US,D,20211015,000000,14.08,14.09,13.3842,14.02,100286,0
OMIC.US,D,20211018,000000,14.01,14.5,13.4,14.13,70380,0
OMIC.US,D,20211019,000000,14.11,14.485,13.27,13.36,151496,0
OMIC.US,D,20211020,000000,13.4,13.72,13.06,13.63,91576,0
OMIC.US,D,20211021,000000,13.52,14.11,13.5001,13.68,44575,0
OMIC.US,D,20211022,000000,13.66,13.765,13.28,13.59,87380,0
OMIC.US,D,20211025,000000,13.59,14.15,13.59,13.96,62624,0
OMIC.US,D,20211026,000000,14.12,15.18,13.86,15.11,105743,0
OMIC.US,D,20211027,000000,15.03,15.29,14.51,15.03,172351,0
OMIC.US,D,20211028,000000,15.08,15.6199,14.54,15.46,231591,0
OMIC.US,D,20211029,000000,15.22,15.51,13.62,13.85,330959,0
OMIC.US,D,20211101,000000,13.82,14.74,13.69,14.65,89607,0
OMIC.US,D,20211102,000000,14.8,16.24,14.39,16.17,223768,0
OMIC.US,D,20211103,000000,16.05,16.61,15.52,16.25,214475,0
OMIC.US,D,20211104,000000,16.3,16.49,15.66,15.85,105741,0
OMIC.US,D,20211105,000000,16.1,16.79,15.6232,16.47,238398,0
OMIC.US,D,20211108,000000,16.52,16.84,14.11,14.34,273919,0
OMIC.US,D,20211109,000000,14.33,14.58,12.735,13.57,182321,0
OMIC.US,D,20211110,000000,13.48,15.65,13.48,15.6,143935,0
OMIC.US,D,20211111,000000,15.66,16.96,15.58,16.9,110242,0
OMIC.US,D,20211112,000000,16.97,17.77,16.005,16.12,274700,0
OMIC.US,D,20211115,000000,16.12,16.12,14.52,14.89,193341,0
OMIC.US,D,20211116,000000,14.82,15.19,14.21,14.29,283388,0
OMIC.US,D,20211117,000000,14.29,14.41,12.77,13.95,305674,0
OMIC.US,D,20211118,000000,13.88,14.3,12.92,13.15,181796,0
OMIC.US,D,20211119,000000,13.15,15,12.86,13.74,313342,0
OMIC.US,D,20211122,000000,13.98,16.388,13.94,14.43,898268,0
OMIC.US,D,20211123,000000,14.5,15.07,12.36,13.29,597860,0
OMIC.US,D,20211124,000000,12.97,13.985,12.1301,13.71,353456,0
OMIC.US,D,20211126,000000,13.3,13.74,12.43,12.66,273902,0
OMIC.US,D,20211129,000000,12.87,13.63,11.33,11.51,541201,0
OMIC.US,D,20211130,000000,11.55,12,10.87,11.42,199338,0
OMIC.US,D,20211201,000000,11.67,11.86,10.72,10.99,300272,0
OMIC.US,D,20211202,000000,10.86,11.34,10.44,11.17,282259,0
OMIC.US,D,20211203,000000,11.19,11.43,10.46,10.77,206820,0
OMIC.US,D,20211206,000000,10.88,12.04,10.44,11.48,313826,0
OMIC.US,D,20211207,000000,11.87,12.175,11.14,11.62,365903,0
OMIC.US,D,20211208,000000,11.68,11.68,11,11.41,255968,0
OMIC.US,D,20211209,000000,11.37,11.865,10.88,11.02,303866,0
OMIC.US,D,20211210,000000,11.05,11.5,10.81,10.96,216494,0
OMIC.US,D,20211213,000000,10.85,11.87,10.45,10.94,337635,0
OMIC.US,D,20211214,000000,10.8,11.19,10.255,10.79,278023,0
OMIC.US,D,20211215,000000,10.83,11.89,10.795,11.77,549293,0
OMIC.US,D,20211216,000000,11.8,12.43,10.83,11.15,666353,0
OMIC.US,D,20211217,000000,11.15,11.27,10.12,10.87,1318757,0
OMIC.US,D,20211220,000000,10.59,11.72,9.84,10.45,692525,0
OMIC.US,D,20211221,000000,10.56,10.98,9.925,10.81,644473,0
OMIC.US,D,20211222,000000,10.91,11.14,10.5701,10.84,237470,0
OMIC.US,D,20211223,000000,10.95,11.89,10.6701,11.44,200445,0
OMIC.US,D,20211227,000000,11.53,11.94,11.21,11.46,73843,0
OMIC.US,D,20211228,000000,11.39,11.69,10.6,10.68,317543,0
OMIC.US,D,20211229,000000,10.61,10.95,10.11,10.75,119795,0
OMIC.US,D,20211230,000000,10.81,11.66,10.81,11.5,84415,0
OMIC.US,D,20211231,000000,11.64,11.91,11.5,11.56,74525,0
OMIC.US,D,20220103,000000,11.77,12.22,11.3,12.09,81336,0
OMIC.US,D,20220104,000000,12.14,12.14,10.7001,10.87,116615,0
OMIC.US,D,20220105,000000,10.72,10.91,8.905,9.07,271665,0
OMIC.US,D,20220106,000000,9.02,9.2,8.39,8.7,192631,0
OMIC.US,D,20220107,000000,9.89,10.14,9.27,9.56,244997,0
OMIC.US,D,20220110,000000,9.58,9.58,8.985,9.44,172433,0
OMIC.US,D,20220111,000000,9.5,9.55,8.35,8.57,764773,0
OMIC.US,D,20220112,000000,8.52,8.88,8.18,8.23,355417,0
OMIC.US,D,20220113,000000,8.25,8.345,7.7301,7.98,250192,0
OMIC.US,D,20220114,000000,7.87,8.14,7.38,7.76,196044,0
OMIC.US,D,20220118,000000,7.86,7.86,7.015,7.33,289288,0
OMIC.US,D,20220119,000000,7.37,7.87,7.29,7.36,269712,0
OMIC.US,D,20220120,000000,7.58,8.17,7.32,7.46,234524,0
OMIC.US,D,20220121,000000,7.3,7.52,6.9301,7.24,323366,0
OMIC.US,D,20220124,000000,7.01,7.36,6.5,7.3,350222,0
OMIC.US,D,20220125,000000,7.1,7.28,6.75,6.91,309595,0
OMIC.US,D,20220126,000000,7.03,7.27,6.59,6.68,377878,0
OMIC.US,D,20220127,000000,6.84,7.04,5.93,6.08,366073,0
OMIC.US,D,20220128,000000,6.05,6.83,6.05,6.77,307488,0
OMIC.US,D,20220131,000000,6.69,7.78,6.61,7.75,323811,0
OMIC.US,D,20220201,000000,7.77,8.04,7.56,8,251319,0
OMIC.US,D,20220202,000000,8.01,8.15,7.73,7.9,185595,0
OMIC.US,D,20220203,000000,7.7,8.07,7.7,7.91,469253,0
OMIC.US,D,20220204,000000,7.81,8.45,7.67,8.36,432700,0
OMIC.US,D,20220207,000000,8.3,9.34,8.3,9.31,416460,0
OMIC.US,D,20220208,000000,9.14,9.64,8.77,9.3,627153,0
OMIC.US,D,20220209,000000,9.41,10.05,9.41,10,410239,0
OMIC.US,D,20220210,000000,9.66,10.29,9.05,9.17,500304,0
OMIC.US,D,20220211,000000,9.15,9.265,8.32,8.34,234342,0
OMIC.US,D,20220214,000000,8.38,8.56,7.58,7.7,265879,0
OMIC.US,D,20220215,000000,7.89,8.02,7.61,7.77,456178,0
OMIC.US,D,20220216,000000,7.65,7.65,7.1,7.43,310489,0
OMIC.US,D,20220217,000000,7.43,7.8195,7.2,7.41,744840,0
OMIC.US,D,20220218,000000,7.51,7.51,6.92,7.17,673689,0
OMIC.US,D,20220222,000000,7.18,8.2,7.17,7.76,772015,0
OMIC.US,D,20220223,000000,7.66,7.99,7.59,7.86,445936,0
OMIC.US,D,20220224,000000,7.46,8.47,7.29,8.44,598153,0
OMIC.US,D,20220225,000000,8.43,8.54,8.02,8.25,804467,0
OMIC.US,D,20220228,000000,8.25,8.5,8.14,8.23,989086,0
OMIC.US,D,20220301,000000,8.14,8.55,7.99,8.07,530938,0
OMIC.US,D,20220302,000000,8.1,8.17,7.72,7.78,620641,0
OMIC.US,D,20220303,000000,7.29,8.4,7.29,7.65,705155,0
OMIC.US,D,20220304,000000,7.685,7.685,7.39,7.5,576970,0
OMIC.US,D,20220307,000000,7.63,7.69,6.86,7,914030,0
OMIC.US,D,20220308,000000,7.22,7.79,7.05,7.4,644252,0
OMIC.US,D,20220309,000000,7.69,8,7.57,7.89,580377,0
OMIC.US,D,20220310,000000,7.75,7.9,7.61,7.87,357513,0
OMIC.US,D,20220311,000000,7.9,8,6.9,7.2,664364,0
OMIC.US,D,20220314,000000,7.16,7.23,6.15,6.26,1016257,0
OMIC.US,D,20220315,000000,6.41,6.55,6.04,6.5,759633,0
OMIC.US,D,20220316,000000,6.84,7.105,6.48,6.62,1185088,0
OMIC.US,D,20220317,000000,6.69,6.9,6.5,6.86,1031170,0
OMIC.US,D,20220318,000000,6.82,7.36,6.6001,7.08,4758647,0
OMIC.US,D,20220321,000000,7.06,7.1,6.28,6.34,613692,0
OMIC.US,D,20220322,000000,6.4,6.68,6.26,6.56,536953,0
OMIC.US,D,20220323,000000,6.53,6.63,6.2,6.31,354448,0
OMIC.US,D,20220324,000000,6.46,6.63,6.1,6.25,268702,0
OMIC.US,D,20220325,000000,6.3,6.38,5.92,5.94,392880,0
OMIC.US,D,20220328,000000,6.08,6.16,5.86,6.09,237145,0
OMIC.US,D,20220329,000000,6.405,6.84,6.25,6.72,237925,0
OMIC.US,D,20220330,000000,6.6,6.95,6.51,6.55,167562,0
OMIC.US,D,20220331,000000,6.46,6.6925,6.255,6.31,270445,0
OMIC.US,D,20220401,000000,6.47,6.47,6.065,6.32,295173,0
OMIC.US,D,20220404,000000,6.35,6.62,6.33,6.44,278856,0
OMIC.US,D,20220405,000000,6.58,6.6,5.95,6.1,445821,0
OMIC.US,D,20220406,000000,5.98,6.025,5.48,5.81,347081,0
OMIC.US,D,20220407,000000,5.91,5.91,5.57,5.74,243453,0
OMIC.US,D,20220408,000000,5.7,5.82,5.36,5.47,359325,0
OMIC.US,D,20220411,000000,5.475,5.475,5.24,5.35,283721,0
OMIC.US,D,20220412,000000,5.46,5.55,5.21,5.26,218541,0
OMIC.US,D,20220413,000000,5.25,5.4,5,5.12,321377,0
OMIC.US,D,20220414,000000,5.16,5.17,4.72,4.92,549067,0
OMIC.US,D,20220418,000000,4.9,4.96,4.66,4.92,391328,0
OMIC.US,D,20220419,000000,4.91,5.13,4.77,5.05,312795,0
OMIC.US,D,20220420,000000,5.1,5.21,4.76,4.77,334577,0
OMIC.US,D,20220421,000000,4.92,5.01,4.33,4.46,495219,0
OMIC.US,D,20220422,000000,4.43,4.64,4.35,4.47,257184,0
OMIC.US,D,20220425,000000,4.42,4.86,4.33,4.64,325161,0
OMIC.US,D,20220426,000000,4.59,4.59,4.34,4.52,310788,0
OMIC.US,D,20220427,000000,4.51,4.75,4.47,4.49,647236,0
OMIC.US,D,20220428,000000,4.51,4.66,4.24,4.39,678815,0
OMIC.US,D,20220429,000000,4.3,4.48,4.07,4.09,287311,0
OMIC.US,D,20220502,000000,4.04,4.14,3.82,4.1,380187,0
OMIC.US,D,20220503,000000,4.11,4.16,3.94,4.02,205507,0
OMIC.US,D,20220504,000000,4.03,4.26,3.84,4.25,387833,0
OMIC.US,D,20220505,000000,4.16,4.22,3.88,3.98,223239,0
OMIC.US,D,20220506,000000,4,4.09,3.685,3.78,376820,0
OMIC.US,D,20220509,000000,3.72,3.74,3.26,3.3,370046,0
OMIC.US,D,20220510,000000,3.43,3.4799,3.115,3.38,381624,0
OMIC.US,D,20220511,000000,3.53,3.71,3.13,3.14,366085,0
OMIC.US,D,20220512,000000,3.08,3.26,3.05,3.18,481753,0
OMIC.US,D,20220513,000000,3.28,3.45,3.25,3.3,488185,0
OMIC.US,D,20220516,000000,3.35,3.35,3.04,3.06,247003,0
OMIC.US,D,20220517,000000,3.17,3.41,3.0961,3.22,227158,0
OMIC.US,D,20220518,000000,3.33,3.37,3,3.04,325949,0
OMIC.US,D,20220519,000000,3.01,3.26,3.01,3.13,900855,0
OMIC.US,D,20220520,000000,3.32,3.33,2.95,3.1,719108,0
OMIC.US,D,20220523,000000,3.16,3.46,3.05,3.13,1334797,0
OMIC.US,D,20220524,000000,3.06,3.1,2.92,2.99,378675,0
OMIC.US,D,20220525,000000,2.97,3.08,2.8701,3.01,441294,0
OMIC.US,D,20220526,000000,3.04,3.08,2.85,2.86,795168,0
OMIC.US,D,20220527,000000,2.93,3.205,2.85,3.09,1665777,0
OMIC.US,D,20220531,000000,3.11,3.37,3.11,3.25,493689,0
OMIC.US,D,20220601,000000,3.28,3.35,3.03,3.07,345437,0
OMIC.US,D,20220602,000000,3.07,3.46,3.05,3.43,416910,0
OMIC.US,D,20220603,000000,3.37,3.44,3.2002,3.34,260551,0
OMIC.US,D,20220606,000000,3.4,3.46,3.19,3.2,285685,0
OMIC.US,D,20220607,000000,3.13,3.38,3.12,3.37,201524,0
OMIC.US,D,20220608,000000,3.34,3.59,3.255,3.5,189258,0
OMIC.US,D,20220609,000000,3.46,3.48,3.325,3.36,210685,0
OMIC.US,D,20220610,000000,3.25,3.25,3.09,3.1,226585,0
OMIC.US,D,20220613,000000,3.04,3.08,2.85,2.86,292301,0
OMIC.US,D,20220614,000000,2.94,2.94,2.66,2.86,213294,0
OMIC.US,D,20220615,000000,2.9,3.04,2.88,3.01,329230,0
OMIC.US,D,20220616,000000,2.94,3.05,2.8,2.89,426084,0
OMIC.US,D,20220617,000000,2.89,3.09,2.89,3,519363,0
OMIC.US,D,20220621,000000,3.09,3.27,3.01,3.12,373405,0
OMIC.US,D,20220622,000000,3.05,3.35,3.05,3.24,350170,0
OMIC.US,D,20220623,000000,3.29,3.65,3.25,3.63,256071,0
OMIC.US,D,20220624,000000,3.65,3.8,3.51,3.76,2041846,0
OMIC.US,D,20220627,000000,3.78,3.91,3.535,3.77,345292,0
OMIC.US,D,20220628,000000,3.8,3.83,3.55,3.64,719898,0
OMIC.US,D,20220629,000000,3.62,3.81,3.475,3.77,403221,0
OMIC.US,D,20220630,000000,3.65,3.9,3.64,3.82,312763,0
OMIC.US,D,20220701,000000,3.81,4.07,3.64,4.02,316817,0
OMIC.US,D,20220705,000000,3.92,4.23,3.86,4.23,251884,0
OMIC.US,D,20220706,000000,4.13,4.39,4.13,4.29,223660,0
OMIC.US,D,20220707,000000,4.36,4.55,4.23,4.49,195811,0
OMIC.US,D,20220708,000000,4.45,4.74,4.35,4.73,254903,0
OMIC.US,D,20220711,000000,4.72,4.8,4.32,4.34,329315,0
OMIC.US,D,20220712,000000,4.35,4.39,4.08,4.2,103690,0
OMIC.US,D,20220713,000000,4.08,4.35,4.08,4.31,108348,0
OMIC.US,D,20220714,000000,4.19,4.32,4.03,4.09,135600,0
OMIC.US,D,20220715,000000,4.18,4.21,3.86,4.14,129415,0
OMIC.US,D,20220718,000000,4.21,4.35,4.03,4.08,101904,0
OMIC.US,D,20220719,000000,4.15,4.26,4.03,4.14,93916,0
OMIC.US,D,20220720,000000,4.09,4.19,3.81,3.83,175627,0
OMIC.US,D,20220721,000000,3.79,4.01,3.78,3.91,91167,0
OMIC.US,D,20220722,000000,3.93,3.96,3.525,3.59,188963,0
OMIC.US,D,20220725,000000,3.62,3.63,3.38,3.47,119055,0
OMIC.US,D,20220726,000000,3.46,3.61,3.35,3.51,86984,0
OMIC.US,D,20220727,000000,3.54,3.75,3.48,3.73,140440,0
OMIC.US,D,20220728,000000,3.72,3.77,3.49,3.72,105280,0
OMIC.US,D,20220729,000000,3.71,3.86,3.65,3.81,99496,0
OMIC.US,D,20220801,000000,3.74,3.98,3.67,3.84,144780,0
OMIC.US,D,20220802,000000,3.83,4,3.83,3.88,100801,0
OMIC.US,D,20220803,000000,3.97,4.21,3.96,4.17,187448,0
OMIC.US,D,20220804,000000,4.18,4.35,4.1,4.15,156030,0
OMIC.US,D,20220805,000000,4.02,4.36,3.955,4.34,157512,0
OMIC.US,D,20220808,000000,4.4,4.78,4.3655,4.62,230858,0
OMIC.US,D,20220809,000000,4.47,4.738,4.2801,4.45,174602,0
OMIC.US,D,20220810,000000,3.53,3.56,2.64,3.44,1655084,0
OMIC.US,D,20220811,000000,3.37,3.97,3.18,3.97,675072,0
OMIC.US,D,20220812,000000,3.97,4.24,3.82,4.18,528273,0
OMIC.US,D,20220815,000000,4.11,4.39,3.8756,4.31,266601,0
OMIC.US,D,20220816,000000,4.27,4.27,4,4.02,200757,0
OMIC.US,D,20220817,000000,3.86,4,3.17,3.2,326874,0
OMIC.US,D,20220818,000000,3.19,3.19,2.87,2.975,311312,0
OMIC.US,D,20220819,000000,2.96,2.96,2.84,2.91,224460,0
OMIC.US,D,20220822,000000,2.85,2.937,2.75,2.78,224721,0
OMIC.US,D,20220823,000000,2.8,2.98,2.71,2.89,174670,0
OMIC.US,D,20220824,000000,2.9,3.01,2.81,2.99,127328,0
OMIC.US,D,20220825,000000,2.98,3.1,2.93,3.07,103073,0
OMIC.US,D,20220826,000000,3.03,3.05,2.8,2.8,118602,0
OMIC.US,D,20220829,000000,2.73,2.86,2.66,2.74,258144,0
OMIC.US,D,20220830,000000,2.74,2.75,2.62,2.72,204283,0
OMIC.US,D,20220831,000000,2.73,2.91,2.66,2.67,127834,0
OMIC.US,D,20220901,000000,2.71,2.77,2.38,2.55,239000,0
OMIC.US,D,20220902,000000,2.61,2.61,2.46,2.51,107158,0
OMIC.US,D,20220906,000000,2.59,2.89,2.51,2.71,365857,0
OMIC.US,D,20220907,000000,2.57,2.93,2.57,2.91,302567,0
OMIC.US,D,20220908,000000,2.86,3.16,2.77,3.12,255765,0
OMIC.US,D,20220909,000000,3.16,3.39,3.07,3.25,359685,0
OMIC.US,D,20220912,000000,3.29,3.35,3.2,3.28,235454,0
OMIC.US,D,20220913,000000,3.15,3.33,3.08,3.15,317945,0
OMIC.US,D,20220914,000000,3.13,3.4,3.09,3.25,494662,0
OMIC.US,D,20220915,000000,3.29,3.475,3.21,3.35,457641,0
OMIC.US,D,20220916,000000,3.27,3.27,2.95,3.13,1567388,0
OMIC.US,D,20220919,000000,3.07,3.16,3,3.15,317627,0
OMIC.US,D,20220920,000000,3.05,3.25,3.05,3.19,361369,0
OMIC.US,D,20220921,000000,3.21,3.24,3.1375,3.15,269741,0
OMIC.US,D,20220922,000000,3.11,3.115,2.84,2.93,291376,0
OMIC.US,D,20220923,000000,2.86,2.86,2.605,2.63,123570,0
OMIC.US,D,20220926,000000,2.63,2.68,2.54,2.57,126591,0
OMIC.US,D,20220927,000000,2.6,2.65,2.48,2.54,151566,0
OMIC.US,D,20220928,000000,2.52,2.79,2.52,2.72,137584,0
OMIC.US,D,20220929,000000,2.67,2.74,2.5,2.56,147511,0
OMIC.US,D,20220930,000000,2.61,2.66,2.475,2.5,694693,0
OMIC.US,D,20221003,000000,2.52,2.575,2.38,2.5,434844,0
OMIC.US,D,20221004,000000,2.55,2.735,2.5329,2.65,291733,0
OMIC.US,D,20221005,000000,2.58,2.61,2.44,2.58,314991,0
OMIC.US,D,20221006,000000,2.57,2.7,2.48,2.59,195133,0
OMIC.US,D,20221007,000000,2.56,2.56,2.37,2.43,183428,0
OMIC.US,D,20221010,000000,2.45,2.45,2.26,2.33,166519,0
OMIC.US,D,20221011,000000,2.28,2.3274,2.15,2.22,161138,0
OMIC.US,D,20221012,000000,2.22,2.38,2.15,2.32,169861,0
OMIC.US,D,20221013,000000,2.24,2.54,2.22,2.47,213830,0
OMIC.US,D,20221014,000000,2.51,2.54,2.31,2.32,229351,0
OMIC.US,D,20221017,000000,2.44,2.6,2.36,2.56,145943,0
OMIC.US,D,20221018,000000,2.63,2.74,2.59,2.6,121225,0
OMIC.US,D,20221019,000000,2.57,2.62,2.41,2.52,135705,0
OMIC.US,D,20221020,000000,2.57,2.64,2.32,2.38,207797,0
OMIC.US,D,20221021,000000,2.4,2.44,2.23,2.35,182244,0
OMIC.US,D,20221024,000000,2.41,2.41,2.21,2.22,164179,0
OMIC.US,D,20221025,000000,2.29,2.445,2.26,2.39,108080,0
OMIC.US,D,20221026,000000,2.43,2.635,2.41,2.55,149321,0
OMIC.US,D,20221027,000000,2.6,2.6,2.4,2.47,166432,0
OMIC.US,D,20221028,000000,2.5,2.64,2.41,2.5,158659,0
OMIC.US,D,20221031,000000,2.49,2.74,2.4,2.66,155524,0
OMIC.US,D,20221101,000000,2.7,2.9,2.61,2.62,255427,0
OMIC.US,D,20221102,000000,2.66,2.74,2.48,2.49,121106,0
OMIC.US,D,20221103,000000,2.45,2.53,2.38,2.39,109536,0
OMIC.US,D,20221104,000000,2.45,2.45,2.2555,2.3,107444,0
OMIC.US,D,20221107,000000,2.28,2.34,2.21,2.24,88236,0
OMIC.US,D,20221108,000000,2.29,2.35,2.04,2.11,152497,0
OMIC.US,D,20221109,000000,2.1,2.16,1.93,1.96,240571,0
OMIC.US,D,20221110,000000,2.06,2.39,2.06,2.35,263820,0
OMIC.US,D,20221111,000000,2.29,2.63,2.29,2.48,176798,0
OMIC.US,D,20221114,000000,2.45,2.54,2.29,2.35,200120,0
OMIC.US,D,20221115,000000,2.4,2.48,2.34,2.39,219622,0
OMIC.US,D,20221116,000000,2.37,2.37,2.15,2.18,139991,0
OMIC.US,D,20221117,000000,2.12,2.15,2.0601,2.1,119935,0
OMIC.US,D,20221118,000000,2.18,2.18,1.95,1.96,106773,0
OMIC.US,D,20221121,000000,2,2.0369,1.91,1.95,124133,0
OMIC.US,D,20221122,000000,1.95,2.13,1.9,2.1,67620,0
OMIC.US,D,20221123,000000,2.1,2.21,2.06,2.15,90181,0
OMIC.US,D,20221125,000000,2.19,2.19,2.03,2.08,14835,0
OMIC.US,D,20221128,000000,2.07,2.11,1.94,1.98,69148,0
OMIC.US,D,20221129,000000,1.98,2.08,1.91,1.91,99408,0
OMIC.US,D,20221130,000000,1.95,2.08,1.82,2.04,104353,0
OMIC.US,D,20221201,000000,2.05,2.15,1.95,1.96,56349,0
OMIC.US,D,20221202,000000,1.98,2.04,1.86,2.04,143133,0
OMIC.US,D,20221205,000000,2.03,2.095,1.86,1.92,125050,0
OMIC.US,D,20221206,000000,1.92,1.95,1.8,1.82,97962,0
OMIC.US,D,20221207,000000,1.8,1.88,1.8,1.82,53933,0
OMIC.US,D,20221208,000000,1.84,1.99,1.81,1.91,87629,0
OMIC.US,D,20221209,000000,1.86,2.1,1.84,1.99,146752,0
OMIC.US,D,20221212,000000,1.97,2.04,1.86,1.88,116962,0
OMIC.US,D,20221213,000000,2.08,2.1301,1.85,2.06,179709,0
OMIC.US,D,20221214,000000,2.07,2.43,2.04,2.37,140300,0
OMIC.US,D,20221215,000000,2.4,2.4,2.17,2.25,158128,0
OMIC.US,D,20221216,000000,2.15,2.19,2,2.09,595769,0
OMIC.US,D,20221219,000000,2.09,2.09,1.93,1.94,104165,0
OMIC.US,D,20221220,000000,1.94,2.12,1.81,1.98,190719,0
OMIC.US,D,20221221,000000,2,2.22,1.935,2.18,116217,0
OMIC.US,D,20221222,000000,2.21,2.35,2.1,2.28,153161,0
OMIC.US,D,20221223,000000,2.31,2.34,2.21,2.22,110459,0
OMIC.US,D,20221227,000000,2.2,2.26,2.125,2.17,147278,0
OMIC.US,D,20221228,000000,2.17,2.23,2.06,2.09,68519,0
OMIC.US,D,20221229,000000,2.12,2.17,1.98,2.02,97812,0
OMIC.US,D,20221230,000000,2.05,2.05,1.95,2.01,88150,0
OMIC.US,D,20230103,000000,2.12,2.12,2,2.05,83822,0
OMIC.US,D,20230104,000000,2.05,2.215,2.04,2.08,76168,0
OMIC.US,D,20230105,000000,2.05,2.1218,1.86,1.93,97142,0
OMIC.US,D,20230106,000000,1.95,2.0187,1.93,2.01,77394,0
OMIC.US,D,20230109,000000,2.01,2.065,1.9,1.91,137884,0
OMIC.US,D,20230110,000000,1.91,1.985,1.91,1.93,55072,0
OMIC.US,D,20230111,000000,1.91,1.97,1.87,1.97,152591,0
OMIC.US,D,20230112,000000,1.96,2.02,1.9045,2.01,131856,0
OMIC.US,D,20230113,000000,2.01,2.13,1.98,2.11,147584,0
OMIC.US,D,20230117,000000,2.15,2.34,2.12,2.29,246458,0
OMIC.US,D,20230118,000000,2.28,2.68,2.25,2.6,267615,0
OMIC.US,D,20230119,000000,2.6,2.63,2.41,2.52,89751,0
OMIC.US,D,20230120,000000,2.63,2.63,2.35,2.61,94285,0
OMIC.US,D,20230123,000000,2.62,2.71,2.45,2.68,84703,0
OMIC.US,D,20230124,000000,2.68,2.69,2.515,2.67,50761,0
OMIC.US,D,20230125,000000,2.6,2.72,2.53,2.72,47648,0
OMIC.US,D,20230126,000000,2.72,2.75,2.68,2.75,77429,0
OMIC.US,D,20230127,000000,2.71,2.79,2.67,2.77,63229,0
OMIC.US,D,20230130,000000,2.7,2.7191,2.42,2.48,43644,0
OMIC.US,D,20230131,000000,2.53,2.7,2.49,2.675,79075,0
OMIC.US,D,20230201,000000,2.67,2.7,2.44,2.62,69397,0
OMIC.US,D,20230202,000000,2.61,2.8999,2.6,2.86,165835,0
OMIC.US,D,20230203,000000,2.76,2.98,2.7201,2.95,93133,0
OMIC.US,D,20230206,000000,2.89,3,2.81,2.95,116299,0
OMIC.US,D,20230207,000000,2.95,2.95,2.65,2.79,92583,0
OMIC.US,D,20230208,000000,2.73,2.9138,2.4,2.45,194570,0
OMIC.US,D,20230209,000000,2.55,2.71,2.43,2.46,133482,0
OMIC.US,D,20230210,000000,2.39,2.43,2.35,2.4,88427,0
OMIC.US,D,20230213,000000,2.39,2.46,2.32,2.44,101538,0
OMIC.US,D,20230214,000000,2.38,2.5999,2.31,2.42,69729,0
OMIC.US,D,20230215,000000,2.42,2.43,2.31,2.41,70155,0
OMIC.US,D,20230216,000000,2.38,2.48,2.3,2.43,64540,0
OMIC.US,D,20230217,000000,2.4,2.515,2.4,2.42,117498,0
OMIC.US,D,20230221,000000,2.36,2.5,2.22,2.25,163285,0
OMIC.US,D,20230222,000000,2.28,2.34,2.2,2.23,67252,0
OMIC.US,D,20230223,000000,2.25,2.3737,2.05,2.09,97341,0
OMIC.US,D,20230224,000000,2.02,2.12,1.99,2.01,123220,0
OMIC.US,D,20230227,000000,2.03,2.14,2.02,2.09,74067,0
OMIC.US,D,20230228,000000,2.1,2.232,2.1,2.15,120957,0
OMIC.US,D,20230301,000000,2.14,2.205,1.95,1.96,191687,0
OMIC.US,D,20230302,000000,1.95,2.12,1.95,2.09,179663,0
OMIC.US,D,20230303,000000,2.04,2.27,1.9501,1.96,121889,0
OMIC.US,D,20230306,000000,1.96,2.15,1.95,2.03,129454,0
OMIC.US,D,20230307,000000,2.03,2.06,1.9,1.9,64555,0
OMIC.US,D,20230308,000000,1.91,1.92,1.71,1.715,203600,0
OMIC.US,D,20230309,000000,1.72,1.77,1.55,1.565,146550,0
OMIC.US,D,20230310,000000,1.56,1.59,1.375,1.385,278579,0
OMIC.US,D,20230313,000000,1.4,1.8,1.4,1.52,414083,0
OMIC.US,D,20230314,000000,1.54,1.5494,1.3,1.31,250842,0
OMIC.US,D,20230315,000000,1.3,1.38,1.27,1.28,254525,0
OMIC.US,D,20230316,000000,1.27,1.42,1.19,1.33,290240,0
OMIC.US,D,20230317,000000,1.31,1.36,1.25,1.31,282862,0
OMIC.US,D,20230320,000000,1.27,1.4,1.2069,1.29,161653,0
OMIC.US,D,20230321,000000,1.37,1.58,1.34,1.42,189979,0
OMIC.US,D,20230322,000000,1.4,1.43,1.25,1.255,145127,0
OMIC.US,D,20230323,000000,1.28,1.28,1.15,1.18,108023,0
OMIC.US,D,20230324,000000,1.16,1.32,1.08,1.1,238115,0
OMIC.US,D,20230327,000000,1.1,1.16,1.09,1.155,219992,0
OMIC.US,D,20230328,000000,1.15,1.24,1.08,1.12,133914,0
OMIC.US,D,20230329,000000,1.12,1.16,1.07,1.15,125083,0
OMIC.US,D,20230330,000000,1.19,1.23,1.1,1.16,95317,0
OMIC.US,D,20230331,000000,1.15,1.24,1.15,1.21,217448,0
OMIC.US,D,20230403,000000,1.21,1.24,1.16,1.21,122508,0
OMIC.US,D,20230404,000000,1.19,1.24,1.17,1.22,108983,0
OMIC.US,D,20230405,000000,1.22,1.31,1.15,1.28,170087,0
OMIC.US,D,20230406,000000,1.29,1.32,1.2,1.28,56677,0
OMIC.US,D,20230410,000000,1.27,1.27,1.16,1.18,129622,0
OMIC.US,D,20230411,000000,1.18,1.21,1.08,1.1,167645,0
OMIC.US,D,20230412,000000,1.09,1.12,1,1,186362,0
OMIC.US,D,20230413,000000,1.03,1.0569,1,1.03,139285,0
OMIC.US,D,20230414,000000,1.01,1.06,1,1.03,131413,0
OMIC.US,D,20230417,000000,1.06,1.13,1.01,1.08,220534,0
OMIC.US,D,20230418,000000,1.12,1.18,1.06,1.16,213125,0
OMIC.US,D,20230419,000000,1.14,1.21,1.09,1.12,127891,0
OMIC.US,D,20230420,000000,1.1,1.1,1,1.05,143102,0
OMIC.US,D,20230421,000000,1.04,1.08,1,1.05,135204,0
OMIC.US,D,20230424,000000,1.03,1.054,1.005,1.02,102317,0
OMIC.US,D,20230425,000000,1,1.03,1,1,92146,0
OMIC.US,D,20230426,000000,1,1.04,0.999,1.02,67166,0
OMIC.US,D,20230427,000000,1.02,1.0699,0.99,1.02,87202,0
OMIC.US,D,20230428,000000,1,1.02,0.9522,0.99,167496,0
OMIC.US,D,20230501,000000,0.98,1.02,0.95,0.9745,66195,0
OMIC.US,D,20230502,000000,0.99,0.99,0.9218,0.9401,78862,0
OMIC.US,D,20230503,000000,0.9411,1.02,0.9411,0.9999,121552,0
OMIC.US,D,20230504,000000,0.9976,1.06,0.97,1.06,181400,0
OMIC.US,D,20230505,000000,0.99,1.115,0.99,1.06,139524,0
OMIC.US,D,20230508,000000,1.04,1.08,0.98,1.05,148737,0
OMIC.US,D,20230509,000000,1.05,1.1,0.98,1.1,106582,0
OMIC.US,D,20230510,000000,1.1,1.21,1.02,1.2,259074,0
OMIC.US,D,20230511,000000,1.19,1.19,1.06,1.07,208945,0
OMIC.US,D,20230512,000000,1.07,1.105,0.795,0.8237,476077,0
OMIC.US,D,20230515,000000,0.8385,0.9248,0.8101,0.8925,195863,0
OMIC.US,D,20230516,000000,0.84,0.88375,0.8,0.8195,275767,0
OMIC.US,D,20230517,000000,0.81,0.82,0.7649,0.7974,530331,0
OMIC.US,D,20230518,000000,0.7797,0.82,0.77,0.7996,258929,0
OMIC.US,D,20230519,000000,0.88,0.9499,0.829,0.8988,406920,0
OMIC.US,D,20230522,000000,0.9,1.08,0.8631,1.04,350542,0
OMIC.US,D,20230523,000000,1.1,1.14,1.07,1.12,291012,0
OMIC.US,D,20230524,000000,1.11,1.11,1.03,1.05,157141,0
OMIC.US,D,20230525,000000,1.04,1.08,1.04,1.06,120120,0
OMIC.US,D,20230526,000000,1.05,1.12,1.04,1.08,260371,0
OMIC.US,D,20230530,000000,1.1,1.1006,1.04,1.05,83767,0
OMIC.US,D,20230531,000000,1.05,1.08,1.03,1.055,163629,0
OMIC.US,D,20230601,000000,1.06,1.06,0.9165,0.9242,163900,0
OMIC.US,D,20230602,000000,0.93,0.93,0.8649,0.9052,181902,0
OMIC.US,D,20230605,000000,0.898,0.9488,0.86,0.9024,166145,0
OMIC.US,D,20230606,000000,0.9,0.9419,0.8688,0.931,281764,0
OMIC.US,D,20230607,000000,0.94,0.9672,0.8,0.8596,555380,0
OMIC.US,D,20230608,000000,0.8596,0.8947,0.82,0.8374,247057,0
OMIC.US,D,20230609,000000,0.8286,0.87,0.8221,0.8432,92746,0
OMIC.US,D,20230612,000000,0.86,0.8871,0.8403,0.8588,123741,0
OMIC.US,D,20230613,000000,0.8559,0.88,0.822,0.8563,157880,0
OMIC.US,D,20230614,000000,0.88,0.88,0.82,0.8501,352239,0
OMIC.US,D,20230615,000000,0.8363,0.8686,0.8207,0.8544,252129,0
OMIC.US,D,20230616,000000,0.8631,0.8786,0.8304,0.8665,371049,0
OMIC.US,D,20230620,000000,0.879,0.88,0.8075,0.8141,358917,0
OMIC.US,D,20230621,000000,0.8134,0.839,0.79,0.7988,290245,0
OMIC.US,D,20230622,000000,0.82,0.8587,0.7901,0.8146,175500,0
OMIC.US,D,20230623,000000,0.8146,0.83,0.78,0.78,6645085,0
OMIC.US,D,20230626,000000,0.7842,0.82,0.7816,0.81,172725,0
OMIC.US,D,20230627,000000,0.81,0.844,0.76,0.8036,235877,0
OMIC.US,D,20230628,000000,0.81,0.8299,0.7911,0.8,158064,0
OMIC.US,D,20230629,000000,0.8,0.844,0.8,0.8218,108334,0
OMIC.US,D,20230630,000000,0.84,0.8908,0.83,0.83,239935,0
OMIC.US,D,20230703,000000,0.84,0.848,0.8,0.82,32083,0
OMIC.US,D,20230705,000000,0.8258,0.8676,0.8,0.818,104668,0
OMIC.US,D,20230706,000000,0.81,0.822,0.78,0.79,175116,0
OMIC.US,D,20230707,000000,0.78,0.824,0.78,0.8015,94018,0
OMIC.US,D,20230710,000000,0.82,0.8801,0.8096,0.8355,171190,0
OMIC.US,D,20230711,000000,0.84,0.88,0.84,0.8498,111505,0
OMIC.US,D,20230712,000000,0.88,0.9456,0.86,0.909,203824,0
OMIC.US,D,20230713,000000,0.9,0.9902,0.8801,0.901,111331,0
OMIC.US,D,20230714,000000,0.9762,0.9809,0.89,0.9064,55834,0
OMIC.US,D,20230717,000000,0.91,1,0.895,0.95,29283,0
OMIC.US,D,20230718,000000,0.97,1.05,0.934,0.98,63884,0
OMIC.US,D,20230719,000000,0.96,0.9972,0.94,0.99,78068,0
OMIC.US,D,20230720,000000,0.9669,1,0.9472,0.965,34762,0
OMIC.US,D,20230721,000000,0.963,0.99,0.9193,0.9193,107403,0
OMIC.US,D,20230724,000000,0.94,0.946,0.88,0.885,168990,0
OMIC.US,D,20230725,000000,0.885,0.9016,0.815,0.837,270170,0
OMIC.US,D,20230726,000000,0.8329,0.8621,0.7854,0.8,273951,0
OMIC.US,D,20230727,000000,0.81,0.92,0.7913,0.8,673996,0
OMIC.US,D,20230728,000000,0.793,0.832,0.793,0.8,630804,0
OMIC.US,D,20230731,000000,0.81,0.82,0.7929,0.7929,49218,0
OMIC.US,D,20230801,000000,0.8,0.80185,0.782,0.79,91994,0
OMIC.US,D,20230802,000000,0.7849,0.7916,0.74,0.76,216360,0
OMIC.US,D,20230803,000000,0.75,0.76,0.743,0.7562,106825,0
OMIC.US,D,20230804,000000,0.754,0.769,0.7413,0.747,92478,0
OMIC.US,D,20230807,000000,0.75,0.8,0.72,0.737,111912,0
OMIC.US,D,20230808,000000,0.721,0.75,0.720101,0.73,54769,0
OMIC.US,D,20230809,000000,0.73,0.7649,0.701,0.701,140654,0
OMIC.US,D,20230810,000000,0.72,0.7499,0.66,0.68,289840,0
OMIC.US,D,20230811,000000,0.6768,0.68995,0.563,0.5799,812466,0
OMIC.US,D,20230814,000000,0.58,0.5999,0.5,0.5412,745526,0
OMIC.US,D,20230815,000000,0.54,0.555,0.52,0.5355,251786,0
OMIC.US,D,20230816,000000,0.54,0.58005,0.51,0.5255,84588,0
OMIC.US,D,20230817,000000,0.5233,0.5528,0.501,0.5082,144405,0
OMIC.US,D,20230818,000000,0.501,0.525,0.501,0.503,84398,0
OMIC.US,D,20230821,000000,0.501,0.5345,0.48,0.5005,454759,0
OMIC.US,D,20230822,000000,0.4855,0.4999,0.48,0.4915,248814,0
OMIC.US,D,20230823,000000,0.5,0.525,0.465,0.4765,138521,0
OMIC.US,D,20230824,000000,0.51,0.51,0.461,0.4706,253694,0
OMIC.US,D,20230825,000000,0.461,0.51,0.46,0.47,247939,0
OMIC.US,D,20230828,000000,0.475,0.4899,0.4693,0.47,153998,0
OMIC.US,D,20230829,000000,0.465,0.48,0.4602,0.47,98085,0
OMIC.US,D,20230830,000000,0.47,0.5,0.461,0.4699,302512,0
OMIC.US,D,20230831,000000,0.5,0.5,0.4665,0.4699,431591,0
OMIC.US,D,20230901,000000,0.4749,0.51,0.4691,0.47,262180,0
OMIC.US,D,20230905,000000,0.47,0.49,0.4563,0.4658,202546,0
OMIC.US,D,20230906,000000,0.489,0.49,0.452,0.4567,263282,0
OMIC.US,D,20230907,000000,0.4515,0.471,0.4395,0.4428,209381,0
OMIC.US,D,20230908,000000,0.4404,0.47,0.4368,0.44,95011,0
OMIC.US,D,20230911,000000,0.45,0.455,0.435,0.435,156289,0
OMIC.US,D,20230912,000000,0.4525,0.46,0.4351,0.4366,95784,0
OMIC.US,D,20230913,000000,0.4497,0.45,0.427,0.427,71336,0
OMIC.US,D,20230914,000000,0.4111,0.44525,0.41,0.4171,202930,0
OMIC.US,D,20230915,000000,0.4373,0.449,0.415,0.4191,140471,0
OMIC.US,D,20230918,000000,0.42,0.4299,0.394,0.394,241740,0
OMIC.US,D,20230919,000000,0.4,0.4,0.3788,0.3788,255573,0
OMIC.US,D,20230920,000000,0.39,0.39,0.36,0.3699,831864,0
OMIC.US,D,20230921,000000,0.3865,0.393,0.3611,0.393,134313,0
OMIC.US,D,20230922,000000,0.393,0.3961,0.374,0.381,1190210,0
OMIC.US,D,20230925,000000,0.41,0.4185,0.38,0.4018,98654,0
OMIC.US,D,20230926,000000,0.4078,0.4186,0.3824,0.3944,81840,0
OMIC.US,D,20230927,000000,0.4,0.418,0.39,0.398,68751,0
OMIC.US,D,20230928,000000,0.39,0.3999,0.38,0.38,85453,0
OMIC.US,D,20230929,000000,0.38,0.4044,0.38,0.381,125944,0
OMIC.US,D,20231002,000000,0.37,0.3999,0.356,0.357,104302,0
OMIC.US,D,20231003,000000,0.35,0.37,0.341,0.3562,531869,0
OMIC.US,D,20231004,000000,0.36,0.3724,0.359,0.3704,126767,0
OMIC.US,D,20231005,000000,0.38,0.38,0.36,0.3665,190777,0
OMIC.US,D,20231006,000000,0.3555,0.3799,0.3555,0.37,55677,0
OMIC.US,D,20231009,000000,0.361,0.37,0.321,0.354,144275,0
OMIC.US,D,20231010,000000,0.35,0.3699,0.35,0.3637,529605,0
OMIC.US,D,20231011,000000,0.38,0.39,0.36,0.3717,212055,0
OMIC.US,D,20231012,000000,0.3605,0.38,0.36,0.3698,200652,0
OMIC.US,D,20231013,000000,0.36,0.382,0.35555,0.3755,153706,0
OMIC.US,D,20231016,000000,0.375,0.399545,0.3611,0.3611,201931,0
OMIC.US,D,20231017,000000,0.3531,0.39,0.35,0.36,243036,0
OMIC.US,D,20231018,000000,0.35,0.39,0.35,0.36,216215,0
OMIC.US,D,20231019,000000,0.37,0.39,0.351549,0.356,83870,0
OMIC.US,D,20231020,000000,0.3561,0.36,0.35,0.3539,23290,0
OMIC.US,D,20231023,000000,0.35,0.3665,0.3403,0.35,145974,0
OMIC.US,D,20231024,000000,0.3403,0.36019,0.3403,0.3598,110713,0
OMIC.US,D,20231025,000000,0.360001,0.38,0.353851,0.373,59979,0
OMIC.US,D,20231026,000000,0.371501,0.38,0.3404,0.35,19838,0
OMIC.US,D,20231027,000000,0.36,0.36125,0.3259,0.333,189846,0
OMIC.US,D,20231030,000000,0.33,0.3399,0.322,0.3302,170810,0
OMIC.US,D,20231031,000000,0.3303,0.3399,0.321,0.3325,49577,0
OMIC.US,D,20231101,000000,0.3325,0.3401,0.3119,0.3303,67967,0
OMIC.US,D,20231102,000000,0.3303,0.3541,0.33,0.3402,131475,0
OMIC.US,D,20231103,000000,0.34,0.3788,0.34,0.36,19393,0
OMIC.US,D,20231106,000000,0.36,0.4,0.36,0.3843,163745,0
OMIC.US,D,20231107,000000,0.401649,0.58,0.401649,0.525,11396988,0
OMIC.US,D,20231108,000000,0.575,0.609,0.502,0.58,5203040,0
OMIC.US,D,20231109,000000,0.5578,0.6322,0.4712,0.5262,3298492,0
OMIC.US,D,20231110,000000,0.505,0.52,0.3101,0.375,4036306,0
OMIC.US,D,20231113,000000,0.3202,0.36,0.3202,0.3501,841039,0
OMIC.US,D,20231114,000000,0.3459,0.3743,0.3323,0.369,458290,0
OMIC.US,D,20231115,000000,0.335,0.395,0.33,0.395,1126295,0
OMIC.US,D,20231116,000000,0.385,0.45,0.37,0.425,828720,0
OMIC.US,D,20231117,000000,0.4398,0.4459,0.4015,0.4372,324585,0
OMIC.US,D,20231120,000000,0.451,0.451,0.3944,0.4054,587438,0
OMIC.US,D,20231121,000000,0.425,0.4396,0.39,0.412,246183,0
OMIC.US,D,20231122,000000,0.4014,0.4362,0.399899,0.41,137396,0
OMIC.US,D,20231124,000000,0.4103,0.443,0.4103,0.416,93729,0
OMIC.US,D,20231127,000000,0.425,0.4463,0.4062,0.407,260497,0
OMIC.US,D,20231128,000000,0.4437,0.4437,0.385,0.389,238556,0
OMIC.US,D,20231129,000000,0.3801,0.42,0.38,0.381,199145,0
OMIC.US,D,20231130,000000,0.392,0.3993,0.3787,0.3918,455411,0
OMIC.US,D,20231201,000000,0.409,0.418,0.3901,0.417,173016,0
OMIC.US,D,20231204,000000,0.417,0.4299,0.4064,0.4299,87354,0
OMIC.US,D,20231205,000000,0.4192,0.4298,0.385,0.3949,303515,0
OMIC.US,D,20231206,000000,0.390001,0.3991,0.3751,0.3861,482158,0
OMIC.US,D,20231207,000000,0.407,0.4092,0.374,0.3867,290710,0
OMIC.US,D,20231208,000000,0.3867,0.390101,0.38,0.385,96620,0
OMIC.US,D,20231211,000000,0.4,0.4,0.385,0.3855,154106,0
OMIC.US,D,20231212,000000,0.4,0.4,0.38,0.395,229637,0
OMIC.US,D,20231213,000000,0.4099,0.4099,0.382,0.401,216657,0
OMIC.US,D,20231214,000000,0.4099,0.4277,0.4011,0.4201,267448,0
OMIC.US,D,20231215,000000,0.429,0.429,0.4011,0.4247,178549,0
OMIC.US,D,20231218,000000,0.42,0.44,0.4101,0.42,132227,0
OMIC.US,D,20231219,000000,0.42,0.4675,0.42,0.462,353460,0
OMIC.US,D,20231220,000000,0.476,0.476,0.401,0.409,275813,0
OMIC.US,D,20231221,000000,0.4101,0.4303,0.4,0.4199,98348,0
OMIC.US,D,20231222,000000,0.41,0.4387,0.4001,0.429,136205,0
OMIC.US,D,20231226,000000,0.4115,0.434,0.401,0.415,221342,0
OMIC.US,D,20231227,000000,0.4151,0.4565,0.4151,0.446,239955,0
OMIC.US,D,20231228,000000,0.4549,0.507,0.4351,0.471,451620,0
OMIC.US,D,20231229,000000,0.486,0.4945,0.42,0.4601,205000,0
OMIC.US,D,20240102,000000,0.46,0.5161,0.46,0.485,373547,0
OMIC.US,D,20240103,000000,0.49,0.493,0.465,0.493,206974,0
OMIC.US,D,20240104,000000,0.480101,0.4899,0.4412,0.469,140924,0
OMIC.US,D,20240105,000000,0.445,0.46,0.4155,0.4301,131145,0
OMIC.US,D,20240108,000000,0.4156,0.468,0.4156,0.4361,95830,0
OMIC.US,D,20240109,000000,0.4155,0.4429,0.4155,0.4403,102202,0
OMIC.US,D,20240110,000000,0.4252,0.435,0.420101,0.4252,28538,0
OMIC.US,D,20240111,000000,0.4301,0.45,0.42,0.4278,118318,0
OMIC.US,D,20240112,000000,0.433,0.4392,0.4278,0.435,81573,0
OMIC.US,D,20240116,000000,0.44,0.44,0.40201,0.4151,124847,0
OMIC.US,D,20240117,000000,0.42,0.436,0.4,0.409,106787,0
OMIC.US,D,20240118,000000,0.4159,0.428,0.4053,0.4054,18466,0
OMIC.US,D,20240119,000000,0.4054,0.44,0.401,0.411,188053,0
OMIC.US,D,20240122,000000,0.4504,0.4504,0.418,0.42,47216,0
OMIC.US,D,20240123,000000,0.431501,0.44,0.4051,0.4051,59491,0
OMIC.US,D,20240124,000000,0.425,0.4499,0.425,0.4337,131144,0
OMIC.US,D,20240125,000000,0.45,0.47,0.4203,0.4607,64239,0
OMIC.US,D,20240126,000000,0.4601,0.47,0.4055,0.47,38903,0
OMIC.US,D,20240129,000000,0.465,0.5,0.45,0.5,76320,0
OMIC.US,D,20240130,000000,0.465,0.5082,0.4577,0.5,26245,0
OMIC.US,D,20240131,000000,0.5,0.545,0.4701,0.505,152186,0
OMIC.US,D,20240201,000000,0.54,0.54,0.4999,0.526,89456,0
OMIC.US,D,20240202,000000,0.53,0.56,0.48,0.56,262891,0
OMIC.US,D,20240205,000000,0.58,0.5939,0.55,0.579,400555,0
OMIC.US,D,20240206,000000,0.5999,0.62,0.57,0.61,217873,0
OMIC.US,D,20240207,000000,0.63,0.63,0.59,0.61,61586,0
OMIC.US,D,20240208,000000,0.609899,0.61,0.59,0.59,67624,0
OMIC.US,D,20240209,000000,0.6195,0.62,0.5512,0.56,131932,0
OMIC.US,D,20240212,000000,0.58,0.6,0.445,0.5104,288402,0
OMIC.US,D,20240213,000000,0.51,0.51,0.465,0.471,91797,0
OMIC.US,D,20240214,000000,0.4851,0.5436,0.4507,0.505,46947,0
OMIC.US,D,20240215,000000,0.540099,0.5775,0.52,0.52,51594,0
OMIC.US,D,20240216,000000,0.5205,0.55,0.52,0.5474,69398,0
OMIC.US,D,20240220,000000,0.5558,0.570568,0.4898,0.529,96279,0
OMIC.US,D,20240221,000000,0.5191,0.55,0.4951,0.51,42431,0
OMIC.US,D,20240222,000000,0.5301,0.5474,0.5,0.5187,77785,0
OMIC.US,D,20240223,000000,0.5454,0.56,0.4775,0.55,165023,0
OMIC.US,D,20240226,000000,0.5655,0.615,0.5518,0.61,234126,0
OMIC.US,D,20240227,000000,0.62,0.66,0.584,0.588,163996,0
OMIC.US,D,20240228,000000,0.6147,0.62,0.58,0.5868,63183,0
OMIC.US,D,20240229,000000,0.5672,0.59,0.555,0.57,258464,0
OMIC.US,D,20240301,000000,0.5602,0.6205,0.5602,0.6045,81322,0
OMIC.US,D,20240304,000000,0.6,0.61,0.57,0.5801,97696,0
OMIC.US,D,20240305,000000,0.6091,0.6091,0.551,0.5591,85633,0
OMIC.US,D,20240306,000000,0.56,0.5855,0.5122,0.5163,28552,0
OMIC.US,D,20240307,000000,0.5163,0.557,0.513,0.5149,74256,0
OMIC.US,D,20240308,000000,0.5565,0.5888,0.513,0.5687,114551,0
OMIC.US,D,20240311,000000,0.56,0.56,0.525,0.532,45564,0
OMIC.US,D,20240312,000000,0.52,0.5888,0.52,0.5302,87326,0
OMIC.US,D,20240313,000000,0.5302,0.5462,0.5201,0.545,64316,0
OMIC.US,D,20240314,000000,0.5486,0.5486,0.49,0.5011,340601,0
OMIC.US,D,20240315,000000,0.505,0.505,0.4901,0.5,41622,0
OMIC.US,D,20240318,000000,0.5,0.557,0.5,0.5474,72561,0
OMIC.US,D,20240319,000000,0.57,0.57,0.5,0.5136,93510,0
OMIC.US,D,20240320,000000,0.517,0.5245,0.495101,0.5235,62292,0
OMIC.US,D,20240321,000000,0.5345,0.5442,0.492,0.4927,79667,0
OMIC.US,D,20240322,000000,0.52,0.53899,0.4911,0.515,70222,0
OMIC.US,D,20240325,000000,0.5175,0.5299,0.4951,0.505,87377,0
OMIC.US,D,20240326,000000,0.5049,0.53,0.5,0.5111,72998,0
OMIC.US,D,20240327,000000,0.495,0.52,0.4774,0.5168,110408,0
OMIC.US,D,20240328,000000,0.5196,0.5325,0.51,0.5142,57356,0
OMIC.US,D,20240401,000000,0.507,0.5105,0.5001,0.507,43919,0
OMIC.US,D,20240402,000000,0.514,0.5209,0.4807,0.5041,203957,0
OMIC.US,D,20240403,000000,0.5032,0.5167,0.4849,0.4886,21401,0
OMIC.US,D,20240404,000000,0.5,0.51,0.48,0.4849,114374,0
OMIC.US,D,20240405,000000,0.495,0.495,0.4801,0.4825,26445,0
OMIC.US,D,20240408,000000,0.48,0.5,0.48,0.4891,29794,0
OMIC.US,D,20240409,000000,0.4969,0.4969,0.45,0.4612,62138,0
OMIC.US,D,20240410,000000,0.47,0.471,0.4201,0.4237,113113,0
OMIC.US,D,20240411,000000,0.4201,0.4247,0.36,0.401,283233,0
OMIC.US,D,20240412,000000,0.391,0.428,0.391,0.4278,306740,0
OMIC.US,D,20240415,000000,0.415,0.428,0.377,0.377,128664,0
OMIC.US,D,20240416,000000,0.4,0.42,0.38,0.39,289769,0
OMIC.US,D,20240417,000000,0.4055,0.4055,0.376,0.3975,257319,0
OMIC.US,D,20240418,000000,0.409,0.415,0.385,0.3889,24044,0
OMIC.US,D,20240419,000000,0.4083,0.41,0.383,0.4,118298,0
OMIC.US,D,20240422,000000,0.4133,0.414,0.3924,0.4,43805,0
OMIC.US,D,20240423,000000,0.39989,0.428,0.39989,0.4144,77813,0
OMIC.US,D,20240424,000000,0.42,0.4279,0.39,0.4074,34110,0
OMIC.US,D,20240425,000000,0.3903,0.4049,0.39,0.4006,18125,0
OMIC.US,D,20240426,000000,0.41,0.41,0.3762,0.4042,106287,0
OMIC.US,D,20240429,000000,0.3955,0.41,0.386,0.3975,61016,0
OMIC.US,D,20240430,000000,0.4044,0.416,0.395,0.401,100287,0
OMIC.US,D,20240501,000000,0.416,0.433,0.395,0.4071,95161,0
OMIC.US,D,20240502,000000,0.4083,0.42,0.38,0.4,178483,0
OMIC.US,D,20240503,000000,0.41,0.4196,0.3901,0.4131,81842,0
OMIC.US,D,20240506,000000,0.417,0.52,0.4102,0.432,739942,0
OMIC.US,D,20240507,000000,0.434,0.445,0.410001,0.4311,77706,0
OMIC.US,D,20240508,000000,0.445,0.445,0.42,0.438,68878,0
OMIC.US,D,20240509,000000,0.436949,0.455,0.434,0.4479,85607,0
OMIC.US,D,20240510,000000,0.47663,0.479,0.3851,0.4118,150527,0
OMIC.US,D,20240513,000000,0.427,0.451,0.4105,0.428,84007,0
OMIC.US,D,20240514,000000,0.436,0.45,0.4011,0.4296,195310,0
OMIC.US,D,20240515,000000,0.4129,0.4249,0.38,0.38,398406,0
OMIC.US,D,20240516,000000,0.3686,0.40125,0.342778,0.371,204412,0
OMIC.US,D,20240517,000000,0.351,0.399999,0.351,0.3811,189110,0
OMIC.US,D,20240520,000000,0.36,0.3973,0.36,0.393,155684,0
OMIC.US,D,20240521,000000,0.3682,0.4279,0.3682,0.4037,156102,0
OMIC.US,D,20240522,000000,0.368,0.402,0.368,0.3853,55940,0
OMIC.US,D,20240523,000000,0.365,0.391,0.365,0.37,123233,0
OMIC.US,D,20240524,000000,0.36,0.385,0.36,0.381,48008,0
OMIC.US,D,20240528,000000,0.395,0.395,0.355,0.375,83205,0
OMIC.US,D,20240529,000000,0.373,0.385,0.3563,0.372,108013,0
OMIC.US,D,20240530,000000,0.355,0.385,0.355,0.364,81242,0
OMIC.US,D,20240531,000000,0.358,0.385,0.358,0.3647,69172,0
OMIC.US,D,20240603,000000,0.375,0.38,0.3614,0.375,49054,0
OMIC.US,D,20240604,000000,0.375,0.3795,0.345,0.345,91520,0
OMIC.US,D,20240605,000000,0.356,0.3698,0.345,0.3591,124089,0
OMIC.US,D,20240606,000000,0.353,0.391,0.345,0.345,229268,0
OMIC.US,D,20240607,000000,0.342,0.3669,0.3049,0.3201,342482,0
OMIC.US,D,20240610,000000,0.32,0.37,0.32,0.3428,20444,0
OMIC.US,D,20240611,000000,0.32,0.355,0.32,0.348,50439,0
OMIC.US,D,20240612,000000,0.3654,0.37,0.34,0.3488,32058,0
OMIC.US,D,20240613,000000,0.3575,0.3575,0.3242,0.3264,44015,0
OMIC.US,D,20240614,000000,0.33,0.3335,0.32,0.32,47206,0
OMIC.US,D,20240617,000000,0.33,0.3509,0.33,0.3404,76066,0
OMIC.US,D,20240618,000000,0.346,0.36,0.33,0.33,84899,0
OMIC.US,D,20240620,000000,0.33,0.3553,0.321,0.321,35900,0
OMIC.US,D,20240621,000000,0.3201,0.36,0.30925,0.3504,191909,0
OMIC.US,D,20240624,000000,0.3102,0.318,0.2868,0.3065,691033,0
OMIC.US,D,20240625,000000,0.3,0.3065,0.2714,0.29,831408,0
OMIC.US,D,20240626,000000,8.01,11.58,7.53,11.1,25230,0
OMIC.US,D,20240627,000000,9.99,12.37,9.15,9.32,23541,0
OMIC.US,D,20240628,000000,9.34,9.9927,8.45,8.45,18864,0
OMIC.US,D,20240701,000000,8.41,9,8.38,8.52,5208,0
OMIC.US,D,20240702,000000,8.58,8.58,8.51,8.51,2370,0
OMIC.US,D,20240703,000000,8.51,9.08,8.21,8.41,8836,0
OMIC.US,D,20240705,000000,8.07,8.435,7.82,7.9415,6610,0
OMIC.US,D,20240708,000000,7.57,7.9336,7.5,7.65,5300,0
OMIC.US,D,20240709,000000,7.5538,8.1397,7.5538,7.62,2681,0
OMIC.US,D,20240710,000000,7.7453,8.1,7.62,7.62,1862,0
OMIC.US,D,20240711,000000,7.51,8.5444,7.51,8.31,10047,0
OMIC.US,D,20240712,000000,8.86,9.926,8.55,8.74,7978,0
OMIC.US,D,20240715,000000,8.66,8.66,8.37,8.38,4112,0
OMIC.US,D,20240716,000000,8.42,8.68,8.41,8.68,1461,0
OMIC.US,D,20240717,000000,8.22,8.22,8.22,8.22,950,0
OMIC.US,D,20240718,000000,8.05,8.45,8,8,3711,0
OMIC.US,D,20240719,000000,8,8.1745,8,8.1745,1587,0
OMIC.US,D,20240722,000000,8.03,8.19,8.03,8.1,2249,0
OMIC.US,D,20240725,000000,8.39,8.39,8.39,8.39,916,0
OMIC.US,D,20240726,000000,7.76,7.8,7.4305,7.8,11494,0
OMIC.US,D,20240729,000000,7.21,8.14,7.21,7.78,6599,0
OMIC.US,D,20240730,000000,8.37,8.37,7.97,8.095,1134,0
OMIC.US,D,20240731,000000,7.85,8.3,7.85,8.3,1145,0
OMIC.US,D,20240801,000000,7.93,8.38,7.93,8.12,1217,0
OMIC.US,D,20240802,000000,7.955,8.18,7.955,8.1074,3227,0
OMIC.US,D,20240805,000000,7.2,7.8,6.78,7.25,7356,0
OMIC.US,D,20240806,000000,7.155,7.406,6.98,7.05,13074,0
OMIC.US,D,20240807,000000,7.33,7.9,7.05,7.05,13271,0
OMIC.US,D,20240808,000000,7.4347,7.5,7.05,7.2,13978,0
OMIC.US,D,20240809,000000,7.26,7.51,7.26,7.51,929,0
OMIC.US,D,20240812,000000,7.22,7.51,7.12,7.1201,9142,0
OMIC.US,D,20240813,000000,7.8182,7.8182,7.12,7.12,11676,0
OMIC.US,D,20240814,000000,7.13,7.4,7.13,7.305,6445,0
OMIC.US,D,20240815,000000,7.39,7.39,7.12,7.186,5412,0
OMIC.US,D,20240816,000000,7.2,7.2,6.64,6.64,856,0
OMIC.US,D,20240819,000000,6.64,7.13,6.6,6.62,12234,0
OMIC.US,D,20240820,000000,7.02,7.02,6.22,6.51,9530,0
OMIC.US,D,20240821,000000,6.47,6.47,5.77,6,4755,0
OMIC.US,D,20240822,000000,6.0522,6.3399,5.78,6.3399,3771,0
OMIC.US,D,20240823,000000,6.3399,6.3399,6.3399,6.3399,3523,0
OMIC.US,D,20240826,000000,6.49,6.6,6.27,6.6,6155,0
OMIC.US,D,20240827,000000,6.5101,7.6199,6.5101,7.13,11835,0
OMIC.US,D,20240828,000000,6.76,6.9,6.652,6.652,2818,0
OMIC.US,D,20240829,000000,6.5,7.1,6.5,7.09,2768,0
OMIC.US,D,20240830,000000,6.53,7.1077,6.53,7.1077,1021,0
OMIC.US,D,20240903,000000,6.751,6.751,6.01,6.2759,5454,0
OMIC.US,D,20240904,000000,6.2,6.6479,6.16,6.16,7350,0
OMIC.US,D,20240905,000000,6.3,6.4458,6.01,6.18,19293,0
OMIC.US,D,20240906,000000,6,6.175,5.55,5.8923,21910,0
OMIC.US,D,20240909,000000,5.81,6.192,5.61,6.01,12284,0
OMIC.US,D,20240910,000000,5.98,6.03,5.71,6.03,6116,0
OMIC.US,D,20240911,000000,5.8,5.8,5.34,5.665,10079,0
OMIC.US,D,20240912,000000,5.52,5.75,5.52,5.65,1081783,0
OMIC.US,D,20240913,000000,8.7,12.7,8.7,12.38,2871669,0
OMIC.US,D,20240916,000000,11.57,13.95,11.5,12.81,376401,0
OMIC.US,D,20240917,000000,13.03,17.24,12.8158,16.16,252222,0
OMIC.US,D,20240918,000000,16.15,18.9167,16.07,16.79,303140,0
OMIC.US,D,20240919,000000,19,19.3,16.11,16.22,237168,0
OMIC.US,D,20240920,000000,16.28,16.958,16.22,16.42,49631,0
OMIC.US,D,20240923,000000,16.25,16.8929,16.25,16.36,19544,0
OMIC.US,D,20240924,000000,16.61,19.685,16.25,16.25,146905,0
OMIC.US,D,20240925,000000,16.42,16.58,15.24,15.76,44079,0
OMIC.US,D,20240926,000000,15.76,16.46,15.01,15.51,47796,0
OMIC.US,D,20240927,000000,15.72,16.72,15.16,15.49,33757,0
OMIC.US,D,20240930,000000,15.32,16.2,15.3,15.67,213928,0
OMIC.US,D,20241001,000000,16.64,16.64,15.3,15.38,70637,0
OMIC.US,D,20241002,000000,15.37,15.7499,15.26,15.38,33433,0
OMIC.US,D,20241003,000000,15.5,15.57,14.99,15,16962,0
OMIC.US,D,20241004,000000,15.29,15.43,13.48,13.48,24004,0
OMIC.US,D,20241007,000000,13.41,15.13,13.25,15.13,24499,0
OMIC.US,D,20241008,000000,15.14,15.5,14.61,15.29,18218,0
OMIC.US,D,20241009,000000,15.29,15.29,14.109,15.15,9183,0
OMIC.US,D,20241010,000000,14.67,15.4,14.03,14.31,30554,0
OMIC.US,D,20241011,000000,13.71,15.1534,13.71,14.2694,16293,0
OMIC.US,D,20241014,000000,14.11,15.1899,14.01,14.76,7205,0
OMIC.US,D,20241015,000000,14.63,15.28,14.57,14.84,20675,0
OMIC.US,D,20241016,000000,15,15.75,14.87,15.53,9294,0
OMIC.US,D,20241017,000000,15.75,15.75,15.26,15.26,4589,0
OMIC.US,D,20241018,000000,15.47,15.5,14.79,15.2,6166,0
OMIC.US,D,20241021,000000,14.98,15.22,14.7601,15.1,60720,0
OMIC.US,D,20241022,000000,14.99,15.05,13.81,14.14,21745,0
OMIC.US,D,20241023,000000,14.23,14.24,13.03,13.24,13739,0
OMIC.US,D,20241024,000000,13.78,13.8,13.1,13.8,2428,0
OMIC.US,D,20241025,000000,13.97,15.25,13.73,14,3350,0
OMIC.US,D,20241028,000000,14,14.500839,13.07,13.32,23168,0
OMIC.US,D,20241029,000000,13.618,14.4616,13.58,13.58,5253,0
