<TICKER>,<PER>,<DATE>,<TIME>,<OPEN>,<HIGH>,<LOW>,<CLOSE>,<VOL>,<OPENINT>
ORGS.US,D,20180314,000000,11.4,13.95,11.3692,13.852,332687,0
ORGS.US,D,20180315,000000,14,16.8,13.9,14.68,445139,0
ORGS.US,D,20180316,000000,14.68,14.68,13.3,13.4,173339,0
ORGS.US,D,20180319,000000,13.2,13.4,10.73,11.9,165047,0
ORGS.US,D,20180320,000000,11.4,12,10.9,10.9,85667,0
ORGS.US,D,20180321,000000,11.04,12.4842,11,11.8,73524,0
ORGS.US,D,20180322,000000,11.6002,12.4145,11.5714,11.85,50265,0
ORGS.US,D,20180323,000000,11.84,12.14,11.5,11.5,33432,0
ORGS.US,D,20180326,000000,11.84,12,11,11.01,34462,0
ORGS.US,D,20180327,000000,11.24,11.8,11.05,11.1053,37688,0
ORGS.US,D,20180328,000000,11.11,11.202,10.21,10.31,36416,0
ORGS.US,D,20180329,000000,10.38,10.4295,10.25,10.3155,11400,0
ORGS.US,D,20180402,000000,9.76,10.32,9.5,9.9785,29560,0
ORGS.US,D,20180403,000000,10.03,11.4999,9.66,10.31,32141,0
ORGS.US,D,20180404,000000,10.19,11,9.85,10.25,25853,0
ORGS.US,D,20180405,000000,10.939,10.989,10.051,10.6681,14384,0
ORGS.US,D,20180406,000000,10.951,10.951,9.6001,10.136,21482,0
ORGS.US,D,20180409,000000,10.53,10.75,10,10.715,13101,0
ORGS.US,D,20180410,000000,10.88,10.88,10.2319,10.7,13490,0
ORGS.US,D,20180411,000000,10.6,10.6,10.3,10.6,7043,0
ORGS.US,D,20180412,000000,10.6,10.6,10.0166,10.6,14603,0
ORGS.US,D,20180413,000000,10.59,10.59,9.91,10.216,12336,0
ORGS.US,D,20180416,000000,10.26,10.3,9.6252,10.1,15915,0
ORGS.US,D,20180417,000000,10,10.6,9.73,10.45,56659,0
ORGS.US,D,20180418,000000,10.25,10.25,10.04,10.17,16671,0
ORGS.US,D,20180419,000000,10.15,11.07,10.15,10.6577,151884,0
ORGS.US,D,20180420,000000,10.5,10.5,9.9,10.37,21027,0
ORGS.US,D,20180423,000000,10.4818,10.4818,9.98,10.2,6515,0
ORGS.US,D,20180424,000000,10.35,10.35,9.3297,9.79,59879,0
ORGS.US,D,20180425,000000,9.9,9.94,9.6,9.9,22804,0
ORGS.US,D,20180426,000000,9.73,10.49,9.6,9.6,26537,0
ORGS.US,D,20180427,000000,9.72,10.1999,9.6001,10.19,19667,0
ORGS.US,D,20180430,000000,10.2,10.322,9.55,9.88,46700,0
ORGS.US,D,20180501,000000,9.9,10.2112,9.62,9.75,32424,0
ORGS.US,D,20180502,000000,9.96,10.04,8.22,9.23,158700,0
ORGS.US,D,20180503,000000,8.66,9,8.51,8.9034,21575,0
ORGS.US,D,20180504,000000,8.8,9,8.351,8.7575,33435,0
ORGS.US,D,20180507,000000,8.912,9.199,8.5519,8.91,21903,0
ORGS.US,D,20180508,000000,9.13,9.25,8.35,8.56,38437,0
ORGS.US,D,20180509,000000,8.56,8.6,8.4269,8.6,11734,0
ORGS.US,D,20180510,000000,8.55,8.75,8.45,8.5,20183,0
ORGS.US,D,20180511,000000,8.45,8.683,8.45,8.66,4333,0
ORGS.US,D,20180514,000000,8.7,8.7,8.43,8.43,15939,0
ORGS.US,D,20180515,000000,8.32,8.7,8.32,8.7,12657,0
ORGS.US,D,20180516,000000,8.7,8.75,8.46,8.48,10118,0
ORGS.US,D,20180517,000000,8.5,8.549,8.434,8.5049,7133,0
ORGS.US,D,20180518,000000,8.5,8.6073,8.3401,8.5,6614,0
ORGS.US,D,20180521,000000,8.656,8.7162,8.55,8.55,4943,0
ORGS.US,D,20180522,000000,8.5,8.68,8.5,8.5526,10812,0
ORGS.US,D,20180523,000000,8.48,8.8,8.48,8.79,4555,0
ORGS.US,D,20180524,000000,8.8,8.8,8.45,8.69,13881,0
ORGS.US,D,20180525,000000,8.58,8.656,8.5103,8.58,4582,0
ORGS.US,D,20180529,000000,8.45,8.79,8.45,8.69,38455,0
ORGS.US,D,20180530,000000,8.61,8.6229,8.5,8.61,7906,0
ORGS.US,D,20180531,000000,8.53,8.97,8.5,8.62,25107,0
ORGS.US,D,20180601,000000,8.62,8.76,8.5,8.68,24172,0
ORGS.US,D,20180604,000000,8.87,9,8.8,8.89,26241,0
ORGS.US,D,20180605,000000,8.98,9,8.8,8.85,23541,0
ORGS.US,D,20180606,000000,8.95,8.95,8.68,8.75,13381,0
ORGS.US,D,20180607,000000,8.7,8.8,8.57,8.8,9404,0
ORGS.US,D,20180608,000000,8.75,8.845,8.75,8.825,11286,0
ORGS.US,D,20180611,000000,8.85,9.5,8.81,9.3,68599,0
ORGS.US,D,20180612,000000,9.34,9.5,9.25,9.45,43483,0
ORGS.US,D,20180613,000000,9.5,9.5,8.772,9.3,36214,0
ORGS.US,D,20180614,000000,9.15,9.31,9.06,9.22,39422,0
ORGS.US,D,20180615,000000,8.76,9.09,8.75,8.85,193474,0
ORGS.US,D,20180618,000000,8.9,8.95,8.76,8.91,11846,0
ORGS.US,D,20180619,000000,8.9,8.98,8.75,8.75,9975,0
ORGS.US,D,20180620,000000,8.99,9.2822,8.761,9.22,18375,0
ORGS.US,D,20180621,000000,9.17,9.17,9.01,9.11,9496,0
ORGS.US,D,20180622,000000,8.9541,9.15,8.781,9.11,35784,0
ORGS.US,D,20180625,000000,9.01,9.1,8.82,8.83,9021,0
ORGS.US,D,20180626,000000,8.83,8.83,8.6711,8.81,13080,0
ORGS.US,D,20180627,000000,8.77,8.989,8.5,8.73,42695,0
ORGS.US,D,20180628,000000,8.75,8.75,8.21,8.36,14757,0
ORGS.US,D,20180629,000000,8.4,8.75,8.1,8.65,46147,0
ORGS.US,D,20180702,000000,8.74,8.7533,8.3801,8.66,14984,0
ORGS.US,D,20180703,000000,8.58,8.58,8.2172,8.37,11022,0
ORGS.US,D,20180705,000000,8.2,8.49,8.2,8.29,13314,0
ORGS.US,D,20180706,000000,8.5,8.5073,8.201,8.34,44118,0
ORGS.US,D,20180709,000000,8.49,8.49,8.1,8.29,15782,0
ORGS.US,D,20180710,000000,8.28,8.51,8.08,8.51,34735,0
ORGS.US,D,20180711,000000,8.48,8.59,8.1221,8.23,10637,0
ORGS.US,D,20180712,000000,8.27,8.37,8,8.37,36972,0
ORGS.US,D,20180713,000000,8.23,8.3526,8.14,8.35,4119,0
ORGS.US,D,20180716,000000,8.4,8.4,8.0862,8.22,6150,0
ORGS.US,D,20180717,000000,8.18,8.7,8,8.08,70161,0
ORGS.US,D,20180718,000000,8,8.189,7.77,7.77,12994,0
ORGS.US,D,20180719,000000,7.77,7.99,7.65,7.96,15173,0
ORGS.US,D,20180720,000000,8.19,8.19,7.8,7.95,16301,0
ORGS.US,D,20180723,000000,7.81,7.8447,7.6663,7.8,6018,0
ORGS.US,D,20180724,000000,7.72,7.8,7.65,7.8,14229,0
ORGS.US,D,20180725,000000,7.67,7.8,7.54,7.54,26100,0
ORGS.US,D,20180726,000000,7.5,7.5,7,7.05,48961,0
ORGS.US,D,20180727,000000,7.05,7.15,6,6.17,100128,0
ORGS.US,D,20180730,000000,6.5,7,6.41,6.6,49792,0
ORGS.US,D,20180731,000000,6.63,6.8871,6.53,6.55,23300,0
ORGS.US,D,20180801,000000,6.55,6.8845,6.5,6.59,35724,0
ORGS.US,D,20180802,000000,6.6,6.89,6.521,6.84,35365,0
ORGS.US,D,20180803,000000,6.89,6.89,6.2625,6.29,51673,0
ORGS.US,D,20180806,000000,6.4,7,6.4,6.55,30935,0
ORGS.US,D,20180807,000000,6.78,7.359,6.75,6.98,52026,0
ORGS.US,D,20180808,000000,7,7,6.55,6.76,26868,0
ORGS.US,D,20180809,000000,6.9685,6.99,6.8948,6.97,18343,0
ORGS.US,D,20180810,000000,6.86,7.05,6.69,6.91,30879,0
ORGS.US,D,20180813,000000,6.9,6.96,6.6204,6.92,3897,0
ORGS.US,D,20180814,000000,6.99,6.99,6.69,6.85,48156,0
ORGS.US,D,20180815,000000,6.67,6.92,6.63,6.91,14235,0
ORGS.US,D,20180816,000000,6.97,7.12,6.716,6.86,32779,0
ORGS.US,D,20180817,000000,6.9,6.9,6.77,6.82,17318,0
ORGS.US,D,20180820,000000,6.9,6.9,6.82,6.9,13583,0
ORGS.US,D,20180821,000000,6.82,6.99,6.82,6.86,24751,0
ORGS.US,D,20180822,000000,6.83,6.96,6.83,6.88,7316,0
ORGS.US,D,20180823,000000,7,7.522,6.8201,6.93,15263,0
ORGS.US,D,20180824,000000,7.13,7.13,6.82,6.83,7650,0
ORGS.US,D,20180827,000000,6.75,6.75,6.45,6.64,14545,0
ORGS.US,D,20180828,000000,6.54,6.62,6.26,6.4,9166,0
ORGS.US,D,20180829,000000,6.25,6.36,5.67,6.31,127700,0
ORGS.US,D,20180830,000000,5.96,6.49,5.86,6.47,92687,0
ORGS.US,D,20180831,000000,6.5,6.57,6.34,6.34,6405,0
ORGS.US,D,20180904,000000,6.32,6.3353,6.0029,6.24,8504,0
ORGS.US,D,20180905,000000,6.24,6.24,5.9393,6.13,6940,0
ORGS.US,D,20180906,000000,5.8903,6.1,5.8662,6.1,14538,0
ORGS.US,D,20180907,000000,6,6,5.7,5.75,19112,0
ORGS.US,D,20180910,000000,5.66,5.745,5.2873,5.5,109359,0
ORGS.US,D,20180911,000000,5.46,5.49,5.251,5.3,74089,0
ORGS.US,D,20180912,000000,5.25,5.88,5.06,5.3,138105,0
ORGS.US,D,20180913,000000,5.3,5.44,5.18,5.3,90221,0
ORGS.US,D,20180914,000000,5.46,5.66,5.3808,5.58,38167,0
ORGS.US,D,20180917,000000,5.5,5.6577,5.4592,5.6,29778,0
ORGS.US,D,20180918,000000,5.62,5.68,5.4,5.6,21165,0
ORGS.US,D,20180919,000000,5.6,5.635,5.34,5.35,37263,0
ORGS.US,D,20180920,000000,5.36,5.65,5.36,5.44,45399,0
ORGS.US,D,20180921,000000,5.41,5.57,5.3,5.49,61978,0
ORGS.US,D,20180924,000000,5.5,5.6,5.35,5.49,29653,0
ORGS.US,D,20180925,000000,5.2461,5.7999,5.2461,5.62,71485,0
ORGS.US,D,20180926,000000,5.61,5.61,5.3,5.59,19975,0
ORGS.US,D,20180927,000000,5.58,5.81,5.51,5.6,55530,0
ORGS.US,D,20180928,000000,5.43,5.6,5.42,5.54,15342,0
ORGS.US,D,20181001,000000,5.5,5.7,5.35,5.35,24997,0
ORGS.US,D,20181002,000000,5.4546,6.5,5.316,6.45,163423,0
ORGS.US,D,20181003,000000,7,9.25,6.802,7.17,1137401,0
ORGS.US,D,20181004,000000,7.5,7.87,7,7.46,488311,0
ORGS.US,D,20181005,000000,7.46,7.5,7,7.19,101609,0
ORGS.US,D,20181008,000000,6.85,7.18,6.53,6.62,165369,0
ORGS.US,D,20181009,000000,6.65,6.915,6.5468,6.78,42940,0
ORGS.US,D,20181010,000000,6.85,6.85,6.19,6.48,73690,0
ORGS.US,D,20181011,000000,6.44,6.462,6.06,6.13,38322,0
ORGS.US,D,20181012,000000,6.24,6.36,6.1,6.35,92520,0
ORGS.US,D,20181015,000000,6.75,7.3655,6,6.06,408402,0
ORGS.US,D,20181016,000000,6.11,6.4074,5.85,6.1,87222,0
ORGS.US,D,20181017,000000,6.11,6.2,5.965,6.11,60691,0
ORGS.US,D,20181018,000000,6.1,6.515,6.0174,6.18,78104,0
ORGS.US,D,20181019,000000,6.17,6.3899,6.0508,6.22,13051,0
ORGS.US,D,20181022,000000,6.2,6.39,5.63,5.99,54329,0
ORGS.US,D,20181023,000000,5.89,5.89,5.55,5.79,55863,0
ORGS.US,D,20181024,000000,5.76,5.9299,5.55,5.87,31528,0
ORGS.US,D,20181025,000000,5.81,6.45,5.69,6.3,148942,0
ORGS.US,D,20181026,000000,6.05,6.1808,5.6592,5.95,57065,0
ORGS.US,D,20181029,000000,5.96,6.06,5.8,5.86,24556,0
ORGS.US,D,20181030,000000,6.0265,6.0265,5.44,5.58,103490,0
ORGS.US,D,20181031,000000,5.62,6.18,5.58,5.89,70940,0
ORGS.US,D,20181101,000000,5.9,6.37,5.6483,6.37,40301,0
ORGS.US,D,20181102,000000,6.31,6.45,6,6.45,349040,0
ORGS.US,D,20181105,000000,6.4,6.69,6.2754,6.42,102925,0
ORGS.US,D,20181106,000000,6.4,6.4217,6.14,6.26,30971,0
ORGS.US,D,20181107,000000,6.25,6.43,5.93,5.93,79270,0
ORGS.US,D,20181108,000000,6.0213,6.04,5.9,5.95,13361,0
ORGS.US,D,20181109,000000,5.95,5.9727,5.81,5.88,11752,0
ORGS.US,D,20181112,000000,5.99,6.05,5.75,5.88,7601,0
ORGS.US,D,20181113,000000,5.78,6.07,5.75,5.87,7566,0
ORGS.US,D,20181114,000000,5.88,6.1,5.75,5.78,4223,0
ORGS.US,D,20181115,000000,5.67,5.86,5.5501,5.69,6312,0
ORGS.US,D,20181116,000000,5.61,5.89,5.55,5.65,17211,0
ORGS.US,D,20181119,000000,5.55,5.64,5.44,5.5,13429,0
ORGS.US,D,20181120,000000,5.5348,5.6,5.51,5.55,16733,0
ORGS.US,D,20181121,000000,5.53,5.88,5.45,5.56,78310,0
ORGS.US,D,20181123,000000,5.45,5.7327,5.45,5.53,9239,0
ORGS.US,D,20181126,000000,5.65,6.02,5.5891,5.87,25118,0
ORGS.US,D,20181127,000000,5.46,5.81,5.46,5.75,26768,0
ORGS.US,D,20181128,000000,5.56,5.8781,5.53,5.71,8798,0
ORGS.US,D,20181129,000000,5.62,6.1963,5.62,6.15,37986,0
ORGS.US,D,20181130,000000,6.16,6.32,5.6531,6.01,77786,0
ORGS.US,D,20181203,000000,6.11,6.11,5.7301,5.99,24868,0
ORGS.US,D,20181204,000000,6.1,6.1,5.7272,5.845,16809,0
ORGS.US,D,20181206,000000,5.76,6.08,5.63,5.63,28520,0
ORGS.US,D,20181207,000000,5.61,5.79,5.53,5.57,6723,0
ORGS.US,D,20181210,000000,5.51,5.7,5.32,5.41,29312,0
ORGS.US,D,20181211,000000,5.35,5.35,5.105,5.15,83631,0
ORGS.US,D,20181212,000000,5.1,5.5687,5.1,5.17,29820,0
ORGS.US,D,20181213,000000,5.1,5.4,4.76,4.98,66846,0
ORGS.US,D,20181214,000000,4.98,5.19,4.75,4.88,31619,0
ORGS.US,D,20181217,000000,4.81,4.99,4.8,4.8,16465,0
ORGS.US,D,20181218,000000,4.75,5.1099,4.75,4.76,41734,0
ORGS.US,D,20181219,000000,4.97,5.25,4.74,4.76,47073,0
ORGS.US,D,20181220,000000,4.85,5.34,4.7,4.8,42691,0
ORGS.US,D,20181221,000000,4.76,4.8,4.0699,4.44,99771,0
ORGS.US,D,20181224,000000,4.37,4.37,3.87,3.88,56229,0
ORGS.US,D,20181226,000000,3.97,5.08,3.97,4.39,91954,0
ORGS.US,D,20181227,000000,5,5.07,4.3005,4.47,79489,0
ORGS.US,D,20181228,000000,4.48,5.1,4.48,4.6,58440,0
ORGS.US,D,20181231,000000,4.75,5.05,4.47,4.68,33632,0
ORGS.US,D,20190102,000000,4.42,5.1,4.42,4.99,35536,0
ORGS.US,D,20190103,000000,4.95,5.01,4.61,4.66,21830,0
ORGS.US,D,20190104,000000,4.64,4.95,4.6331,4.94,16034,0
ORGS.US,D,20190107,000000,4.94,5.08,4.87,5.03,4607,0
ORGS.US,D,20190108,000000,5.07,5.08,4.81,5.08,15700,0
ORGS.US,D,20190109,000000,5,5,4.84,4.99,8633,0
ORGS.US,D,20190110,000000,4.91,5,4.83,5,2195,0
ORGS.US,D,20190111,000000,4.9288,5,4.85,4.93,3038,0
ORGS.US,D,20190114,000000,4.85,4.98,4.84,4.87,13339,0
ORGS.US,D,20190115,000000,4.87,5.03,4.87,5.03,7073,0
ORGS.US,D,20190116,000000,5.07,5.19,5,5.13,19136,0
ORGS.US,D,20190117,000000,5.12,5.3,5.12,5.13,4852,0
ORGS.US,D,20190118,000000,5.0853,5.17,5.06,5.16,6628,0
ORGS.US,D,20190122,000000,5.1,5.18,4.925,5,12935,0
ORGS.US,D,20190123,000000,4.87,4.89,4.6201,4.74,20449,0
ORGS.US,D,20190124,000000,4.7392,4.74,4.4,4.7,18095,0
ORGS.US,D,20190125,000000,4.68,4.715,4.435,4.49,23750,0
ORGS.US,D,20190128,000000,4.53,4.53,4.06,4.28,21803,0
ORGS.US,D,20190129,000000,4.3564,4.45,4.25,4.33,34205,0
ORGS.US,D,20190130,000000,4.4,4.59,4.1483,4.39,29138,0
ORGS.US,D,20190131,000000,4.49,4.49,4.25,4.32,36544,0
ORGS.US,D,20190201,000000,4.4785,4.4785,4.2601,4.46,40270,0
ORGS.US,D,20190204,000000,4.5,5.46,4.35,4.94,87468,0
ORGS.US,D,20190205,000000,4.95,5.075,4.7,5.06,53140,0
ORGS.US,D,20190206,000000,5.07,5.07,4.9,4.955,39090,0
ORGS.US,D,20190207,000000,5.0499,5.0499,4.71,4.99,30140,0
ORGS.US,D,20190208,000000,5.0399,5.05,4.88,4.95,28991,0
ORGS.US,D,20190211,000000,5.15,5.15,4.76,4.8,31662,0
ORGS.US,D,20190212,000000,4.95,4.95,4.75,4.78,42470,0
ORGS.US,D,20190213,000000,4.77,4.9299,4.77,4.87,19558,0
ORGS.US,D,20190214,000000,4.8,5,4.8,4.81,47623,0
ORGS.US,D,20190215,000000,4.8892,4.96,4.77,4.9,17253,0
ORGS.US,D,20190219,000000,4.9,5.3,4.9,5.1,80863,0
ORGS.US,D,20190220,000000,5.18,5.3,5.12,5.16,26775,0
ORGS.US,D,20190221,000000,5.17,5.2,5.1041,5.2,15513,0
ORGS.US,D,20190222,000000,5.014,5.2,5.014,5.2,10042,0
ORGS.US,D,20190225,000000,5.15,5.2,4.99,5.2,22625,0
ORGS.US,D,20190226,000000,5.15,5.19,5.0451,5.09,15115,0
ORGS.US,D,20190227,000000,5.06,5.18,5,5.15,7395,0
ORGS.US,D,20190228,000000,5.15,5.2,5.12,5.15,18007,0
ORGS.US,D,20190301,000000,5,5.16,5,5.02,8865,0
ORGS.US,D,20190304,000000,5.1224,5.16,4.88,5.16,19831,0
ORGS.US,D,20190305,000000,5.19,5.2,5.02,5.15,9175,0
ORGS.US,D,20190306,000000,5.09,5.12,5.02,5.08,7377,0
ORGS.US,D,20190307,000000,4.9944,5.15,4.9944,5.15,6155,0
ORGS.US,D,20190308,000000,5.15,5.18,5.07,5.07,22909,0
ORGS.US,D,20190311,000000,5.0752,5.17,5.0368,5.15,22328,0
ORGS.US,D,20190312,000000,4.96,5.11,4.96,5.03,32395,0
ORGS.US,D,20190313,000000,5,5.17,4.98,5.01,47966,0
ORGS.US,D,20190314,000000,5.03,5.14,4.88,5,30355,0
ORGS.US,D,20190315,000000,5.01,5.095,4.89,5.05,29523,0
ORGS.US,D,20190318,000000,5.04,5.04,4.915,4.95,25107,0
ORGS.US,D,20190319,000000,5.01,5.05,4.9044,4.94,35721,0
ORGS.US,D,20190320,000000,4.94,5.13,4.88,5.08,33657,0
ORGS.US,D,20190321,000000,5.04,5.3,5.04,5.1,106767,0
ORGS.US,D,20190322,000000,5.11,5.11,4.9,5,32286,0
ORGS.US,D,20190325,000000,5.01,5.9276,5,5.43,201709,0
ORGS.US,D,20190326,000000,5.44,5.59,5.2964,5.59,109702,0
ORGS.US,D,20190327,000000,5.6,5.65,5.56,5.6,22599,0
ORGS.US,D,20190328,000000,5.35,5.67,5.35,5.58,10414,0
ORGS.US,D,20190329,000000,5.6,5.6,5.18,5.33,61029,0
ORGS.US,D,20190401,000000,5.23,5.23,5.133,5.2,68058,0
ORGS.US,D,20190402,000000,5.2,5.2,5.1111,5.2,15698,0
ORGS.US,D,20190403,000000,5.17,5.25,5.05,5.15,72247,0
ORGS.US,D,20190404,000000,5.15,5.26,4.7,5,177823,0
ORGS.US,D,20190405,000000,4.96,5.02,4.8341,5,43950,0
ORGS.US,D,20190408,000000,4.99,5.004,4.85,4.91,9987,0
ORGS.US,D,20190409,000000,4.9,4.9,4.695,4.87,19296,0
ORGS.US,D,20190410,000000,4.86,4.88,4.685,4.88,25867,0
ORGS.US,D,20190411,000000,4.9,4.9,4.69,4.9,32473,0
ORGS.US,D,20190412,000000,4.9,5.34,4.76,5.05,100346,0
ORGS.US,D,20190415,000000,4.92,5.03,4.75,4.82,21143,0
ORGS.US,D,20190416,000000,4.9,4.92,4.71,4.84,41760,0
ORGS.US,D,20190417,000000,4.81,4.81,4.72,4.73,3837,0
ORGS.US,D,20190418,000000,4.73,4.755,4.71,4.73,15508,0
ORGS.US,D,20190422,000000,4.73,4.8,4.71,4.8,8367,0
ORGS.US,D,20190423,000000,4.79,4.79,4.6,4.63,43716,0
ORGS.US,D,20190424,000000,4.61,4.68,4.54,4.55,13656,0
ORGS.US,D,20190425,000000,4.55,4.685,4.517,4.61,3668,0
ORGS.US,D,20190426,000000,4.59,4.649,4.4,4.5,17985,0
ORGS.US,D,20190429,000000,4.55,4.55,4.4,4.43,8975,0
ORGS.US,D,20190430,000000,4.45,4.73,4.4,4.69,36237,0
ORGS.US,D,20190501,000000,4.72,4.9,4.51,4.7,45990,0
ORGS.US,D,20190502,000000,4.7,4.75,4.4,4.75,26173,0
ORGS.US,D,20190503,000000,4.7,4.8,4.5,4.74,19666,0
ORGS.US,D,20190506,000000,4.62,4.72,4.44,4.57,63762,0
ORGS.US,D,20190507,000000,4.49,4.53,4.48,4.4999,16059,0
ORGS.US,D,20190508,000000,4.5,4.57,4.45,4.5,17158,0
ORGS.US,D,20190509,000000,4.5,4.71,4.48,4.5,34552,0
ORGS.US,D,20190510,000000,4.5,4.68,4.4,4.45,8364,0
ORGS.US,D,20190513,000000,4.57,4.7,4.4601,4.53,43423,0
ORGS.US,D,20190514,000000,4.422,4.5,4.422,4.5,25804,0
ORGS.US,D,20190515,000000,4.5,4.58,4.42,4.5,15211,0
ORGS.US,D,20190516,000000,4.59,4.65,4.45,4.61,30368,0
ORGS.US,D,20190517,000000,4.52,4.57,4.47,4.485,12831,0
ORGS.US,D,20190520,000000,4.51,4.6,4.4,4.5,27876,0
ORGS.US,D,20190521,000000,4.5,4.54,4.4,4.45,25324,0
ORGS.US,D,20190522,000000,4.41,4.5,4.38,4.38,24231,0
ORGS.US,D,20190523,000000,4.43,4.5,4.2338,4.4,37382,0
ORGS.US,D,20190524,000000,4.4,4.4,4.24,4.35,15795,0
ORGS.US,D,20190528,000000,4.31,4.3256,4.2501,4.315,9645,0
ORGS.US,D,20190529,000000,4.37,4.37,4.27,4.34,16551,0
ORGS.US,D,20190530,000000,4.33,4.5586,4.28,4.34,8191,0
ORGS.US,D,20190531,000000,4.3,4.3,4.22,4.3,38052,0
ORGS.US,D,20190603,000000,4.31,4.31,3.94,3.99,53055,0
ORGS.US,D,20190604,000000,3.91,4.01,3.78,3.86,43756,0
ORGS.US,D,20190605,000000,3.99,4.25,3.82,4.1,23935,0
ORGS.US,D,20190606,000000,4.13,4.6,3.83,3.87,50538,0
ORGS.US,D,20190607,000000,3.88,4.24,3.88,4.01,34962,0
ORGS.US,D,20190610,000000,4.14,4.15,4.03,4.15,11110,0
ORGS.US,D,20190611,000000,4.15,4.25,3.92,4.09,9643,0
ORGS.US,D,20190612,000000,4.1867,4.27,4.104,4.24,9681,0
ORGS.US,D,20190613,000000,4.29,4.6,4.172,4.37,135067,0
ORGS.US,D,20190614,000000,4.21,4.3,4.21,4.29,7787,0
ORGS.US,D,20190617,000000,4.6,4.6,4.09,4.33,158010,0
ORGS.US,D,20190618,000000,4.4,4.44,4.22,4.24,34240,0
ORGS.US,D,20190619,000000,4.21,4.3,4.08,4.08,35264,0
ORGS.US,D,20190620,000000,4.08,4.13,4.01,4.11,4709,0
ORGS.US,D,20190621,000000,4.05,4.5,4.05,4.5,44257,0
ORGS.US,D,20190624,000000,4.5,4.62,4.3,4.33,49397,0
ORGS.US,D,20190625,000000,4.33,4.39,4.27,4.27,13658,0
ORGS.US,D,20190626,000000,4.27,4.56,4.22,4.4,44832,0
ORGS.US,D,20190627,000000,4.45,4.57,4.25,4.35,53616,0
ORGS.US,D,20190628,000000,4.3,4.57,4.3,4.45,65161,0
ORGS.US,D,20190701,000000,4.57,4.57,4.22,4.25,30218,0
ORGS.US,D,20190702,000000,4.3395,4.3903,4.1999,4.2,7032,0
ORGS.US,D,20190703,000000,4.2298,4.46,4.21,4.22,3245,0
ORGS.US,D,20190705,000000,4.4,4.41,4.2,4.23,10613,0
ORGS.US,D,20190708,000000,4.15,4.38,4.14,4.38,3262,0
ORGS.US,D,20190709,000000,4.27,4.3,4.18,4.28,7039,0
ORGS.US,D,20190710,000000,4.26,4.46,4.26,4.39,4428,0
ORGS.US,D,20190711,000000,4.39,4.39,4.18,4.28,18595,0
ORGS.US,D,20190712,000000,4.34,4.34,4.18,4.18,8401,0
ORGS.US,D,20190715,000000,4.22,4.2789,4.22,4.26,17712,0
ORGS.US,D,20190716,000000,4.25,4.65,4.25,4.59,95541,0
ORGS.US,D,20190717,000000,4.6,4.69,4.5,4.65,22764,0
ORGS.US,D,20190718,000000,4.65,4.6609,4.52,4.66,12261,0
ORGS.US,D,20190719,000000,4.7,4.7,4.32,4.32,12965,0
ORGS.US,D,20190722,000000,4.37,4.6081,4.25,4.37,14783,0
ORGS.US,D,20190723,000000,4.34,4.64,4.31,4.64,8088,0
ORGS.US,D,20190724,000000,4.42,4.63,4.42,4.63,5596,0
ORGS.US,D,20190725,000000,4.62,4.65,4.343,4.55,4642,0
ORGS.US,D,20190726,000000,4.64,4.64,4.42,4.59,5703,0
ORGS.US,D,20190729,000000,4.57,4.65,4.51,4.51,6209,0
ORGS.US,D,20190730,000000,4.47,4.65,4.4,4.65,25610,0
ORGS.US,D,20190731,000000,4.71,4.79,4.5877,4.66,11813,0
ORGS.US,D,20190801,000000,4.63,4.7782,4.53,4.53,5811,0
ORGS.US,D,20190802,000000,4.57,4.64,4.37,4.64,3534,0
ORGS.US,D,20190805,000000,4.59,4.84,4.56,4.68,31306,0
ORGS.US,D,20190806,000000,4.61,4.9,4.55,4.65,31083,0
ORGS.US,D,20190807,000000,4.6,4.9,4.6,4.75,11721,0
ORGS.US,D,20190808,000000,4.7,4.7,4.6301,4.665,5189,0
ORGS.US,D,20190809,000000,4.64,4.85,4.6301,4.85,7241,0
ORGS.US,D,20190812,000000,5,5,4.6059,4.8,41518,0
ORGS.US,D,20190813,000000,4.93,4.93,4.39,4.66,19447,0
ORGS.US,D,20190814,000000,4.71,4.79,4.46,4.55,23492,0
ORGS.US,D,20190815,000000,4.66,4.66,4.3967,4.5,17145,0
ORGS.US,D,20190816,000000,4.4782,4.5,4.4,4.5,6580,0
ORGS.US,D,20190819,000000,4.55,4.57,4.3069,4.54,12643,0
ORGS.US,D,20190820,000000,4.46,4.49,4.28,4.33,13280,0
ORGS.US,D,20190821,000000,4.5,4.5,4.33,4.5,5477,0
ORGS.US,D,20190822,000000,4.5,4.55,4.2701,4.55,11638,0
ORGS.US,D,20190823,000000,4.47,4.54,4.3718,4.44,4187,0
ORGS.US,D,20190826,000000,4.52,4.55,4.5,4.55,5473,0
ORGS.US,D,20190827,000000,4.53,4.53,4.45,4.48,39754,0
ORGS.US,D,20190828,000000,4.52,4.56,4.5,4.54,63956,0
ORGS.US,D,20190829,000000,4.59,4.65,4.47,4.49,28097,0
ORGS.US,D,20190830,000000,4.5,4.55,4.34,4.55,11409,0
ORGS.US,D,20190903,000000,4.55,4.55,4.44,4.45,8602,0
ORGS.US,D,20190904,000000,4.4777,4.48,4.26,4.26,14468,0
ORGS.US,D,20190905,000000,4.27,4.45,4.1601,4.24,52955,0
ORGS.US,D,20190906,000000,4.21,4.52,4.21,4.52,15637,0
ORGS.US,D,20190909,000000,4.53,4.59,4.41,4.44,9443,0
ORGS.US,D,20190910,000000,4.6,4.65,4.41,4.65,41164,0
ORGS.US,D,20190911,000000,4.71,4.72,4.53,4.62,9120,0
ORGS.US,D,20190912,000000,4.6331,4.6331,4.4,4.6,29233,0
ORGS.US,D,20190913,000000,4.53,4.61,4.425,4.54,73281,0
ORGS.US,D,20190916,000000,4.58,4.58,4.45,4.48,15291,0
ORGS.US,D,20190917,000000,4.45,4.68,4.26,4.32,42302,0
ORGS.US,D,20190918,000000,4.4,4.42,4.13,4.22,31239,0
ORGS.US,D,20190919,000000,4.3166,4.35,4.1,4.24,8037,0
ORGS.US,D,20190920,000000,4.21,4.42,4.14,4.32,46157,0
ORGS.US,D,20190923,000000,4.32,4.43,4.11,4.2,89596,0
ORGS.US,D,20190924,000000,4.16,4.32,4.1,4.32,20336,0
ORGS.US,D,20190925,000000,4.26,4.36,4.15,4.2,66494,0
ORGS.US,D,20190926,000000,4.35,4.46,4.16,4.19,28706,0
ORGS.US,D,20190927,000000,4.32,4.45,4.16,4.21,11684,0
ORGS.US,D,20190930,000000,4.37,4.48,4.18,4.47,26006,0
ORGS.US,D,20191001,000000,4.38,4.45,4.06,4.09,38081,0
ORGS.US,D,20191002,000000,4.1,4.15,4.01,4.05,16619,0
ORGS.US,D,20191003,000000,3.88,4.09,3.8,3.9,33756,0
ORGS.US,D,20191004,000000,3.93,3.93,3.66,3.675,47365,0
ORGS.US,D,20191007,000000,3.7446,3.99,3.7,3.86,32783,0
ORGS.US,D,20191008,000000,3.86,4,3.8,3.81,50837,0
ORGS.US,D,20191009,000000,3.75,3.78,3.65,3.705,9663,0
ORGS.US,D,20191010,000000,3.77,3.85,3.59,3.59,47286,0
ORGS.US,D,20191011,000000,3.659,3.82,3.659,3.67,31786,0
ORGS.US,D,20191014,000000,3.7,3.74,3.58,3.58,12707,0
ORGS.US,D,20191015,000000,3.68,3.68,3.515,3.55,17958,0
ORGS.US,D,20191016,000000,3.5,3.78,3.5,3.74,15753,0
ORGS.US,D,20191017,000000,3.72,3.81,3.7,3.71,21064,0
ORGS.US,D,20191018,000000,3.75,3.85,3.66,3.83,39632,0
ORGS.US,D,20191021,000000,3.7,3.85,3.6,3.6,34185,0
ORGS.US,D,20191022,000000,3.58,3.72,3.51,3.68,10422,0
ORGS.US,D,20191023,000000,3.6544,3.67,3.46,3.52,20552,0
ORGS.US,D,20191024,000000,3.6,3.6,3.42,3.52,11263,0
ORGS.US,D,20191025,000000,3.55,3.63,3.47,3.54,31614,0
ORGS.US,D,20191028,000000,3.56,3.57,3.33,3.46,44604,0
ORGS.US,D,20191029,000000,3.49,3.49,2.77,2.98,82961,0
ORGS.US,D,20191030,000000,2.98,3.39,2.98,3.18,66201,0
ORGS.US,D,20191031,000000,3.04,3.385,2.97,3.16,28227,0
ORGS.US,D,20191101,000000,3.2787,3.3199,3,3.11,20495,0
ORGS.US,D,20191104,000000,3.1,3.3,3.01,3.19,51818,0
ORGS.US,D,20191105,000000,3.1,3.39,3.1,3.39,20575,0
ORGS.US,D,20191106,000000,3.45,3.5,3.34,3.48,8130,0
ORGS.US,D,20191107,000000,3.48,3.48,3.35,3.48,8950,0
ORGS.US,D,20191108,000000,3.38,3.835,3.35,3.6,80466,0
ORGS.US,D,20191111,000000,3.6,3.6,3.39,3.5,26889,0
ORGS.US,D,20191112,000000,3.3508,3.44,3.25,3.28,16588,0
ORGS.US,D,20191113,000000,3.35,3.38,3.2,3.37,32277,0
ORGS.US,D,20191114,000000,3.38,3.38,2.92,3,41210,0
ORGS.US,D,20191115,000000,3.11,3.43,3.1,3.42,15496,0
ORGS.US,D,20191118,000000,3.35,3.35,3.195,3.25,28095,0
ORGS.US,D,20191119,000000,3.19,3.4,3.13,3.36,22928,0
ORGS.US,D,20191120,000000,3.38,3.4,3.26,3.26,14909,0
ORGS.US,D,20191121,000000,3.379,3.379,3.18,3.35,7246,0
ORGS.US,D,20191122,000000,3.2,3.2,3.12,3.19,9734,0
ORGS.US,D,20191125,000000,3.2122,3.3499,2.96,3.14,93562,0
ORGS.US,D,20191126,000000,3.1,3.25,2.86,2.92,65462,0
ORGS.US,D,20191127,000000,2.98,3.2,2.8844,2.98,58468,0
ORGS.US,D,20191129,000000,3.08,3.1,2.98,3.1,22782,0
ORGS.US,D,20191202,000000,3.2,3.2,2.882,3.12,30793,0
ORGS.US,D,20191203,000000,3.19,3.19,2.59,2.91,69556,0
ORGS.US,D,20191204,000000,2.82,2.88,2.75,2.85,44163,0
ORGS.US,D,20191205,000000,2.8,2.8068,2.58,2.61,130494,0
ORGS.US,D,20191206,000000,2.59,2.77,2.59,2.72,84161,0
ORGS.US,D,20191209,000000,2.7,2.71,2.4,2.6,101538,0
ORGS.US,D,20191210,000000,2.6,2.65,2.35,2.65,125618,0
ORGS.US,D,20191211,000000,2.65,2.79,2.514,2.67,91206,0
ORGS.US,D,20191212,000000,2.73,2.99,2.645,2.8,72198,0
ORGS.US,D,20191213,000000,2.8,2.85,2.7002,2.85,26384,0
ORGS.US,D,20191216,000000,2.85,3.29,2.85,3.14,91771,0
ORGS.US,D,20191217,000000,3.13,3.39,2.8901,2.99,58269,0
ORGS.US,D,20191218,000000,2.96,3.29,2.8708,2.99,49572,0
ORGS.US,D,20191219,000000,2.9,3.3399,2.81,2.95,30397,0
ORGS.US,D,20191220,000000,3.0218,3.11,2.9,3.11,102476,0
ORGS.US,D,20191223,000000,3.1,3.19,3.0203,3.1,78920,0
ORGS.US,D,20191224,000000,3.06,3.18,2.91,3.07,22918,0
ORGS.US,D,20191226,000000,3,3.065,2.9,2.91,35531,0
ORGS.US,D,20191227,000000,2.99,3.7708,2.99,3.75,187736,0
ORGS.US,D,20191230,000000,3.72,4.33,3.72,4.18,174580,0
ORGS.US,D,20191231,000000,4.44,4.9,4.2,4.66,166064,0
ORGS.US,D,20200102,000000,4.81,4.9,4.1709,4.5,100495,0
ORGS.US,D,20200103,000000,4.7,4.91,4.62,4.87,54545,0
ORGS.US,D,20200106,000000,4.87,5.2427,4.77,5.14,117883,0
ORGS.US,D,20200107,000000,5.1,5.6,5.1,5.1,52972,0
ORGS.US,D,20200108,000000,5.04,5.0552,4.75,4.85,38185,0
ORGS.US,D,20200109,000000,4.75,4.75,4.55,4.7,30238,0
ORGS.US,D,20200110,000000,4.6,4.6,4.34,4.52,68153,0
ORGS.US,D,20200113,000000,4.42,4.45,4.14,4.24,32467,0
ORGS.US,D,20200114,000000,4.17,4.997,4.07,4.69,30527,0
ORGS.US,D,20200115,000000,4.6,4.98,4.6,4.97,27033,0
ORGS.US,D,20200116,000000,4.98,5.2001,4.98,5.02,32126,0
ORGS.US,D,20200117,000000,5.2,5.547,5.2,5.4,113213,0
ORGS.US,D,20200121,000000,5.39,5.39,5,5.09,86507,0
ORGS.US,D,20200122,000000,4.92,5.14,4.74,5.1,26081,0
ORGS.US,D,20200123,000000,5.1,5.1,4.7,4.73,63700,0
ORGS.US,D,20200124,000000,4.69,5,4.6,4.9,25504,0
ORGS.US,D,20200127,000000,4.9,4.9,4.77,4.8,8868,0
ORGS.US,D,20200128,000000,4.8,4.83,4.62,4.83,18379,0
ORGS.US,D,20200129,000000,4.9,5.4,4.9,5.24,49850,0
ORGS.US,D,20200130,000000,5.27,5.35,5.035,5.06,35200,0
ORGS.US,D,20200131,000000,4.98,5.21,4.98,5.18,16969,0
ORGS.US,D,20200203,000000,6.18,6.4888,5.31,5.44,474562,0
ORGS.US,D,20200204,000000,5.44,5.4673,4.91,5.07,93106,0
ORGS.US,D,20200205,000000,4.97,5.09,4.71,4.89,53163,0
ORGS.US,D,20200206,000000,4.89,5.25,4.8,5.07,52907,0
ORGS.US,D,20200207,000000,5,5,4.88,4.95,14674,0
ORGS.US,D,20200210,000000,4.95,4.98,4.85,4.94,16040,0
ORGS.US,D,20200211,000000,4.88,5.38,4.8,5.05,202997,0
ORGS.US,D,20200212,000000,5.13,5.13,4.815,5,27754,0
ORGS.US,D,20200213,000000,5,5.14,4.97,5.11,88151,0
ORGS.US,D,20200214,000000,5.09,5.09,4.86,4.88,17804,0
ORGS.US,D,20200218,000000,4.89,4.95,4.75,4.77,19014,0
ORGS.US,D,20200219,000000,4.75,4.86,4.62,4.84,31522,0
ORGS.US,D,20200220,000000,4.87,4.87,4.5,4.85,30226,0
ORGS.US,D,20200221,000000,4.87,4.87,4.55,4.55,35960,0
ORGS.US,D,20200224,000000,4.4,4.505,4.19,4.44,53692,0
ORGS.US,D,20200225,000000,4.41,4.44,4.2,4.22,32509,0
ORGS.US,D,20200226,000000,4.22,4.4,4.18,4.34,36726,0
ORGS.US,D,20200227,000000,4.28,4.3,4.12,4.12,36120,0
ORGS.US,D,20200228,000000,4.11,4.32,4.11,4.32,23904,0
ORGS.US,D,20200302,000000,4.25,4.35,4.11,4.2,15874,0
ORGS.US,D,20200303,000000,4.2,4.34,4.2,4.29,29029,0
ORGS.US,D,20200304,000000,4.23,4.33,4.21,4.25,20725,0
ORGS.US,D,20200305,000000,4.25,4.45,4.24,4.2913,67466,0
ORGS.US,D,20200306,000000,4.3,4.3,4.02,4.02,52359,0
ORGS.US,D,20200309,000000,4,4,3.57,3.7,53888,0
ORGS.US,D,20200310,000000,4.2,4.2,3.63,3.73,22337,0
ORGS.US,D,20200311,000000,3.71,3.9,3.64,3.86,35634,0
ORGS.US,D,20200312,000000,3.8,3.8,3.16,3.28,49911,0
ORGS.US,D,20200313,000000,3.43,3.9,3.43,3.46,17830,0
ORGS.US,D,20200316,000000,3.17,3.82,3.17,3.25,15440,0
ORGS.US,D,20200317,000000,3.12,3.33,3.05,3.07,30639,0
ORGS.US,D,20200318,000000,3.21,3.25,2.8009,2.94,38777,0
ORGS.US,D,20200319,000000,2.99,3.175,2.8,2.99,39132,0
ORGS.US,D,20200320,000000,3.23,3.28,2.99,2.99,15352,0
ORGS.US,D,20200323,000000,2.97,2.97,2.76,2.76,13287,0
ORGS.US,D,20200324,000000,2.99,3.11,2.99,3.1,30809,0
ORGS.US,D,20200325,000000,3.047,3.26,3.047,3.11,15992,0
ORGS.US,D,20200326,000000,3.21,3.4,3.21,3.4,31538,0
ORGS.US,D,20200327,000000,3.36,3.4,3.12,3.3,7299,0
ORGS.US,D,20200330,000000,3.4,3.4,3.31,3.31,21273,0
ORGS.US,D,20200331,000000,3.45,4.01,3.3184,3.8,51338,0
ORGS.US,D,20200401,000000,3.9218,3.9218,3.34,3.6,19045,0
ORGS.US,D,20200402,000000,3.79,4.46,3.79,4.39,55707,0
ORGS.US,D,20200403,000000,4.65,4.65,3.61,3.97,28054,0
ORGS.US,D,20200406,000000,3.96,4.05,3.82,3.82,14012,0
ORGS.US,D,20200407,000000,3.78,4.43,3.61,4.16,17661,0
ORGS.US,D,20200408,000000,4.25,4.84,3.78,4.2,114259,0
ORGS.US,D,20200409,000000,4.45,4.5,4.19,4.49,31126,0
ORGS.US,D,20200413,000000,4.43,4.49,4.105,4.37,22981,0
ORGS.US,D,20200414,000000,4.3,5,4.29,4.99,141854,0
ORGS.US,D,20200415,000000,4.98,4.98,4.51,4.97,61846,0
ORGS.US,D,20200416,000000,4.95,4.95,4.7,4.7,28015,0
ORGS.US,D,20200417,000000,4.7,4.88,4.7,4.8473,60943,0
ORGS.US,D,20200420,000000,4.8,5.1,4.69,5.02,49861,0
ORGS.US,D,20200421,000000,4.91,5,4.78,4.8,37336,0
ORGS.US,D,20200422,000000,4.75,5.03,4.74,5.02,39286,0
ORGS.US,D,20200423,000000,5,5.25,4.9308,5.22,124978,0
ORGS.US,D,20200424,000000,5.16,5.275,5.05,5.1,95926,0
ORGS.US,D,20200427,000000,5.1,5.2,4.995,5.15,76831,0
ORGS.US,D,20200428,000000,5.29,5.415,5.2101,5.29,91280,0
ORGS.US,D,20200429,000000,5.45,5.47,5.3,5.35,33315,0
ORGS.US,D,20200430,000000,5.02,5.335,5.01,5.02,48407,0
ORGS.US,D,20200501,000000,5.01,5.01,4.75,4.99,53678,0
ORGS.US,D,20200504,000000,5.01,5.35,4.75,5.35,34856,0
ORGS.US,D,20200505,000000,5.35,5.49,5.31,5.42,50715,0
ORGS.US,D,20200506,000000,5.39,5.62,5.38,5.45,105931,0
ORGS.US,D,20200507,000000,5.7,6,5.5,5.81,242330,0
ORGS.US,D,20200508,000000,5.9,6.14,5.68,6.11,89462,0
ORGS.US,D,20200511,000000,6.1,6.1,5.67,5.93,211019,0
ORGS.US,D,20200512,000000,5.86,6.1849,5.8316,6.03,140648,0
ORGS.US,D,20200513,000000,6.03,8.2,5.36,6.75,1821258,0
ORGS.US,D,20200514,000000,6.51,6.8941,6.11,6.7,194121,0
ORGS.US,D,20200515,000000,6.98,7.4,6.668,7.28,258830,0
ORGS.US,D,20200518,000000,7.4,7.4,6.73,6.84,177272,0
ORGS.US,D,20200519,000000,6.84,7,6.3264,6.96,120882,0
ORGS.US,D,20200520,000000,6.93,7.11,6.71,7.03,77817,0
ORGS.US,D,20200521,000000,6.91,7.3,6.85,7.18,90221,0
ORGS.US,D,20200522,000000,7.15,7.435,6.9506,7.26,254541,0
ORGS.US,D,20200526,000000,7.26,7.37,6.87,6.87,150957,0
ORGS.US,D,20200527,000000,6.86,7,6.6,6.88,88785,0
ORGS.US,D,20200528,000000,6.92,7.1823,6.86,6.86,34477,0
ORGS.US,D,20200529,000000,6.91,7.29,6.79,7.27,67978,0
ORGS.US,D,20200601,000000,7.09,7.5,7.03,7.26,133541,0
ORGS.US,D,20200602,000000,7.3,7.765,7.21,7.68,109455,0
ORGS.US,D,20200603,000000,7.71,7.89,7.51,7.84,77399,0
ORGS.US,D,20200604,000000,7.9,7.9,7.56,7.7,82125,0
ORGS.US,D,20200605,000000,7.74,7.78,7.16,7.67,145739,0
ORGS.US,D,20200608,000000,7.7,7.8,7.47,7.5,106887,0
ORGS.US,D,20200609,000000,7.5,7.8,7.4,7.69,100259,0
ORGS.US,D,20200610,000000,7.9,7.95,7.3301,7.62,160282,0
ORGS.US,D,20200611,000000,7.3,7.47,6.1,6.36,172141,0
ORGS.US,D,20200612,000000,6.67,6.98,6.5,6.62,145715,0
ORGS.US,D,20200615,000000,6.26,7.35,6.26,6.94,281171,0
ORGS.US,D,20200616,000000,7.05,7.13,6.84,6.99,124000,0
ORGS.US,D,20200617,000000,6.96,7.1,6.68,6.84,234849,0
ORGS.US,D,20200618,000000,6.62,7,6.62,6.94,178556,0
ORGS.US,D,20200619,000000,7,7,6.62,6.62,337401,0
ORGS.US,D,20200622,000000,6.75,6.95,6.61,6.83,315253,0
ORGS.US,D,20200623,000000,6.85,6.85,6.64,6.83,253990,0
ORGS.US,D,20200624,000000,6.8,6.82,6.46,6.6,163562,0
ORGS.US,D,20200625,000000,6.64,6.81,6.35,6.7,217105,0
ORGS.US,D,20200626,000000,6.67,6.69,6.27,6.38,2096850,0
ORGS.US,D,20200629,000000,6.43,6.43,5.75,6.05,251981,0
ORGS.US,D,20200630,000000,6.08,6.2425,5.8,6.08,117565,0
ORGS.US,D,20200701,000000,6.09,6.31,5.75,5.79,74262,0
ORGS.US,D,20200702,000000,5.85,6.16,5.81,5.9,109639,0
ORGS.US,D,20200706,000000,6.01,6.1399,5.74,5.94,89143,0
ORGS.US,D,20200707,000000,5.88,6,5.64,5.95,74114,0
ORGS.US,D,20200708,000000,5.95,6.04,5.74,5.97,85065,0
ORGS.US,D,20200709,000000,6,6.3799,5.62,5.69,98268,0
ORGS.US,D,20200710,000000,5.7,5.77,5.55,5.76,57505,0
ORGS.US,D,20200713,000000,6.24,6.28,5.53,5.64,111097,0
ORGS.US,D,20200714,000000,5.66,5.81,5.53,5.81,35017,0
ORGS.US,D,20200715,000000,5.9,6.15,5.78,5.99,111034,0
ORGS.US,D,20200716,000000,6,6.05,5.7372,5.78,42494,0
ORGS.US,D,20200717,000000,5.81,6.09,5.8001,5.94,36806,0
ORGS.US,D,20200720,000000,5.95,6,5.85,5.95,31594,0
ORGS.US,D,20200721,000000,6,6,5.75,5.79,38887,0
ORGS.US,D,20200722,000000,5.77,5.8287,5.35,5.64,78477,0
ORGS.US,D,20200723,000000,5.62,5.75,5.44,5.64,58232,0
ORGS.US,D,20200724,000000,5.6,5.74,5.37,5.55,69967,0
ORGS.US,D,20200727,000000,5.57,5.75,5.34,5.75,62180,0
ORGS.US,D,20200728,000000,5.69,5.7175,5.4129,5.49,58629,0
ORGS.US,D,20200729,000000,5.51,5.55,5.2813,5.52,75083,0
ORGS.US,D,20200730,000000,5.44,5.78,5.165,5.52,54351,0
ORGS.US,D,20200731,000000,5.51,5.6071,5.325,5.52,62492,0
ORGS.US,D,20200803,000000,5.5,5.7,5.37,5.4,45712,0
ORGS.US,D,20200804,000000,5.41,5.515,5.26,5.45,62384,0
ORGS.US,D,20200805,000000,5.54,5.62,5.46,5.56,24901,0
ORGS.US,D,20200806,000000,5.59,5.6,5.36,5.46,22742,0
ORGS.US,D,20200807,000000,5.46,5.7,5.38,5.6,27748,0
ORGS.US,D,20200810,000000,5.72,5.83,5.63,5.74,30110,0
ORGS.US,D,20200811,000000,5.66,5.78,5.48,5.6,58862,0
ORGS.US,D,20200812,000000,5.68,5.79,5.57,5.74,58159,0
ORGS.US,D,20200813,000000,5.75,5.82,5.66,5.71,24836,0
ORGS.US,D,20200814,000000,5.68,5.75,5.54,5.68,24952,0
ORGS.US,D,20200817,000000,5.7,6.015,5.635,5.97,43711,0
ORGS.US,D,20200818,000000,6.05,6.1,5.8169,5.95,36450,0
ORGS.US,D,20200819,000000,5.95,5.98,5.62,5.69,22363,0
ORGS.US,D,20200820,000000,5.7,6.1,5.41,5.65,58723,0
ORGS.US,D,20200821,000000,5.58,5.65,5.205,5.32,67015,0
ORGS.US,D,20200824,000000,5.36,5.48,5.1,5.18,42556,0
ORGS.US,D,20200825,000000,5.22,5.61,5.12,5.44,16966,0
ORGS.US,D,20200826,000000,5.4,5.5,5.3101,5.39,42634,0
ORGS.US,D,20200827,000000,5.34,5.47,5.142,5.22,68413,0
ORGS.US,D,20200828,000000,5.13,5.3,5.09,5.24,40433,0
ORGS.US,D,20200831,000000,5.26,5.4359,5.14,5.27,74016,0
ORGS.US,D,20200901,000000,5.27,5.35,5.04,5.15,30322,0
ORGS.US,D,20200902,000000,5.09,5.15,5.01,5.1,59948,0
ORGS.US,D,20200903,000000,5.06,5.1,4.76,4.92,42992,0
ORGS.US,D,20200904,000000,4.97,5.12,4.62,4.97,36818,0
ORGS.US,D,20200908,000000,4.96,5.105,4.91,4.96,25088,0
ORGS.US,D,20200909,000000,5.06,5.13,4.97,4.97,33539,0
ORGS.US,D,20200910,000000,4.92,4.98,4.8,4.85,27439,0
ORGS.US,D,20200911,000000,4.92,5.09,4.85,4.95,23574,0
ORGS.US,D,20200914,000000,4.95,5.11,4.85,5.01,36515,0
ORGS.US,D,20200915,000000,5.03,5.05,4.88,4.96,17893,0
ORGS.US,D,20200916,000000,4.96,4.96,4.7,4.75,49375,0
ORGS.US,D,20200917,000000,4.65,4.89,4.63,4.79,30413,0
ORGS.US,D,20200918,000000,4.8,5.6393,4.62,5.36,316541,0
ORGS.US,D,20200921,000000,5.26,6.08,4.87,4.95,90638,0
ORGS.US,D,20200922,000000,4.96,5.26,4.96,5.02,48316,0
ORGS.US,D,20200923,000000,5.08,5.49,4.72,4.77,33127,0
ORGS.US,D,20200924,000000,5.2089,5.2089,4.65,4.78,68073,0
ORGS.US,D,20200925,000000,5.02,5.11,4.76,5,35523,0
ORGS.US,D,20200928,000000,5.03,5.13,4.88,4.99,21539,0
ORGS.US,D,20200929,000000,5.34,5.34,4.82,4.98,57615,0
ORGS.US,D,20200930,000000,4.95,5.24,4.95,5.04,39135,0
ORGS.US,D,20201001,000000,4.96,5.11,4.89,4.99,45751,0
ORGS.US,D,20201002,000000,4.92,5.09,4.81,5.03,58612,0
ORGS.US,D,20201005,000000,5.03,5.4,5.03,5.22,64514,0
ORGS.US,D,20201006,000000,5.22,5.41,5.03,5.03,26324,0
ORGS.US,D,20201007,000000,5.12,5.15,5.0701,5.15,21795,0
ORGS.US,D,20201008,000000,5.17,5.36,5.105,5.27,25725,0
ORGS.US,D,20201009,000000,5.33,5.82,5.24,5.63,74728,0
ORGS.US,D,20201012,000000,5.6,5.6,5.45,5.53,15177,0
ORGS.US,D,20201013,000000,5.47,5.47,5.235,5.41,21606,0
ORGS.US,D,20201014,000000,5.47,5.47,5.23,5.26,17932,0
ORGS.US,D,20201015,000000,5.1912,5.25,5.05,5.2,11880,0
ORGS.US,D,20201016,000000,5.14,5.27,4.84,4.94,243610,0
ORGS.US,D,20201019,000000,4.99,5.2299,4.94,4.97,16871,0
ORGS.US,D,20201020,000000,5.06,5.06,4.95,5.04,17278,0
ORGS.US,D,20201021,000000,5.04,5.04,4.81,4.99,27863,0
ORGS.US,D,20201022,000000,5,5.13,4.9402,4.98,33075,0
ORGS.US,D,20201023,000000,4.961,5.05,4.96,4.99,12060,0
ORGS.US,D,20201026,000000,5,5.05,4.83,4.92,21280,0
ORGS.US,D,20201027,000000,4.875,4.875,4.68,4.68,23178,0
ORGS.US,D,20201028,000000,4.6,4.64,4.45,4.47,49061,0
ORGS.US,D,20201029,000000,4.46,4.7,4.36,4.66,30540,0
ORGS.US,D,20201030,000000,4.65,4.65,4.48,4.53,16340,0
ORGS.US,D,20201102,000000,4.59,4.64,4.48,4.56,17829,0
ORGS.US,D,20201103,000000,4.66,4.77,4.59,4.76,32052,0
ORGS.US,D,20201104,000000,4.68,4.76,4.6425,4.71,5893,0
ORGS.US,D,20201105,000000,4.72,4.76,4.3,4.65,20360,0
ORGS.US,D,20201106,000000,4.71,4.71,4.49,4.49,22543,0
ORGS.US,D,20201109,000000,4.93,5.03,4.62,4.62,40749,0
ORGS.US,D,20201110,000000,4.69,4.945,4.69,4.88,47472,0
ORGS.US,D,20201111,000000,4.88,4.91,4.78,4.91,14387,0
ORGS.US,D,20201112,000000,4.84,4.97,4.72,4.88,26138,0
ORGS.US,D,20201113,000000,4.96,5.1,4.795,4.86,37010,0
ORGS.US,D,20201116,000000,4.91,5.18,4.89,5.01,48889,0
ORGS.US,D,20201117,000000,4.9,5.15,4.87,4.95,79373,0
ORGS.US,D,20201118,000000,4.89,5.01,4.73,4.73,27971,0
ORGS.US,D,20201119,000000,4.64,4.77,4.54,4.7,20670,0
ORGS.US,D,20201120,000000,4.61,4.79,4.55,4.73,21308,0
ORGS.US,D,20201123,000000,4.75,4.89,4.54,4.77,42700,0
ORGS.US,D,20201124,000000,4.92,4.9661,4.565,4.9,51074,0
ORGS.US,D,20201125,000000,4.83,4.98,4.7,4.86,17063,0
ORGS.US,D,20201127,000000,4.935,4.99,4.8841,4.95,13055,0
ORGS.US,D,20201130,000000,4.95,4.95,4.79,4.86,33368,0
ORGS.US,D,20201201,000000,4.87,4.94,4.57,4.62,41397,0
ORGS.US,D,20201202,000000,4.57,4.63,4.4,4.4,23472,0
ORGS.US,D,20201203,000000,4.46,4.6,4.43,4.48,37064,0
ORGS.US,D,20201204,000000,4.51,4.65,4.44,4.57,40678,0
ORGS.US,D,20201207,000000,4.56,4.58,4.41,4.43,57846,0
ORGS.US,D,20201208,000000,4.4,4.6001,4.31,4.56,64852,0
ORGS.US,D,20201209,000000,4.59,4.7,4.32,4.44,147537,0
ORGS.US,D,20201210,000000,4.37,4.59,4.37,4.48,33148,0
ORGS.US,D,20201211,000000,4.49,4.99,4.49,4.88,66203,0
ORGS.US,D,20201214,000000,4.88,5.17,4.68,4.72,66189,0
ORGS.US,D,20201215,000000,4.79,4.97,4.62,4.76,29096,0
ORGS.US,D,20201216,000000,4.74,4.85,4.6,4.6,40437,0
ORGS.US,D,20201217,000000,4.65,4.84,4.46,4.71,154008,0
ORGS.US,D,20201218,000000,4.65,4.78,4.5,4.5,213414,0
ORGS.US,D,20201221,000000,4.49,4.7,4.43,4.6,53448,0
ORGS.US,D,20201222,000000,4.62,4.98,4.62,4.72,110048,0
ORGS.US,D,20201223,000000,4.81,4.97,4.75,4.85,87044,0
ORGS.US,D,20201224,000000,4.81,4.94,4.8,4.85,15485,0
ORGS.US,D,20201228,000000,4.85,4.85,4.66,4.73,30594,0
ORGS.US,D,20201229,000000,4.82,4.86,4.66,4.73,48057,0
ORGS.US,D,20201230,000000,4.73,4.73,4.45,4.55,116964,0
ORGS.US,D,20201231,000000,4.51,4.66,4.4,4.5,111159,0
ORGS.US,D,20210104,000000,4.51,5.04,4.41,4.77,108208,0
ORGS.US,D,20210105,000000,4.8,5.11,4.685,4.92,59083,0
ORGS.US,D,20210106,000000,5,5.27,4.97,5,68221,0
ORGS.US,D,20210107,000000,5.03,5.105,4.78,4.89,107714,0
ORGS.US,D,20210108,000000,4.87,5.23,4.69,4.93,69526,0
ORGS.US,D,20210111,000000,4.87,5.174,4.82,5.1,60705,0
ORGS.US,D,20210112,000000,5.09,5.3775,5.05,5.18,68381,0
ORGS.US,D,20210113,000000,5.16,5.25,5.08,5.14,186692,0
ORGS.US,D,20210114,000000,5.17,5.2309,4.95,5.12,81473,0
ORGS.US,D,20210115,000000,5.1,5.3,5.03,5.19,39788,0
ORGS.US,D,20210119,000000,5.3,8,5.3,5.91,1773531,0
ORGS.US,D,20210120,000000,6.01,6.35,5.26,5.41,490950,0
ORGS.US,D,20210121,000000,5.5,6.9,5.5,6.33,339318,0
ORGS.US,D,20210122,000000,6.33,6.58,6.03,6.36,96764,0
ORGS.US,D,20210125,000000,6.43,6.78,6.2,6.72,128275,0
ORGS.US,D,20210126,000000,6.7,7,6.31,6.69,218831,0
ORGS.US,D,20210127,000000,7,7.25,6.28,6.54,233820,0
ORGS.US,D,20210128,000000,6.32,6.6799,6.2,6.25,134845,0
ORGS.US,D,20210129,000000,6.31,6.58,6.02,6.51,151615,0
ORGS.US,D,20210201,000000,6.5,6.96,6.44,6.8,91209,0
ORGS.US,D,20210202,000000,6.89,6.91,6.63,6.83,90881,0
ORGS.US,D,20210203,000000,6.77,6.99,6.71,6.96,88053,0
ORGS.US,D,20210204,000000,6.97,7.35,6.88,7.12,104113,0
ORGS.US,D,20210205,000000,7.12,7.29,6.8,6.9,85607,0
ORGS.US,D,20210208,000000,6.92,7.2285,6.9,6.97,142009,0
ORGS.US,D,20210209,000000,7.04,7.0999,6.66,6.85,76199,0
ORGS.US,D,20210210,000000,6.83,7.2599,6.71,6.73,94528,0
ORGS.US,D,20210211,000000,6.77,6.9,6.57,6.66,84237,0
ORGS.US,D,20210212,000000,6.62,6.71,6.5,6.59,100061,0
ORGS.US,D,20210216,000000,7.15,7.98,6.9897,7,514652,0
ORGS.US,D,20210217,000000,7,7.2099,6.86,7.02,228076,0
ORGS.US,D,20210218,000000,7.02,7.25,6.55,7.09,237099,0
ORGS.US,D,20210219,000000,7.29,7.29,6.86,6.96,125238,0
ORGS.US,D,20210222,000000,7,7.32,6.85,6.85,156239,0
ORGS.US,D,20210223,000000,6.86,7.18,6.65,7,178300,0
ORGS.US,D,20210224,000000,7,7.28,6.98,7.1,87165,0
ORGS.US,D,20210225,000000,7.1,7.19,6.85,6.89,91792,0
ORGS.US,D,20210226,000000,7,7.02,6.65,6.69,170964,0
ORGS.US,D,20210301,000000,6.84,7.19,6.8,7.05,104244,0
ORGS.US,D,20210302,000000,7.01,7.25,7,7.07,46641,0
ORGS.US,D,20210303,000000,7,7.21,6.8901,7.15,73085,0
ORGS.US,D,20210304,000000,7.05,7.3499,6.98,7.04,162102,0
ORGS.US,D,20210305,000000,7.1,7.23,6.8,7.17,150935,0
ORGS.US,D,20210308,000000,7.23,7.6,7.04,7.26,167901,0
ORGS.US,D,20210309,000000,7.5,8.18,7.39,7.51,561580,0
ORGS.US,D,20210310,000000,7.57,7.9094,7.57,7.68,211370,0
ORGS.US,D,20210311,000000,7.76,8.19,7.73,7.98,345985,0
ORGS.US,D,20210312,000000,7.99,8.3,7.75,8.08,238083,0
ORGS.US,D,20210315,000000,8.1,8.15,7.68,7.89,162847,0
ORGS.US,D,20210316,000000,7.84,8.06,7.52,7.99,123340,0
ORGS.US,D,20210317,000000,7.93,7.93,7.56,7.86,113842,0
ORGS.US,D,20210318,000000,7.74,7.77,7,7.05,287219,0
ORGS.US,D,20210319,000000,7.06,7.19,6.97,7.06,240445,0
ORGS.US,D,20210322,000000,7.13,7.28,6.78,7.08,163072,0
ORGS.US,D,20210323,000000,6.98,7.08,6.47,6.52,146614,0
ORGS.US,D,20210324,000000,6.63,6.63,6.05,6.05,164430,0
ORGS.US,D,20210325,000000,6,6.06,5.45,5.64,338120,0
ORGS.US,D,20210326,000000,5.72,5.8,5.45,5.57,140629,0
ORGS.US,D,20210329,000000,5.58,5.93,5.45,5.48,171516,0
ORGS.US,D,20210330,000000,5.53,5.69,5.3,5.55,146699,0
ORGS.US,D,20210331,000000,5.56,5.79,5.52,5.73,99281,0
ORGS.US,D,20210401,000000,5.79,6.04,5.71,5.78,58102,0
ORGS.US,D,20210405,000000,5.83,6.07,5.63,5.88,108714,0
ORGS.US,D,20210406,000000,5.88,5.97,5.54,5.57,65176,0
ORGS.US,D,20210407,000000,5.57,5.7,5.3,5.36,78329,0
ORGS.US,D,20210408,000000,5.37,5.5,5.29,5.48,74245,0
ORGS.US,D,20210409,000000,5.42,5.42,5.26,5.33,89937,0
ORGS.US,D,20210412,000000,5.35,5.36,5.15,5.22,77881,0
ORGS.US,D,20210413,000000,5.23,5.47,5.15,5.34,95968,0
ORGS.US,D,20210414,000000,5.3,5.5489,5.2038,5.28,45546,0
ORGS.US,D,20210415,000000,5.32,5.5,5.16,5.2,63403,0
ORGS.US,D,20210416,000000,5.26,5.26,5.02,5.14,78358,0
ORGS.US,D,20210419,000000,5.18,5.3,5.01,5.05,113753,0
ORGS.US,D,20210420,000000,5.09,5.2,5.01,5.07,68210,0
ORGS.US,D,20210421,000000,5.03,5.28,5.03,5.21,80688,0
ORGS.US,D,20210422,000000,5.27,5.35,5.03,5.04,88300,0
ORGS.US,D,20210423,000000,5.06,5.26,5.04,5.17,91295,0
ORGS.US,D,20210426,000000,5.17,5.36,5.01,5.06,141034,0
ORGS.US,D,20210427,000000,5.11,5.14,4.82,4.92,189082,0
ORGS.US,D,20210428,000000,4.96,5.05,4.82,4.86,114283,0
ORGS.US,D,20210429,000000,4.92,5.05,4.66,4.71,90702,0
ORGS.US,D,20210430,000000,4.66,5.02,4.61,4.69,132984,0
ORGS.US,D,20210503,000000,4.69,4.8,4.56,4.62,82008,0
ORGS.US,D,20210504,000000,4.61,4.65,4.45,4.56,106178,0
ORGS.US,D,20210505,000000,4.54,4.658,4.42,4.48,147667,0
ORGS.US,D,20210506,000000,5.71,6.47,4.41,4.55,3029461,0
ORGS.US,D,20210507,000000,5.51,5.91,4.91,5.66,15059159,0
ORGS.US,D,20210510,000000,5.52,5.5699,4.81,4.91,801026,0
ORGS.US,D,20210511,000000,4.7,4.74,4.47,4.53,522997,0
ORGS.US,D,20210512,000000,4.5,4.63,4.16,4.19,495211,0
ORGS.US,D,20210513,000000,4.25,4.62,4.14,4.41,470349,0
ORGS.US,D,20210514,000000,4.48,5.11,4.42,5.06,286387,0
ORGS.US,D,20210517,000000,4.97,5.07,4.8,4.86,151622,0
ORGS.US,D,20210518,000000,4.88,5.01,4.8,4.83,105584,0
ORGS.US,D,20210519,000000,4.7,4.89,4.6,4.84,93771,0
ORGS.US,D,20210520,000000,4.86,4.9996,4.77,4.97,222698,0
ORGS.US,D,20210521,000000,5.04,5.24,4.8756,5.17,300228,0
ORGS.US,D,20210524,000000,5.21,5.24,4.7954,4.83,136789,0
ORGS.US,D,20210525,000000,4.9,4.9,4.55,4.6,155708,0
ORGS.US,D,20210526,000000,4.6,4.75,4.48,4.71,220704,0
ORGS.US,D,20210527,000000,4.75,4.77,4.52,4.64,140559,0
ORGS.US,D,20210528,000000,4.73,4.8962,4.661,4.83,85825,0
ORGS.US,D,20210601,000000,4.89,5.01,4.81,4.93,116231,0
ORGS.US,D,20210602,000000,4.93,5.18,4.9,5,165577,0
ORGS.US,D,20210603,000000,5,5.09,4.92,5.09,136110,0
ORGS.US,D,20210604,000000,5.11,5.85,5.055,5.65,329863,0
ORGS.US,D,20210607,000000,5.63,5.63,5.11,5.18,343514,0
ORGS.US,D,20210608,000000,5.2,5.3577,5,5.04,140797,0
ORGS.US,D,20210609,000000,5.06,5.245,5.035,5.12,101255,0
ORGS.US,D,20210610,000000,5.19,5.5924,5.19,5.57,167525,0
ORGS.US,D,20210611,000000,5.63,5.63,5.29,5.47,105518,0
ORGS.US,D,20210614,000000,5.44,5.4558,5.21,5.24,86885,0
ORGS.US,D,20210615,000000,5.23,5.31,5.09,5.19,147729,0
ORGS.US,D,20210616,000000,5.16,5.2133,4.82,4.93,170275,0
ORGS.US,D,20210617,000000,4.94,5.0909,4.87,4.87,121348,0
ORGS.US,D,20210618,000000,4.82,5,4.73,4.88,417347,0
ORGS.US,D,20210621,000000,4.92,5.0299,4.72,4.72,163601,0
ORGS.US,D,20210622,000000,4.76,4.805,4.6,4.63,163021,0
ORGS.US,D,20210623,000000,4.63,4.965,4.63,4.9,181350,0
ORGS.US,D,20210624,000000,4.88,5.3,4.81,5.27,230878,0
ORGS.US,D,20210625,000000,5.22,5.42,5.035,5.38,2421992,0
ORGS.US,D,20210628,000000,5.39,5.49,5.195,5.32,79830,0
ORGS.US,D,20210629,000000,5.32,5.34,5.12,5.17,54480,0
ORGS.US,D,20210630,000000,5.11,5.2,5.03,5.07,57546,0
ORGS.US,D,20210701,000000,5.06,5.08,4.9,4.93,61111,0
ORGS.US,D,20210702,000000,4.99,5.03,4.9,5,61565,0
ORGS.US,D,20210706,000000,5.06,5.1,4.75,4.83,94515,0
ORGS.US,D,20210707,000000,4.86,4.865,4.6,4.69,113170,0
ORGS.US,D,20210708,000000,4.6,4.835,4.59,4.77,71484,0
ORGS.US,D,20210709,000000,4.83,4.95,4.76,4.89,65696,0
ORGS.US,D,20210712,000000,4.94,5,4.82,4.88,77667,0
ORGS.US,D,20210713,000000,4.9,4.99,4.81,4.89,57044,0
ORGS.US,D,20210714,000000,4.9,4.98,4.7186,4.78,60726,0
ORGS.US,D,20210715,000000,4.78,4.88,4.71,4.8,31257,0
ORGS.US,D,20210716,000000,4.9,4.9,4.71,4.72,59465,0
ORGS.US,D,20210719,000000,4.78,4.81,4.56,4.6,78416,0
ORGS.US,D,20210720,000000,4.56,4.93,4.56,4.86,67287,0
ORGS.US,D,20210721,000000,4.93,5.11,4.85,5.07,56146,0
ORGS.US,D,20210722,000000,5.07,5.35,4.98,5.29,63793,0
ORGS.US,D,20210723,000000,5.3,5.3,4.96,5.12,66840,0
ORGS.US,D,20210726,000000,5.11,5.12,4.88,4.91,27952,0
ORGS.US,D,20210727,000000,4.83,4.85,4.76,4.78,30936,0
ORGS.US,D,20210728,000000,4.9,5,4.8,4.99,17750,0
ORGS.US,D,20210729,000000,5,5.03,4.9,4.92,73593,0
ORGS.US,D,20210730,000000,4.92,4.94,4.85,4.9,32645,0
ORGS.US,D,20210802,000000,4.95,5.05,4.89,5.02,48649,0
ORGS.US,D,20210803,000000,4.99,5.03,4.88,5.01,51647,0
ORGS.US,D,20210804,000000,5.05,5.15,5,5.1,78869,0
ORGS.US,D,20210805,000000,5.22,5.49,5.17,5.28,163062,0
ORGS.US,D,20210806,000000,5.35,5.35,5.02,5.28,49139,0
ORGS.US,D,20210809,000000,5.22,5.35,5.1016,5.17,59998,0
ORGS.US,D,20210810,000000,5.15,5.17,4.95,5.13,57324,0
ORGS.US,D,20210811,000000,5.13,5.48,5.0401,5.44,187104,0
ORGS.US,D,20210812,000000,5.48,5.48,5,5.16,99041,0
ORGS.US,D,20210813,000000,5.13,5.23,5.05,5.16,33170,0
ORGS.US,D,20210816,000000,5.13,5.21,5,5.01,68734,0
ORGS.US,D,20210817,000000,5,5.19,4.91,4.98,78359,0
ORGS.US,D,20210818,000000,5.01,5.17,4.95,5.07,16295,0
ORGS.US,D,20210819,000000,5.0899,5.0899,4.94,4.96,23331,0
ORGS.US,D,20210820,000000,4.97,5.14,4.96,5.03,38274,0
ORGS.US,D,20210823,000000,5.08,5.14,4.96,5.07,43132,0
ORGS.US,D,20210824,000000,5.14,5.19,5.01,5.14,41218,0
ORGS.US,D,20210825,000000,5.15,5.21,5.06,5.12,61727,0
ORGS.US,D,20210826,000000,5.12,5.2,5.0893,5.18,28721,0
ORGS.US,D,20210827,000000,5.18,5.43,5.13,5.28,144657,0
ORGS.US,D,20210830,000000,5.29,5.3193,5.15,5.2,42332,0
ORGS.US,D,20210831,000000,5.16,5.4,5.16,5.35,66439,0
ORGS.US,D,20210901,000000,5.31,5.4,5.21,5.21,67861,0
ORGS.US,D,20210902,000000,5.25,5.33,5.1141,5.16,47137,0
ORGS.US,D,20210903,000000,5.12,5.29,5.05,5.1,31166,0
ORGS.US,D,20210907,000000,5.08,5.27,5.06,5.2,22701,0
ORGS.US,D,20210908,000000,5.19,5.21,5.0101,5.11,27467,0
ORGS.US,D,20210909,000000,5.38,5.43,5.1,5.18,124664,0
ORGS.US,D,20210910,000000,5.21,5.22,5.01,5.06,31961,0
ORGS.US,D,20210913,000000,5.04,5.08,5,5.02,118291,0
ORGS.US,D,20210914,000000,5.02,5.1,4.9,4.98,48794,0
ORGS.US,D,20210915,000000,5.03,5.03,4.9,4.96,25159,0
ORGS.US,D,20210916,000000,4.95,5.01,4.85,5.01,15660,0
ORGS.US,D,20210917,000000,4.98,5.08,4.88,5.08,46831,0
ORGS.US,D,20210920,000000,4.96,5.18,4.85,4.92,43981,0
ORGS.US,D,20210921,000000,4.93,5,4.8723,4.94,17285,0
ORGS.US,D,20210922,000000,4.94,5.08,4.86,5.08,35316,0
ORGS.US,D,20210923,000000,5.05,5.05,4.96,5,18785,0
ORGS.US,D,20210924,000000,5.01,5.05,4.92,4.95,16382,0
ORGS.US,D,20210927,000000,4.95,5.05,4.89,5.02,32552,0
ORGS.US,D,20210928,000000,4.97,5.05,4.85,4.88,20484,0
ORGS.US,D,20210929,000000,4.91,5,4.7,4.76,28989,0
ORGS.US,D,20210930,000000,4.73,4.95,4.73,4.95,15669,0
ORGS.US,D,20211001,000000,5,5,4.76,4.9,28977,0
ORGS.US,D,20211004,000000,4.88,4.88,4.7,4.7,59907,0
ORGS.US,D,20211005,000000,4.72,4.77,4.71,4.77,20690,0
ORGS.US,D,20211006,000000,4.7,4.97,4.7,4.79,30774,0
ORGS.US,D,20211007,000000,4.79,4.93,4.79,4.86,26918,0
ORGS.US,D,20211008,000000,4.88,4.88,4.7601,4.85,36805,0
ORGS.US,D,20211011,000000,4.82,4.9,4.77,4.9,25325,0
ORGS.US,D,20211012,000000,4.87,4.9,4.81,4.85,27084,0
ORGS.US,D,20211013,000000,4.8,4.9,4.79,4.81,28030,0
ORGS.US,D,20211014,000000,4.825,4.89,4.8212,4.85,17970,0
ORGS.US,D,20211015,000000,4.86,4.86,4.76,4.76,32434,0
ORGS.US,D,20211018,000000,4.77,4.85,4.71,4.77,11248,0
ORGS.US,D,20211019,000000,4.78,4.89,4.78,4.83,14373,0
ORGS.US,D,20211020,000000,4.78,4.9489,4.73,4.81,95166,0
ORGS.US,D,20211021,000000,4.75,4.81,4.51,4.73,102218,0
ORGS.US,D,20211022,000000,4.74,4.74,4.5708,4.67,11701,0
ORGS.US,D,20211025,000000,4.67,4.68,4.52,4.56,102463,0
ORGS.US,D,20211026,000000,4.58,4.7,4.58,4.7,15522,0
ORGS.US,D,20211027,000000,4.7,4.9,4.7,4.76,41712,0
ORGS.US,D,20211028,000000,4.76,4.88,4.76,4.85,16801,0
ORGS.US,D,20211029,000000,4.85,4.8999,4.81,4.81,8572,0
ORGS.US,D,20211101,000000,4.5,4.81,4.48,4.61,97196,0
ORGS.US,D,20211102,000000,4.58,4.79,4.58,4.78,32017,0
ORGS.US,D,20211103,000000,4.78,5,4.75,4.79,34431,0
ORGS.US,D,20211104,000000,5.03,5.2,4.56,4.62,317031,0
ORGS.US,D,20211105,000000,4.62,4.7373,4.47,4.47,151033,0
ORGS.US,D,20211108,000000,4.49,4.56,4.3207,4.38,137187,0
ORGS.US,D,20211109,000000,4.34,4.4016,4.08,4.08,166222,0
ORGS.US,D,20211110,000000,4.08,4.2699,4.08,4.18,73144,0
ORGS.US,D,20211111,000000,4.22,4.22,4.03,4.05,54933,0
ORGS.US,D,20211112,000000,4.12,4.28,4.08,4.23,85195,0
ORGS.US,D,20211115,000000,4.21,4.23,4.05,4.06,89223,0
ORGS.US,D,20211116,000000,4.09,4.1,3.8,3.87,73857,0
ORGS.US,D,20211117,000000,3.83,3.88,3.72,3.76,74955,0
ORGS.US,D,20211118,000000,3.76,3.98,3.51,3.54,83652,0
ORGS.US,D,20211119,000000,3.51,3.7599,3.51,3.55,75828,0
ORGS.US,D,20211122,000000,3.62,3.71,3.4,3.4,93655,0
ORGS.US,D,20211123,000000,3.41,3.52,3.41,3.46,66298,0
ORGS.US,D,20211124,000000,3.46,3.5267,3.46,3.48,40410,0
ORGS.US,D,20211126,000000,3.48,3.6153,3.42,3.43,103526,0
ORGS.US,D,20211129,000000,3.68,3.79,3.43,3.45,133339,0
ORGS.US,D,20211130,000000,3.49,3.525,2.97,3.1,286465,0
ORGS.US,D,20211201,000000,3.11,3.26,3.09,3.11,59882,0
ORGS.US,D,20211202,000000,3.15,3.15,3.015,3.11,59352,0
ORGS.US,D,20211203,000000,3.11,3.11,2.88,2.89,65430,0
ORGS.US,D,20211206,000000,2.96,3.18,2.88,3.15,134620,0
ORGS.US,D,20211207,000000,3.14,3.41,3.0682,3.32,49653,0
ORGS.US,D,20211208,000000,3.37,3.38,3.205,3.37,88833,0
ORGS.US,D,20211209,000000,3.4,3.47,3.24,3.33,48649,0
ORGS.US,D,20211210,000000,3.33,3.44,3.3,3.4,75195,0
ORGS.US,D,20211213,000000,3.4,3.43,2.935,3.03,176807,0
ORGS.US,D,20211214,000000,2.98,3.0475,2.9,2.91,81557,0
ORGS.US,D,20211215,000000,2.92,2.98,2.8,2.96,95471,0
ORGS.US,D,20211216,000000,3.02,3.02,2.83,2.89,71633,0
ORGS.US,D,20211217,000000,2.85,3.19,2.85,3.19,72966,0
ORGS.US,D,20211220,000000,3.23,3.23,2.93,3,55211,0
ORGS.US,D,20211221,000000,3,3.05,2.97,3.03,83266,0
ORGS.US,D,20211222,000000,3.09,3.12,2.97,3.01,75100,0
ORGS.US,D,20211223,000000,3,3.05,2.9701,3.02,23646,0
ORGS.US,D,20211227,000000,3.04,3.12,2.85,2.88,54901,0
ORGS.US,D,20211228,000000,2.88,2.94,2.69,2.77,221133,0
ORGS.US,D,20211229,000000,2.72,2.77,2.59,2.61,183955,0
ORGS.US,D,20211230,000000,2.56,2.81,2.56,2.75,204349,0
ORGS.US,D,20211231,000000,2.8,2.93,2.7701,2.88,98555,0
ORGS.US,D,20220103,000000,2.93,3.05,2.88,3.03,45782,0
ORGS.US,D,20220104,000000,3.1,3.16,2.87,2.9,30922,0
ORGS.US,D,20220105,000000,2.88,2.88,2.6,2.6,60478,0
ORGS.US,D,20220106,000000,2.59,2.8299,2.59,2.64,85192,0
ORGS.US,D,20220107,000000,2.65,2.979,2.55,2.59,58292,0
ORGS.US,D,20220110,000000,2.62,2.785,2.34,2.5,215039,0
ORGS.US,D,20220111,000000,2.5,2.64,2.48,2.54,39770,0
ORGS.US,D,20220112,000000,2.56,2.6198,2.41,2.45,60830,0
ORGS.US,D,20220113,000000,2.41,2.47,2.26,2.31,100129,0
ORGS.US,D,20220114,000000,2.3,2.35,2.12,2.31,122105,0
ORGS.US,D,20220118,000000,2.26,2.53,2.2556,2.46,54255,0
ORGS.US,D,20220119,000000,2.51,2.7199,2.46,2.54,61806,0
ORGS.US,D,20220120,000000,2.52,2.712,2.52,2.57,18259,0
ORGS.US,D,20220121,000000,2.57,2.75,2.4,2.7,70616,0
ORGS.US,D,20220124,000000,2.64,2.64,2.32,2.54,40050,0
ORGS.US,D,20220125,000000,2.4899,2.53,2.4001,2.5,32159,0
ORGS.US,D,20220126,000000,2.5,2.68,2.48,2.57,28472,0
ORGS.US,D,20220127,000000,2.63,2.94,2.6,2.89,81666,0
ORGS.US,D,20220128,000000,2.86,3.19,2.86,2.96,142997,0
ORGS.US,D,20220131,000000,2.92,3.18,2.92,3.13,65790,0
ORGS.US,D,20220201,000000,3.18,3.27,3.0405,3.21,78990,0
ORGS.US,D,20220202,000000,3.22,3.43,3.1276,3.38,55680,0
ORGS.US,D,20220203,000000,3.38,3.38,3,3.29,25872,0
ORGS.US,D,20220204,000000,3.35,3.35,3.17,3.34,20885,0
ORGS.US,D,20220207,000000,3.35,3.35,3.09,3.09,19837,0
ORGS.US,D,20220208,000000,3.13,3.16,3.01,3.16,8421,0
ORGS.US,D,20220209,000000,3.21,3.2806,3.07,3.19,21744,0
ORGS.US,D,20220210,000000,3.11,3.2,3.0701,3.2,7580,0
ORGS.US,D,20220211,000000,3.19,3.21,3.05,3.2,19937,0
ORGS.US,D,20220214,000000,3.15,3.15,2.87,2.92,25327,0
ORGS.US,D,20220215,000000,2.92,3.15,2.92,3.125,20662,0
ORGS.US,D,20220216,000000,3.09,3.35,3.06,3.35,17274,0
ORGS.US,D,20220217,000000,3.31,3.31,3.13,3.23,34460,0
ORGS.US,D,20220218,000000,3.07,3.25,2.9165,3.25,19293,0
ORGS.US,D,20220222,000000,3.16,3.16,3.0101,3.16,5621,0
ORGS.US,D,20220223,000000,2.9,3.2,2.9,3,44742,0
ORGS.US,D,20220224,000000,3,3.27,2.9001,3.2,12746,0
ORGS.US,D,20220225,000000,3.1722,3.2495,3.02,3.22,14608,0
ORGS.US,D,20220228,000000,3.1001,3.22,2.9564,3.15,27438,0
ORGS.US,D,20220301,000000,3.1,3.3,3.0301,3.22,37698,0
ORGS.US,D,20220302,000000,3.15,3.5,3.15,3.35,49816,0
ORGS.US,D,20220303,000000,3.3499,3.59,3.31,3.5,46183,0
ORGS.US,D,20220304,000000,3.48,3.5761,3.42,3.57,32682,0
ORGS.US,D,20220307,000000,3.57,3.57,3,3.3,53843,0
ORGS.US,D,20220308,000000,3.28,3.36,3.08,3.27,18357,0
ORGS.US,D,20220309,000000,3.25,3.27,3.11,3.11,24858,0
ORGS.US,D,20220310,000000,3.1101,3.18,3,3.12,12784,0
ORGS.US,D,20220311,000000,3.09,3.09,2.74,2.86,47081,0
ORGS.US,D,20220314,000000,2.82,2.84,2.75,2.84,20101,0
ORGS.US,D,20220315,000000,2.85,2.875,2.74,2.86,15406,0
ORGS.US,D,20220316,000000,2.9307,2.9307,2.8,2.81,13108,0
ORGS.US,D,20220317,000000,2.8201,2.9924,2.8201,2.99,14260,0
ORGS.US,D,20220318,000000,3,3.4,3,3.27,52675,0
ORGS.US,D,20220321,000000,3.11,3.25,3.11,3.21,6277,0
ORGS.US,D,20220322,000000,3.24,3.49,3.19,3.49,6603,0
ORGS.US,D,20220323,000000,3.41,3.49,3.1982,3.29,4896,0
ORGS.US,D,20220324,000000,3.21,3.72,3.21,3.72,46791,0
ORGS.US,D,20220325,000000,3.7,3.72,3.47,3.52,25978,0
ORGS.US,D,20220328,000000,3.57,3.57,3.3,3.56,13447,0
ORGS.US,D,20220329,000000,3.35,3.49,3.2708,3.35,42370,0
ORGS.US,D,20220330,000000,3.36,3.45,3.02,3.39,275707,0
ORGS.US,D,20220331,000000,3.36,3.61,3.0301,3.47,126161,0
ORGS.US,D,20220401,000000,3.5,3.53,3.2855,3.35,17234,0
ORGS.US,D,20220404,000000,3.3,3.4933,3.2,3.35,82363,0
ORGS.US,D,20220405,000000,3.35,4.04,3.3,3.69,144426,0
ORGS.US,D,20220406,000000,3.65,3.7969,3.52,3.74,51061,0
ORGS.US,D,20220407,000000,3.74,3.77,3.44,3.44,36086,0
ORGS.US,D,20220408,000000,3.5304,3.54,3.35,3.4,14826,0
ORGS.US,D,20220411,000000,3.35,3.3504,3.2,3.24,17396,0
ORGS.US,D,20220412,000000,3.24,3.35,3.2237,3.26,24450,0
ORGS.US,D,20220413,000000,3.22,3.62,3.22,3.54,27219,0
ORGS.US,D,20220414,000000,3.37,3.42,3.3,3.41,3405,0
ORGS.US,D,20220418,000000,3.3,3.47,3.3,3.47,9810,0
ORGS.US,D,20220419,000000,3.41,3.59,3.31,3.51,11156,0
ORGS.US,D,20220420,000000,3.4,3.575,3.3801,3.43,8248,0
ORGS.US,D,20220421,000000,3.39,3.46,3.36,3.415,22453,0
ORGS.US,D,20220422,000000,3.36,3.37,3.21,3.21,21385,0
ORGS.US,D,20220425,000000,3.11,3.16,2.9601,3.08,26492,0
ORGS.US,D,20220426,000000,3.05,3.23,2.99,3.11,28605,0
ORGS.US,D,20220427,000000,3.11,3.1199,3.01,3.01,12047,0
ORGS.US,D,20220428,000000,3.1,3.12,2.93,3,22574,0
ORGS.US,D,20220429,000000,3,3,2.945,3,13105,0
ORGS.US,D,20220502,000000,3,3.21,2.95,3.16,10363,0
ORGS.US,D,20220503,000000,3.15,3.5,3.15,3.5,21829,0
ORGS.US,D,20220504,000000,3.3,3.46,3.3,3.39,8310,0
ORGS.US,D,20220505,000000,3.25,3.35,3.25,3.32,10128,0
ORGS.US,D,20220506,000000,3.1701,3.31,3.1701,3.31,6768,0
ORGS.US,D,20220509,000000,3.25,3.28,2.9499,2.97,28621,0
ORGS.US,D,20220510,000000,2.98,3.14,2.8,3.02,35606,0
ORGS.US,D,20220511,000000,2.91,2.91,2.82,2.84,23249,0
ORGS.US,D,20220512,000000,2.8,2.81,2.6601,2.71,26596,0
ORGS.US,D,20220513,000000,2.8,2.9699,2.7177,2.85,47822,0
ORGS.US,D,20220516,000000,2.87,3,2.7,2.71,55931,0
ORGS.US,D,20220517,000000,2.71,2.71,2.1,2.12,451369,0
ORGS.US,D,20220518,000000,2.19,2.3,2.1,2.11,120739,0
ORGS.US,D,20220519,000000,2.1,2.24,2.03,2.1,226752,0
ORGS.US,D,20220520,000000,2.1,2.25,2.07,2.07,54822,0
ORGS.US,D,20220523,000000,2.1,2.1412,2.05,2.1,44682,0
ORGS.US,D,20220524,000000,2.05,2.52,2.05,2.35,130562,0
ORGS.US,D,20220525,000000,2.43,2.43,2.23,2.39,41600,0
ORGS.US,D,20220526,000000,2.39,2.5,2.3,2.46,53225,0
ORGS.US,D,20220527,000000,2.47,2.6,2.05,2.5,49338,0
ORGS.US,D,20220531,000000,2.48,2.57,2.3738,2.57,10273,0
ORGS.US,D,20220601,000000,2.6,2.64,2.54,2.59,6071,0
ORGS.US,D,20220602,000000,2.59,2.7,2.59,2.7,7377,0
ORGS.US,D,20220603,000000,2.6893,2.6893,2.5001,2.54,17434,0
ORGS.US,D,20220606,000000,2.5819,2.585,2.4,2.45,10202,0
ORGS.US,D,20220607,000000,2.51,2.58,2.4,2.5,41944,0
ORGS.US,D,20220608,000000,2.4497,2.58,2.4497,2.58,12312,0
ORGS.US,D,20220609,000000,2.47,2.55,2.47,2.55,2094,0
ORGS.US,D,20220610,000000,2.5,2.5,2.37,2.37,5827,0
ORGS.US,D,20220613,000000,2.3,2.35,2.05,2.06,59766,0
ORGS.US,D,20220614,000000,2.02,2.05,1.95,2,22453,0
ORGS.US,D,20220615,000000,2,2.05,1.9601,1.99,26352,0
ORGS.US,D,20220616,000000,1.95,1.98,1.77,1.8,48599,0
ORGS.US,D,20220617,000000,1.84,2.1,1.8202,2.01,86689,0
ORGS.US,D,20220621,000000,2.03,2.4,2.03,2.24,75616,0
ORGS.US,D,20220622,000000,2.21,2.24,2.1055,2.22,24552,0
ORGS.US,D,20220623,000000,2.22,2.48,2.05,2.39,13856,0
ORGS.US,D,20220624,000000,2.45,2.54,2.4468,2.52,23051,0
ORGS.US,D,20220627,000000,2.4167,2.4831,2.395,2.47,4094,0
ORGS.US,D,20220628,000000,2.47,2.47,2.34,2.44,13043,0
ORGS.US,D,20220629,000000,2.3087,2.52,2.3087,2.52,9837,0
ORGS.US,D,20220630,000000,2.5,2.5,2.255,2.42,16962,0
ORGS.US,D,20220701,000000,2.45,2.45,2.1827,2.3,20923,0
ORGS.US,D,20220705,000000,2.19,2.335,2.0627,2.3,20142,0
ORGS.US,D,20220706,000000,2.25,2.35,2.185,2.32,5680,0
ORGS.US,D,20220707,000000,2.361,2.41,2.26,2.36,14534,0
ORGS.US,D,20220708,000000,2.33,2.33,2.26,2.33,3007,0
ORGS.US,D,20220711,000000,2.27,2.27,2.12,2.25,5948,0
ORGS.US,D,20220712,000000,2.28,2.41,2.28,2.38,12400,0
ORGS.US,D,20220713,000000,2.2,2.38,2.2,2.38,19188,0
ORGS.US,D,20220714,000000,2.26,2.34,2.11,2.34,21494,0
ORGS.US,D,20220715,000000,2.2425,2.2757,2.24,2.25,4133,0
ORGS.US,D,20220718,000000,2.22,2.27,2.11,2.16,17005,0
ORGS.US,D,20220719,000000,2.17,2.28,2.12,2.13,6939,0
ORGS.US,D,20220720,000000,2.212,2.22,2.11,2.13,25723,0
ORGS.US,D,20220721,000000,2.1101,2.1899,2.02,2.15,17242,0
ORGS.US,D,20220722,000000,2.06,2.1601,2.01,2.05,20467,0
ORGS.US,D,20220725,000000,2.07,2.1038,2.02,2.02,21032,0
ORGS.US,D,20220726,000000,2,2.0159,1.96,1.98,29758,0
ORGS.US,D,20220727,000000,1.96,2.02,1.9,1.9201,53383,0
ORGS.US,D,20220728,000000,1.85,1.95,1.72,1.87,34123,0
ORGS.US,D,20220729,000000,1.84,1.89,1.77,1.86,33718,0
ORGS.US,D,20220801,000000,1.86,1.86,1.75,1.77,42687,0
ORGS.US,D,20220802,000000,1.93,1.99,1.75,1.87,83539,0
ORGS.US,D,20220803,000000,1.84,1.9117,1.76,1.83,55420,0
ORGS.US,D,20220804,000000,1.78,1.97,1.78,1.84,71021,0
ORGS.US,D,20220805,000000,1.82,1.85,1.75,1.78,101827,0
ORGS.US,D,20220808,000000,1.79,1.84,1.72,1.82,20557,0
ORGS.US,D,20220809,000000,1.78,1.93,1.6599,1.66,48763,0
ORGS.US,D,20220810,000000,1.66,1.8,1.57,1.66,127443,0
ORGS.US,D,20220811,000000,1.68,1.69,1.61,1.66,48312,0
ORGS.US,D,20220812,000000,1.62,1.8,1.62,1.8,26283,0
ORGS.US,D,20220815,000000,1.8,1.89,1.7628,1.87,11634,0
ORGS.US,D,20220816,000000,1.86,1.93,1.7,1.77,170523,0
ORGS.US,D,20220817,000000,1.74,1.78,1.67,1.69,58995,0
ORGS.US,D,20220818,000000,1.67,1.74,1.6,1.69,79289,0
ORGS.US,D,20220819,000000,1.68,1.72,1.6446,1.7,16104,0
ORGS.US,D,20220822,000000,1.72,1.72,1.66,1.7,49652,0
ORGS.US,D,20220823,000000,1.73,1.75,1.69,1.69,49077,0
ORGS.US,D,20220824,000000,1.72,1.78,1.7,1.76,29400,0
ORGS.US,D,20220825,000000,1.77,1.79,1.75,1.785,31532,0
ORGS.US,D,20220826,000000,1.8,1.8786,1.79,1.81,13387,0
ORGS.US,D,20220829,000000,1.81,1.95,1.81,1.89,70191,0
ORGS.US,D,20220830,000000,1.88,1.8999,1.87,1.88,18853,0
ORGS.US,D,20220831,000000,1.87,2.02,1.87,1.94,38151,0
ORGS.US,D,20220901,000000,1.95,2.01,1.91,2.01,21845,0
ORGS.US,D,20220902,000000,2.005,2.02,1.9,1.91,20921,0
ORGS.US,D,20220906,000000,1.89,1.9804,1.8801,1.925,17810,0
ORGS.US,D,20220907,000000,1.88,1.9854,1.88,1.95,19087,0
ORGS.US,D,20220908,000000,1.87,1.99,1.87,1.89,12866,0
ORGS.US,D,20220909,000000,1.96,1.99,1.92,1.97,11398,0
ORGS.US,D,20220912,000000,1.95,2.1,1.95,2.01,18220,0
ORGS.US,D,20220913,000000,1.91,2.02,1.9,1.91,11234,0
ORGS.US,D,20220914,000000,1.9034,1.9034,1.69,1.73,39814,0
ORGS.US,D,20220915,000000,1.66,1.895,1.66,1.84,26095,0
ORGS.US,D,20220916,000000,1.8,1.8,1.7,1.73,29354,0
ORGS.US,D,20220919,000000,1.7357,1.77,1.69,1.7,25510,0
ORGS.US,D,20220920,000000,1.709,1.709,1.61,1.62,9979,0
ORGS.US,D,20220921,000000,1.67,1.67,1.58,1.62,67943,0
ORGS.US,D,20220922,000000,1.5994,1.62,1.57,1.6,6321,0
ORGS.US,D,20220923,000000,1.55,1.55,1.45,1.5,21802,0
ORGS.US,D,20220926,000000,1.48,1.5,1.3951,1.42,22338,0
ORGS.US,D,20220927,000000,1.44,1.53,1.34,1.4,36607,0
ORGS.US,D,20220928,000000,1.32,1.5,1.32,1.46,59225,0
ORGS.US,D,20220929,000000,1.39,1.39,1.31,1.38,47709,0
ORGS.US,D,20220930,000000,1.38,1.44,1.38,1.42,21386,0
ORGS.US,D,20221003,000000,1.45,1.45,1.37,1.4,6447,0
ORGS.US,D,20221004,000000,1.42,1.48,1.4,1.43,27649,0
ORGS.US,D,20221005,000000,1.42,1.48,1.38,1.41,53622,0
ORGS.US,D,20221006,000000,1.42,1.42,1.36,1.36,10547,0
ORGS.US,D,20221007,000000,1.36,1.41,1.31,1.32,3688,0
ORGS.US,D,20221010,000000,1.31,1.4,1.31,1.39,7539,0
ORGS.US,D,20221011,000000,1.3201,1.39,1.31,1.34,9472,0
ORGS.US,D,20221012,000000,1.32,1.3263,1.3,1.32,31171,0
ORGS.US,D,20221013,000000,1.325,1.35,1.28,1.28,15866,0
ORGS.US,D,20221014,000000,1.29,1.33,1.27,1.27,12379,0
ORGS.US,D,20221017,000000,1.21,1.35,1.2,1.27,68585,0
ORGS.US,D,20221018,000000,1.31,1.32,1.28,1.28,67632,0
ORGS.US,D,20221019,000000,1.2719,1.3,1.2719,1.28,11028,0
ORGS.US,D,20221020,000000,1.3,1.33,1.29,1.29,37466,0
ORGS.US,D,20221021,000000,1.2501,1.29,1.2501,1.28,2940,0
ORGS.US,D,20221024,000000,1.2899,1.315,1.23,1.23,35638,0
ORGS.US,D,20221025,000000,1.26,1.38,1.24,1.3,64165,0
ORGS.US,D,20221026,000000,1.4525,1.46,1.37,1.37,8916,0
ORGS.US,D,20221027,000000,1.41,1.41,1.2701,1.31,26111,0
ORGS.US,D,20221028,000000,1.29,1.32,1.2601,1.28,5173,0
ORGS.US,D,20221031,000000,1.28,1.36,1.28,1.34,12320,0
ORGS.US,D,20221101,000000,1.34,1.39,1.34,1.37,13878,0
ORGS.US,D,20221102,000000,1.3701,1.43,1.37,1.42,20340,0
ORGS.US,D,20221103,000000,1.47,1.47,1.36,1.36,16183,0
ORGS.US,D,20221104,000000,1.38,1.43,1.38,1.39,6522,0
ORGS.US,D,20221107,000000,1.6,1.6,1.18,1.27,4388382,0
ORGS.US,D,20221108,000000,1.21,1.46,1.13,1.41,358938,0
ORGS.US,D,20221109,000000,1.32,1.45,1.22,1.42,119380,0
ORGS.US,D,20221110,000000,1.42,1.44,1.3601,1.43,33295,0
ORGS.US,D,20221111,000000,1.45,1.92,1.42,1.9,208989,0
ORGS.US,D,20221114,000000,1.88,2.03,1.72,1.98,106002,0
ORGS.US,D,20221115,000000,2.06,2.2,1.92,2.16,52898,0
ORGS.US,D,20221116,000000,2.19,2.29,2.15,2.24,82312,0
ORGS.US,D,20221117,000000,2.24,2.24,2,2.16,34577,0
ORGS.US,D,20221118,000000,2.15,2.16,1.9559,2.1,22909,0
ORGS.US,D,20221121,000000,2.08,2.09,2.02,2.07,28824,0
ORGS.US,D,20221122,000000,2.02,2.06,2.02,2.05,19889,0
ORGS.US,D,20221123,000000,2.04,2.07,1.98,2.06,22320,0
ORGS.US,D,20221125,000000,2.1613,2.21,2.07,2.21,11652,0
ORGS.US,D,20221128,000000,2.14,2.17,2.04,2.09,30565,0
ORGS.US,D,20221129,000000,2.1799,2.1799,1.99,2,10823,0
ORGS.US,D,20221130,000000,2.05,2.05,1.86,2,295872,0
ORGS.US,D,20221201,000000,1.9601,2.005,1.9601,1.99,14564,0
ORGS.US,D,20221202,000000,2,2.06,1.9892,2,20672,0
ORGS.US,D,20221205,000000,1.99,2,1.91,1.94,14754,0
ORGS.US,D,20221206,000000,1.9295,1.94,1.9001,1.92,7913,0
ORGS.US,D,20221207,000000,1.9195,1.9195,1.86,1.8689,9695,0
ORGS.US,D,20221208,000000,1.89,2.0357,1.8501,2,41503,0
ORGS.US,D,20221209,000000,2,2.08,1.9834,2.07,30293,0
ORGS.US,D,20221212,000000,2.07,2.16,2.07,2.14,37129,0
ORGS.US,D,20221213,000000,2.16,2.22,2.1,2.19,38381,0
ORGS.US,D,20221214,000000,2.17,2.19,1.95,2.01,57208,0
ORGS.US,D,20221215,000000,1.99,2.1,1.98,2.04,16551,0
ORGS.US,D,20221216,000000,2.04,2.1476,2,2.06,28732,0
ORGS.US,D,20221219,000000,2.06,2.06,1.92,1.97,20265,0
ORGS.US,D,20221220,000000,1.9,1.97,1.8727,1.95,23811,0
ORGS.US,D,20221221,000000,1.99,1.99,1.8299,1.92,37536,0
ORGS.US,D,20221222,000000,1.86,1.91,1.86,1.91,8093,0
ORGS.US,D,20221223,000000,1.87,1.88,1.83,1.86,14822,0
ORGS.US,D,20221227,000000,1.85,1.93,1.8,1.9,16569,0
ORGS.US,D,20221228,000000,1.88,1.9094,1.8207,1.8224,9586,0
ORGS.US,D,20221229,000000,1.8,1.95,1.75,1.92,41318,0
ORGS.US,D,20221230,000000,1.9,1.95,1.79,1.95,16491,0
ORGS.US,D,20230103,000000,1.94,1.9899,1.85,1.9599,21962,0
ORGS.US,D,20230104,000000,1.94,2.1999,1.9,2.17,52631,0
ORGS.US,D,20230105,000000,2.19,2.19,2.08,2.14,30543,0
ORGS.US,D,20230106,000000,2.18,2.2,2.14,2.2,21514,0
ORGS.US,D,20230109,000000,2.23,2.34,2.1501,2.24,92824,0
ORGS.US,D,20230110,000000,2.28,2.28,2.19,2.25,20110,0
ORGS.US,D,20230111,000000,2.33,2.34,2.2277,2.33,29302,0
ORGS.US,D,20230112,000000,2.31,2.47,2.31,2.47,48671,0
ORGS.US,D,20230113,000000,2.4601,2.4801,2.37,2.38,21419,0
ORGS.US,D,20230117,000000,2.35,2.55,2.35,2.55,55682,0
ORGS.US,D,20230118,000000,2.55,2.64,2.45,2.5,95668,0
ORGS.US,D,20230119,000000,2.47,2.6,2.4207,2.5,39519,0
ORGS.US,D,20230120,000000,2.49,2.53,2.3645,2.51,33616,0
ORGS.US,D,20230123,000000,2.52,2.59,2.52,2.5852,8338,0
ORGS.US,D,20230124,000000,2.53,2.54,2.43,2.5,9889,0
ORGS.US,D,20230125,000000,2.47,2.52,2.41,2.52,26024,0
ORGS.US,D,20230126,000000,2.51,2.52,2.3756,2.42,5369,0
ORGS.US,D,20230127,000000,2.386,2.44,2.3001,2.4,23751,0
ORGS.US,D,20230130,000000,2.42,2.44,2.35,2.35,11261,0
ORGS.US,D,20230131,000000,2.2555,2.41,2.23,2.4,33441,0
ORGS.US,D,20230201,000000,2.21,2.29,2.02,2.02,99791,0
ORGS.US,D,20230202,000000,2.02,2.24,2.02,2.18,31295,0
ORGS.US,D,20230203,000000,2.17,2.2113,2.09,2.12,28002,0
ORGS.US,D,20230206,000000,2.12,2.16,2.02,2.02,15218,0
ORGS.US,D,20230207,000000,2.02,2.26,2.02,2.2,67963,0
ORGS.US,D,20230208,000000,2.16,2.33,2.08,2.25,25626,0
ORGS.US,D,20230209,000000,2.31,2.33,2.18,2.25,17841,0
ORGS.US,D,20230210,000000,2.23,2.3134,2.1657,2.22,39218,0
ORGS.US,D,20230213,000000,2.27,2.27,2.08,2.08,7221,0
ORGS.US,D,20230214,000000,2.07,2.19,2.04,2.04,7421,0
ORGS.US,D,20230215,000000,2.04,2.16,2.04,2.135,14581,0
ORGS.US,D,20230216,000000,2.07,2.2899,2.07,2.17,12452,0
ORGS.US,D,20230217,000000,2.21,2.25,2.17,2.22,40329,0
ORGS.US,D,20230221,000000,2.2,2.22,2.14,2.16,6500,0
ORGS.US,D,20230222,000000,2.16,2.1638,2.07,2.07,14202,0
ORGS.US,D,20230223,000000,2.11,2.11,1.38,1.4,1383256,0
ORGS.US,D,20230224,000000,1.4,1.49,1.3701,1.43,298375,0
ORGS.US,D,20230227,000000,1.46,1.68,1.43,1.55,338935,0
ORGS.US,D,20230228,000000,1.55,1.59,1.42,1.44,44252,0
ORGS.US,D,20230301,000000,1.44,1.46,1.42,1.43,59742,0
ORGS.US,D,20230302,000000,1.43,1.435,1.38,1.39,32913,0
ORGS.US,D,20230303,000000,1.38,1.51,1.36,1.51,64586,0
ORGS.US,D,20230306,000000,1.51,1.55,1.45,1.48,31928,0
ORGS.US,D,20230307,000000,1.5,1.5,1.4,1.4,18566,0
ORGS.US,D,20230308,000000,1.4301,1.45,1.38,1.38,9220,0
ORGS.US,D,20230309,000000,1.4,1.42,1.35,1.35,17887,0
ORGS.US,D,20230310,000000,1.33,1.37,1.25,1.27,21304,0
ORGS.US,D,20230313,000000,1.25,1.33,1.21,1.27,79998,0
ORGS.US,D,20230314,000000,1.26,1.32,1.25,1.26,57926,0
ORGS.US,D,20230315,000000,1.2,1.24,1.16,1.24,127269,0
ORGS.US,D,20230316,000000,1.21,1.288,1.2,1.27,41495,0
ORGS.US,D,20230317,000000,1.28,1.5399,1.28,1.5,289549,0
ORGS.US,D,20230320,000000,1.54,1.6,1.31,1.39,82171,0
ORGS.US,D,20230321,000000,1.56,1.58,1.41,1.43,147946,0
ORGS.US,D,20230322,000000,1.45,1.45,1.33,1.34,52866,0
ORGS.US,D,20230323,000000,1.37,1.49,1.37,1.42,49710,0
ORGS.US,D,20230324,000000,1.42,1.4451,1.36,1.42,42931,0
ORGS.US,D,20230327,000000,1.41,1.45,1.3127,1.37,55527,0
ORGS.US,D,20230328,000000,1.38,1.395,1.3,1.31,40136,0
ORGS.US,D,20230329,000000,1.35,1.35,1.22,1.23,51983,0
ORGS.US,D,20230330,000000,1.28,1.305,1.23,1.24,76005,0
ORGS.US,D,20230331,000000,1.23,1.3,1.18,1.18,98042,0
ORGS.US,D,20230403,000000,1.18,1.19,1.1,1.19,66480,0
ORGS.US,D,20230404,000000,1.22,1.3,1.163,1.18,87022,0
ORGS.US,D,20230405,000000,1.18,1.27,1.15,1.2286,61420,0
ORGS.US,D,20230406,000000,1.19,1.21,1.11,1.14,67071,0
ORGS.US,D,20230410,000000,1.13,1.23,1.11,1.21,55029,0
ORGS.US,D,20230411,000000,1.2,1.22,1.17,1.172,31364,0
ORGS.US,D,20230412,000000,1.17,1.2251,1.13,1.14,19575,0
ORGS.US,D,20230413,000000,1.12,1.2,1.11,1.1627,20750,0
ORGS.US,D,20230414,000000,1.14,1.1756,1.11,1.15,31611,0
ORGS.US,D,20230417,000000,1.1827,1.1827,1.11,1.13,43630,0
ORGS.US,D,20230418,000000,1.13,1.17,1.09,1.15,51585,0
ORGS.US,D,20230419,000000,1.14,1.1599,1.09,1.12,42404,0
ORGS.US,D,20230420,000000,1.05,1.12,1.05,1.07,58654,0
ORGS.US,D,20230421,000000,1.05,1.15,1.05,1.15,10620,0
ORGS.US,D,20230424,000000,1.11,1.13,1.0811,1.1,17381,0
ORGS.US,D,20230425,000000,1.082,1.13,1.07,1.07,25081,0
ORGS.US,D,20230426,000000,1.105,1.187,1.105,1.115,38333,0
ORGS.US,D,20230427,000000,1.155,1.155,1.1,1.14,6555,0
ORGS.US,D,20230428,000000,1.14,1.141,1.1,1.1,2433,0
ORGS.US,D,20230501,000000,1.07,1.11,1.0628,1.07,23974,0
ORGS.US,D,20230502,000000,1.06,1.07,0.9862,1.03,74554,0
ORGS.US,D,20230503,000000,1.0055,1.08,1,1.06,34719,0
ORGS.US,D,20230504,000000,1.04,1.07,0.9801,1.01,27949,0
ORGS.US,D,20230505,000000,1.04,1.08,0.9801,1.08,92097,0
ORGS.US,D,20230508,000000,1.05,1.09,1.05,1.06,9437,0
ORGS.US,D,20230509,000000,1.07,1.07,1.03,1.07,8491,0
ORGS.US,D,20230510,000000,1.07,1.16,1.07,1.085,114514,0
ORGS.US,D,20230511,000000,1.09,1.1464,1.02,1.08,39532,0
ORGS.US,D,20230512,000000,1.02,1.1,1.0197,1.05,13787,0
ORGS.US,D,20230515,000000,1.02,1.12,1.02,1.0701,10290,0
ORGS.US,D,20230516,000000,1.0411,1.11,1.0411,1.08,2234,0
ORGS.US,D,20230517,000000,1.12,1.15,1.0679,1.15,18008,0
ORGS.US,D,20230518,000000,1.1,1.14,1.0901,1.12,13493,0
ORGS.US,D,20230519,000000,1.14,1.18,1.105,1.13,34622,0
ORGS.US,D,20230522,000000,1.1,1.19,1.1,1.14,39867,0
ORGS.US,D,20230523,000000,1.1822,1.24,1.175,1.23,27377,0
ORGS.US,D,20230524,000000,1.33,1.33,1.19,1.2,29437,0
ORGS.US,D,20230525,000000,1.2,1.21,1.18,1.18,9047,0
ORGS.US,D,20230526,000000,1.18,1.2222,1.18,1.22,19409,0
ORGS.US,D,20230530,000000,1.23,1.308,1.18,1.22,45471,0
ORGS.US,D,20230531,000000,1.24,1.24,1.19,1.19,7872,0
ORGS.US,D,20230601,000000,1.18,1.2,1.14,1.14,19304,0
ORGS.US,D,20230602,000000,1.24,1.24,1.1404,1.18,32713,0
ORGS.US,D,20230605,000000,1.2,1.25,1.16,1.22,8837,0
ORGS.US,D,20230606,000000,1.22,1.32,1.21,1.32,21508,0
ORGS.US,D,20230607,000000,1.35,1.41,1.34,1.36,56625,0
ORGS.US,D,20230608,000000,1.36,1.36,1.3,1.3,15571,0
ORGS.US,D,20230609,000000,1.3,1.35,1.29,1.31,20228,0
ORGS.US,D,20230612,000000,1.3101,1.35,1.31,1.35,11410,0
ORGS.US,D,20230613,000000,1.38,1.39,1.33,1.33,43069,0
ORGS.US,D,20230614,000000,1.33,1.39,1.33,1.33,26232,0
ORGS.US,D,20230615,000000,1.38,1.38,1.28,1.3,19353,0
ORGS.US,D,20230616,000000,1.32,1.36,1.29,1.29,20823,0
ORGS.US,D,20230620,000000,1.25,1.35,1.25,1.32,22345,0
ORGS.US,D,20230621,000000,1.3,1.3,1.26,1.26,7894,0
ORGS.US,D,20230622,000000,1.26,1.32,1.25,1.27,49241,0
ORGS.US,D,20230623,000000,1.29,1.3,1.22,1.23,32890,0
ORGS.US,D,20230626,000000,1.27,1.32,1.265,1.28,57038,0
ORGS.US,D,20230627,000000,1.3,1.32,1.26,1.28,8760,0
ORGS.US,D,20230628,000000,1.25,1.3799,1.25,1.33,30726,0
ORGS.US,D,20230629,000000,1.36,1.49,1.36,1.44,68859,0
ORGS.US,D,20230630,000000,1.47,1.5,1.34,1.39,54422,0
ORGS.US,D,20230703,000000,1.46,1.46,1.39,1.395,24075,0
ORGS.US,D,20230705,000000,1.42,1.42,1.39,1.39,3927,0
ORGS.US,D,20230706,000000,1.3801,1.3801,1.32,1.36,14458,0
ORGS.US,D,20230707,000000,1.35,1.38,1.34,1.38,11339,0
ORGS.US,D,20230710,000000,1.36,1.365,1.31,1.31,27606,0
ORGS.US,D,20230711,000000,1.34,1.34,1.27,1.29,49450,0
ORGS.US,D,20230712,000000,1.295,1.32,1.273,1.3,7357,0
ORGS.US,D,20230713,000000,1.29,1.33,1.2801,1.31,26053,0
ORGS.US,D,20230714,000000,1.31,1.31,1.29,1.3,15633,0
ORGS.US,D,20230717,000000,1.31,1.31,1.25,1.25,29815,0
ORGS.US,D,20230718,000000,1.26,1.27,1.25,1.26,14624,0
ORGS.US,D,20230719,000000,1.29,1.29,1.19,1.19,54676,0
ORGS.US,D,20230720,000000,1.19,1.19,1.1,1.13,53432,0
ORGS.US,D,20230721,000000,1.11,1.1292,1.03,1.09,61683,0
ORGS.US,D,20230724,000000,1.08,1.11,1.05,1.05,26079,0
ORGS.US,D,20230725,000000,1.05,1.0721,1.05,1.05,20421,0
ORGS.US,D,20230726,000000,1.05,1.12,0.99,1.04,59669,0
ORGS.US,D,20230727,000000,1.04,1.13,1.0388,1.1,59231,0
ORGS.US,D,20230728,000000,1.1,1.1109,1.05,1.06,18361,0
ORGS.US,D,20230731,000000,1.1,1.13,1.08,1.09,18174,0
ORGS.US,D,20230801,000000,1.1,1.12,1.08,1.1,8296,0
ORGS.US,D,20230802,000000,1.05,1.08,1.03,1.08,14847,0
ORGS.US,D,20230803,000000,1.08,1.09,1.04,1.06,6373,0
ORGS.US,D,20230804,000000,1.08,1.11,1.03,1.06,3965,0
ORGS.US,D,20230807,000000,1.04,1.04,0.9903,1,34154,0
ORGS.US,D,20230808,000000,1.05,1.05,0.94,0.94,33255,0
ORGS.US,D,20230809,000000,0.98,1.01,0.9474,0.9501,31592,0
ORGS.US,D,20230810,000000,1.04,1.04,0.9633,0.986,12506,0
ORGS.US,D,20230811,000000,0.986,1.17,0.9303,1.05,412799,0
ORGS.US,D,20230814,000000,1.15,1.15,1,1.03,74364,0
ORGS.US,D,20230815,000000,1.02,1.02,0.94,0.984,70049,0
ORGS.US,D,20230816,000000,0.8554,0.926,0.85,0.85,128384,0
ORGS.US,D,20230817,000000,0.8032,0.9468,0.756,0.813,150162,0
ORGS.US,D,20230818,000000,0.82,0.8603,0.8196,0.8196,37165,0
ORGS.US,D,20230821,000000,0.800101,0.801,0.7648,0.775,61155,0
ORGS.US,D,20230822,000000,0.8,0.8486,0.72,0.749,60522,0
ORGS.US,D,20230823,000000,0.7397,0.7397,0.5503,0.599999,351490,0
ORGS.US,D,20230824,000000,0.59,0.59,0.4,0.434,927911,0
ORGS.US,D,20230825,000000,0.444,0.4562,0.3841,0.41,434467,0
ORGS.US,D,20230828,000000,0.43,0.585,0.4,0.559,456709,0
ORGS.US,D,20230829,000000,0.55,0.5888,0.500001,0.5326,167244,0
ORGS.US,D,20230830,000000,0.5327,0.589,0.52,0.5675,140212,0
ORGS.US,D,20230831,000000,0.56,0.597899,0.5091,0.5091,343881,0
ORGS.US,D,20230901,000000,0.5103,0.6266,0.5103,0.58,131709,0
ORGS.US,D,20230905,000000,0.585,0.839899,0.5832,0.749,368826,0
ORGS.US,D,20230906,000000,0.76,0.76,0.6751,0.69,33001,0
ORGS.US,D,20230907,000000,0.7505,0.7505,0.6279,0.669,59998,0
ORGS.US,D,20230908,000000,0.6901,0.76,0.6896,0.73,35948,0
ORGS.US,D,20230911,000000,0.778,0.785,0.6929,0.7029,71295,0
ORGS.US,D,20230912,000000,0.7029,0.7345,0.68,0.6851,26745,0
ORGS.US,D,20230913,000000,0.6566,0.7261,0.6566,0.7111,68546,0
ORGS.US,D,20230914,000000,0.680201,0.7232,0.680201,0.7081,22026,0
ORGS.US,D,20230915,000000,0.68,0.6915,0.65,0.69,84189,0
ORGS.US,D,20230918,000000,0.67,0.74,0.67,0.719,32281,0
ORGS.US,D,20230919,000000,0.68,0.6822,0.618,0.64,36148,0
ORGS.US,D,20230920,000000,0.6114,0.64,0.588,0.59,70075,0
ORGS.US,D,20230921,000000,0.6517,0.678,0.5922,0.5922,198541,0
ORGS.US,D,20230922,000000,0.6452,0.6778,0.59,0.63,74914,0
ORGS.US,D,20230925,000000,0.66,0.66,0.6005,0.62,10096,0
ORGS.US,D,20230926,000000,0.6,0.620299,0.6,0.6,14471,0
ORGS.US,D,20230927,000000,0.6,0.653,0.6,0.62,11373,0
ORGS.US,D,20230928,000000,0.64,0.6684,0.62,0.62,43103,0
ORGS.US,D,20230929,000000,0.62,0.6497,0.61,0.62,16981,0
ORGS.US,D,20231002,000000,0.6,0.618,0.5903,0.618,10063,0
ORGS.US,D,20231003,000000,0.62,0.6498,0.582,0.62,68263,0
ORGS.US,D,20231004,000000,0.600101,0.679,0.600101,0.6501,20229,0
ORGS.US,D,20231005,000000,0.65,0.86,0.65,0.7998,217160,0
ORGS.US,D,20231006,000000,0.8102,0.9967,0.8102,0.96,234201,0
ORGS.US,D,20231009,000000,0.97,1,0.8193,0.825,51345,0
ORGS.US,D,20231010,000000,0.8231,0.8995,0.82,0.873,16681,0
ORGS.US,D,20231011,000000,0.8997,0.9499,0.8747,0.922,25262,0
ORGS.US,D,20231012,000000,0.922,0.922,0.86,0.86,30137,0
ORGS.US,D,20231013,000000,0.9044,0.9044,0.8437,0.8437,6060,0
ORGS.US,D,20231016,000000,0.87,0.9278,0.843701,0.863,33390,0
ORGS.US,D,20231017,000000,0.8884,0.93,0.88,0.89,34457,0
ORGS.US,D,20231018,000000,0.8636,0.9989,0.8636,0.9588,66892,0
ORGS.US,D,20231019,000000,0.9387,0.96,0.9275,0.9275,19887,0
ORGS.US,D,20231020,000000,0.9276,0.97,0.9006,0.913,30891,0
ORGS.US,D,20231023,000000,0.94,0.94,0.8239,0.8594,41435,0
ORGS.US,D,20231024,000000,0.8211,0.919851,0.8205,0.8636,23599,0
ORGS.US,D,20231025,000000,0.88,0.892981,0.8163,0.8633,14211,0
ORGS.US,D,20231026,000000,0.83,0.9404,0.8204,0.8922,3774,0
ORGS.US,D,20231027,000000,0.9193,0.9193,0.8453,0.9185,5494,0
ORGS.US,D,20231030,000000,0.91,0.91,0.7811,0.81,146833,0
ORGS.US,D,20231031,000000,0.723,0.7597,0.67,0.6801,137013,0
ORGS.US,D,20231101,000000,0.7,0.825,0.670501,0.806,67722,0
ORGS.US,D,20231102,000000,0.806,0.86,0.772,0.8,148837,0
ORGS.US,D,20231103,000000,0.776,0.8399,0.755201,0.821,15716,0
ORGS.US,D,20231106,000000,0.8,0.8242,0.741,0.751,30154,0
ORGS.US,D,20231107,000000,0.7258,0.8249,0.7161,0.7795,64292,0
ORGS.US,D,20231108,000000,0.71,0.730501,0.6564,0.698,342710,0
ORGS.US,D,20231109,000000,0.699,0.699,0.5703,0.5742,56444,0
ORGS.US,D,20231110,000000,0.558,0.6878,0.55,0.61,140556,0
ORGS.US,D,20231113,000000,0.64,0.64,0.55,0.5584,32580,0
ORGS.US,D,20231114,000000,0.5,0.6101,0.5,0.5502,66838,0
ORGS.US,D,20231115,000000,0.55,0.573399,0.5131,0.55,23487,0
ORGS.US,D,20231116,000000,0.5183,0.5183,0.44,0.4401,87966,0
ORGS.US,D,20231117,000000,0.3937,0.5328,0.3937,0.481,150438,0
ORGS.US,D,20231120,000000,0.4666,0.506,0.455,0.5001,51380,0
ORGS.US,D,20231121,000000,0.4968,0.539,0.49,0.505,67219,0
ORGS.US,D,20231122,000000,0.505,0.524,0.49,0.51,55451,0
ORGS.US,D,20231124,000000,0.51,0.57,0.51,0.51,41337,0
ORGS.US,D,20231127,000000,0.51,0.51495,0.422,0.5,51659,0
ORGS.US,D,20231128,000000,0.481,0.4898,0.44,0.4402,70258,0
ORGS.US,D,20231129,000000,0.4501,0.479,0.45,0.4606,33035,0
ORGS.US,D,20231130,000000,0.44,0.4619,0.42,0.4616,67213,0
ORGS.US,D,20231201,000000,0.4445,0.485,0.4325,0.4526,83758,0
ORGS.US,D,20231204,000000,0.42,0.4999,0.411,0.4997,83150,0
ORGS.US,D,20231205,000000,0.455,0.499,0.4501,0.468,37882,0
ORGS.US,D,20231206,000000,0.459,0.4996,0.4242,0.491,27194,0
ORGS.US,D,20231207,000000,0.4744,0.49,0.4501,0.4568,52105,0
ORGS.US,D,20231208,000000,0.47,0.5127,0.4568,0.4603,75825,0
ORGS.US,D,20231211,000000,0.4717,0.53,0.45605,0.52,173087,0
ORGS.US,D,20231212,000000,0.5294,0.562,0.5294,0.5411,48116,0
ORGS.US,D,20231213,000000,0.565,0.565,0.4598,0.4947,163213,0
ORGS.US,D,20231214,000000,0.4799,0.501,0.4136,0.4699,116137,0
ORGS.US,D,20231215,000000,0.4699,0.5326,0.461,0.4953,60387,0
ORGS.US,D,20231218,000000,0.512,0.512,0.4509,0.49,135437,0
ORGS.US,D,20231219,000000,0.4621,0.4972,0.45,0.4896,69486,0
ORGS.US,D,20231220,000000,0.46,0.46,0.44,0.4501,69857,0
ORGS.US,D,20231221,000000,0.435,0.47,0.412,0.455,71540,0
ORGS.US,D,20231222,000000,0.442,0.498,0.44,0.4909,90190,0
ORGS.US,D,20231226,000000,0.4691,0.495,0.4326,0.446,103593,0
ORGS.US,D,20231227,000000,0.43,0.485,0.43,0.48,101056,0
ORGS.US,D,20231228,000000,0.48,0.5352,0.4411,0.502,157088,0
ORGS.US,D,20231229,000000,0.52,0.550306,0.5,0.5007,108397,0
ORGS.US,D,20240102,000000,0.46,0.512,0.46,0.492,96767,0
ORGS.US,D,20240103,000000,0.4568,0.51,0.4486,0.467,79919,0
ORGS.US,D,20240104,000000,0.45,0.4727,0.44,0.4644,57799,0
ORGS.US,D,20240105,000000,0.478,0.4919,0.435,0.436,69314,0
ORGS.US,D,20240108,000000,0.43,0.442,0.4,0.408,134635,0
ORGS.US,D,20240109,000000,0.41,0.415,0.368,0.3824,187623,0
ORGS.US,D,20240110,000000,0.3709,0.3824,0.3403,0.349,117734,0
ORGS.US,D,20240111,000000,0.3305,0.3501,0.29,0.3011,549823,0
ORGS.US,D,20240112,000000,0.3161,0.328038,0.27,0.299,123347,0
ORGS.US,D,20240116,000000,0.2861,0.3736,0.2861,0.3587,201985,0
ORGS.US,D,20240117,000000,0.36,0.36,0.31,0.33,18231,0
ORGS.US,D,20240118,000000,0.32,0.33,0.3001,0.321,114581,0
ORGS.US,D,20240119,000000,0.3066,0.31,0.25,0.2823,133079,0
ORGS.US,D,20240122,000000,0.28,0.3201,0.2601,0.32,115976,0
ORGS.US,D,20240123,000000,0.32,0.344038,0.302,0.306,62621,0
ORGS.US,D,20240124,000000,0.302,0.3116,0.2865,0.3068,71448,0
ORGS.US,D,20240125,000000,0.3,0.3202,0.295,0.305,89059,0
ORGS.US,D,20240126,000000,0.31,0.3223,0.2931,0.3105,94784,0
ORGS.US,D,20240129,000000,0.34,0.35,0.3029,0.319,50958,0
ORGS.US,D,20240130,000000,0.34,0.34,0.3052,0.3197,54602,0
ORGS.US,D,20240131,000000,0.34,0.34,0.3101,0.314,203287,0
ORGS.US,D,20240201,000000,0.312501,0.3379,0.31,0.328,85561,0
ORGS.US,D,20240202,000000,0.315,0.323,0.3066,0.3111,15115,0
ORGS.US,D,20240205,000000,0.33,0.33,0.295,0.299,50210,0
ORGS.US,D,20240206,000000,0.3212,0.3212,0.2925,0.312627,8208,0
ORGS.US,D,20240207,000000,0.3298,0.3298,0.2883,0.3001,11574,0
ORGS.US,D,20240208,000000,0.302,0.313,0.3,0.301,24346,0
ORGS.US,D,20240209,000000,0.3,0.3268,0.25,0.2997,134084,0
ORGS.US,D,20240212,000000,0.3127,0.35,0.299,0.299,39769,0
ORGS.US,D,20240213,000000,0.299,0.3095,0.265,0.296,46533,0
ORGS.US,D,20240214,000000,0.3082,0.3449,0.3082,0.341,16475,0
ORGS.US,D,20240215,000000,0.38,0.7401,0.37,0.48,2961237,0
ORGS.US,D,20240216,000000,0.49,0.517592,0.39,0.4,332564,0
ORGS.US,D,20240220,000000,0.3989,0.421199,0.36,0.409,125376,0
ORGS.US,D,20240221,000000,0.3967,0.475,0.3967,0.47,78928,0
ORGS.US,D,20240222,000000,0.5,0.518,0.41,0.4815,82638,0
ORGS.US,D,20240223,000000,0.4822,0.5999,0.47,0.59,208845,0
ORGS.US,D,20240226,000000,0.6039,0.7085,0.5341,0.63,260963,0
ORGS.US,D,20240227,000000,0.62,0.6253,0.57,0.6001,45430,0
ORGS.US,D,20240228,000000,0.6,0.623,0.6,0.623,47402,0
ORGS.US,D,20240229,000000,0.63,0.665873,0.60815,0.6402,147548,0
ORGS.US,D,20240301,000000,0.645364,0.71,0.645364,0.6809,169936,0
ORGS.US,D,20240304,000000,0.69,0.775,0.69,0.767,178563,0
ORGS.US,D,20240305,000000,0.8451,0.8746,0.75,0.8217,259412,0
ORGS.US,D,20240306,000000,0.82,0.8547,0.8,0.831,132974,0
ORGS.US,D,20240307,000000,0.8264,0.86,0.74,0.839,69077,0
ORGS.US,D,20240308,000000,0.82,0.9,0.82,0.8574,129066,0
ORGS.US,D,20240311,000000,0.871,0.871,0.82,0.8216,71762,0
ORGS.US,D,20240312,000000,0.844,0.8722,0.823569,0.86,30286,0
ORGS.US,D,20240313,000000,0.8889,0.899899,0.8501,0.8924,36016,0
ORGS.US,D,20240314,000000,0.87,0.87,0.74,0.776,74857,0
ORGS.US,D,20240315,000000,0.77,0.8373,0.77,0.7892,86341,0
ORGS.US,D,20240318,000000,0.768,0.877,0.768,0.876,40931,0
ORGS.US,D,20240319,000000,0.829,0.88,0.829,0.88,41218,0
ORGS.US,D,20240320,000000,0.88,0.9,0.85,0.9,48850,0
ORGS.US,D,20240321,000000,0.9,0.9,0.8644,0.87,48560,0
ORGS.US,D,20240322,000000,0.86,0.899,0.8567,0.899,32887,0
ORGS.US,D,20240325,000000,0.8966,0.913,0.8301,0.899,50473,0
ORGS.US,D,20240326,000000,0.867,0.8987,0.84,0.8511,20616,0
ORGS.US,D,20240327,000000,0.8988,0.8988,0.8302,0.85,15433,0
ORGS.US,D,20240328,000000,0.845001,0.8499,0.8216,0.822,11222,0
ORGS.US,D,20240401,000000,0.77,0.77,0.5,0.5809,191810,0
ORGS.US,D,20240402,000000,0.55,0.55,0.3044,0.3866,1042315,0
ORGS.US,D,20240403,000000,0.375,0.4952,0.36,0.4952,193986,0
ORGS.US,D,20240404,000000,0.52,0.589899,0.4305,0.58,117874,0
ORGS.US,D,20240405,000000,0.5626,0.58,0.46,0.51875,102918,0
ORGS.US,D,20240408,000000,0.5,0.51,0.455,0.475,62317,0
ORGS.US,D,20240409,000000,0.47,0.52,0.4561,0.485,32164,0
ORGS.US,D,20240410,000000,0.52,0.88,0.5,0.5238,5635232,0
ORGS.US,D,20240411,000000,0.55,0.6336,0.5,0.5597,473707,0
ORGS.US,D,20240412,000000,0.585,0.585,0.488,0.493,76124,0
ORGS.US,D,20240415,000000,0.49,0.4997,0.475,0.4997,108899,0
ORGS.US,D,20240416,000000,0.49,0.5462,0.475,0.5,122329,0
ORGS.US,D,20240417,000000,0.4752,0.5285,0.4751,0.5089,77005,0
ORGS.US,D,20240418,000000,0.5,0.5121,0.5,0.5121,26689,0
ORGS.US,D,20240419,000000,0.52,0.5294,0.4923,0.5009,59963,0
ORGS.US,D,20240422,000000,0.5,0.5199,0.5,0.5072,22024,0
ORGS.US,D,20240423,000000,0.5072,0.519,0.5,0.519,18415,0
ORGS.US,D,20240424,000000,0.52,0.5219,0.5,0.502,35608,0
ORGS.US,D,20240425,000000,0.51,0.5209,0.5,0.504,11934,0
ORGS.US,D,20240426,000000,0.502,0.5203,0.4925,0.5071,24517,0
ORGS.US,D,20240429,000000,0.5164,0.525,0.5,0.5,48575,0
ORGS.US,D,20240430,000000,0.52,0.54,0.482,0.5054,26465,0
ORGS.US,D,20240501,000000,0.5395,0.5395,0.5004,0.5256,12128,0
ORGS.US,D,20240502,000000,0.57,0.57,0.5002,0.543,40362,0
ORGS.US,D,20240503,000000,0.5399,0.5796,0.505,0.527,75637,0
ORGS.US,D,20240506,000000,0.545,0.547,0.5051,0.52,27553,0
ORGS.US,D,20240507,000000,0.5268,0.58,0.52,0.5302,45532,0
ORGS.US,D,20240508,000000,0.5289,0.55465,0.4861,0.52,14529,0
ORGS.US,D,20240509,000000,0.521,0.5546,0.521,0.554,38527,0
ORGS.US,D,20240510,000000,0.5456,0.58,0.53,0.58,45757,0
ORGS.US,D,20240513,000000,0.570101,0.617,0.57,0.609,20942,0
ORGS.US,D,20240514,000000,0.61,0.63,0.59,0.6047,32716,0
ORGS.US,D,20240515,000000,0.6349,0.6349,0.5582,0.5657,14976,0
ORGS.US,D,20240516,000000,0.6081,0.6081,0.475,0.531,16892,0
ORGS.US,D,20240517,000000,0.54,0.5799,0.531,0.5522,57622,0
ORGS.US,D,20240520,000000,0.5798,0.5898,0.5008,0.5503,7784,0
ORGS.US,D,20240521,000000,0.5181,0.53,0.4604,0.51,137284,0
ORGS.US,D,20240522,000000,0.5,0.5188,0.48,0.4801,51475,0
ORGS.US,D,20240523,000000,0.5498,0.5498,0.4608,0.485,30580,0
ORGS.US,D,20240524,000000,0.4891,0.5124,0.48,0.48,21990,0
ORGS.US,D,20240528,000000,0.475,0.479571,0.45,0.4602,17038,0
ORGS.US,D,20240529,000000,0.46,0.51,0.46,0.5,17081,0
ORGS.US,D,20240530,000000,0.489,0.52,0.47,0.486,15967,0
ORGS.US,D,20240531,000000,0.458,0.5298,0.458,0.5149,35431,0
ORGS.US,D,20240603,000000,0.5406,0.5499,0.4704,0.52,23095,0
ORGS.US,D,20240604,000000,0.52,0.52,0.5199,0.52,5909,0
ORGS.US,D,20240605,000000,0.52,0.52,0.5,0.500001,7115,0
ORGS.US,D,20240606,000000,0.49,0.5197,0.47,0.5197,21795,0
ORGS.US,D,20240607,000000,0.519,0.52,0.45,0.47,48976,0
ORGS.US,D,20240610,000000,0.49,0.5,0.45,0.46,46559,0
ORGS.US,D,20240611,000000,0.46,0.51,0.46,0.4965,24651,0
ORGS.US,D,20240612,000000,0.4903,0.4999,0.4588,0.4801,86162,0
ORGS.US,D,20240613,000000,0.48,0.54,0.48,0.54,75308,0
ORGS.US,D,20240614,000000,0.55,0.58,0.5498,0.5798,59251,0
ORGS.US,D,20240617,000000,0.58,0.58,0.55,0.5698,31244,0
ORGS.US,D,20240618,000000,0.5755,0.5798,0.55,0.5512,39450,0
ORGS.US,D,20240620,000000,0.5612,0.5797,0.4452,0.4481,225050,0
ORGS.US,D,20240621,000000,0.6,0.7708,0.51,0.61,2312508,0
ORGS.US,D,20240624,000000,0.62,0.662,0.54,0.5902,372564,0
ORGS.US,D,20240625,000000,0.62,0.62,0.5507,0.5804,81751,0
ORGS.US,D,20240626,000000,0.58,0.6,0.5532,0.59,41531,0
ORGS.US,D,20240627,000000,0.62,0.634,0.6001,0.634,70998,0
ORGS.US,D,20240628,000000,0.61,0.63,0.6,0.6,77901,0
ORGS.US,D,20240701,000000,0.6,0.69,0.6,0.6488,178517,0
ORGS.US,D,20240702,000000,0.6487,0.6498,0.6198,0.6281,20425,0
ORGS.US,D,20240703,000000,0.6495,0.655601,0.629,0.6489,9728,0
ORGS.US,D,20240705,000000,0.65,0.6999,0.65,0.679,47326,0
ORGS.US,D,20240708,000000,0.658,0.679899,0.6213,0.6481,29993,0
ORGS.US,D,20240709,000000,0.6663,0.6663,0.6211,0.637,6768,0
ORGS.US,D,20240710,000000,0.64,0.64,0.6197,0.6199,14186,0
ORGS.US,D,20240711,000000,0.6273,0.7,0.6234,0.671,79106,0
ORGS.US,D,20240712,000000,0.7,0.8483,0.6773,0.738,488047,0
ORGS.US,D,20240715,000000,0.73,0.73,0.6898,0.7,41228,0
ORGS.US,D,20240716,000000,0.71,0.728,0.7,0.7001,38623,0
ORGS.US,D,20240717,000000,0.73,0.7969,0.7,0.7179,30252,0
ORGS.US,D,20240718,000000,0.73,0.75,0.7,0.7,45732,0
ORGS.US,D,20240719,000000,0.7017,0.7279,0.7,0.7,11443,0
ORGS.US,D,20240722,000000,0.7,0.714001,0.64,0.678,88183,0
ORGS.US,D,20240723,000000,0.6858,0.6858,0.633,0.64,27944,0
ORGS.US,D,20240724,000000,0.6767,0.68,0.63,0.6348,29075,0
ORGS.US,D,20240725,000000,0.67,0.6799,0.619,0.619,15236,0
ORGS.US,D,20240726,000000,0.62,0.6499,0.5152,0.54,150949,0
ORGS.US,D,20240729,000000,0.55,0.57,0.532,0.56,78615,0
ORGS.US,D,20240730,000000,0.6,0.85,0.57,0.642,1858519,0
ORGS.US,D,20240731,000000,0.64,0.8,0.58,0.79,417788,0
ORGS.US,D,20240801,000000,0.8,0.8399,0.73,0.839,328541,0
ORGS.US,D,20240802,000000,0.84,0.865,0.65,0.7693,241379,0
ORGS.US,D,20240805,000000,0.6815,0.7599,0.6412,0.7428,172375,0
ORGS.US,D,20240806,000000,0.73,0.81,0.72,0.799999,136947,0
ORGS.US,D,20240807,000000,0.8,0.805,0.7083,0.7083,221036,0
ORGS.US,D,20240808,000000,0.716,0.7866,0.716,0.7866,61043,0
ORGS.US,D,20240809,000000,0.77,0.7899,0.68,0.728,97779,0
ORGS.US,D,20240812,000000,0.7062,0.7555,0.6688,0.6774,125860,0
ORGS.US,D,20240813,000000,0.7984,0.95,0.7601,0.897,1214103,0
ORGS.US,D,20240814,000000,0.9,1.0799,0.88,0.999,880140,0
ORGS.US,D,20240815,000000,1.05,1.05,0.902,0.93,340777,0
ORGS.US,D,20240816,000000,0.9061,0.909899,0.79,0.8149,282864,0
ORGS.US,D,20240819,000000,0.82,0.8499,0.8001,0.8001,124610,0
ORGS.US,D,20240820,000000,0.86,0.89,0.79375,0.8587,225627,0
ORGS.US,D,20240821,000000,0.8429,0.8429,0.75,0.7902,141794,0
ORGS.US,D,20240822,000000,0.79,0.829,0.751,0.77,80469,0
ORGS.US,D,20240823,000000,0.77,0.7993,0.7301,0.733,128321,0
ORGS.US,D,20240826,000000,0.7211,0.7609,0.7,0.7029,108782,0
ORGS.US,D,20240827,000000,0.71,0.74,0.69,0.728,172306,0
ORGS.US,D,20240828,000000,0.71,0.718,0.6655,0.6969,70863,0
ORGS.US,D,20240829,000000,0.706,0.7498,0.6708,0.6878,107894,0
ORGS.US,D,20240830,000000,0.69,0.69,0.653,0.6699,86731,0
ORGS.US,D,20240903,000000,0.65,0.7,0.635,0.7,172334,0
ORGS.US,D,20240904,000000,0.7289,0.7289,0.6574,0.6698,58545,0
ORGS.US,D,20240905,000000,0.6408,0.7,0.593,0.594,191897,0
ORGS.US,D,20240906,000000,0.61,0.626,0.579,0.59,96467,0
ORGS.US,D,20240909,000000,0.5723,0.6499,0.5723,0.631,53960,0
ORGS.US,D,20240910,000000,0.617,0.633299,0.5867,0.6063,36606,0
ORGS.US,D,20240911,000000,0.628,0.6295,0.5903,0.618,40220,0
ORGS.US,D,20240912,000000,0.6,0.649699,0.5996,0.6035,77009,0
ORGS.US,D,20240913,000000,0.6299,0.6399,0.6002,0.6079,67451,0
ORGS.US,D,20240916,000000,0.6,0.62,0.54,0.595,155655,0
ORGS.US,D,20240917,000000,0.6,0.628,0.5501,0.5516,57747,0
ORGS.US,D,20240918,000000,0.565,0.5784,0.5419,0.5419,139172,0
ORGS.US,D,20240919,000000,0.55,0.5748,0.5326,0.55,87439,0
ORGS.US,D,20240920,000000,0.565,0.57,0.51,0.5174,229604,0
ORGS.US,D,20240923,000000,0.52,0.5319,0.3701,0.39,767621,0
ORGS.US,D,20240924,000000,0.405,0.4273,0.39,0.3981,322545,0
ORGS.US,D,20240925,000000,3.84,5.0125,3.7131,4.49,81836,0
ORGS.US,D,20240926,000000,4.41,4.65,4.0059,4.08,19515,0
ORGS.US,D,20240927,000000,4.21,5.44,4.195,5.3,76640,0
ORGS.US,D,20240930,000000,5.2,5.2,4.2112,4.46,52397,0
ORGS.US,D,20241001,000000,4.49,4.79,4.23,4.48,46884,0
ORGS.US,D,20241002,000000,4.49,4.5,4.269,4.42,5169,0
ORGS.US,D,20241003,000000,4.32,4.45,4.2301,4.37,7860,0
ORGS.US,D,20241004,000000,4.22,4.3225,4.07,4.125,9594,0
ORGS.US,D,20241007,000000,4.13,4.13,3.68,3.83,21872,0
ORGS.US,D,20241008,000000,3.76,3.98,3.76,3.98,18087,0
ORGS.US,D,20241009,000000,4.01,4.045,3.77,3.94,16602,0
ORGS.US,D,20241010,000000,3.8001,3.9516,3.8001,3.8201,5680,0
ORGS.US,D,20241011,000000,3.8,3.9,3.7169,3.75,10770,0
ORGS.US,D,20241014,000000,3.69,3.7113,3.03,3.21,47354,0
ORGS.US,D,20241015,000000,3.15,3.2042,2.81,2.9,36789,0
ORGS.US,D,20241016,000000,2.85,3.49,2.76,3.39,27904,0
ORGS.US,D,20241017,000000,3.3,3.3,3.17,3.238,33749,0
ORGS.US,D,20241018,000000,1.95,2.37,1.9283,2.11,486287,0
