<TICKER>,<PER>,<DATE>,<TIME>,<OPEN>,<HIGH>,<LOW>,<CLOSE>,<VOL>,<OPENINT>
OZEM.US,D,20240523,000000,25.31,25.35,24.864,24.92,47331,0
OZEM.US,D,20240524,000000,24.92,25.0288,24.83,24.96,46302,0
OZEM.US,D,20240528,000000,25.08,25.19,24.77,25.0007,241592,0
OZEM.US,D,20240529,000000,24.76,24.8299,24.51,24.78,51173,0
OZEM.US,D,20240530,000000,24.81,25,24.79,24.84,60647,0
OZEM.US,D,20240531,000000,25.06,25.245,24.83,24.9813,54376,0
OZEM.US,D,20240603,000000,25,25.89,24.99,25.61,140452,0
OZEM.US,D,20240604,000000,25.8,25.86,25.5634,25.7447,151146,0
OZEM.US,D,20240605,000000,25.9,26.14,25.6427,26.0688,132132,0
OZEM.US,D,20240606,000000,26.1,26.22,26,26.0553,105347,0
OZEM.US,D,20240607,000000,25.97,26.11,25.87,25.9381,78277,0
OZEM.US,D,20240610,000000,25.91,26.079,25.65,26.06,83456,0
OZEM.US,D,20240611,000000,26.06,26.06,25.7,25.88,47608,0
OZEM.US,D,20240612,000000,26.09,26.2,25.89,25.98,54971,0
OZEM.US,D,20240613,000000,26.05,26.17,25.935,26.17,44799,0
OZEM.US,D,20240614,000000,26.15,26.19,25.91,26.08,34886,0
OZEM.US,D,20240617,000000,26.05,26.07,25.87,25.9533,54723,0
OZEM.US,D,20240618,000000,25.98,25.98,25.7524,25.89,36126,0
OZEM.US,D,20240620,000000,25.98,26.09,25.7999,25.91,63165,0
OZEM.US,D,20240621,000000,26.06,26.326,26.035,26.27,43503,0
OZEM.US,D,20240624,000000,26.59,26.85,26.47,26.62,76489,0
OZEM.US,D,20240625,000000,26.92,27.15,26.8036,26.97,79102,0
OZEM.US,D,20240626,000000,26.9,26.9,26.4,26.5,55817,0
OZEM.US,D,20240627,000000,26.62,26.7,26.5,26.7,36586,0
OZEM.US,D,20240628,000000,26.75,26.81,26.6,26.65,34040,0
OZEM.US,D,20240701,000000,26.93,27.1994,26.93,27.11,46400,0
OZEM.US,D,20240702,000000,26.91,26.91,26.565,26.78,75055,0
OZEM.US,D,20240703,000000,26.79,27,26.33,26.53,69038,0
OZEM.US,D,20240705,000000,26.8,27.18,26.773,27.12,34693,0
OZEM.US,D,20240708,000000,27.2,27.44,27.19,27.29,70359,0
OZEM.US,D,20240709,000000,27.2,27.3,26.94,27.3,65677,0
OZEM.US,D,20240710,000000,27.29,27.69,27.265,27.69,45586,0
OZEM.US,D,20240711,000000,27.77,28.18,27.77,27.9,31689,0
OZEM.US,D,20240712,000000,28.17,28.51,28.14,28.41,94633,0
OZEM.US,D,20240715,000000,28.6,28.6599,28.35,28.49,66273,0
OZEM.US,D,20240716,000000,28.54,28.62,28.41,28.49,31309,0
OZEM.US,D,20240717,000000,27.87,27.94,27.61,27.69,69885,0
OZEM.US,D,20240718,000000,27.76,27.76,26.5525,26.77,119457,0
OZEM.US,D,20240719,000000,26.93,27.11,26.7701,26.85,40127,0
OZEM.US,D,20240722,000000,27.08,27.2,26.9225,27.14,30578,0
OZEM.US,D,20240723,000000,27.17,27.329,26.9901,27.2,43259,0
OZEM.US,D,20240724,000000,27.19,27.19,26.92,27.01,52640,0
OZEM.US,D,20240725,000000,27.36,27.36,26.76,27.02,42617,0
OZEM.US,D,20240726,000000,27.14,27.308,27.0695,27.095,30417,0
OZEM.US,D,20240729,000000,27.14,27.2483,26.7801,26.92,34374,0
OZEM.US,D,20240730,000000,27.13,27.19,26.38,26.67,57230,0
OZEM.US,D,20240731,000000,27.08,27.25,26.8628,27.08,17133,0
OZEM.US,D,20240801,000000,27.28,27.41,26.9,27.1,38217,0
OZEM.US,D,20240802,000000,26.72,26.72,26.21,26.52,32441,0
OZEM.US,D,20240805,000000,25.23,26.1457,25.17,25.73,78860,0
OZEM.US,D,20240806,000000,25.99,26.4556,25.9,26.17,25728,0
OZEM.US,D,20240807,000000,25.89,25.89,25.25,25.34,55776,0
OZEM.US,D,20240808,000000,26.34,26.6494,26.11,26.57,36398,0
OZEM.US,D,20240809,000000,26.83,27.24,26.83,27.15,35164,0
OZEM.US,D,20240812,000000,27.22,27.22,26.9003,27,22884,0
OZEM.US,D,20240813,000000,27.19,27.5,27.175,27.471,18321,0
OZEM.US,D,20240814,000000,27.51,27.6997,27.35,27.68,14476,0
OZEM.US,D,20240815,000000,27.99,28.04,27.8142,28.02,21137,0
OZEM.US,D,20240816,000000,28.03,28.12,27.9101,28.05,25706,0
OZEM.US,D,20240819,000000,28.07,28.59,28.05,28.59,19906,0
OZEM.US,D,20240820,000000,28.64,28.87,28.44,28.7,50823,0
OZEM.US,D,20240821,000000,28.86,28.86,28.4,28.72,46919,0
OZEM.US,D,20240822,000000,28.93,28.98,28.5543,28.65,25060,0
OZEM.US,D,20240823,000000,28.7,28.82,28.5601,28.82,34440,0
OZEM.US,D,20240826,000000,28.75,28.75,28.58,28.72,25885,0
OZEM.US,D,20240827,000000,28.66,28.685,28.41,28.68,12861,0
OZEM.US,D,20240828,000000,28.6,28.6,28.27,28.48,29820,0
OZEM.US,D,20240829,000000,28.65,28.82,28.5484,28.63,10236,0
OZEM.US,D,20240830,000000,28.63,28.88,28.545,28.85,11276,0
OZEM.US,D,20240903,000000,28.68,28.78,28.15,28.18,28727,0
OZEM.US,D,20240904,000000,27.94,28.22,27.905,28.16,18557,0
OZEM.US,D,20240905,000000,27.89,27.89,27.4248,27.51,26785,0
OZEM.US,D,20240906,000000,27.8,27.8188,27.2,27.44,21541,0
OZEM.US,D,20240909,000000,27.54,27.74,27.47,27.49,14783,0
OZEM.US,D,20240910,000000,27.45,27.78,27.31,27.72,13518,0
OZEM.US,D,20240911,000000,27.93,28.31,27.4801,28.28,23749,0
OZEM.US,D,20240912,000000,28.38,28.5,28.1725,28.42,44722,0
OZEM.US,D,20240913,000000,28.57,28.69,28.4013,28.63,23078,0
OZEM.US,D,20240916,000000,28.8,28.823,28.57,28.71,27463,0
OZEM.US,D,20240917,000000,28.54,28.58,28.2501,28.32,25759,0
OZEM.US,D,20240918,000000,28.33,28.64,28.07,28.15,17711,0
OZEM.US,D,20240919,000000,28.7,28.74,28.5,28.67,23795,0
OZEM.US,D,20240920,000000,28.46,28.55,28.34,28.47,18056,0
OZEM.US,D,20240923,000000,28.53,28.53,28.01,28.08,20909,0
OZEM.US,D,20240924,000000,28.18,28.22,27.8101,28.1801,35259,0
OZEM.US,D,20240925,000000,28.23,28.32,28.0516,28.1,9583,0
OZEM.US,D,20240926,000000,28.3,28.3,28.01,28.08,9465,0
OZEM.US,D,20240927,000000,27.86,27.87,27.56,27.64,26646,0
OZEM.US,D,20240930,000000,27.5,27.75,27.37,27.6,23107,0
OZEM.US,D,20241001,000000,27.52,27.52,27.21,27.34,14316,0
OZEM.US,D,20241002,000000,27.27,27.48,27.01,27.3947,31343,0
OZEM.US,D,20241003,000000,27.09,27.22,27,27.02,36978,0
OZEM.US,D,20241004,000000,27.15,27.27,27.03,27.19,24433,0
OZEM.US,D,20241007,000000,28.48,29.05,28.42,29.03,600510,0
OZEM.US,D,20241008,000000,28.95,29.21,28.72,28.72,19874,0
OZEM.US,D,20241009,000000,28.5,28.7,28.44,28.65,9373,0
OZEM.US,D,20241010,000000,28.63,28.63,28.23,28.48,8334,0
OZEM.US,D,20241011,000000,28.38,28.94,28.3524,28.91,11410,0
OZEM.US,D,20241014,000000,28.6,28.85,28.56,28.68,11189,0
OZEM.US,D,20241015,000000,28.63,28.63,28.3027,28.39,10749,0
OZEM.US,D,20241016,000000,28.31,28.6,28.2,28.6,18727,0
OZEM.US,D,20241017,000000,28.69,28.73,28.36,28.46,14538,0
OZEM.US,D,20241018,000000,28.56,28.84,28.555,28.84,8990,0
OZEM.US,D,20241021,000000,28.84,28.84,28.39,28.57,23546,0
OZEM.US,D,20241022,000000,28.39,28.39,28.2,28.29,8377,0
OZEM.US,D,20241023,000000,28.12,28.15,27.95,27.96,8692,0
OZEM.US,D,20241024,000000,28.15,28.31,28.125,28.2,7467,0
OZEM.US,D,20241025,000000,28.36,28.48,28.26,28.31,8426,0
OZEM.US,D,20241028,000000,28.46,28.46,28.14,28.31,12039,0
OZEM.US,D,20241029,000000,28.07,28.34,28.07,28.24,13644,0
