<TICKER>,<PER>,<DATE>,<TIME>,<OPEN>,<HIGH>,<LOW>,<CLOSE>,<VOL>,<OPENINT>
PRFX.US,D,20200902,000000,66.7,66.7,61,65,14790.5,0
PRFX.US,D,20200903,000000,65,65.8,62.501,65,10564.1,0
PRFX.US,D,20200904,000000,65.5,67.5,62.6,67.3,5664,0
PRFX.US,D,20200908,000000,67.5,69.9,65,65.1,6418.2,0
PRFX.US,D,20200909,000000,67.9,67.9,64.501,65.8,2156,0
PRFX.US,D,20200910,000000,65.8,67,63.5,65.5,2555,0
PRFX.US,D,20200911,000000,64,66.5,61,61,974.7,0
PRFX.US,D,20200914,000000,63,63.495,56.55,60.819,2008.6,0
PRFX.US,D,20200915,000000,58.5,61.5,56.501,57,1940.5,0
PRFX.US,D,20200916,000000,57,57.8,52.5,56,5204,0
PRFX.US,D,20200917,000000,53.564,57,52.65,57,1955.3,0
PRFX.US,D,20200918,000000,54.323,55.2,52.3,55.2,2202.2,0
PRFX.US,D,20200921,000000,53.7,55,53,54.187,3259.7,0
PRFX.US,D,20200922,000000,55,55,52.28,52.3,1816.6,0
PRFX.US,D,20200923,000000,52.2,54.999,52.2,52.8,1239.9,0
PRFX.US,D,20200924,000000,53.291,54.5,51.2,51.2,1135.3,0
PRFX.US,D,20200925,000000,50.1,52.4,50.1,51.329,1524.8,0
PRFX.US,D,20200928,000000,52,52,45.8,46,3201.5,0
PRFX.US,D,20200929,000000,47,49.799,45,46,1142.4,0
PRFX.US,D,20200930,000000,47.4,48.4,45,46,1473.5,0
PRFX.US,D,20201001,000000,47.2,50.3,44.7,45,2766.5,0
PRFX.US,D,20201002,000000,47.6,50.1,41.8,44.1,1415.7,0
PRFX.US,D,20201005,000000,50.8,55.799,47.5,49.4,4178.6,0
PRFX.US,D,20201006,000000,47.6,50.8,47.6,49,538.1,0
PRFX.US,D,20201007,000000,49.9,49.9,49.9,49.9,29.9,0
PRFX.US,D,20201008,000000,48.4,48.5,45.8,46,2109.7,0
PRFX.US,D,20201009,000000,46,46.75,46,46.75,213.3,0
PRFX.US,D,20201012,000000,48,48,46,46,939.5,0
PRFX.US,D,20201013,000000,46.616,47.088,46.616,46.75,153.2,0
PRFX.US,D,20201014,000000,46.3,46.5,45,45.5,1440.1,0
PRFX.US,D,20201015,000000,44.934,52.95,44.5,51.9,21321.2,0
PRFX.US,D,20201016,000000,53.5,54,48.501,48.8,968.7,0
PRFX.US,D,20201019,000000,50.7,51.35,48.554,49.1,408.9,0
PRFX.US,D,20201020,000000,51.9,51.9,46.5,47.45,889.3,0
PRFX.US,D,20201021,000000,49.8,49.8,49.057,49.057,24.4,0
PRFX.US,D,20201022,000000,52.074,52.1,49.2,49.2,142.1,0
PRFX.US,D,20201026,000000,47,47,45,45.934,304.9,0
PRFX.US,D,20201027,000000,46.1,48.2,45.5,46,974.1,0
PRFX.US,D,20201028,000000,45,45,45,45,41,0
PRFX.US,D,20201029,000000,45.585,47,45.585,45.9,874.2,0
PRFX.US,D,20201030,000000,45.1,45.928,45.1,45.928,35.1,0
PRFX.US,D,20201102,000000,45.9,47.652,45.6,45.6,1182.8,0
PRFX.US,D,20201103,000000,46,54.3,46,50.7,151295.2,0
PRFX.US,D,20201104,000000,50,50,44,46.1,74699.5,0
PRFX.US,D,20201105,000000,46.2,46.9,44.1,44.85,23667.4,0
PRFX.US,D,20201106,000000,44.453,44.453,40.5,43.1,9984.9,0
PRFX.US,D,20201109,000000,44,44,41,42,8962,0
PRFX.US,D,20201110,000000,42,43.5,40.301,41.9,9651.9,0
PRFX.US,D,20201111,000000,41.2,43.5,41,42.7,8721,0
PRFX.US,D,20201112,000000,42.913,44,42.585,42.728,5289.3,0
PRFX.US,D,20201113,000000,42.8,43.8,41.805,43.05,3745.6,0
PRFX.US,D,20201116,000000,42.916,43.6,42,43.3,2483.3,0
PRFX.US,D,20201117,000000,42.101,43.799,42,43,2259.5,0
PRFX.US,D,20201118,000000,43.4,43.4,41.51,41.8,2174.5,0
PRFX.US,D,20201119,000000,41.201,43,41.201,41.8,1488.1,0
PRFX.US,D,20201120,000000,41.5,43.25,41.5,41.6,1864.1,0
PRFX.US,D,20201123,000000,42.844,47.2,42.269,45.9,21715,0
PRFX.US,D,20201124,000000,46,46.4,44.1,45.009,6911.4,0
PRFX.US,D,20201125,000000,45.5,46.4,44.301,45.7,5530.8,0
PRFX.US,D,20201127,000000,46.1,46.629,45.1,46.3,3984.3,0
PRFX.US,D,20201130,000000,46.4,48.8,45,48.3,16138.1,0
PRFX.US,D,20201201,000000,48,48.1,44.6,45.8,5270.4,0
PRFX.US,D,20201202,000000,45,45,43.1,44,3911.6,0
PRFX.US,D,20201203,000000,44,44,41.7,42.1,4673.6,0
PRFX.US,D,20201204,000000,42.799,42.917,40.6,42.324,2778,0
PRFX.US,D,20201207,000000,42.3,44,41.8,43.4,5469.8,0
PRFX.US,D,20201208,000000,42.885,43.9,42.3,42.7,2926.9,0
PRFX.US,D,20201209,000000,42.3,46.1,42.3,44.951,10507.7,0
PRFX.US,D,20201210,000000,44.4,46,44,44.9,4618.7,0
PRFX.US,D,20201211,000000,44.425,45.9,43,43.9,3333.5,0
PRFX.US,D,20201214,000000,43.8,45.872,43.6,43.6,2458.1,0
PRFX.US,D,20201215,000000,43.55,45.5,43.2,44.7,3357.9,0
PRFX.US,D,20201216,000000,45.6,45.6,43.029,44,2110.2,0
PRFX.US,D,20201217,000000,46,67,45.201,54,511272.7,0
PRFX.US,D,20201218,000000,60,61.7,48,48.5,120384.3,0
PRFX.US,D,20201221,000000,48,52.2,45.101,49.2,67881.5,0
PRFX.US,D,20201222,000000,48.9,51.015,47,47.6,24490.3,0
PRFX.US,D,20201223,000000,46.8,50.8,45.499,47,21428.2,0
PRFX.US,D,20201224,000000,47.6,49,46.5,49,13889.5,0
PRFX.US,D,20201228,000000,47,49.9,46.5,47.4,7022.2,0
PRFX.US,D,20201229,000000,47.2,47.5,44,45,7645.3,0
PRFX.US,D,20201230,000000,45.1,47,45.1,46.1,4425.5,0
PRFX.US,D,20201231,000000,45.6,46.5,43.4,44.7,4179.8,0
PRFX.US,D,20210104,000000,44.9,46.434,41.7,43.5,24192.4,0
PRFX.US,D,20210105,000000,42.7,45,42.3,42.8,4306.9,0
PRFX.US,D,20210106,000000,42.8,43.5,38.2,40.589,16915.9,0
PRFX.US,D,20210107,000000,41.5,42.5,38.489,41.5,9982.1,0
PRFX.US,D,20210108,000000,41.7,42.2,40.5,41.2,2711.3,0
PRFX.US,D,20210111,000000,41.6,42.599,39.6,41.4,3493.4,0
PRFX.US,D,20210112,000000,41.3,43.532,40.601,42.4,6086.5,0
PRFX.US,D,20210113,000000,42.4,42.9,41.5,42.6,4996.9,0
PRFX.US,D,20210114,000000,42.6,44.8,41.95,44,7364.5,0
PRFX.US,D,20210115,000000,44.2,44.6,41.5,42.5,5092.6,0
PRFX.US,D,20210119,000000,42.6,44.599,41.5,41.75,2395.7,0
PRFX.US,D,20210120,000000,41.5,43.6,41.5,42.3,2391.1,0
PRFX.US,D,20210121,000000,41.9,46.9,41.6,44.7,15723.7,0
PRFX.US,D,20210122,000000,44.5,46,44.5,44.5,3519.7,0
PRFX.US,D,20210125,000000,45.7,46.1,43,44.7,4216.6,0
PRFX.US,D,20210126,000000,45.4,49.2,44.15,49.1,10671.9,0
PRFX.US,D,20210127,000000,48.4,52.279,41.7,44,20675.9,0
PRFX.US,D,20210128,000000,44,47.5,43.289,43.6,6696.5,0
PRFX.US,D,20210129,000000,44.3,48,43.8,45.2,7503.1,0
PRFX.US,D,20210201,000000,45.5,47.899,43.5,44.8,4724.4,0
PRFX.US,D,20210202,000000,44.9,46.4,43.9,44.2,7536.9,0
PRFX.US,D,20210203,000000,44.2,45.9,42.2,44.6,9537.1,0
PRFX.US,D,20210204,000000,45.5,48.4,44.639,48.2,6202.5,0
PRFX.US,D,20210205,000000,47.8,49,46.4,46.4,5178.1,0
PRFX.US,D,20210208,000000,48.8,48.8,46.2,47.1,5083.7,0
PRFX.US,D,20210209,000000,47.2,64.2,47,56.6,129540.4,0
PRFX.US,D,20210210,000000,57.5,67.86,51.3,59.1,105926.6,0
PRFX.US,D,20210211,000000,60.7,60.7,52.6,54.1,20720.2,0
PRFX.US,D,20210212,000000,52.7,59.9,50.82,54.6,42947.6,0
PRFX.US,D,20210216,000000,57.5,58,54.1,55,124120.5,0
PRFX.US,D,20210217,000000,60,67,57.5,63.8,84614.2,0
PRFX.US,D,20210218,000000,60.1,62,56.686,58.2,23683.7,0
PRFX.US,D,20210219,000000,58.5,72.5,58.3,65,75257.9,0
PRFX.US,D,20210222,000000,63.8,72.3,63.6,68.2,32181.7,0
PRFX.US,D,20210223,000000,64.9,68,56.6,63.8,39158.6,0
PRFX.US,D,20210224,000000,63.4,67.5,62.9,65,20953.1,0
PRFX.US,D,20210225,000000,65,67.1,59,63,20196.5,0
PRFX.US,D,20210226,000000,61.6,66.8,58.743,64.9,18428.6,0
PRFX.US,D,20210301,000000,66.5,72.4,64.2,64.2,44233.7,0
PRFX.US,D,20210302,000000,64.9,70.601,64.9,67.5,33859.2,0
PRFX.US,D,20210303,000000,69,69.5,63.8,65.5,17936.9,0
PRFX.US,D,20210304,000000,64.201,64.8,46.5,50.4,34293.9,0
PRFX.US,D,20210305,000000,52.3,60.1,48.501,53,57181.3,0
PRFX.US,D,20210308,000000,52.9,56.899,50.801,53.099,16013.5,0
PRFX.US,D,20210309,000000,54.4,57,52,53.7,18586.1,0
PRFX.US,D,20210310,000000,54.5,58.099,54,56.8,12182.1,0
PRFX.US,D,20210311,000000,56.2,59.699,53.75,55,15104.7,0
PRFX.US,D,20210312,000000,54.4,56,53.1,53.6,8171,0
PRFX.US,D,20210315,000000,53.8,56,50.2,51.9,11262.1,0
PRFX.US,D,20210316,000000,52.1,55.5,52.1,54.6,9590.6,0
PRFX.US,D,20210317,000000,52.9,57.6,52.9,56.7,8193.4,0
PRFX.US,D,20210318,000000,57.3,57.892,48.6,50,17762.8,0
PRFX.US,D,20210319,000000,49.2,49.6,42,46,33823.8,0
PRFX.US,D,20210322,000000,48.9,48.9,45.6,47,7334.7,0
PRFX.US,D,20210323,000000,47,47.45,44.35,46.1,3141,0
PRFX.US,D,20210324,000000,47,47.9,43.2,44.5,2483.5,0
PRFX.US,D,20210325,000000,42.8,43.7,40.6,41,11654.5,0
PRFX.US,D,20210326,000000,41.7,44.964,40.5,41,9705.8,0
PRFX.US,D,20210329,000000,40.4,42.7,40.2,42.1,2507.7,0
PRFX.US,D,20210330,000000,41.6,44.2,41,43.4,3604.7,0
PRFX.US,D,20210331,000000,44,46.9,42.2,44.2,6376.5,0
PRFX.US,D,20210401,000000,44.2,47.5,44.2,47,5563.5,0
PRFX.US,D,20210405,000000,47,47.5,45,46.6,2215.3,0
PRFX.US,D,20210406,000000,47.5,47.5,43.7,45,7348.8,0
PRFX.US,D,20210407,000000,45,45,43.2,43.5,829.4,0
PRFX.US,D,20210408,000000,43,43.9,42.3,43.7,1396.3,0
PRFX.US,D,20210409,000000,42.353,43.1,41.6,42.3,1555.1,0
PRFX.US,D,20210412,000000,43.9,43.9,39.6,40.5,5236.6,0
PRFX.US,D,20210413,000000,40.2,43.1,36.4,39.554,11344.6,0
PRFX.US,D,20210414,000000,37.254,39.7,36.6,36.6,5617.2,0
PRFX.US,D,20210415,000000,37.4,39.163,33.39,34.4,10036.9,0
PRFX.US,D,20210416,000000,34.4,34.4,30,31,12838.4,0
PRFX.US,D,20210419,000000,31.1,35.3,28.5,35.3,19523.2,0
PRFX.US,D,20210420,000000,34.1,34.5,31.5,31.6,6800.2,0
PRFX.US,D,20210421,000000,31,34.9,31,31,21094.9,0
PRFX.US,D,20210422,000000,31,32.5,30.5,30.9,12548.8,0
PRFX.US,D,20210423,000000,31.1,34.6,30.3,32.9,21193.7,0
PRFX.US,D,20210426,000000,33.6,34.599,32.7,33.2,7330.1,0
PRFX.US,D,20210427,000000,33.6,35.8,31.1,33,23163,0
PRFX.US,D,20210428,000000,33.1,36.199,32.5,33.7,30118,0
PRFX.US,D,20210429,000000,33.6,35.7,32.802,34.2,34104.2,0
PRFX.US,D,20210430,000000,33.2,33.869,31,31.6,18803.6,0
PRFX.US,D,20210503,000000,32.4,32.9,30.97,31.1,7000.6,0
PRFX.US,D,20210504,000000,31.6,32.4,29.027,29.5,16479.3,0
PRFX.US,D,20210505,000000,29.3,31.6,28.714,29,15514.2,0
PRFX.US,D,20210506,000000,29,30.487,26.2,26.6,16444.9,0
PRFX.US,D,20210507,000000,26.8,28.5,26.468,27.3,30934.3,0
PRFX.US,D,20210510,000000,27.2,27.3,24.3,25.1,9717.7,0
PRFX.US,D,20210511,000000,23.3,26.6,21.8,24.1,20575.6,0
PRFX.US,D,20210512,000000,25,26,22.7,23.3,9798.4,0
PRFX.US,D,20210513,000000,23.3,26.4,22.3,24.6,11721.4,0
PRFX.US,D,20210514,000000,24.5,26,23.3,26,9031.3,0
PRFX.US,D,20210517,000000,25.8,26.81,24.8,25,4529.4,0
PRFX.US,D,20210518,000000,25.5,25.893,23.7,24.3,3881.4,0
PRFX.US,D,20210519,000000,23.9,26.3,23.1,24.4,20276.7,0
PRFX.US,D,20210520,000000,24,26.9,24,24.6,8257.5,0
PRFX.US,D,20210521,000000,26.299,26.7,24.2,25,50662.1,0
PRFX.US,D,20210524,000000,25.1,27,24.5,25.5,25370.4,0
PRFX.US,D,20210525,000000,26.6,35.5,26,27.8,336450.9,0
PRFX.US,D,20210526,000000,27.7,30.4,25.7,28.7,93934.3,0
PRFX.US,D,20210527,000000,28.4,30.504,27.5,29,67102.7,0
PRFX.US,D,20210528,000000,28.5,31,27.6,30,37897.3,0
PRFX.US,D,20210601,000000,29.7,30.764,28.5,30,17890.6,0
PRFX.US,D,20210602,000000,30.059,34.4,29.8,32.2,36657.5,0
PRFX.US,D,20210603,000000,31.4,33,29.014,32.2,34777.6,0
PRFX.US,D,20210604,000000,31.582,34,30.2,30.2,27293.4,0
PRFX.US,D,20210607,000000,30.6,31.9,30.001,31.6,8300.9,0
PRFX.US,D,20210608,000000,31.1,31.6,29.1,29.5,19518.1,0
PRFX.US,D,20210609,000000,30.2,30.7,26.7,27.6,27775.1,0
PRFX.US,D,20210610,000000,27.4,30.9,27.4,28.3,29608,0
PRFX.US,D,20210611,000000,29.427,29.427,28,28.2,9843.6,0
PRFX.US,D,20210614,000000,28.4,31,28.2,30.2,13390.7,0
PRFX.US,D,20210615,000000,29.801,30.769,28,28.1,5408.6,0
PRFX.US,D,20210616,000000,29.5,29.5,27,28.9,14170,0
PRFX.US,D,20210617,000000,29.9,30.5,28.1,28.5,8281.8,0
PRFX.US,D,20210618,000000,27.9,31.995,27.9,29.7,16283.4,0
PRFX.US,D,20210621,000000,29.1,31.009,27.8,28.9,3949.1,0
PRFX.US,D,20210622,000000,29.3,30.9,28.658,30.3,6981.9,0
PRFX.US,D,20210623,000000,29.7,31.4,29.3,30.2,7981,0
PRFX.US,D,20210624,000000,30.65,31.5,30.5,31.1,2809.8,0
PRFX.US,D,20210625,000000,30.2,31.01,29,30.1,3875,0
PRFX.US,D,20210628,000000,29.6,30.2,27.8,29.5,7109.3,0
PRFX.US,D,20210629,000000,28.2,29.6,28.1,29.2,2831.7,0
PRFX.US,D,20210630,000000,28.7,29.2,28.1,28.2,2860.6,0
PRFX.US,D,20210701,000000,28,28.8,27.9,28.6,5656.7,0
PRFX.US,D,20210702,000000,28.8,30,28.8,29.6,4069.3,0
PRFX.US,D,20210706,000000,29.5,29.5,28,28.3,2413.6,0
PRFX.US,D,20210707,000000,28.087,28.1,26,27.4,5707.5,0
PRFX.US,D,20210708,000000,26.4,27.3,25.3,27.3,4095.7,0
PRFX.US,D,20210709,000000,27.2,29.6,26,27.4,4127.7,0
PRFX.US,D,20210712,000000,28.4,28.529,26.6,27.6,2795,0
PRFX.US,D,20210713,000000,27.1,31,26.6,29.7,14530,0
PRFX.US,D,20210714,000000,29.4,30.587,27.7,28.5,2980.7,0
PRFX.US,D,20210715,000000,28.1,30.8,27.569,30.376,10876.7,0
PRFX.US,D,20210716,000000,34.5,34.6,28,28,39761.8,0
PRFX.US,D,20210719,000000,27.9,29.2,24.711,27.3,22078,0
PRFX.US,D,20210720,000000,26.9,37.855,26.9,31.5,272942.5,0
PRFX.US,D,20210721,000000,40.1,46.4,27.2,31.4,859818,0
PRFX.US,D,20210722,000000,47.6,78.4,35.4,40.8,3654339.6,0
PRFX.US,D,20210723,000000,36.5,52.4,31.4,40,1823829.2,0
PRFX.US,D,20210726,000000,35.8,41,33.2,33.3,309674.1,0
PRFX.US,D,20210727,000000,33,33.9,28.6,30.7,117105.1,0
PRFX.US,D,20210728,000000,30.3,30.6,28.501,28.8,66253.1,0
PRFX.US,D,20210729,000000,29.2,40.9,27.7,34.6,1226257,0
PRFX.US,D,20210730,000000,32.1,34,28.4,28.8,173905.2,0
PRFX.US,D,20210802,000000,29.65,30.5,28.1,28.3,73407.2,0
PRFX.US,D,20210803,000000,28.6,31.1,27.3,27.7,140463.2,0
PRFX.US,D,20210804,000000,27.5,27.8,26.8,27.4,36707.8,0
PRFX.US,D,20210805,000000,27,28.1,26.4,27.6,30482.3,0
PRFX.US,D,20210806,000000,27,28.8,26.6,28.1,26450.6,0
PRFX.US,D,20210809,000000,28.1,28.3,27.1,27.7,37997.4,0
PRFX.US,D,20210810,000000,27.1,27.5,26.6,26.8,21238.4,0
PRFX.US,D,20210811,000000,27.3,30.5,26.1,27.5,74209.1,0
PRFX.US,D,20210812,000000,27.3,27.4,26.301,26.65,20211.2,0
PRFX.US,D,20210813,000000,26.3,28.3,26.2,27.113,42985.9,0
PRFX.US,D,20210816,000000,26.5,27,25,25.6,39868.9,0
PRFX.US,D,20210817,000000,25,28.561,24.1,26.8,160980.3,0
PRFX.US,D,20210818,000000,27,29.5,26.9,28.5,116131.2,0
PRFX.US,D,20210819,000000,27.5,28.3,25.7,25.8,27060.9,0
PRFX.US,D,20210820,000000,25.5,26.8,25.4,25.8,19830.1,0
PRFX.US,D,20210823,000000,25.8,26.4,25.8,26.1,13187.6,0
PRFX.US,D,20210824,000000,26.4,27.8,25.4,26.9,41701.3,0
PRFX.US,D,20210825,000000,26.9,27.6,26.1,26.6,31675.5,0
PRFX.US,D,20210826,000000,26.8,30.8,26.6,28.3,143682.7,0
PRFX.US,D,20210827,000000,34.4,34.7,28,29.2,297256.9,0
PRFX.US,D,20210830,000000,29.3,30,27.1,28.9,71087.5,0
PRFX.US,D,20210831,000000,28.8,29.5,28.3,29.5,21683.7,0
PRFX.US,D,20210901,000000,29.5,31.292,29.5,30.1,32244.9,0
PRFX.US,D,20210902,000000,29.7,31.5,29.5,30.3,25996,0
PRFX.US,D,20210903,000000,30.3,30.8,29.1,29.2,13680.8,0
PRFX.US,D,20210907,000000,28.8,29.8,27.7,28.5,35282.1,0
PRFX.US,D,20210908,000000,27.9,28.3,27.1,27.5,16570.7,0
PRFX.US,D,20210909,000000,27.4,27.7,26.6,27.5,23431.4,0
PRFX.US,D,20210910,000000,27.7,28.5,27.2,27.9,10868.1,0
PRFX.US,D,20210913,000000,27.7,28.9,26.8,28.1,15561.7,0
PRFX.US,D,20210914,000000,28.2,28.8,27.3,27.3,10274.6,0
PRFX.US,D,20210915,000000,27.7,29.5,27.2,28.75,29990.2,0
PRFX.US,D,20210916,000000,28.7,32.373,28.1,30,37625.1,0
PRFX.US,D,20210917,000000,30,32,29.2,31.8,22724.6,0
PRFX.US,D,20210920,000000,31.1,31.3,29.5,30,13113.3,0
PRFX.US,D,20210921,000000,30.2,33.184,29.75,32.1,22353.6,0
PRFX.US,D,20210922,000000,32,33,30.086,30.5,16988.5,0
PRFX.US,D,20210923,000000,30.3,32.2,29,29.2,18426.6,0
PRFX.US,D,20210924,000000,29.7,30.9,29.311,30.5,7268.2,0
PRFX.US,D,20210927,000000,30.7,31.5,30.3,31,6557.3,0
PRFX.US,D,20210928,000000,31.1,31.5,29.6,29.7,5151.9,0
PRFX.US,D,20210929,000000,29.6,30.05,28.4,29.6,14897.4,0
PRFX.US,D,20210930,000000,30,30,25,27.7,59330.7,0
PRFX.US,D,20211001,000000,27.5,29,27.2,28.3,10068.5,0
PRFX.US,D,20211004,000000,29.1,29.1,27.5,27.8,13782,0
PRFX.US,D,20211005,000000,27.7,28.458,27.2,27.3,5857.5,0
PRFX.US,D,20211006,000000,27.6,27.7,26.9,27.2,5970.6,0
PRFX.US,D,20211007,000000,27.6,27.9,26.1,26.1,7902.5,0
PRFX.US,D,20211008,000000,26.3,27.012,25.8,25.8,5934.3,0
PRFX.US,D,20211011,000000,25.9,27.5,25.55,25.7,9321.9,0
PRFX.US,D,20211012,000000,25.85,26.5,25.8,26.4,4365.8,0
PRFX.US,D,20211013,000000,26,26.5,25.7,26.3,6297.6,0
PRFX.US,D,20211014,000000,26.4,27.55,26,27,11523.3,0
PRFX.US,D,20211015,000000,27.4,27.5,26.3,26.5,6854.9,0
PRFX.US,D,20211018,000000,26.5,26.8,25.801,26.2,5495.1,0
PRFX.US,D,20211019,000000,26.3,26.399,25.2,25.9,8468.4,0
PRFX.US,D,20211020,000000,25.7,26.7,25.66,26.6,3598.4,0
PRFX.US,D,20211021,000000,26.2,26.7,24.8,25,10210.1,0
PRFX.US,D,20211022,000000,25,25,23.5,24.5,27022,0
PRFX.US,D,20211025,000000,25,25.8,23.6,24.3,16339,0
PRFX.US,D,20211026,000000,24.1,24.3,23.8,23.8,3219.4,0
PRFX.US,D,20211027,000000,24.1,24.9,23.25,24.8,7593,0
PRFX.US,D,20211028,000000,24.5,24.5,23.5,23.6,4143.1,0
PRFX.US,D,20211029,000000,23.6,23.8,23.5,23.5,2198.6,0
PRFX.US,D,20211101,000000,23.893,25.4,23.604,24.602,11288.6,0
PRFX.US,D,20211102,000000,24.9,25.3,24.261,25.3,2684,0
PRFX.US,D,20211103,000000,25.1,26.525,24.7,24.8,24577,0
PRFX.US,D,20211104,000000,24.85,27.5,24.361,25.9,38541.8,0
PRFX.US,D,20211105,000000,25.799,25.799,23.3,23.7,22258.1,0
PRFX.US,D,20211108,000000,23.9,26.5,22.7,26.4,57877.8,0
PRFX.US,D,20211109,000000,26.5,26.5,24.8,25.6,3790.4,0
PRFX.US,D,20211110,000000,25.2,25.3,24,24,7118.6,0
PRFX.US,D,20211111,000000,24.75,24.75,23.643,24.3,4605.6,0
PRFX.US,D,20211112,000000,24.7,24.8,23.9,24.8,2498.4,0
PRFX.US,D,20211115,000000,24.989,25.6,24,25.4,50329.6,0
PRFX.US,D,20211116,000000,24.9,24.9,22.301,23,20958.5,0
PRFX.US,D,20211117,000000,23.1,23.1,20.1,20.3,36696.6,0
PRFX.US,D,20211118,000000,20.5,22.099,18.118,20.1,50257.8,0
PRFX.US,D,20211119,000000,20,27.6,20,22.9,144035.5,0
PRFX.US,D,20211122,000000,26.2,28.2,21.1,23,1739454.1,0
PRFX.US,D,20211123,000000,21.1,21.8,18.3,19.1,138575.7,0
PRFX.US,D,20211124,000000,18,20.8,17.5,19.5,64605.2,0
PRFX.US,D,20211126,000000,18,19.6,17.9,19.5,22521.1,0
PRFX.US,D,20211129,000000,19.2,19.7,18.5,19.2,14803.1,0
PRFX.US,D,20211130,000000,19.4,19.4,17.2,17.9,28937.7,0
PRFX.US,D,20211201,000000,17.4,17.999,17.1,17.3,20193.9,0
PRFX.US,D,20211202,000000,17.2,17.4,15.8,16.9,25099.5,0
PRFX.US,D,20211203,000000,17,17.2,15.8,16.6,12382.1,0
PRFX.US,D,20211206,000000,16.4,16.8,15.1,15.4,19323.7,0
PRFX.US,D,20211207,000000,15.1,17.916,15.1,17.1,51410.3,0
PRFX.US,D,20211208,000000,17,17.7,15.7,17.7,15833.9,0
PRFX.US,D,20211209,000000,17.2,17.6,16.2,16.3,4025.6,0
PRFX.US,D,20211210,000000,16.5,17.7,16.2,16.5,6407.5,0
PRFX.US,D,20211213,000000,16.8,17.9,16.1,16.8,7996.9,0
PRFX.US,D,20211214,000000,16.3,17.6,15.8,15.9,8254.5,0
PRFX.US,D,20211215,000000,16.2,16.7,15,15.6,4372.2,0
PRFX.US,D,20211216,000000,15,15.5,14.2,14.2,16527.5,0
PRFX.US,D,20211217,000000,14.7,15.5,13.7,14.8,12732.7,0
PRFX.US,D,20211220,000000,14.101,14.726,13.7,13.95,10434.9,0
PRFX.US,D,20211221,000000,14.35,15.5,14.1,15.4,10570.9,0
PRFX.US,D,20211222,000000,15,16.5,15,15.7,15662,0
PRFX.US,D,20211223,000000,16.1,16.6,15.3,15.9,25620.3,0
PRFX.US,D,20211227,000000,16,16.698,12.5,13.7,31118.8,0
PRFX.US,D,20211228,000000,13.6,13.7,13,13,10646.9,0
PRFX.US,D,20211229,000000,12.7,13,11.6,12.6,16917.7,0
PRFX.US,D,20211230,000000,12.5,13.7,12.5,13.2,15253.4,0
PRFX.US,D,20211231,000000,13,14.7,12.6,13.3,59855.8,0
PRFX.US,D,20220103,000000,13.3,17.3,13.3,14.4,78704.6,0
PRFX.US,D,20220104,000000,14.3,15.85,12.7,15.6,38527.8,0
PRFX.US,D,20220105,000000,16.1,16.5,14.1,14.2,16555.9,0
PRFX.US,D,20220106,000000,14.1,14.7,13.5,13.9,13227,0
PRFX.US,D,20220107,000000,13.6,14.269,12.6,13.3,7832.4,0
PRFX.US,D,20220110,000000,13.1,14.7,12.728,13.6,45544.3,0
PRFX.US,D,20220111,000000,13.55,14.092,13.225,13.8,9745.9,0
PRFX.US,D,20220112,000000,13.4,14.2,13.4,13.8,8395.8,0
PRFX.US,D,20220113,000000,13.5,14.7,13.5,14.1,6842.1,0
PRFX.US,D,20220114,000000,13.734,14.3,13.718,13.9,2342.6,0
PRFX.US,D,20220118,000000,13.4,15.5,13,13.5,65864.9,0
PRFX.US,D,20220119,000000,13.7,14.1,12.1,12.8,16046.8,0
PRFX.US,D,20220120,000000,12.6,13.1,12.3,12.3,11272.6,0
PRFX.US,D,20220121,000000,12.399,12.7,11.3,11.7,14981,0
PRFX.US,D,20220124,000000,11.7,12.5,10.5,11.35,11239.5,0
PRFX.US,D,20220125,000000,11.4,12.5,11.3,11.8,6852,0
PRFX.US,D,20220126,000000,11.7,12.3,11,11,3815,0
PRFX.US,D,20220127,000000,12.198,12.198,10.4,10.9,5371,0
PRFX.US,D,20220128,000000,10.6,12,10.2,11,33233.7,0
PRFX.US,D,20220131,000000,11.8,11.8,10.3,11.001,11631.8,0
PRFX.US,D,20220201,000000,11.1,11.9,10.8,11.85,4654.9,0
PRFX.US,D,20220202,000000,11.6,11.86,11,11.15,7067.2,0
PRFX.US,D,20220203,000000,10.6,11.2,10.2,10.8,2381.9,0
PRFX.US,D,20220204,000000,11.05,11.3,10.4,10.705,2486.4,0
PRFX.US,D,20220207,000000,11.1,11.6,10.6,11.3,22730.1,0
PRFX.US,D,20220208,000000,10.9,11.4,10.9,11.1,2069.5,0
PRFX.US,D,20220209,000000,11,11.9,11,11.6,6968.7,0
PRFX.US,D,20220210,000000,11.2,11.9,11.1,11.506,1847.5,0
PRFX.US,D,20220211,000000,11.428,11.7,11.1,11.25,3079.4,0
PRFX.US,D,20220214,000000,10.9,11.3,10.9,11.05,977.7,0
PRFX.US,D,20220215,000000,11.1,11.8,11.1,11.4,787.1,0
PRFX.US,D,20220216,000000,11.36,11.6,11.2,11.3,562.3,0
PRFX.US,D,20220217,000000,11.232,11.462,10.8,11.2,1698.4,0
PRFX.US,D,20220218,000000,11,11.352,10.6,10.6,2212,0
PRFX.US,D,20220222,000000,10.5,10.9,10.1,10.1,5312.6,0
PRFX.US,D,20220223,000000,10.5,10.5,10.1,10.1,355.3,0
PRFX.US,D,20220224,000000,9.88,9.88,8.85649,9.469,5573.1,0
PRFX.US,D,20220225,000000,9.7,10.2,9.5,9.8,1174.3,0
PRFX.US,D,20220228,000000,10,11,9.8,10.1,659.8,0
PRFX.US,D,20220301,000000,10.373,10.88,10.1,10.1,790.1,0
PRFX.US,D,20220302,000000,10.72,11.1,10.4,10.473,686.4,0
PRFX.US,D,20220303,000000,10.5,10.5,9.9,9.9,763.3,0
PRFX.US,D,20220304,000000,10.7,10.7,9.72,10.1,1283.2,0
PRFX.US,D,20220307,000000,10,10,9.5,9.6,1918.3,0
PRFX.US,D,20220308,000000,9.41,9.6,8.2,9.463,5559.3,0
PRFX.US,D,20220309,000000,9.316,9.478,8.58001,9.136,2616.3,0
PRFX.US,D,20220310,000000,8.94001,9.09755,8.6,8.827,1218.5,0
PRFX.US,D,20220311,000000,9,10,8.8,10,3152.9,0
PRFX.US,D,20220314,000000,10,10.7,9.6,9.6,5422.3,0
PRFX.US,D,20220315,000000,9.1,11.1,9.1,11.1,4645,0
PRFX.US,D,20220316,000000,11.6,12.9,10.8,12.699,26125.1,0
PRFX.US,D,20220317,000000,12.427,12.432,10.3,10.9,10655,0
PRFX.US,D,20220318,000000,10.5,11.15,10.5,11.1,1645,0
PRFX.US,D,20220321,000000,11.2,17.4,10.801,15.5,287646.5,0
PRFX.US,D,20220322,000000,14.2,14.7,12.6,13.1,17903.7,0
PRFX.US,D,20220323,000000,12.7,13.302,12,12.5,4535.3,0
PRFX.US,D,20220324,000000,12.746,13.3,12.22,12.527,6143.5,0
PRFX.US,D,20220325,000000,12.3,13.9,12.3,12.801,6256.4,0
PRFX.US,D,20220328,000000,12.9,14.5,12.45,12.5,2207.7,0
PRFX.US,D,20220329,000000,12.502,14.9,12.502,13.164,48546.6,0
PRFX.US,D,20220330,000000,12.8,13.6,12.3,12.4,6116,0
PRFX.US,D,20220331,000000,12.7,12.7,12,12.4,1513.6,0
PRFX.US,D,20220401,000000,11.9,12.3,11.8,11.85,1920.4,0
PRFX.US,D,20220404,000000,12.2,12.2,11.803,11.882,306.2,0
PRFX.US,D,20220405,000000,11.6,12.52,11.3,11.4,2365.1,0
PRFX.US,D,20220406,000000,11.2,11.622,11,11.2,816.9,0
PRFX.US,D,20220407,000000,11.8,11.8,11.1,11.5,403.9,0
PRFX.US,D,20220408,000000,11.1,11.8,11.1,11.7,3236.3,0
PRFX.US,D,20220411,000000,11.5,13,11.5,12.7,5569.5,0
PRFX.US,D,20220412,000000,12.5,13.2,11.6,12.36,3809.6,0
PRFX.US,D,20220413,000000,12.3,12.899,11.5,12.2,3020.1,0
PRFX.US,D,20220414,000000,11.4,12.8,11.4,12,2697.1,0
PRFX.US,D,20220418,000000,11.9,12.679,11.571,12.3,376.9,0
PRFX.US,D,20220419,000000,12.1,12.8,11.802,12.8,1549,0
PRFX.US,D,20220420,000000,12.7,13.3,12.25,13.1,937.2,0
PRFX.US,D,20220421,000000,13.799,13.799,12.5,12.5,1725.3,0
PRFX.US,D,20220422,000000,13.056,13.056,12.1,12.5,810.6,0
PRFX.US,D,20220425,000000,11.8,13.286,11.5,12.65,1897.8,0
PRFX.US,D,20220426,000000,11.9,13.1,11.201,12.1,1387.8,0
PRFX.US,D,20220427,000000,12.2,12.2,10.3,10.6,4592.5,0
PRFX.US,D,20220428,000000,10.4,10.45,8.86,9.923,6948.4,0
PRFX.US,D,20220429,000000,9.625,9.879,9.351,9.39,1523.8,0
PRFX.US,D,20220502,000000,10.35,10.6,9.35,9.37,583.4,0
PRFX.US,D,20220503,000000,10.101,10.101,9.392,9.459,326.4,0
PRFX.US,D,20220504,000000,9.393,9.455,9.393,9.455,1748.4,0
PRFX.US,D,20220505,000000,9.41,9.679,8.8,8.82,1863.5,0
PRFX.US,D,20220506,000000,9.755,9.755,8.4,8.401,1959.1,0
PRFX.US,D,20220509,000000,8.3,9.315,7.6,7.8,2253.6,0
PRFX.US,D,20220510,000000,8.42,8.698,7.7,7.815,2293.5,0
PRFX.US,D,20220511,000000,7.7,8.389,7.1,7.399,5388.3,0
PRFX.US,D,20220512,000000,7.194,7.599,7.05,7.25,1040.9,0
PRFX.US,D,20220513,000000,7.497,8.051,7.333,7.832,2355,0
PRFX.US,D,20220516,000000,8.1,8.1,7.704,7.704,141,0
PRFX.US,D,20220517,000000,7.955,9.278,7.955,8.693,8811.1,0
PRFX.US,D,20220518,000000,8.5,8.839,7.4,7.962,1187.8,0
PRFX.US,D,20220519,000000,8.002,8.4,7.35,8.38,2830.5,0
PRFX.US,D,20220520,000000,8.5,8.966,7.47,8.54,1805.3,0
PRFX.US,D,20220523,000000,7.8,8.625,7.5,8.6,1959.7,0
PRFX.US,D,20220524,000000,8.4,8.6,8.2,8.547,357.1,0
PRFX.US,D,20220525,000000,8.201,8.497,8.2,8.22,236.7,0
PRFX.US,D,20220526,000000,8.999,9,7.197,8.685,8239.8,0
PRFX.US,D,20220527,000000,8.251,8.878,7.645,8.779,480.6,0
PRFX.US,D,20220531,000000,9.572,9.572,7.8,8.99799,1520.1,0
PRFX.US,D,20220601,000000,8.759,9.5,8.079,9.325,2481.9,0
PRFX.US,D,20220602,000000,9.3,9.397,9.1,9.1,631.1,0
PRFX.US,D,20220603,000000,9.49699,9.49699,8.6,9.124,1263.5,0
PRFX.US,D,20220606,000000,9.3,10.4,9.05,10,2380.4,0
PRFX.US,D,20220607,000000,9.947,10.7,9.947,10.2,531.3,0
PRFX.US,D,20220608,000000,11.1,11.1,10.3,10.9,1642.6,0
PRFX.US,D,20220609,000000,10.347,10.999,10.3,10.3,837.4,0
PRFX.US,D,20220610,000000,10.7,10.789,9.55,10.55,1584.4,0
PRFX.US,D,20220613,000000,10.6,11.6,9.9,9.902,787.6,0
PRFX.US,D,20220614,000000,9.9,9.9,7.8,8.7,4495.7,0
PRFX.US,D,20220615,000000,8.7795,10.899,8.7795,10.3,4410.2,0
PRFX.US,D,20220616,000000,9.01,10.199,9.01,9.302,1679.6,0
PRFX.US,D,20220617,000000,9.999,10.9,9.01,9.301,1858.2,0
PRFX.US,D,20220621,000000,9.3,9.776,9.3,9.775,279.2,0
PRFX.US,D,20220622,000000,9.8,9.997,9.795,9.9,281.4,0
PRFX.US,D,20220623,000000,9.21,10,8.1,10,621.9,0
PRFX.US,D,20220624,000000,10.55,12.878,8.639,9.9,4312.9,0
PRFX.US,D,20220627,000000,9.572,10.9,9,10.594,6391.6,0
PRFX.US,D,20220628,000000,10.84,11,9.4,10.9,2689.5,0
PRFX.US,D,20220629,000000,10.5,10.9,9.501,10.899,378.4,0
PRFX.US,D,20220630,000000,10.299,10.7,9.4,9.48,1762.6,0
PRFX.US,D,20220701,000000,10.099,10.099,9,9.594,3793.1,0
PRFX.US,D,20220705,000000,9.1,9.5,8.88,9.476,2896.6,0
PRFX.US,D,20220706,000000,8.9,9.49799,8.9,9,1097.4,0
PRFX.US,D,20220707,000000,9.3,9.498,8.9,8.9,2182.7,0
PRFX.US,D,20220708,000000,8.999,9.4,8.773,9.023,2638.9,0
PRFX.US,D,20220711,000000,9,9.5,7.225,8.396,3172.9,0
PRFX.US,D,20220712,000000,8.75001,8.846,8.095,8.095,1367.8,0
PRFX.US,D,20220713,000000,8.095,8.095,8,8,44.4,0
PRFX.US,D,20220714,000000,8.1,8.19,7.232,7.5,1630.4,0
PRFX.US,D,20220715,000000,7.999,8.388,7.34999,8,4467,0
PRFX.US,D,20220718,000000,7.6,7.985,7.6,7.981,252.9,0
PRFX.US,D,20220719,000000,8.38,8.38,7.388,8,1183.2,0
PRFX.US,D,20220720,000000,8.1,8.1,7.5,7.65,9259.1,0
PRFX.US,D,20220721,000000,7.722,7.722,7.46,7.552,3352.9,0
PRFX.US,D,20220722,000000,7.552,7.552,7.3,7.327,4307.6,0
PRFX.US,D,20220725,000000,7.499,7.69999,6.24,6.9,19947.2,0
PRFX.US,D,20220726,000000,6.401,7.0105,6.401,6.882,2452.7,0
PRFX.US,D,20220727,000000,7.14,7.14,6.337,6.699,2333.4,0
PRFX.US,D,20220728,000000,6.75,6.75,6.49899,6.5,1435.5,0
PRFX.US,D,20220729,000000,6.7,7.213,6.45,7.1,3591.3,0
PRFX.US,D,20220801,000000,7.3,7.3,6.733,6.999,2064.4,0
PRFX.US,D,20220802,000000,6.999,7.401,6.733,6.94505,3648.5,0
PRFX.US,D,20220803,000000,6.73401,7.69,6.733,6.885,1985.3,0
PRFX.US,D,20220804,000000,7.036,7.173,6.341,7.173,5019.9,0
PRFX.US,D,20220805,000000,6.957,7.834,6.9,7.5,8545.8,0
PRFX.US,D,20220808,000000,7.9,8.2,7.49999,7.95001,3709.9,0
PRFX.US,D,20220809,000000,8.3,8.606,7.361,7.361,3087.1,0
PRFX.US,D,20220810,000000,7.3,7.45501,7.272,7.272,238.4,0
PRFX.US,D,20220811,000000,7.8,8,7.221,8,1113.9,0
PRFX.US,D,20220812,000000,7.3,8.1,7.05,7.9,1060.2,0
PRFX.US,D,20220815,000000,7.401,8.263,7.401,8.25,2424.5,0
PRFX.US,D,20220816,000000,8.25,9,7.875,8.262,1172.8,0
PRFX.US,D,20220817,000000,8.15,8.7,8.15,8.3297,605.9,0
PRFX.US,D,20220818,000000,8.238,8.599,8.15,8.277,446.9,0
PRFX.US,D,20220819,000000,8.277,8.28,8,8,1184.1,0
PRFX.US,D,20220822,000000,8,8.56,7.893,8.199,180.2,0
PRFX.US,D,20220823,000000,7.9,7.9,7.493,7.57,892,0
PRFX.US,D,20220824,000000,7.46,7.46,7.46,7.46,123.4,0
PRFX.US,D,20220825,000000,7.5,7.5,7.326,7.4,1148.2,0
PRFX.US,D,20220826,000000,7.35,7.351,6.9,7.2,806.4,0
PRFX.US,D,20220829,000000,7.199,7.2,6.78,7.2,1021.7,0
PRFX.US,D,20220830,000000,6.60101,7.2,6.6,6.801,623.5,0
PRFX.US,D,20220831,000000,6.91,7.199,6.648,6.648,781.2,0
PRFX.US,D,20220901,000000,7.182,7.89799,7.182,7.248,197.1,0
PRFX.US,D,20220902,000000,7.248,7.248,7.248,7.248,32.4,0
PRFX.US,D,20220906,000000,8,8,7.20101,8,1062.3,0
PRFX.US,D,20220907,000000,8,8,7.12,7.5,387.8,0
PRFX.US,D,20220908,000000,7.5,7.61399,7,7.4,437,0
PRFX.US,D,20220909,000000,6.62,8.1,6.62,7.425,163.9,0
PRFX.US,D,20220912,000000,7.877,7.975,7.251,7.9,375.3,0
PRFX.US,D,20220913,000000,6.781,7.004,6.781,7.004,79.5,0
PRFX.US,D,20220914,000000,7.10201,7.41,6.62,7.41,1666.7,0
PRFX.US,D,20220915,000000,6.803,7.30151,6.803,7.30151,134.4,0
PRFX.US,D,20220916,000000,6.7,7.399,6.501,6.7,239.2,0
PRFX.US,D,20220919,000000,6.8,6.9,6.501,6.569,1209.9,0
PRFX.US,D,20220920,000000,6.569,7.797,6.569,7.128,176.6,0
PRFX.US,D,20220921,000000,7.25,7.776,6.8,7.776,558.2,0
PRFX.US,D,20220922,000000,7.697,7.797,6.74,6.74,213.7,0
PRFX.US,D,20220923,000000,7.077,7.077,6.253,6.253,1075.2,0
PRFX.US,D,20220926,000000,6.353,6.753,6.253,6.627,323.1,0
PRFX.US,D,20220927,000000,7.079,7.079,6.3,6.615,169.3,0
PRFX.US,D,20220928,000000,6.872,6.899,6.75,6.899,133.1,0
PRFX.US,D,20220929,000000,6.6,7.079,6,6.291,1539,0
PRFX.US,D,20220930,000000,6.3,6.9,6,6.9,1077.1,0
PRFX.US,D,20221003,000000,6.5,6.5,6,6.5,417.9,0
PRFX.US,D,20221004,000000,6.969,6.97,6,6.386,1009.1,0
PRFX.US,D,20221005,000000,6.97,6.97,6.099,6.11757,1552.2,0
PRFX.US,D,20221006,000000,6,6.3,6,6.2,248.1,0
PRFX.US,D,20221007,000000,6.965,6.97,6,6.5,350.4,0
PRFX.US,D,20221010,000000,6.8,6.8,6.5,6.8,211.3,0
PRFX.US,D,20221011,000000,6.301,6.451,6.301,6.301,82.5,0
PRFX.US,D,20221012,000000,6.5,6.5,6.0601,6.0601,225.1,0
PRFX.US,D,20221013,000000,6.05,6.35,6.05,6.35,276.7,0
PRFX.US,D,20221014,000000,6.40201,6.526,6.3,6.526,252.9,0
PRFX.US,D,20221017,000000,6.3,6.30366,6.05,6.101,477.2,0
PRFX.US,D,20221018,000000,6.1,6.78899,6,6.78899,3935.4,0
PRFX.US,D,20221019,000000,6.37999,6.9,6.3,6.3,2103.4,0
PRFX.US,D,20221020,000000,6.132,6.6693,6.132,6.132,349.9,0
PRFX.US,D,20221021,000000,6.1,6.3,5.9,5.9,3770.6,0
PRFX.US,D,20221024,000000,5.9,6.3,5.505,5.999,4105.7,0
PRFX.US,D,20221025,000000,6.1,6.499,5.539,6,2794.2,0
PRFX.US,D,20221026,000000,5.511,6.15,5.5,5.8,1189.3,0
PRFX.US,D,20221027,000000,5.8,6.151,5.8,5.851,337,0
PRFX.US,D,20221028,000000,5.8,5.801,5.501,5.601,505.3,0
PRFX.US,D,20221031,000000,5.611,6,5.5,6,652.9,0
PRFX.US,D,20221101,000000,5.9912,5.997,5.85,5.997,47.6,0
PRFX.US,D,20221102,000000,5.577,6.47,5.577,6.025,152.2,0
PRFX.US,D,20221103,000000,6,6,5.303,5.566,2098.1,0
PRFX.US,D,20221104,000000,5.499,5.499,5.103,5.12,477.2,0
PRFX.US,D,20221107,000000,5.499,5.499,5.1,5.1,542.2,0
PRFX.US,D,20221108,000000,5.1,5.499,4.505,5.02151,1705.7,0
PRFX.US,D,20221109,000000,5.1,5.201,4.875,5.201,774.6,0
PRFX.US,D,20221110,000000,4.836,5.2,4.836,5.2,206.1,0
PRFX.US,D,20221111,000000,5.2,5.677,4.4,5.5,4336.2,0
PRFX.US,D,20221114,000000,5.5,5.69999,5.5,5.69899,154.1,0
PRFX.US,D,20221115,000000,5.9,6.338,5.5,5.501,943,0
PRFX.US,D,20221116,000000,5.5,6.2,5.449,5.449,1047,0
PRFX.US,D,20221117,000000,5.1,5.1,5,5,67,0
PRFX.US,D,20221118,000000,5,5.25,5,5.25,64.7,0
PRFX.US,D,20221121,000000,5.3,5.3,5.02,5.07551,165.8,0
PRFX.US,D,20221122,000000,4.912,5.69,4.912,5.69,98.1,0
PRFX.US,D,20221123,000000,5.79,5.79,5.001,5.00201,181.6,0
PRFX.US,D,20221128,000000,5,5,4.75,4.8,622.1,0
PRFX.US,D,20221129,000000,4.8,4.8,4.2,4.3,1650.4,0
PRFX.US,D,20221130,000000,4.3,4.6,4.111,4.45049,993.1,0
PRFX.US,D,20221201,000000,4.3,4.5,4.3,4.4,192.6,0
PRFX.US,D,20221202,000000,4.4,4.62,4.15,4.4,457.6,0
PRFX.US,D,20221205,000000,4,4.4,3.998,4,7941.6,0
PRFX.US,D,20221206,000000,4.02,4.19899,3.8,3.81,1803.4,0
PRFX.US,D,20221207,000000,3.85,4.544,3.404,4.061,9390.2,0
PRFX.US,D,20221208,000000,4.145,4.6,3.514,3.862,2089.9,0
PRFX.US,D,20221209,000000,4.6,6.179,3.602,5.299,21471.3,0
PRFX.US,D,20221212,000000,5.8,6.47,5.5,5.64596,3457.5,0
PRFX.US,D,20221213,000000,5.9,6.374,5.5,6,1229.7,0
PRFX.US,D,20221214,000000,6.385,6.47,5.1,5.783,925.4,0
PRFX.US,D,20221215,000000,5.355,5.80001,4.335,4.455,1890.8,0
PRFX.US,D,20221216,000000,5,5,4.83,4.83,1950.3,0
PRFX.US,D,20221219,000000,4.1,5.7,4.1,4.3,519.3,0
PRFX.US,D,20221220,000000,4.001,4.5,4,4.49,604.1,0
PRFX.US,D,20221221,000000,4,4.48,3.9,4,1252.8,0
PRFX.US,D,20221222,000000,4,4.1,4,4.05,829.7,0
PRFX.US,D,20221223,000000,4.001,4.1,3.606,3.606,405.4,0
PRFX.US,D,20221227,000000,3.444,4.1,3.444,3.606,462,0
PRFX.US,D,20221228,000000,5.669,5.669,3.606,3.973,971.2,0
PRFX.US,D,20221229,000000,3.97,4.8,3.97,4.8,2238.5,0
PRFX.US,D,20221230,000000,4.73501,4.73501,3.97,4.127,929.6,0
PRFX.US,D,20230103,000000,4.75999,4.76,4.1,4.1,567.8,0
PRFX.US,D,20230104,000000,4.1,4.42,4.1,4.33,307.6,0
PRFX.US,D,20230105,000000,4.33,4.62,4.33,4.619,568.6,0
PRFX.US,D,20230106,000000,4.35,4.89899,4.35,4.488,518.5,0
PRFX.US,D,20230109,000000,4.6,5,4.256,4.639,1970.3,0
PRFX.US,D,20230110,000000,4.78,5.8,4.78,5.4,209.9,0
PRFX.US,D,20230111,000000,5.8,5.8,5.005,5.33,915.7,0
PRFX.US,D,20230112,000000,5.454,5.454,5,5.25001,1303.2,0
PRFX.US,D,20230113,000000,5.027,5.027,5,5,211.9,0
PRFX.US,D,20230117,000000,4.9,5.8,4.9,5.8,102,0
PRFX.US,D,20230118,000000,5.8,5.8,5.00001,5.25,599.3,0
PRFX.US,D,20230119,000000,5.299,5.299,5.299,5.299,239,0
PRFX.US,D,20230120,000000,5.08862,5.089,5.002,5.002,145.1,0
PRFX.US,D,20230123,000000,5.1,5.10501,4.8,4.9,861.8,0
PRFX.US,D,20230124,000000,4.873,5.3,4.5,4.5,569.4,0
PRFX.US,D,20230125,000000,4.6,5.5,4.6,4.95,835.1,0
PRFX.US,D,20230126,000000,4.99,4.99,4.99,4.99,77.5,0
PRFX.US,D,20230127,000000,5.004,5.07501,4.75,5.051,965.7,0
PRFX.US,D,20230130,000000,4.75301,5,4.75301,5,369.1,0
PRFX.US,D,20230201,000000,4.95001,4.95001,4.95001,4.95001,208.7,0
PRFX.US,D,20230202,000000,5.3,5.3,4.705,4.71,569.8,0
PRFX.US,D,20230203,000000,5,5.3,4.95,4.952,1019.2,0
PRFX.US,D,20230206,000000,4.9891,5.05049,4.801,5.05049,412.4,0
PRFX.US,D,20230207,000000,5.3,5.35,4.631,5,145522,0
PRFX.US,D,20230208,000000,7.199,8.2,6.035,7.236,1376471.2,0
PRFX.US,D,20230209,000000,6.4,7.65,6,7.55,87103.1,0
PRFX.US,D,20230210,000000,6.31,7.1,5,6.519,34614.5,0
PRFX.US,D,20230213,000000,6.499,6.9,5.8,6,4911,0
PRFX.US,D,20230214,000000,5.943,6.32251,5.738,5.84,2291.3,0
PRFX.US,D,20230215,000000,6.056,6.071,5.6,5.93,3402.3,0
PRFX.US,D,20230216,000000,5.97,6.1,5.699,6.1,6244.9,0
PRFX.US,D,20230217,000000,5.601,6.513,5.601,6.513,8165.5,0
PRFX.US,D,20230221,000000,6.513,6.547,6,6.223,3335.9,0
PRFX.US,D,20230222,000000,6.2,6.619,6.1,6.2,2438.7,0
PRFX.US,D,20230223,000000,6.2,6.2,5.704,5.78,1605.6,0
PRFX.US,D,20230224,000000,5.877,7,5.877,6.27,3527.9,0
PRFX.US,D,20230227,000000,5.6,6.27,5.6,6.27,1735.8,0
PRFX.US,D,20230228,000000,6,6.25,5.585,6.249,2751.1,0
PRFX.US,D,20230301,000000,5.5,6.6,5.432,6.041,3905.4,0
PRFX.US,D,20230302,000000,5.453,6.1,5.453,5.561,1630.3,0
PRFX.US,D,20230303,000000,5.999,6,5.6,5.84,927.8,0
PRFX.US,D,20230306,000000,5.84,6.199,5.5,5.501,1064.2,0
PRFX.US,D,20230307,000000,5.5,5.699,5.5,5.555,393.6,0
PRFX.US,D,20230308,000000,5.501,6.2,5.501,5.625,1842.4,0
PRFX.US,D,20230309,000000,5.6,5.8,5.6,5.7,4966.9,0
PRFX.US,D,20230310,000000,5.81,6.2,5.511,5.8545,2579.1,0
PRFX.US,D,20230313,000000,5.851,5.851,4.429,5.16,2963.1,0
PRFX.US,D,20230314,000000,5.2,6.552,4.303,6.185,11477.4,0
PRFX.US,D,20230315,000000,5.999,5.999,5.049,5.049,3969.5,0
PRFX.US,D,20230316,000000,5.421,5.421,4.761,5.001,3615.8,0
PRFX.US,D,20230317,000000,5.049,5.38,5,5.26,3486.5,0
PRFX.US,D,20230320,000000,5.00101,5.9,4.6,5.525,8847.6,0
PRFX.US,D,20230321,000000,5.5,5.775,5.5,5.53,1083.1,0
PRFX.US,D,20230322,000000,5.21001,5.50899,5.21001,5.35,844.9,0
PRFX.US,D,20230323,000000,5.221,5.754,5.221,5.501,509,0
PRFX.US,D,20230324,000000,5.799,7.475,5.22101,6.7,15264.8,0
PRFX.US,D,20230327,000000,6.4,6.842,6.1,6.825,4929.7,0
PRFX.US,D,20230328,000000,7.201,7.203,5.603,6.1,4346.1,0
PRFX.US,D,20230329,000000,5.762,6.8,5.253,5.9,4109.3,0
PRFX.US,D,20230330,000000,5.253,6.615,5.253,6.384,2119.3,0
PRFX.US,D,20230331,000000,6.601,7.001,6.6,6.9,3730.1,0
PRFX.US,D,20230403,000000,7.598,7.598,5.492,5.866,3318.6,0
PRFX.US,D,20230404,000000,5.79,6.4,5.405,5.655,777.8,0
PRFX.US,D,20230405,000000,6.429,6.429,5.801,6.268,100.8,0
PRFX.US,D,20230406,000000,6.7,6.7,6,6.301,1452.5,0
PRFX.US,D,20230410,000000,6.2005,6.5,6.10001,6.365,2000.8,0
PRFX.US,D,20230411,000000,6.12,6.4,6.12,6.203,447.8,0
PRFX.US,D,20230412,000000,6.2,6.8,6.2,6.499,1491.4,0
PRFX.US,D,20230413,000000,6.5,6.8,6.40001,6.40001,276.4,0
PRFX.US,D,20230414,000000,6.445,6.64999,5.89949,6.038,2181.9,0
PRFX.US,D,20230417,000000,5.9,6.34951,5.9,6.301,228.1,0
PRFX.US,D,20230418,000000,6.3,6.5,6.2,6.4,773.5,0
PRFX.US,D,20230419,000000,6.825,6.825,6.5,6.696,1169.6,0
PRFX.US,D,20230420,000000,6.5,6.5,5.484,5.7,814.4,0
PRFX.US,D,20230421,000000,6.39799,6.39799,5.50101,6.1,908.4,0
PRFX.US,D,20230424,000000,6.1,6.1,5.5,6,711.3,0
PRFX.US,D,20230425,000000,5.601,5.89999,5.5,5.501,408.7,0
PRFX.US,D,20230426,000000,5.6,5.8,5.501,5.651,574,0
PRFX.US,D,20230427,000000,5.501,5.65099,5.501,5.65099,680,0
PRFX.US,D,20230428,000000,5.5,5.652,5.5,5.652,1708,0
PRFX.US,D,20230501,000000,6.624,7.2,5.53,6.6141,94016,0
PRFX.US,D,20230502,000000,6.51,6.949,5.60001,6.2,7780.1,0
PRFX.US,D,20230503,000000,6.09,6.799,5.8,6.624,2480.6,0
PRFX.US,D,20230504,000000,6.493,6.8,5.801,6.31,2569.5,0
PRFX.US,D,20230505,000000,6,7.1,5.9,6.903,5292.1,0
PRFX.US,D,20230508,000000,6.9,6.903,6.20801,6.6,1041.3,0
PRFX.US,D,20230509,000000,6.6,6.9,6.4,6.4,4396.7,0
PRFX.US,D,20230510,000000,6.4,6.6,6,6.268,7829.8,0
PRFX.US,D,20230511,000000,6.05,6.89899,6.05,6.072,4135.1,0
PRFX.US,D,20230512,000000,6.443,6.46,6.06,6.1,3384.3,0
PRFX.US,D,20230515,000000,6.05,6.1,6.027,6.027,4293.7,0
PRFX.US,D,20230516,000000,6.057,6.29,6,6.249,2709.2,0
PRFX.US,D,20230517,000000,6.2,6.2,5.724,6.2,1189,0
PRFX.US,D,20230518,000000,6.92,7.38,5.91,6.1,34771.2,0
PRFX.US,D,20230519,000000,5.8,6.3,5.703,6.174,6578.4,0
PRFX.US,D,20230522,000000,6.101,6.3,5.864,6.25,3341.3,0
PRFX.US,D,20230523,000000,5.73,6.3,5.73,6.05,232.4,0
PRFX.US,D,20230524,000000,6.101,6.2,5.746,5.865,5469.6,0
PRFX.US,D,20230525,000000,5.865,5.865,4.6,5.436,10316.9,0
PRFX.US,D,20230526,000000,5.436,5.436,4.601,4.703,445.9,0
PRFX.US,D,20230530,000000,4.865,5.039,4.6,4.999,1416.6,0
PRFX.US,D,20230531,000000,4.9,4.979,4.6,4.6,1717.2,0
PRFX.US,D,20230601,000000,5.019,5.04,5.016,5.04,5185.4,0
PRFX.US,D,20230602,000000,5.04,5.279,4.6,4.70101,2843,0
PRFX.US,D,20230605,000000,5.1,5.1,4.909,4.999,1327.4,0
PRFX.US,D,20230606,000000,4.743,5.019,4.701,4.802,630,0
PRFX.US,D,20230607,000000,4.80101,5,4.8,4.8,5404.8,0
PRFX.US,D,20230608,000000,4.6,4.79899,4.4,4.6,7094.3,0
PRFX.US,D,20230609,000000,4.601,5.2,4.601,5.043,1202.2,0
PRFX.US,D,20230612,000000,5.04,5.1075,5.016,5.01801,491.7,0
PRFX.US,D,20230613,000000,5.006,5.199,5.005,5.198,602.9,0
PRFX.US,D,20230614,000000,5.25999,5.25999,4.82,5.061,794.3,0
PRFX.US,D,20230615,000000,5.223,5.26,4.999,4.999,891.7,0
PRFX.US,D,20230616,000000,5.248,5.248,4.85,4.85,981,0
PRFX.US,D,20230620,000000,4.901,5.1,4.746,4.746,14614.1,0
PRFX.US,D,20230621,000000,4.75,4.95,4.5,4.6,1922.7,0
PRFX.US,D,20230622,000000,4.6,4.84,4.6,4.601,5650.6,0
PRFX.US,D,20230623,000000,4.595,4.9,4.51,4.9,1986.6,0
PRFX.US,D,20230626,000000,4.70001,5.1,4.70001,5.079,2275.5,0
PRFX.US,D,20230627,000000,5,5,4.84001,4.9,1423.6,0
PRFX.US,D,20230628,000000,4.97,5.069,4.502,4.502,3096.4,0
PRFX.US,D,20230629,000000,4.502,4.719,4.3,4.3,3161.6,0
PRFX.US,D,20230630,000000,4.171,6.8,4.171,5.489,360443.4,0
PRFX.US,D,20230703,000000,6.8,7.22,5.64,6.44,2354271,0
PRFX.US,D,20230705,000000,6.21,6.3,5.62,5.67,118459,0
PRFX.US,D,20230706,000000,5.64,6.08,5.4,5.55,121610,0
PRFX.US,D,20230707,000000,5.16,5.16,4.33,4.47,97773,0
PRFX.US,D,20230710,000000,4.3,4.8793,3.55,4.05,253066,0
PRFX.US,D,20230711,000000,4.14,26.41,3.94,16.5,10973905,0
PRFX.US,D,20230712,000000,10.01,11.6,7.69,7.99,2425221,0
PRFX.US,D,20230713,000000,7.62,7.79,5.71,5.75,668350,0
PRFX.US,D,20230714,000000,8.02,16.81,7.8021,8.1,33917801,0
PRFX.US,D,20230717,000000,10.16,11.5499,8.5,8.99,3802489,0
PRFX.US,D,20230718,000000,8.68,9.25,7.61,7.73,1280344,0
PRFX.US,D,20230719,000000,7.81,7.9899,6.91,7.11,603250,0
PRFX.US,D,20230720,000000,9.01,11.37,8.65,9.72,21469508,0
PRFX.US,D,20230721,000000,9.04,9.5599,7.57,8.31,1216936,0
PRFX.US,D,20230724,000000,7.93,8.3,7.7,7.99,291693,0
PRFX.US,D,20230725,000000,7.83,7.94,7.3,7.45,155021,0
PRFX.US,D,20230726,000000,7.43,7.6299,7.0002,7.1,129045,0
PRFX.US,D,20230727,000000,7.33,7.44,6.61,6.66,177338,0
PRFX.US,D,20230728,000000,6.61,6.97,6.43,6.84,148652,0
PRFX.US,D,20230731,000000,6.57,8.59,6.57,7.03,925752,0
PRFX.US,D,20230801,000000,7.61,7.8,6.8,7.12,204982,0
PRFX.US,D,20230802,000000,6.86,7.1,6.45,6.57,115135,0
PRFX.US,D,20230803,000000,6.57,6.9,6.4,6.6,113350,0
PRFX.US,D,20230804,000000,6.43,7.0999,6.39,6.61,220560,0
PRFX.US,D,20230807,000000,6.48,7.1,6.42,6.86,114604,0
PRFX.US,D,20230808,000000,6.55,7.3899,6.55,7.15,174645,0
PRFX.US,D,20230809,000000,6.91,7.55,6.91,7.15,106813,0
PRFX.US,D,20230810,000000,7.01,7.26,6.69,6.8,119414,0
PRFX.US,D,20230811,000000,6.58,6.87,6.5101,6.77,99056,0
PRFX.US,D,20230814,000000,6.63,6.75,6.15,6.37,32102,0
PRFX.US,D,20230815,000000,6.22,6.4459,5.83,5.83,59328,0
PRFX.US,D,20230816,000000,5.8,5.8247,5.36,5.49,69948,0
PRFX.US,D,20230817,000000,5.38,5.4579,5.25,5.32,24743,0
PRFX.US,D,20230818,000000,5.21,5.336,4.82,4.87,50498,0
PRFX.US,D,20230821,000000,4.78,4.85,4.6,4.66,45375,0
PRFX.US,D,20230822,000000,4.58,4.6795,4.3405,4.58,35324,0
PRFX.US,D,20230823,000000,4.42,4.98,4.42,4.79,90669,0
PRFX.US,D,20230824,000000,4.71,4.81,4.17,4.28,56007,0
PRFX.US,D,20230825,000000,4.322,4.5,4.27,4.34,102783,0
PRFX.US,D,20230828,000000,4.3,4.575,4.25,4.33,53561,0
PRFX.US,D,20230829,000000,4.26,4.5799,4.22,4.57,66545,0
PRFX.US,D,20230830,000000,4.48,4.84,4.42,4.56,36029,0
PRFX.US,D,20230831,000000,4.47,5.15,4.44,4.77,82411,0
PRFX.US,D,20230901,000000,4.69,4.8,4.25,4.5,55906,0
PRFX.US,D,20230905,000000,4.35,4.37,4.1043,4.16,27765,0
PRFX.US,D,20230906,000000,4.08,4.1799,4.07,4.08,9173,0
PRFX.US,D,20230907,000000,4.17,4.49,4.08,4.34,77488,0
PRFX.US,D,20230908,000000,4.15,4.3,4.15,4.28,6900,0
PRFX.US,D,20230911,000000,4.4,4.48,4.2169,4.41,24737,0
PRFX.US,D,20230912,000000,4.4,4.6,4.2101,4.48,35073,0
PRFX.US,D,20230913,000000,4.2201,4.4324,4.07,4.11,16359,0
PRFX.US,D,20230914,000000,4.12,4.18,3.98,3.98,16478,0
PRFX.US,D,20230915,000000,4.1,4.1,3.89,3.89,16769,0
PRFX.US,D,20230918,000000,3.82,3.98,3.82,3.98,8305,0
PRFX.US,D,20230919,000000,3.951,3.951,3.7501,3.83,9129,0
PRFX.US,D,20230920,000000,3.83,3.89,3.7761,3.82,11334,0
PRFX.US,D,20230921,000000,3.7,3.86,3.7,3.82,19571,0
PRFX.US,D,20230922,000000,3.7799,3.78,3.55,3.55,14198,0
PRFX.US,D,20230925,000000,3.59,3.69,3.52,3.55,4967,0
PRFX.US,D,20230926,000000,3.6,3.74,3.55,3.63,12950,0
PRFX.US,D,20230927,000000,3.65,3.8756,3.4417,3.47,18434,0
PRFX.US,D,20230928,000000,3.4201,3.44,3.36,3.385,9915,0
PRFX.US,D,20230929,000000,3.29,3.5159,3.17,3.48,16167,0
PRFX.US,D,20231002,000000,3.29,3.5,3.2021,3.33,19527,0
PRFX.US,D,20231003,000000,3.23,3.28,3.1,3.1,17348,0
PRFX.US,D,20231004,000000,3.1,3.17,3.0306,3.1437,12340,0
PRFX.US,D,20231005,000000,3.13,3.2242,3.05,3.16,9088,0
PRFX.US,D,20231006,000000,3.1101,3.19,3.11,3.12,4009,0
PRFX.US,D,20231009,000000,3.1,3.1,2.96,2.96,8588,0
PRFX.US,D,20231010,000000,2.9761,3.07,2.9522,2.99,21679,0
PRFX.US,D,20231011,000000,3.0101,3.11,2.76,2.82,10612,0
PRFX.US,D,20231012,000000,2.91,2.98,2.7,2.73,11560,0
PRFX.US,D,20231013,000000,2.76,2.76,2.52,2.52,15345,0
PRFX.US,D,20231016,000000,2.4,2.7417,2.29,2.68,26951,0
PRFX.US,D,20231017,000000,2.55,2.84,2.53,2.75,4870,0
PRFX.US,D,20231018,000000,2.68,2.705,2.56,2.65,7394,0
PRFX.US,D,20231019,000000,2.65,2.65,2.5101,2.53,5519,0
PRFX.US,D,20231020,000000,2.53,2.53,2.38,2.39,6334,0
PRFX.US,D,20231023,000000,2.45,2.45,2.2784,2.31,5549,0
PRFX.US,D,20231024,000000,2.36,2.42,2.32,2.385,5631,0
PRFX.US,D,20231025,000000,2.424,2.45,2.2601,2.3965,6443,0
PRFX.US,D,20231026,000000,2.46,2.46,2.2901,2.44,6295,0
PRFX.US,D,20231027,000000,2.34,2.414,2.21,2.2699,11901,0
PRFX.US,D,20231030,000000,2.18,2.3299,2.15,2.27,11079,0
PRFX.US,D,20231031,000000,2.2,2.32,2.115,2.17,8180,0
PRFX.US,D,20231101,000000,2.2401,2.3218,2.16,2.25,7147,0
PRFX.US,D,20231102,000000,2.225,2.28,2.13,2.22,17075,0
PRFX.US,D,20231103,000000,2.21,2.4099,2.21,2.37,6565,0
PRFX.US,D,20231106,000000,2.45,3,2.45,2.58,20757,0
PRFX.US,D,20231107,000000,2.67,2.69,2.3,2.3,20038,0
PRFX.US,D,20231108,000000,2.4,2.4,2.3,2.3,5091,0
PRFX.US,D,20231109,000000,2.3,2.34,2.09,2.09,11236,0
PRFX.US,D,20231110,000000,2.1002,2.1986,2,2,4518,0
PRFX.US,D,20231113,000000,2.09,2.09,1.8216,1.85,9148,0
PRFX.US,D,20231114,000000,2.02,2.4358,1.97,2.25,42630,0
PRFX.US,D,20231115,000000,2.2101,2.293,2.13,2.13,10909,0
PRFX.US,D,20231116,000000,2.19,2.26,2,2.03,12733,0
PRFX.US,D,20231117,000000,2.21,2.21,2.0401,2.13,3935,0
PRFX.US,D,20231120,000000,2.2599,2.2599,2.01,2.01,7522,0
PRFX.US,D,20231121,000000,2.1001,2.11,2.03,2.06,7500,0
PRFX.US,D,20231122,000000,2.06,2.21,1.8675,2.15,13203,0
PRFX.US,D,20231124,000000,2.12,2.22,2.12,2.22,5080,0
PRFX.US,D,20231127,000000,2.11,2.68,2.11,2.33,171145,0
PRFX.US,D,20231128,000000,2.27,2.4425,2.18,2.23,23064,0
PRFX.US,D,20231129,000000,2.3287,2.75,2.27,2.39,62107,0
PRFX.US,D,20231130,000000,2.5,2.88,2.42,2.5,63975,0
PRFX.US,D,20231201,000000,2.55,2.67,2.52,2.5317,29863,0
PRFX.US,D,20231204,000000,2.5393,2.7999,2.5393,2.7275,35021,0
PRFX.US,D,20231205,000000,2.75,2.81,2.5,2.53,27890,0
PRFX.US,D,20231206,000000,2.595,2.78,2.51,2.73,51312,0
PRFX.US,D,20231207,000000,2.85,2.8767,2.56,2.7,26056,0
PRFX.US,D,20231208,000000,2.7,2.7,2.6121,2.62,6625,0
PRFX.US,D,20231211,000000,2.62,2.71,2.43,2.63,22089,0
PRFX.US,D,20231212,000000,2.5,2.585,2.39,2.4777,10133,0
PRFX.US,D,20231213,000000,2.4733,2.52,2.4733,2.48,4057,0
PRFX.US,D,20231214,000000,2.5438,2.6823,2.54,2.57,22509,0
PRFX.US,D,20231215,000000,2.61,2.63,2.56,2.6,5055,0
PRFX.US,D,20231218,000000,2.57,2.69,2.57,2.62,2006,0
PRFX.US,D,20231219,000000,2.58,2.69,2.55,2.6,17318,0
PRFX.US,D,20231220,000000,2.5944,2.5944,2.418,2.4831,14739,0
PRFX.US,D,20231221,000000,2.42,2.55,2.38,2.53,16150,0
PRFX.US,D,20231222,000000,2.49,3.13,2.45,2.94,99775,0
PRFX.US,D,20231226,000000,3.02,3.03,2.8279,2.915,24693,0
PRFX.US,D,20231227,000000,2.96,3.2,2.92,3.035,41907,0
PRFX.US,D,20231228,000000,3.25,3.36,2.95,3.11,44609,0
PRFX.US,D,20231229,000000,3.22,3.22,2.75,2.75,56633,0
PRFX.US,D,20240102,000000,2.7,2.7,2.44,2.58,161556,0
PRFX.US,D,20240103,000000,2.77,2.78,2.35,2.5804,123516,0
PRFX.US,D,20240104,000000,2.58,2.61,2.37,2.395,31455,0
PRFX.US,D,20240105,000000,2.5899,2.62,2.42,2.48,42981,0
PRFX.US,D,20240108,000000,2.48,2.6,2.4577,2.6,9696,0
PRFX.US,D,20240109,000000,2.64,2.9799,2.64,2.858,56774,0
PRFX.US,D,20240110,000000,2.81,2.8765,2.4,2.4101,12782,0
PRFX.US,D,20240111,000000,2.83,2.83,2.5,2.5318,21622,0
PRFX.US,D,20240112,000000,2.65,2.6604,2.4101,2.45,3350,0
PRFX.US,D,20240116,000000,2.5,2.6,2.35,2.36,13138,0
PRFX.US,D,20240117,000000,2.35,2.58,2.1501,2.2425,17373,0
PRFX.US,D,20240118,000000,2.3601,2.3601,2.11,2.11,14398,0
PRFX.US,D,20240119,000000,2.47,2.47,2.16,2.2455,15284,0
PRFX.US,D,20240122,000000,2.2542,2.26,2.0547,2.08,20358,0
PRFX.US,D,20240123,000000,2.18,2.18,2.02,2.1012,9597,0
PRFX.US,D,20240124,000000,2.05,2.065,2.01,2.0598,8837,0
PRFX.US,D,20240125,000000,2.0355,2.077,1.97,1.97,11133,0
PRFX.US,D,20240126,000000,2.0394,2.04,1.97,2.03,2778,0
PRFX.US,D,20240129,000000,2.14,2.14,1.94,2.06,9413,0
PRFX.US,D,20240130,000000,2.01,2.04,1.9224,2,11678,0
PRFX.US,D,20240131,000000,2,2.0769,2,2.0001,3885,0
PRFX.US,D,20240201,000000,2.01,2.035,1.9,1.9991,8011,0
PRFX.US,D,20240202,000000,1.96,1.98,1.87,1.92,6804,0
PRFX.US,D,20240205,000000,1.89,1.99,1.85,1.9665,16662,0
PRFX.US,D,20240206,000000,2.02,2.15,2,2.15,13292,0
PRFX.US,D,20240207,000000,2.2,2.2789,2,2.03,15003,0
PRFX.US,D,20240208,000000,2.17,2.17,2,2.11,7941,0
PRFX.US,D,20240209,000000,2.025,2.17,2.02,2.115,8172,0
PRFX.US,D,20240212,000000,2.12,2.2411,2.11,2.16,12111,0
PRFX.US,D,20240213,000000,2.12,2.24,2.11,2.11,17349,0
PRFX.US,D,20240214,000000,2.1,2.18,2.09,2.11,7474,0
PRFX.US,D,20240215,000000,2.19,2.28,2.11,2.13,13085,0
PRFX.US,D,20240216,000000,2.243,2.25,2.13,2.15,18093,0
PRFX.US,D,20240220,000000,2.21,2.2478,2.12,2.13,15604,0
PRFX.US,D,20240221,000000,2.175,2.2,1.99,2,20659,0
PRFX.US,D,20240222,000000,2.002,2.01,1.95,1.95,8211,0
PRFX.US,D,20240223,000000,1.95,1.98,1.9,1.9009,15258,0
PRFX.US,D,20240226,000000,1.96,1.96,1.9,1.9001,2810,0
PRFX.US,D,20240227,000000,1.975,2.0499,1.9,1.9,11832,0
PRFX.US,D,20240228,000000,1.86,1.9825,1.86,1.91,5160,0
PRFX.US,D,20240229,000000,1.97,1.97,1.83,1.9,4003,0
PRFX.US,D,20240301,000000,1.99,2.43,1.9618,2.3069,113533,0
PRFX.US,D,20240304,000000,2.2,2.27,2,2.1,56050,0
PRFX.US,D,20240305,000000,2.0993,2.2453,2.03,2.06,21836,0
PRFX.US,D,20240306,000000,2.14,2.14,2.02,2.04,7677,0
PRFX.US,D,20240307,000000,2.1216,2.1216,2.04,2.09,1742,0
PRFX.US,D,20240308,000000,2.07,2.13,1.9233,1.98,52789,0
PRFX.US,D,20240311,000000,1.96,2.09,1.95,2.078,7981,0
PRFX.US,D,20240312,000000,1.96,2,1.92,2,12145,0
PRFX.US,D,20240313,000000,1.96,2.04,1.94,1.95,5027,0
PRFX.US,D,20240314,000000,1.99,1.9981,1.89,1.89,3322,0
PRFX.US,D,20240315,000000,1.8901,1.97,1.84,1.84,11659,0
PRFX.US,D,20240318,000000,1.865,1.896,1.84,1.84,4634,0
PRFX.US,D,20240319,000000,1.88,1.89,1.8535,1.8873,8046,0
PRFX.US,D,20240320,000000,1.9217,1.9217,1.9,1.92,3064,0
PRFX.US,D,20240321,000000,1.92,2.03,1.92,1.97,4362,0
PRFX.US,D,20240322,000000,2.06,2.2466,1.78,1.78,67868,0
PRFX.US,D,20240325,000000,1.85,2.005,1.8,1.8,15317,0
PRFX.US,D,20240326,000000,1.8011,1.8737,1.8,1.8,9101,0
PRFX.US,D,20240327,000000,1.8,1.9103,1.78,1.78,10279,0
PRFX.US,D,20240328,000000,1.78,1.89,1.78,1.82,3785,0
PRFX.US,D,20240401,000000,1.8702,1.8702,1.73,1.77,8260,0
PRFX.US,D,20240402,000000,1.9,1.9,1.73,1.73,43362,0
PRFX.US,D,20240403,000000,1.74,1.9,1.74,1.77,7598,0
PRFX.US,D,20240404,000000,1.76,1.8399,1.73,1.8089,17766,0
PRFX.US,D,20240405,000000,1.73,1.8016,1.7,1.7,18752,0
PRFX.US,D,20240408,000000,1.79,1.79,1.51,1.7399,9374,0
PRFX.US,D,20240409,000000,1.97,2.55,1.3,1.51,6349217,0
PRFX.US,D,20240410,000000,1.36,1.62,1.13,1.46,377382,0
PRFX.US,D,20240411,000000,1.32,1.44,1.17,1.21,135247,0
PRFX.US,D,20240412,000000,1.17,1.22,1.05,1.101,82985,0
PRFX.US,D,20240415,000000,1.13,1.14,0.98,0.9809,87227,0
PRFX.US,D,20240416,000000,0.82,0.85,0.69,0.81,238797,0
PRFX.US,D,20240417,000000,0.983,1,0.8,0.9109,570988,0
PRFX.US,D,20240418,000000,0.91,0.9253,0.8,0.89,38463,0
PRFX.US,D,20240419,000000,0.87,0.89,0.8,0.878,29347,0
PRFX.US,D,20240422,000000,0.872,0.876951,0.81,0.8506,39506,0
PRFX.US,D,20240423,000000,0.85,0.89,0.8423,0.8898,48235,0
PRFX.US,D,20240424,000000,0.835,0.870001,0.825,0.857,23221,0
PRFX.US,D,20240425,000000,0.82,0.8567,0.7672,0.8392,12010,0
PRFX.US,D,20240426,000000,0.838,0.8499,0.81,0.8101,23959,0
PRFX.US,D,20240429,000000,0.79,0.96,0.784,0.891499,76389,0
PRFX.US,D,20240430,000000,0.8748,0.9499,0.86,0.923542,12742,0
PRFX.US,D,20240501,000000,0.9235,0.9696,0.9122,0.9449,9891,0
PRFX.US,D,20240502,000000,0.9449,0.95,0.8708,0.92,24562,0
PRFX.US,D,20240503,000000,0.92,0.966,0.81,0.821,77988,0
PRFX.US,D,20240506,000000,0.8211,0.86,0.75,0.84,19164,0
PRFX.US,D,20240507,000000,0.8484,0.855,0.79,0.855,12530,0
PRFX.US,D,20240508,000000,0.795,0.8499,0.795,0.8,20671,0
PRFX.US,D,20240509,000000,0.8,0.8499,0.78,0.81,11000,0
PRFX.US,D,20240510,000000,0.81,0.8499,0.78,0.78,14683,0
PRFX.US,D,20240513,000000,0.8106,0.855,0.799899,0.82,64116,0
PRFX.US,D,20240514,000000,0.811,0.854,0.8,0.854,73769,0
PRFX.US,D,20240515,000000,0.8383,0.84,0.7824,0.8001,35954,0
PRFX.US,D,20240516,000000,0.81055,0.846,0.8001,0.8001,25364,0
PRFX.US,D,20240517,000000,0.8005,0.87,0.8,0.8455,39390,0
PRFX.US,D,20240520,000000,0.85,0.8561,0.75,0.7705,110837,0
PRFX.US,D,20240521,000000,0.8085,0.8085,0.75,0.75,47235,0
PRFX.US,D,20240522,000000,0.7901,0.82,0.72,0.75,11472,0
PRFX.US,D,20240523,000000,0.771,0.7819,0.7199,0.728231,28636,0
PRFX.US,D,20240524,000000,0.74,0.76,0.65,0.7,60027,0
PRFX.US,D,20240528,000000,0.71,0.719,0.6875,0.6875,17257,0
PRFX.US,D,20240529,000000,0.67,0.74999,0.67,0.70001,34213,0
PRFX.US,D,20240530,000000,0.717961,0.7496,0.71,0.71,8474,0
PRFX.US,D,20240531,000000,0.7196,0.75,0.71,0.71,12275,0
PRFX.US,D,20240603,000000,0.7095,0.8,0.7053,0.7053,40472,0
PRFX.US,D,20240604,000000,0.71,0.765,0.7,0.7001,46616,0
PRFX.US,D,20240605,000000,0.7254,0.7497,0.65,0.6826,33792,0
PRFX.US,D,20240606,000000,0.6713,0.75,0.65,0.661,76681,0
PRFX.US,D,20240607,000000,0.698,0.698,0.6,0.63,60654,0
PRFX.US,D,20240610,000000,0.601001,0.657,0.6,0.6385,62506,0
PRFX.US,D,20240611,000000,0.625,0.637,0.603,0.603,17439,0
PRFX.US,D,20240612,000000,0.63,0.7571,0.61,0.7571,3272267,0
PRFX.US,D,20240613,000000,0.625,0.6532,0.55,0.5502,580009,0
PRFX.US,D,20240614,000000,0.5617,0.5743,0.48,0.52,346470,0
PRFX.US,D,20240617,000000,0.5044,0.545,0.4782,0.499,321237,0
PRFX.US,D,20240618,000000,0.494,0.51485,0.4677,0.491,216557,0
PRFX.US,D,20240620,000000,0.4879,0.5061,0.4614,0.4705,63621,0
PRFX.US,D,20240621,000000,0.4699,0.51,0.4615,0.4989,118872,0
PRFX.US,D,20240624,000000,0.48,0.52,0.4505,0.48,132063,0
PRFX.US,D,20240625,000000,0.4656,0.64,0.4471,0.4602,473646,0
PRFX.US,D,20240626,000000,0.4699,0.523,0.4581,0.472,387660,0
PRFX.US,D,20240627,000000,0.4712,0.5,0.471,0.4982,78567,0
PRFX.US,D,20240628,000000,0.5,0.5,0.47,0.48,79798,0
PRFX.US,D,20240701,000000,0.4701,0.519,0.4701,0.4872,69947,0
PRFX.US,D,20240702,000000,0.488,0.5172,0.4872,0.4881,34618,0
PRFX.US,D,20240703,000000,0.4881,0.59,0.432,0.4589,499382,0
PRFX.US,D,20240705,000000,0.45,0.4858,0.4403,0.46,57773,0
PRFX.US,D,20240708,000000,0.4538,0.4789,0.4538,0.4786,47632,0
PRFX.US,D,20240709,000000,0.48,0.4999,0.48,0.4821,29863,0
PRFX.US,D,20240710,000000,0.506,0.506,0.46,0.488,110878,0
PRFX.US,D,20240711,000000,0.497,0.52,0.49,0.5,81545,0
PRFX.US,D,20240712,000000,0.51,0.51,0.486,0.488,67161,0
PRFX.US,D,20240715,000000,0.4853,0.599,0.4853,0.545,329271,0
PRFX.US,D,20240716,000000,0.5381,0.5625,0.5212,0.5378,63364,0
PRFX.US,D,20240717,000000,0.57,0.585,0.5231,0.56,43323,0
PRFX.US,D,20240718,000000,0.5303,0.56,0.5,0.5252,39310,0
PRFX.US,D,20240719,000000,0.526,0.54,0.505,0.505,24755,0
PRFX.US,D,20240722,000000,0.515,0.56,0.478,0.491,89687,0
PRFX.US,D,20240723,000000,0.47,0.489,0.381,0.4269,1360521,0
PRFX.US,D,20240724,000000,0.43,0.4344,0.3912,0.39975,240731,0
PRFX.US,D,20240725,000000,0.4075,0.42,0.379,0.382,108518,0
PRFX.US,D,20240726,000000,0.38,0.4184,0.38,0.4128,338181,0
PRFX.US,D,20240729,000000,0.421,0.44,0.39,0.3949,125330,0
PRFX.US,D,20240730,000000,0.4089,0.4139,0.3821,0.41,25203,0
PRFX.US,D,20240731,000000,0.4,0.42,0.382,0.4045,59716,0
PRFX.US,D,20240801,000000,0.4125,0.4125,0.3623,0.396,878054,0
PRFX.US,D,20240802,000000,0.364,0.39965,0.3507,0.37385,102329,0
PRFX.US,D,20240805,000000,0.3884,0.3884,0.3202,0.3263,492753,0
PRFX.US,D,20240806,000000,0.3393,0.3393,0.31,0.3242,99579,0
PRFX.US,D,20240807,000000,0.3289,0.4154,0.29,0.3083,670148,0
PRFX.US,D,20240808,000000,0.2975,0.312118,0.29,0.293,107654,0
PRFX.US,D,20240809,000000,0.293,0.345,0.293,0.3195,80591,0
PRFX.US,D,20240812,000000,0.323,0.353,0.3003,0.3167,151198,0
PRFX.US,D,20240813,000000,0.3274,0.3274,0.3004,0.3148,44376,0
PRFX.US,D,20240814,000000,0.3018,0.3273,0.2903,0.306,98099,0
PRFX.US,D,20240815,000000,0.3013,0.33,0.295,0.3028,63476,0
PRFX.US,D,20240816,000000,0.318,0.3435,0.3037,0.337,118976,0
PRFX.US,D,20240819,000000,0.3399,0.345,0.3105,0.3105,72737,0
PRFX.US,D,20240820,000000,0.4506,0.4962,0.2375,0.2633,37708670,0
PRFX.US,D,20240821,000000,0.26,0.2953,0.255,0.275,2935761,0
PRFX.US,D,20240822,000000,0.2724,0.2918,0.2408,0.2678,1093144,0
PRFX.US,D,20240823,000000,0.262,0.2821,0.255,0.267,682497,0
PRFX.US,D,20240826,000000,0.2593,0.275,0.2593,0.2716,1090680,0
PRFX.US,D,20240827,000000,0.278,0.2799,0.2661,0.2725,287957,0
PRFX.US,D,20240828,000000,0.2675,0.27,0.2368,0.2405,500289,0
PRFX.US,D,20240829,000000,0.238,0.2405,0.222,0.2328,509183,0
PRFX.US,D,20240830,000000,0.2321,0.2328,0.2211,0.223,167365,0
PRFX.US,D,20240903,000000,0.221,0.2291,0.204,0.21,372835,0
PRFX.US,D,20240904,000000,0.2068,0.24,0.2012,0.2151,434087,0
PRFX.US,D,20240905,000000,0.1966,0.2142,0.1959,0.2073,1297729,0
PRFX.US,D,20240906,000000,0.2126,0.3099,0.2005,0.2573,15747378,0
PRFX.US,D,20240909,000000,1.58,1.6799,1.45,1.59,559119,0
PRFX.US,D,20240910,000000,1.61,1.61,1,1.06,816403,0
PRFX.US,D,20240911,000000,1.11,1.1393,0.8205,0.95,4083884,0
PRFX.US,D,20240912,000000,0.9126,0.9205,0.7566,0.83,431478,0
PRFX.US,D,20240913,000000,0.8399,0.8751,0.8197,0.87,269382,0
PRFX.US,D,20240916,000000,0.89,1.03,0.8401,0.9071,548806,0
PRFX.US,D,20240917,000000,0.9171,0.924,0.77,0.795,264289,0
PRFX.US,D,20240918,000000,0.81,0.8829,0.721,0.83,4221394,0
PRFX.US,D,20240919,000000,0.789,0.7925,0.73,0.7525,410575,0
PRFX.US,D,20240920,000000,0.7501,0.79,0.732,0.7711,561286,0
PRFX.US,D,20240923,000000,0.6226,0.63,0.57,0.62,369932,0
PRFX.US,D,20240924,000000,0.613,0.62,0.59,0.6104,137675,0
PRFX.US,D,20240925,000000,0.6,0.675,0.6,0.6599,201737,0
PRFX.US,D,20240926,000000,0.7,0.7,0.64,0.66,131830,0
PRFX.US,D,20240927,000000,0.6502,0.669899,0.6217,0.6261,124062,0
PRFX.US,D,20240930,000000,0.6449,0.645051,0.6,0.6184,105799,0
PRFX.US,D,20241001,000000,0.6201,0.6496,0.6,0.6215,99187,0
PRFX.US,D,20241002,000000,0.6314,0.6468,0.601,0.6126,96110,0
PRFX.US,D,20241003,000000,0.6125,0.6399,0.6003,0.61,38492,0
PRFX.US,D,20241004,000000,0.611,0.6577,0.6067,0.6413,62476,0
PRFX.US,D,20241007,000000,0.65,0.665,0.635,0.64,57393,0
PRFX.US,D,20241008,000000,0.659,0.67,0.65,0.67,42746,0
PRFX.US,D,20241009,000000,0.68,0.695299,0.66,0.6603,54014,0
PRFX.US,D,20241010,000000,0.6603,0.68,0.6201,0.6201,56921,0
PRFX.US,D,20241011,000000,0.6,0.605,0.5311,0.583,156824,0
PRFX.US,D,20241014,000000,0.58,0.6001,0.5345,0.5998,85687,0
PRFX.US,D,20241015,000000,0.575,0.5998,0.5608,0.57,166212,0
PRFX.US,D,20241016,000000,0.5899,0.79,0.576,0.69,1959898,0
PRFX.US,D,20241017,000000,0.64,0.65,0.6,0.6218,286606,0
PRFX.US,D,20241018,000000,0.65,0.6989,0.61,0.66,208737,0
PRFX.US,D,20241021,000000,0.6859,0.84,0.669999,0.7401,1373989,0
PRFX.US,D,20241022,000000,0.84,0.8696,0.752,0.81,1486300,0
PRFX.US,D,20241023,000000,0.765,0.765,0.6814,0.7353,431160,0
PRFX.US,D,20241024,000000,0.7,0.7353,0.67,0.7,119215,0
PRFX.US,D,20241025,000000,0.686,0.7,0.621,0.6379,192739,0
PRFX.US,D,20241028,000000,0.65,0.65,0.5801,0.6,220865,0
PRFX.US,D,20241029,000000,0.59,0.627,0.56,0.588,95605,0
