<TICKER>,<PER>,<DATE>,<TIME>,<OPEN>,<HIGH>,<LOW>,<CLOSE>,<VOL>,<OPENINT>
PRTG.US,D,20210226,000000,37,37,34.1009,34.1101,7780,0
PRTG.US,D,20210301,000000,35,36.7782,33.03,33.97,7910,0
PRTG.US,D,20210302,000000,34,36,31.36,36,3410,0
PRTG.US,D,20210303,000000,36,36,31.3205,35.45,8572,0
PRTG.US,D,20210304,000000,33.2082,33.2082,28.4283,29.12,20683,0
PRTG.US,D,20210305,000000,30,35,28.5559,32,20085,0
PRTG.US,D,20210308,000000,32,32,27.605,28.01,18359,0
PRTG.US,D,20210309,000000,30.25,30.25,28.5,29.03,3067,0
PRTG.US,D,20210310,000000,28.36,31,28.36,31,12073,0
PRTG.US,D,20210311,000000,29.2196,31,28.555,30.8343,23969,0
PRTG.US,D,20210312,000000,31,33,29.79,32.79,27939,0
PRTG.US,D,20210315,000000,33,35.995,32,35,35786,0
PRTG.US,D,20210316,000000,34.7,35,34.2,34.2,9311,0
PRTG.US,D,20210317,000000,33.375,34.5,32.97,32.97,6442,0
PRTG.US,D,20210318,000000,31.06,35.5,31.06,33.44,22460,0
PRTG.US,D,20210319,000000,34,35.05,32.884,33.26,22551,0
PRTG.US,D,20210322,000000,35.0196,35.0196,32.5825,34.75,4278,0
PRTG.US,D,20210323,000000,33.96,34.98,32,32,8895,0
PRTG.US,D,20210324,000000,32,32,29,29.0001,8472,0
PRTG.US,D,20210325,000000,30.04,30.04,29.02,29.02,9309,0
PRTG.US,D,20210326,000000,29.8519,32.48,29.5,29.7,29318,0
PRTG.US,D,20210329,000000,31.01,31.01,27.13,28.0395,8594,0
PRTG.US,D,20210330,000000,29.85,29.85,28.07,28.495,5115,0
PRTG.US,D,20210331,000000,28.5,28.5,27.0775,27.97,4859,0
PRTG.US,D,20210401,000000,29.9,29.92,28.32,28.67,3496,0
PRTG.US,D,20210405,000000,28.525,28.8595,28,28.72,3140,0
PRTG.US,D,20210406,000000,28.9,29.74,28.47,29,20454,0
PRTG.US,D,20210407,000000,28.9,31.9699,28,31,13893,0
PRTG.US,D,20210408,000000,31,31.7,28.53,29.8,20448,0
PRTG.US,D,20210409,000000,30,30.5999,29.01,29.2304,5929,0
PRTG.US,D,20210412,000000,29.19,29.19,26.72,28.97,10590,0
PRTG.US,D,20210413,000000,28.99,29.51,28.04,29.25,4603,0
PRTG.US,D,20210414,000000,29.8585,29.95,28.116,28.17,6318,0
PRTG.US,D,20210415,000000,30.49,30.49,28.756,29.04,7027,0
PRTG.US,D,20210416,000000,28.51,29.4131,26.5,26.99,22751,0
PRTG.US,D,20210419,000000,26.5,29.4,26.5,29.4,8496,0
PRTG.US,D,20210420,000000,26.55,29.21,26.55,28.15,2541,0
PRTG.US,D,20210421,000000,28.2,28.8627,27.03,27.99,6076,0
PRTG.US,D,20210422,000000,28.2889,29.2899,27.5,28.71,14673,0
PRTG.US,D,20210423,000000,29.49,29.49,26.947,28,8927,0
PRTG.US,D,20210426,000000,28.15,29.4181,27.89,28.37,17636,0
PRTG.US,D,20210427,000000,27.2,27.2,25.82,27.19,14685,0
PRTG.US,D,20210428,000000,28.2285,28.2285,27.08,27.91,4108,0
PRTG.US,D,20210429,000000,26.85,28.24,26.6469,28.16,12475,0
PRTG.US,D,20210430,000000,27.4,28.5,27.4,28.5,14703,0
PRTG.US,D,20210503,000000,27.88,28.45,27.88,28.45,10682,0
PRTG.US,D,20210504,000000,28,28.3149,27.1024,28,12894,0
PRTG.US,D,20210505,000000,27.79,29.18,27.2154,27.92,16739,0
PRTG.US,D,20210506,000000,27.42,28.604,26.6427,28.28,19260,0
PRTG.US,D,20210507,000000,28.2,28.2,27.531,27.97,9554,0
PRTG.US,D,20210510,000000,27.58,29.44,27.45,28.75,27536,0
PRTG.US,D,20210511,000000,28.5,29.5,27.9,27.91,23079,0
PRTG.US,D,20210512,000000,28.3841,29.7,27.3229,27.58,18429,0
PRTG.US,D,20210513,000000,29.94,29.94,27.27,28.04,9918,0
PRTG.US,D,20210514,000000,28.0001,28.8,28,28.8,12388,0
PRTG.US,D,20210517,000000,28.5,29.38,27.3262,27.61,20450,0
PRTG.US,D,20210518,000000,27.5,28.5,27.1895,28.27,19838,0
PRTG.US,D,20210519,000000,28,28.44,27.54,27.75,7621,0
PRTG.US,D,20210520,000000,27.99,27.99,27.26,27.6,8021,0
PRTG.US,D,20210521,000000,27.5,28.25,27.4,27.69,10065,0
PRTG.US,D,20210524,000000,27.49,28.51,27.05,27.56,17157,0
PRTG.US,D,20210525,000000,28.04,28.06,26.4,26.54,18745,0
PRTG.US,D,20210526,000000,27.01,27.3537,26.34,27.25,16838,0
PRTG.US,D,20210527,000000,27.11,28.3424,27.05,27.86,13664,0
PRTG.US,D,20210528,000000,28.75,29.04,28,28.1,20651,0
PRTG.US,D,20210601,000000,29,29.2599,28.8627,29.09,22815,0
PRTG.US,D,20210602,000000,29.1,30.87,29.04,30.51,49257,0
PRTG.US,D,20210603,000000,31,31,29.5261,30.22,34218,0
PRTG.US,D,20210604,000000,30.7,30.8,29.2874,29.88,12477,0
PRTG.US,D,20210607,000000,30.02,31,29.99,30.88,43541,0
PRTG.US,D,20210608,000000,31,31,29.36,30.19,28163,0
PRTG.US,D,20210609,000000,30,30.98,29.34,30.22,22278,0
PRTG.US,D,20210610,000000,30.99,31,30.04,31,16445,0
PRTG.US,D,20210611,000000,31,34.13,30.75,34,18184,0
PRTG.US,D,20210614,000000,34.98,39.73,34.94,39,66398,0
PRTG.US,D,20210615,000000,39.85,39.85,37.86,39,19691,0
PRTG.US,D,20210616,000000,38.16,40,38.16,40,21788,0
PRTG.US,D,20210617,000000,38.81,42.81,38.81,42.81,30800,0
PRTG.US,D,20210618,000000,42.73,44.9763,38.26,39.9,39707,0
PRTG.US,D,20210621,000000,39.73,41.99,38.4,39.7,37248,0
PRTG.US,D,20210622,000000,39.64,39.6488,32.6201,33.91,73886,0
PRTG.US,D,20210623,000000,36.02,36.02,32.7,34.8,77584,0
PRTG.US,D,20210624,000000,24.7318,26.75,24.7318,25.95,1102538,0
PRTG.US,D,20210625,000000,25.5989,26.26,24.5,25.25,618670,0
PRTG.US,D,20210628,000000,25.19,25.7,23.755,24,120368,0
PRTG.US,D,20210629,000000,24.29,25.14,22.23,22.75,137863,0
PRTG.US,D,20210630,000000,22.76,23.0445,20.75,20.96,137764,0
PRTG.US,D,20210701,000000,21.61,22.5699,20.72,22.35,63005,0
PRTG.US,D,20210702,000000,21.76,22.69,21.225,21.96,34419,0
PRTG.US,D,20210706,000000,22.22,22.22,20.8,21.27,60475,0
PRTG.US,D,20210707,000000,20.91,20.91,18.25,19.43,224344,0
PRTG.US,D,20210708,000000,19.33,19.87,18.0987,19.2,89446,0
PRTG.US,D,20210709,000000,19.41,22.54,18.8016,22.08,84739,0
PRTG.US,D,20210712,000000,22,22,20.21,20.45,37419,0
PRTG.US,D,20210713,000000,20.67,21.35,18.55,18.71,42940,0
PRTG.US,D,20210714,000000,18.8,19.8,18.05,18.26,51975,0
PRTG.US,D,20210715,000000,18.26,18.58,16.77,17.1,98514,0
PRTG.US,D,20210716,000000,17.03,17.53,16.8,17,66311,0
PRTG.US,D,20210719,000000,16.83,17.5388,16.57,17,90359,0
PRTG.US,D,20210720,000000,17,17.6255,16.26,16.88,59614,0
PRTG.US,D,20210721,000000,16.95,17.5,16.6901,16.97,36014,0
PRTG.US,D,20210722,000000,16.92,17.76,16.8639,17.61,34992,0
PRTG.US,D,20210723,000000,17.42,17.553,17.06,17.32,18141,0
PRTG.US,D,20210726,000000,17.33,17.44,16.26,16.37,27937,0
PRTG.US,D,20210727,000000,16.62,16.95,15.53,16.29,44962,0
PRTG.US,D,20210728,000000,16.36,17,16,16.37,29109,0
PRTG.US,D,20210729,000000,16.74,16.74,15.78,15.84,20769,0
PRTG.US,D,20210730,000000,15.74,15.9996,15.1,15.14,50659,0
PRTG.US,D,20210802,000000,15.3,15.4,14.07,14.99,46110,0
PRTG.US,D,20210803,000000,15,15,14.2,14.35,28253,0
PRTG.US,D,20210804,000000,14.36,14.405,13.4,13.65,58937,0
PRTG.US,D,20210805,000000,13.82,15.7,13.77,15.6,66682,0
PRTG.US,D,20210806,000000,15.33,15.5758,14.9497,15.2,15426,0
PRTG.US,D,20210809,000000,15.45,17.3737,15.225,17.13,33572,0
PRTG.US,D,20210810,000000,16.86,17.425,16.05,16.38,17768,0
PRTG.US,D,20210811,000000,16.8,17.49,16.41,17.15,20621,0
PRTG.US,D,20210812,000000,17.17,18.13,16.92,17.3,22272,0
PRTG.US,D,20210813,000000,17.25,17.41,16.5,17.32,11164,0
PRTG.US,D,20210816,000000,17.47,17.69,16.3644,17.51,14827,0
PRTG.US,D,20210817,000000,17.16,17.65,16.62,17.64,8932,0
PRTG.US,D,20210818,000000,17.7,19.5,17.69,18.95,48426,0
PRTG.US,D,20210819,000000,19.39,19.87,18.19,19,66435,0
PRTG.US,D,20210820,000000,18.71,20.6481,18.2601,19.98,49172,0
PRTG.US,D,20210823,000000,20.3,21.88,19.57,21.88,56080,0
PRTG.US,D,20210824,000000,21.61,22.3199,21.5,22.05,24625,0
PRTG.US,D,20210825,000000,22,22.8,21.898,22.4,33774,0
PRTG.US,D,20210826,000000,22.15,22.82,20.6,20.83,40292,0
PRTG.US,D,20210827,000000,20.7462,21.6,20.63,21.47,20285,0
PRTG.US,D,20210830,000000,21.5,21.855,20.68,20.68,13934,0
PRTG.US,D,20210831,000000,20.75,21.43,19.73,20.31,23987,0
PRTG.US,D,20210901,000000,20.47,21.61,19.8,21.61,16055,0
PRTG.US,D,20210902,000000,22.52,22.52,20.65,21.9,31505,0
PRTG.US,D,20210903,000000,21.9,22.09,20.81,21.57,27627,0
PRTG.US,D,20210907,000000,21.8,22.23,19.84,19.98,31603,0
PRTG.US,D,20210908,000000,19.91,20.2,18.4,19.27,46251,0
PRTG.US,D,20210909,000000,19.69,19.875,19.05,19.12,14776,0
PRTG.US,D,20210910,000000,19.5,19.95,18.64,18.86,12066,0
PRTG.US,D,20210913,000000,19.02,19.34,17.43,18.3,49518,0
PRTG.US,D,20210914,000000,18.24,18.97,17.4956,18.25,33212,0
PRTG.US,D,20210915,000000,18.2,18.97,17.9853,18.97,22808,0
PRTG.US,D,20210916,000000,18.71,19.78,17.8177,19.29,33277,0
PRTG.US,D,20210917,000000,19.42,20.77,18.9,19.3,111873,0
PRTG.US,D,20210920,000000,18.83,20.5,18.0278,18.58,16869,0
PRTG.US,D,20210921,000000,19.01,20.08,18.5,19.74,21412,0
PRTG.US,D,20210922,000000,19.72,20.75,19.48,20.59,30217,0
PRTG.US,D,20210923,000000,20.75,21.94,20.6299,21.94,28499,0
PRTG.US,D,20210924,000000,21.94,21.94,20.81,21.54,16018,0
PRTG.US,D,20210927,000000,21.5,21.79,20.5101,21.16,16368,0
PRTG.US,D,20210928,000000,21.31,21.74,20,20.47,12269,0
PRTG.US,D,20210929,000000,21,21.0841,19.6474,20.7,16500,0
PRTG.US,D,20210930,000000,20.91,20.91,20,20.32,12038,0
PRTG.US,D,20211001,000000,20.43,21.175,19.6827,20.57,15258,0
PRTG.US,D,20211004,000000,20.58,21.59,20.25,20.69,21514,0
PRTG.US,D,20211005,000000,20.51,20.8811,20.1,20.71,12230,0
PRTG.US,D,20211006,000000,20.78,20.78,18.69,19.18,17881,0
PRTG.US,D,20211007,000000,19.1,20.44,19,20.44,11046,0
PRTG.US,D,20211008,000000,20.5364,20.5364,19.6735,20.39,9860,0
PRTG.US,D,20211011,000000,19.332,20.93,19.332,19.71,13133,0
PRTG.US,D,20211012,000000,19.9,20.61,19.7,20.4,10445,0
PRTG.US,D,20211013,000000,20.89,21.95,20.0414,21.01,21979,0
PRTG.US,D,20211014,000000,20.78,21.74,20.58,20.58,14691,0
PRTG.US,D,20211015,000000,21.57,21.57,20.1501,20.79,14075,0
PRTG.US,D,20211018,000000,20.39,21.4892,19.88,20.03,7573,0
PRTG.US,D,20211019,000000,20,20.9128,19.1,19.82,8817,0
PRTG.US,D,20211020,000000,19.5,19.9983,19.11,19.52,11892,0
PRTG.US,D,20211021,000000,19.1001,20.3594,18.29,18.5,17230,0
PRTG.US,D,20211022,000000,18.71,19.18,18.55,19.06,8526,0
PRTG.US,D,20211025,000000,18.7369,19.24,18.5,18.89,9630,0
PRTG.US,D,20211026,000000,19.24,19.35,18.93,19.35,39132,0
PRTG.US,D,20211027,000000,19.35,19.5,19.18,19.33,15640,0
PRTG.US,D,20211028,000000,19.49,20.4489,19.28,20.21,38625,0
PRTG.US,D,20211029,000000,20.4,21.25,20.3501,20.4,19517,0
PRTG.US,D,20211101,000000,20.84,22.4,20.84,22.39,43957,0
PRTG.US,D,20211102,000000,22.01,23.44,22.01,23.22,35107,0
PRTG.US,D,20211103,000000,22.59,23.95,22.2,23.74,14497,0
PRTG.US,D,20211104,000000,23.75,23.75,23.09,23.73,16873,0
PRTG.US,D,20211105,000000,23.8,23.9199,23,23.62,28281,0
PRTG.US,D,20211108,000000,23.2017,23.8927,22.01,22.79,14877,0
PRTG.US,D,20211109,000000,22.5,23.18,21.9001,22.82,14366,0
PRTG.US,D,20211110,000000,22.4802,23.2749,21.33,21.33,17977,0
PRTG.US,D,20211111,000000,21.33,22.9949,21.33,21.74,9858,0
PRTG.US,D,20211112,000000,22.03,22.0806,21.2162,21.73,8165,0
PRTG.US,D,20211115,000000,21.8,23.99,20.445,21.86,36728,0
PRTG.US,D,20211116,000000,22.01,23.045,20.91,21.12,10301,0
PRTG.US,D,20211117,000000,20.7954,22.7244,20.7954,20.99,8915,0
PRTG.US,D,20211118,000000,21.42,23.55,19.4,20.57,23117,0
PRTG.US,D,20211119,000000,20.12,21.38,19.0619,19.12,37448,0
PRTG.US,D,20211122,000000,19.26,20.3715,17.69,17.77,76120,0
PRTG.US,D,20211123,000000,17.85,18.3868,16.67,16.99,29717,0
PRTG.US,D,20211124,000000,16.57,17.9208,15.83,16.29,63385,0
PRTG.US,D,20211126,000000,15.5,16.8169,15.5,15.61,24686,0
PRTG.US,D,20211129,000000,16.05,16.68,15,15,44721,0
PRTG.US,D,20211130,000000,15,15.4123,14.3606,14.73,41120,0
PRTG.US,D,20211201,000000,15.07,15.07,13.13,13.49,68054,0
PRTG.US,D,20211202,000000,13.73,14.0999,13.23,13.97,43945,0
PRTG.US,D,20211203,000000,13.56,13.68,12.665,13.08,43584,0
PRTG.US,D,20211206,000000,13.09,13.93,11.85,12.6,118380,0
PRTG.US,D,20211207,000000,12.78,13,12,12.82,51742,0
PRTG.US,D,20211208,000000,12.73,13.84,12.51,13.72,28153,0
PRTG.US,D,20211209,000000,12.76,13.71,12.76,13.01,13825,0
PRTG.US,D,20211210,000000,12.9,13.58,12.5,12.69,20027,0
PRTG.US,D,20211213,000000,12.76,13.1,12.0406,12.54,20244,0
PRTG.US,D,20211214,000000,12.45,12.83,11.52,11.78,11316,0
PRTG.US,D,20211215,000000,11.77,12.5,11.26,12.13,29175,0
PRTG.US,D,20211216,000000,12.68,12.91,11.88,12.51,15867,0
PRTG.US,D,20211217,000000,12.39,13.44,12.39,13.33,19226,0
PRTG.US,D,20211220,000000,13.1,13.44,12.54,12.74,17451,0
PRTG.US,D,20211221,000000,12.69,13.4899,12.61,12.96,13951,0
PRTG.US,D,20211222,000000,12.51,13.19,12.51,12.93,22167,0
PRTG.US,D,20211223,000000,12.86,13.0533,12.5101,12.6,12875,0
PRTG.US,D,20211227,000000,12.6,12.6007,11.79,12.14,10287,0
PRTG.US,D,20211228,000000,12.0173,12.0258,11.3,11.36,21788,0
PRTG.US,D,20211229,000000,11.4,11.4963,10.8,10.95,16661,0
PRTG.US,D,20211230,000000,10.95,11.24,10.52,10.96,32114,0
PRTG.US,D,20211231,000000,11.18,11.4898,10.57,10.73,21986,0
PRTG.US,D,20220103,000000,11.01,12.1,10.77,12,20016,0
PRTG.US,D,20220104,000000,11.75,12.14,10.985,11.38,18095,0
PRTG.US,D,20220105,000000,11.2711,11.67,10.71,11.6,16432,0
PRTG.US,D,20220106,000000,11.695,11.695,10.83,10.97,13003,0
PRTG.US,D,20220107,000000,10.77,11.4364,10.77,11.08,15876,0
PRTG.US,D,20220110,000000,10.7934,10.7934,10.135,10.44,15694,0
PRTG.US,D,20220111,000000,10.65,11.1,10,10.75,15418,0
PRTG.US,D,20220112,000000,10.99,11.545,10.535,10.82,23196,0
PRTG.US,D,20220113,000000,10.62,10.7,10.2,10.43,10134,0
PRTG.US,D,20220114,000000,10.5,10.77,10.2501,10.54,43483,0
PRTG.US,D,20220118,000000,11.57,11.57,10,10.12,9607,0
PRTG.US,D,20220119,000000,10.29,10.47,10,10.1,16194,0
PRTG.US,D,20220120,000000,10,10.0719,8.7442,9.35,28051,0
PRTG.US,D,20220121,000000,9.15,9.66,8.74,8.89,19794,0
PRTG.US,D,20220124,000000,8.57,8.99,8,8.86,32289,0
PRTG.US,D,20220125,000000,8.75,10.28,8.57,10.18,16111,0
PRTG.US,D,20220126,000000,10.18,10.44,9.12,9.31,13427,0
PRTG.US,D,20220127,000000,9.324,9.9503,8.91,9.17,6356,0
PRTG.US,D,20220128,000000,9.2,9.81,8.67,9.2,25774,0
PRTG.US,D,20220131,000000,9.0972,9.31,8.52,8.68,28050,0
PRTG.US,D,20220201,000000,8.44,8.91,8.44,8.84,11525,0
PRTG.US,D,20220202,000000,8.68,8.68,8.06,8.28,11952,0
PRTG.US,D,20220203,000000,8.28,8.37,7.7506,8.28,26053,0
PRTG.US,D,20220204,000000,8.1126,8.4981,8.06,8.28,15824,0
PRTG.US,D,20220207,000000,8.275,8.38,8.17,8.29,6980,0
PRTG.US,D,20220208,000000,8.15,8.3,7.915,8.16,15975,0
PRTG.US,D,20220209,000000,7.91,8.9,7.91,8.72,22192,0
PRTG.US,D,20220210,000000,8.7,9.07,8.11,8.22,17727,0
PRTG.US,D,20220211,000000,8.245,8.44,7.98,8.1,10240,0
PRTG.US,D,20220214,000000,8.1,8.2,7.8,7.9,11897,0
PRTG.US,D,20220215,000000,8.19,9.16,8.17,8.84,20293,0
PRTG.US,D,20220216,000000,8.9,8.97,8.5,8.62,10482,0
PRTG.US,D,20220217,000000,8.8,8.805,8.05,8.05,20435,0
PRTG.US,D,20220218,000000,8,8.3,7.9,8.16,10304,0
PRTG.US,D,20220222,000000,8.14,8.14,7.55,7.61,10755,0
PRTG.US,D,20220223,000000,7.6147,7.6147,6.91,7.25,30472,0
PRTG.US,D,20220224,000000,7,8.31,6.86,8.25,44053,0
PRTG.US,D,20220225,000000,8.35,8.35,7.43,7.88,41093,0
PRTG.US,D,20220228,000000,7.98,8.61,7.575,7.95,27917,0
PRTG.US,D,20220301,000000,7.76,8.27,7.205,7.62,43254,0
PRTG.US,D,20220302,000000,7.48,8.07,7.27,7.65,29294,0
PRTG.US,D,20220303,000000,7.6373,7.89,6.795,7.31,35126,0
PRTG.US,D,20220304,000000,7.23,8.21,7.2,7.87,30245,0
PRTG.US,D,20220307,000000,8.32,8.32,7.465,7.94,39516,0
PRTG.US,D,20220308,000000,7.74,9.11,7.5403,8.07,42225,0
PRTG.US,D,20220309,000000,8.45,8.955,7.67,8.44,40558,0
PRTG.US,D,20220310,000000,8.19,8.7673,8.02,8.42,23418,0
PRTG.US,D,20220311,000000,7.33,8.08,7.33,7.83,82773,0
PRTG.US,D,20220314,000000,7.8,8.33,7.49,7.58,17770,0
PRTG.US,D,20220315,000000,7.665,7.75,7.5,7.51,20526,0
PRTG.US,D,20220316,000000,7.7298,7.8357,7.43,7.52,7195,0
PRTG.US,D,20220317,000000,7.6,8.2,7.6,7.78,27852,0
PRTG.US,D,20220318,000000,7.72,8.35,7.5,8.13,64885,0
PRTG.US,D,20220321,000000,7.99,8.29,7.51,7.55,27878,0
PRTG.US,D,20220322,000000,7.68,8,7.51,7.64,28875,0
PRTG.US,D,20220323,000000,7.52,7.78,7.35,7.44,28033,0
PRTG.US,D,20220324,000000,7.4,7.43,6.8,6.94,37473,0
PRTG.US,D,20220325,000000,6.83,6.97,6.57,6.86,28039,0
PRTG.US,D,20220328,000000,6.99,7.1,6.55,6.75,19987,0
PRTG.US,D,20220329,000000,7.34,7.415,6.545,6.87,45548,0
PRTG.US,D,20220330,000000,6.8,7.1,6.74,6.83,27004,0
PRTG.US,D,20220331,000000,6.72,7.03,6.36,6.57,19777,0
PRTG.US,D,20220401,000000,6.52,6.77,6.29,6.73,20665,0
PRTG.US,D,20220404,000000,6.8,6.8,6.3,6.43,20533,0
PRTG.US,D,20220405,000000,6.53,6.66,6.1,6.29,22474,0
PRTG.US,D,20220406,000000,6.43,6.44,6.02,6.21,20881,0
PRTG.US,D,20220407,000000,6.21,6.32,6.11,6.14,10872,0
PRTG.US,D,20220408,000000,6.14,6.75,5.9,6,20433,0
PRTG.US,D,20220411,000000,5.84,6,5.6218,5.66,29282,0
PRTG.US,D,20220412,000000,5.7,6.56,5.7,6.48,37072,0
PRTG.US,D,20220413,000000,6.48,7.24,6.315,7.06,28634,0
PRTG.US,D,20220414,000000,7.15,7.15,6.34,6.39,29031,0
PRTG.US,D,20220418,000000,6.3799,6.55,6.34,6.43,12675,0
PRTG.US,D,20220419,000000,6.27,6.9,6.19,6.36,26583,0
PRTG.US,D,20220420,000000,6.2816,7,6,6.53,29541,0
PRTG.US,D,20220421,000000,6.62,7,5.755,5.885,38371,0
PRTG.US,D,20220422,000000,6.1,6.1,5.24,5.28,29275,0
PRTG.US,D,20220425,000000,5.11,5.9,5.11,5.72,31846,0
PRTG.US,D,20220426,000000,5.5,5.66,4.62,5.34,60535,0
PRTG.US,D,20220427,000000,5.56,6.09,5.34,5.98,48357,0
PRTG.US,D,20220428,000000,5.78,6.25,5.61,5.83,24877,0
PRTG.US,D,20220429,000000,6.16,6.18,5.51,5.54,14334,0
PRTG.US,D,20220502,000000,5.51,6.23,5.24,5.36,34787,0
PRTG.US,D,20220503,000000,5.42,5.42,4.765,5.21,37046,0
PRTG.US,D,20220504,000000,5.33,5.73,5.03,5.71,24384,0
PRTG.US,D,20220505,000000,5.92,6.05,4.91,5.16,28209,0
PRTG.US,D,20220506,000000,5.2,5.5978,5.09,5.43,13351,0
PRTG.US,D,20220509,000000,5.2,5.67,5.2,5.54,59101,0
PRTG.US,D,20220510,000000,5.8953,7.26,5.8953,6.3,188659,0
PRTG.US,D,20220511,000000,6.35,6.68,5.35,5.66,71587,0
PRTG.US,D,20220512,000000,5.53,6.06,5.53,6,23475,0
PRTG.US,D,20220513,000000,6,6.55,5.905,6.2,37320,0
PRTG.US,D,20220516,000000,6.49,6.49,5.87,6.03,12659,0
PRTG.US,D,20220517,000000,6.25,6.58,6.15,6.43,24691,0
PRTG.US,D,20220518,000000,6.26,6.8,6.23,6.53,24818,0
PRTG.US,D,20220519,000000,6.55,6.99,6.43,6.62,28520,0
PRTG.US,D,20220520,000000,6.9,8.63,6.77,8.14,61219,0
PRTG.US,D,20220523,000000,8.05,9.7,8.05,8.77,127482,0
PRTG.US,D,20220524,000000,8.52,8.65,7.11,7.38,77464,0
PRTG.US,D,20220525,000000,7.22,8.75,7.22,8.18,33335,0
PRTG.US,D,20220526,000000,8.1,9.54,8.08,9.34,42299,0
PRTG.US,D,20220527,000000,9.38,10.435,9.026,9.84,41670,0
PRTG.US,D,20220531,000000,9.6,10.5135,9.6,10,30115,0
PRTG.US,D,20220601,000000,10.21,10.58,9.6,9.7,26013,0
PRTG.US,D,20220602,000000,9.9029,10.0295,9.42,9.59,14912,0
PRTG.US,D,20220603,000000,9.36,9.97,9.03,9.68,31932,0
PRTG.US,D,20220606,000000,9.9,9.9,8.65,8.86,28688,0
PRTG.US,D,20220607,000000,8.65,11.285,8.65,10.96,70125,0
PRTG.US,D,20220608,000000,10.93,11.45,10.53,11.07,33694,0
PRTG.US,D,20220609,000000,11.39,11.99,10.8,11.95,47465,0
PRTG.US,D,20220610,000000,11.83,11.83,10.2501,11,27867,0
PRTG.US,D,20220613,000000,11,11.81,10.01,11.73,32407,0
PRTG.US,D,20220614,000000,10.96,11.6899,9.56,9.81,31316,0
PRTG.US,D,20220615,000000,10.3906,10.3906,8.56,8.93,39471,0
PRTG.US,D,20220616,000000,8.93,8.93,8.2095,8.33,30410,0
PRTG.US,D,20220617,000000,8.2,8.605,7.36,7.46,56396,0
PRTG.US,D,20220621,000000,7.75,8.1,7.48,7.76,52667,0
PRTG.US,D,20220622,000000,7.6,7.935,7.05,7.19,42445,0
PRTG.US,D,20220623,000000,7.28,7.45,6.5,6.89,46094,0
PRTG.US,D,20220624,000000,7.02,7.51,6.01,6.7,520598,0
PRTG.US,D,20220627,000000,6.56,7.67,6.51,7.57,32246,0
PRTG.US,D,20220628,000000,7.45,7.69,7.01,7.01,22020,0
PRTG.US,D,20220629,000000,7.02,7.61,7.02,7.29,30775,0
PRTG.US,D,20220630,000000,7.01,7.31,6.77,6.98,39239,0
PRTG.US,D,20220701,000000,7.05,7.32,6.96,7.09,28681,0
PRTG.US,D,20220705,000000,7.03,7.73,6.745,7.53,38659,0
PRTG.US,D,20220706,000000,7.34,7.76,7.14,7.72,26944,0
PRTG.US,D,20220707,000000,7.6,7.99,7.3,7.61,35666,0
PRTG.US,D,20220708,000000,7.62,8.5,7.5468,8.37,33314,0
PRTG.US,D,20220711,000000,8.18,9.15,8.18,8.66,34767,0
PRTG.US,D,20220712,000000,8.54,9.12,8.175,8.52,18779,0
PRTG.US,D,20220713,000000,8.56,9.11,8.52,9,24360,0
PRTG.US,D,20220714,000000,8.66,9.2,8.65,8.9,24755,0
PRTG.US,D,20220715,000000,9.14,9.14,8.5,9.01,12098,0
PRTG.US,D,20220718,000000,8.99,9.4,8.6,9.1,18085,0
PRTG.US,D,20220719,000000,9.05,9.7201,8.78,9.375,20353,0
PRTG.US,D,20220720,000000,9.26,11.065,9.26,9.95,36114,0
PRTG.US,D,20220721,000000,10,10.18,9.68,9.85,21178,0
PRTG.US,D,20220722,000000,9.71,10.15,9.645,9.72,19489,0
PRTG.US,D,20220725,000000,9.2,9.9964,9.18,9.5,15911,0
PRTG.US,D,20220726,000000,9.37,10,9.1446,9.98,28183,0
PRTG.US,D,20220727,000000,9.95,10.4006,9.7932,10.09,15580,0
PRTG.US,D,20220728,000000,10.1,10.39,9.9,9.97,12091,0
PRTG.US,D,20220729,000000,9.97,10.12,9.97,10.12,11052,0
PRTG.US,D,20220801,000000,10.48,10.5,9.87,10.12,24328,0
PRTG.US,D,20220802,000000,10.08,10.08,8.8442,9.48,34230,0
PRTG.US,D,20220803,000000,9.62,9.8116,9.2172,9.36,10398,0
PRTG.US,D,20220804,000000,9.5,9.91,9.3701,9.43,20330,0
PRTG.US,D,20220805,000000,9.6,9.6,9.26,9.26,3767,0
PRTG.US,D,20220808,000000,9.48,9.48,8.3588,8.75,28854,0
PRTG.US,D,20220809,000000,8.78,9.1284,8.3,8.35,20335,0
PRTG.US,D,20220810,000000,8.2,8.51,7.6326,8.11,35922,0
PRTG.US,D,20220811,000000,8.19,8.39,7.86,7.99,8345,0
PRTG.US,D,20220812,000000,7.37,8.0048,7.37,7.71,16912,0
PRTG.US,D,20220815,000000,7.83,8.83,7.7464,8.44,6998,0
PRTG.US,D,20220816,000000,8.2,8.506,7.77,7.77,10300,0
PRTG.US,D,20220817,000000,7.73,8.15,7.7,8.11,16337,0
PRTG.US,D,20220818,000000,8.1,8.125,7.85,7.85,1857,0
PRTG.US,D,20220819,000000,7.805,7.896,7.1343,7.41,21851,0
PRTG.US,D,20220822,000000,7.5819,7.83,7.41,7.55,10731,0
PRTG.US,D,20220823,000000,7.68,8.16,7.68,7.99,2054,0
PRTG.US,D,20220824,000000,7.89,8.2458,7.6587,8.02,7427,0
PRTG.US,D,20220825,000000,8.0148,8.2,8,8.2,6603,0
PRTG.US,D,20220826,000000,8.0001,8.18,7.49,8.18,11597,0
PRTG.US,D,20220829,000000,7.61,8.58,7.48,7.95,10714,0
PRTG.US,D,20220830,000000,8.06,8.27,7.2,7.5,10165,0
PRTG.US,D,20220831,000000,8.06,8.17,7.2252,7.71,7488,0
PRTG.US,D,20220901,000000,7.84,8.11,7.44,7.78,6850,0
PRTG.US,D,20220902,000000,7.6501,8.91,7.6501,8.69,24789,0
PRTG.US,D,20220906,000000,8.7,9.7374,8.4,9,37150,0
PRTG.US,D,20220907,000000,8.99,9.54,8.6,9.3,13919,0
PRTG.US,D,20220908,000000,9.03,9.34,8.6,8.62,5986,0
PRTG.US,D,20220909,000000,8.4,8.6,8.02,8.26,11883,0
PRTG.US,D,20220912,000000,8.22,8.95,8.03,8.03,12223,0
PRTG.US,D,20220913,000000,8.03,8.36,7.5,8.06,9669,0
PRTG.US,D,20220914,000000,8.134,8.3269,7.91,7.91,19213,0
PRTG.US,D,20220915,000000,7.91,8.0977,7.66,7.85,11014,0
PRTG.US,D,20220916,000000,7.8165,7.8165,7.12,7.6,37981,0
PRTG.US,D,20220919,000000,7.5299,7.5299,6.76,7.28,15658,0
PRTG.US,D,20220920,000000,7.5629,7.81,7.0001,7.71,4615,0
PRTG.US,D,20220921,000000,7.11,7.62,7.11,7.22,7445,0
PRTG.US,D,20220922,000000,7.16,7.269,6.7325,6.87,9097,0
PRTG.US,D,20220923,000000,6.8888,7.17,6.8,6.81,9721,0
PRTG.US,D,20220926,000000,6.85,6.85,6.2501,6.47,15722,0
PRTG.US,D,20220927,000000,6.65,6.65,5.89,5.89,33759,0
PRTG.US,D,20220928,000000,5.85,6.46,5.85,6.24,10495,0
PRTG.US,D,20220929,000000,6.22,6.5,6.22,6.46,5430,0
PRTG.US,D,20220930,000000,6.83,6.8604,6.55,6.82,2660,0
PRTG.US,D,20221003,000000,7.5499,7.7899,7.27,7.53,15525,0
PRTG.US,D,20221004,000000,7.74,8.03,7.12,7.12,6759,0
PRTG.US,D,20221005,000000,7,7,6.41,6.48,12807,0
PRTG.US,D,20221006,000000,6.67,6.71,6.2,6.23,14384,0
PRTG.US,D,20221007,000000,6.4,7.3101,6.2552,6.6,75307,0
PRTG.US,D,20221010,000000,6.6796,6.89,6.41,6.52,9722,0
PRTG.US,D,20221011,000000,6.56,6.6,6.1423,6.475,3827,0
PRTG.US,D,20221012,000000,6.61,6.85,6.3296,6.85,5802,0
PRTG.US,D,20221013,000000,6.7,7.28,6.4,6.63,36327,0
PRTG.US,D,20221014,000000,7.21,7.21,6.65,6.76,17698,0
PRTG.US,D,20221017,000000,6.76,7.76,6.76,7.13,16033,0
PRTG.US,D,20221018,000000,7.425,7.4488,7.03,7.07,16465,0
PRTG.US,D,20221019,000000,7.05,7.24,6.88,7.07,4462,0
PRTG.US,D,20221020,000000,7.0433,7.346,6.6601,6.7,10273,0
PRTG.US,D,20221021,000000,6.7,6.81,6.26,6.31,9300,0
PRTG.US,D,20221024,000000,6.49,6.55,6.2,6.26,13603,0
PRTG.US,D,20221025,000000,6.34,6.95,6.3176,6.565,9157,0
PRTG.US,D,20221026,000000,6.48,6.99,6.39,6.6,12379,0
PRTG.US,D,20221027,000000,6.75,6.75,6.5,6.62,22743,0
PRTG.US,D,20221028,000000,6.52,6.78,6.2,6.68,9178,0
PRTG.US,D,20221031,000000,6.2301,6.72,6.2301,6.57,15074,0
PRTG.US,D,20221101,000000,6.67,7.1229,6.4624,6.8,21645,0
PRTG.US,D,20221102,000000,6.96,7.25,6.4524,7.06,29652,0
PRTG.US,D,20221103,000000,7.24,7.25,6.5301,6.85,7652,0
PRTG.US,D,20221104,000000,6.99,7,6.74,6.84,3647,0
PRTG.US,D,20221107,000000,6.85,7.0232,6.2201,6.39,14645,0
PRTG.US,D,20221108,000000,6.44,6.7,6.2,6.53,16417,0
PRTG.US,D,20221109,000000,6.62,6.62,6.13,6.27,5817,0
PRTG.US,D,20221110,000000,6.4283,6.46,6.11,6.14,16552,0
PRTG.US,D,20221111,000000,6.09,6.53,5.75,6.53,17463,0
PRTG.US,D,20221114,000000,6.0183,7.0824,6.0183,6.59,30700,0
PRTG.US,D,20221115,000000,6.66,6.66,5.9,6.01,19408,0
PRTG.US,D,20221116,000000,6.215,6.215,5.8,6.03,14586,0
PRTG.US,D,20221117,000000,5.8001,5.985,5.69,5.72,5402,0
PRTG.US,D,20221118,000000,6,6,5.515,5.56,5967,0
PRTG.US,D,20221121,000000,5.7,5.79,5.5,5.5,9895,0
PRTG.US,D,20221122,000000,5.84,6.105,5.52,5.63,33570,0
PRTG.US,D,20221123,000000,5.5,6.07,5.5,5.84,6931,0
PRTG.US,D,20221125,000000,6.2,6.2,5.84,6.18,4973,0
PRTG.US,D,20221128,000000,6.07,6.07,5.65,5.9,12981,0
PRTG.US,D,20221129,000000,5.71,5.96,5.71,5.96,3224,0
PRTG.US,D,20221130,000000,5.9,5.96,5.6009,5.88,5305,0
PRTG.US,D,20221201,000000,5.83,7.44,5.83,7.44,59064,0
PRTG.US,D,20221202,000000,7.39,7.44,6.94,7.33,12253,0
PRTG.US,D,20221205,000000,7.17,7.394,6.84,7.25,24370,0
PRTG.US,D,20221206,000000,6.91,7.01,5.22,6.14,136710,0
PRTG.US,D,20221207,000000,6,6.15,4.9201,5.51,103698,0
PRTG.US,D,20221208,000000,5.64,5.94,5.4501,5.84,28961,0
PRTG.US,D,20221209,000000,5.71,5.78,5.52,5.55,10059,0
PRTG.US,D,20221212,000000,5.59,5.75,5.34,5.38,21533,0
PRTG.US,D,20221213,000000,5.4,5.58,5.06,5.3,29768,0
PRTG.US,D,20221214,000000,5.36,5.6,5.225,5.25,17537,0
PRTG.US,D,20221215,000000,5.21,5.395,4.84,5,28025,0
PRTG.US,D,20221216,000000,4.89,5.125,4.89,5.0379,4769,0
PRTG.US,D,20221219,000000,5.13,5.14,4.85,4.85,61720,0
PRTG.US,D,20221220,000000,4.9612,5.0528,4.5,4.5,15449,0
PRTG.US,D,20221221,000000,4.57,5,4.5217,4.91,16997,0
PRTG.US,D,20221222,000000,4.824,5.1,4.7,4.7,24392,0
PRTG.US,D,20221223,000000,4.7001,5.0069,4.65,4.65,22149,0
PRTG.US,D,20221227,000000,4.65,4.65,4.41,4.42,8483,0
PRTG.US,D,20221228,000000,4.34,4.8,4.17,4.7,38107,0
PRTG.US,D,20221229,000000,4.75,5.8,4.75,5.65,23715,0
PRTG.US,D,20221230,000000,5.59,5.77,4.98,5.2891,19448,0
PRTG.US,D,20230103,000000,5.34,7,5.31,6.95,104317,0
PRTG.US,D,20230104,000000,7.14,7.6,6.95,7.2,40820,0
PRTG.US,D,20230105,000000,7.33,7.67,6.7,6.71,26740,0
PRTG.US,D,20230106,000000,6.66,6.88,5.9,6.5528,28250,0
PRTG.US,D,20230109,000000,6.46,6.46,5.81,5.96,10080,0
PRTG.US,D,20230110,000000,6.1,6.35,5.67,6.01,13326,0
PRTG.US,D,20230111,000000,6.1,6.2599,5.04,5.22,111223,0
PRTG.US,D,20230112,000000,5.28,5.58,4.91,5.56,21022,0
PRTG.US,D,20230113,000000,5.49,5.8,5.17,5.4458,8297,0
PRTG.US,D,20230117,000000,5.65,5.83,5.215,5.25,17155,0
PRTG.US,D,20230118,000000,5.33,5.64,5.06,5.06,24877,0
PRTG.US,D,20230119,000000,5,5.31,5,5,23046,0
PRTG.US,D,20230120,000000,5.07,5.74,4.91,4.92,114416,0
PRTG.US,D,20230123,000000,4.99,5.29,4.7,5.1,35108,0
PRTG.US,D,20230124,000000,4.97,5.29,4.95,5.18,27721,0
PRTG.US,D,20230125,000000,5.2,5.44,4.92,5.27,84285,0
PRTG.US,D,20230126,000000,5.41,5.62,5.07,5.3,124304,0
PRTG.US,D,20230127,000000,5.36,5.6,5.05,5.14,55396,0
PRTG.US,D,20230130,000000,5.06,5.399,5,5.22,28634,0
PRTG.US,D,20230131,000000,5.41,5.41,4.86,5.15,32225,0
PRTG.US,D,20230201,000000,5.145,5.155,4.9,5.06,20352,0
PRTG.US,D,20230202,000000,5.1,5.16,4.66,4.98,49114,0
PRTG.US,D,20230203,000000,4.84,5.16,4.5,4.6,98372,0
PRTG.US,D,20230206,000000,4.53,4.7621,4.345,4.47,46306,0
PRTG.US,D,20230207,000000,4.4,4.7,4.11,4.55,84227,0
PRTG.US,D,20230208,000000,4.64,4.79,4.4,4.63,25583,0
PRTG.US,D,20230209,000000,4.71,4.86,4.45,4.85,39073,0
PRTG.US,D,20230210,000000,4.85,4.85,4.29,4.31,47903,0
PRTG.US,D,20230213,000000,4.41,4.45,4.25,4.2501,24547,0
PRTG.US,D,20230214,000000,4.34,4.39,4.23,4.26,8817,0
PRTG.US,D,20230215,000000,4.26,4.485,4.22,4.22,20034,0
PRTG.US,D,20230216,000000,4.22,4.35,4.03,4.13,27075,0
PRTG.US,D,20230217,000000,4.11,4.29,3.9,3.98,34893,0
PRTG.US,D,20230221,000000,3.96,4.15,3.69,3.8333,24967,0
PRTG.US,D,20230222,000000,3.9,4.14,3.75,3.85,28637,0
PRTG.US,D,20230223,000000,4.08,4.14,3.6701,3.8,35026,0
PRTG.US,D,20230224,000000,3.79,3.905,3.34,3.6,35716,0
PRTG.US,D,20230227,000000,3.6,3.92,3.6,3.85,39514,0
PRTG.US,D,20230228,000000,3.86,4.015,3.74,3.82,13754,0
PRTG.US,D,20230301,000000,4.22,4.22,3.65,3.7,14332,0
PRTG.US,D,20230302,000000,3.62,3.95,3.22,3.51,10383,0
PRTG.US,D,20230303,000000,3.57,3.98,3.42,3.47,11395,0
PRTG.US,D,20230306,000000,3.46,3.7615,3.4101,3.69,8965,0
PRTG.US,D,20230307,000000,3.62,3.62,3.44,3.48,25414,0
PRTG.US,D,20230308,000000,3.7771,3.7771,3.26,3.45,70067,0
PRTG.US,D,20230309,000000,3.42,3.78,3.2117,3.47,34859,0
PRTG.US,D,20230310,000000,3.35,3.38,3.2,3.26,24376,0
PRTG.US,D,20230313,000000,3.33,3.375,3.05,3.06,50916,0
PRTG.US,D,20230314,000000,3.28,3.28,2.89,2.975,39289,0
PRTG.US,D,20230315,000000,3.05,3.1001,2.8,3,31523,0
PRTG.US,D,20230316,000000,2.92,3.15,2.86,3.1,26329,0
PRTG.US,D,20230317,000000,3.07,3.07,2.81,2.94,28678,0
PRTG.US,D,20230320,000000,2.84,2.95,2.7088,2.83,24354,0
PRTG.US,D,20230321,000000,2.9,3.04,2.59,3,24242,0
PRTG.US,D,20230322,000000,3.04,3.0545,2.61,2.63,56488,0
PRTG.US,D,20230323,000000,2.56,2.83,2.34,2.6,113702,0
PRTG.US,D,20230324,000000,2.53,2.8,2.53,2.6793,37981,0
PRTG.US,D,20230327,000000,2.75,2.84,2.59,2.68,40055,0
PRTG.US,D,20230328,000000,2.77,3.05,2.65,2.82,13687,0
PRTG.US,D,20230329,000000,2.91,3.02,2.68,2.68,11817,0
PRTG.US,D,20230330,000000,2.7,3.3,2.691,3,81657,0
PRTG.US,D,20230331,000000,3,3.2,2.93,3.09,25296,0
PRTG.US,D,20230403,000000,3.23,3.31,3.05,3.12,11583,0
PRTG.US,D,20230404,000000,3.16,3.27,2.8701,3.04,15137,0
PRTG.US,D,20230405,000000,3.1001,3.2,2.87,3.01,14255,0
PRTG.US,D,20230406,000000,3,3.08,2.9101,2.95,9947,0
PRTG.US,D,20230410,000000,2.905,3.16,2.905,3.12,9145,0
PRTG.US,D,20230411,000000,3.15,3.16,2.84,3.08,19918,0
PRTG.US,D,20230412,000000,3.06,3.29,3,3.18,10593,0
PRTG.US,D,20230413,000000,3.2,3.29,3,3.17,16560,0
PRTG.US,D,20230414,000000,3.25,3.25,3.01,3.15,5477,0
PRTG.US,D,20230417,000000,3.17,3.3,3.03,3.12,4560,0
PRTG.US,D,20230418,000000,3.2,3.33,3.19,3.3,11540,0
PRTG.US,D,20230419,000000,3.3835,3.43,3.23,3.38,6157,0
PRTG.US,D,20230420,000000,3.4,3.48,3.206,3.29,11670,0
PRTG.US,D,20230421,000000,3.32,3.321,3.2001,3.29,7611,0
PRTG.US,D,20230424,000000,3.21,3.58,3.2,3.52,18644,0
PRTG.US,D,20230425,000000,3.59,3.59,3.27,3.29,8097,0
PRTG.US,D,20230426,000000,3.3563,3.3563,3.2,3.22,9811,0
PRTG.US,D,20230427,000000,3.21,3.32,3,3.0665,5421,0
PRTG.US,D,20230428,000000,3.18,3.4131,3.18,3.34,18124,0
PRTG.US,D,20230501,000000,3.3,3.8788,3.3,3.54,22582,0
PRTG.US,D,20230502,000000,3.84,3.88,3.6002,3.66,21939,0
PRTG.US,D,20230503,000000,3.72,3.8,2.61,3.15,132427,0
PRTG.US,D,20230504,000000,3.05,3.2,2.92,2.92,15795,0
PRTG.US,D,20230505,000000,3.06,3.2606,3.06,3.135,13600,0
PRTG.US,D,20230508,000000,3.1,3.175,3.0401,3.175,5993,0
PRTG.US,D,20230509,000000,3.12,3.1665,3.045,3.05,1918,0
PRTG.US,D,20230510,000000,3.1,3.21,3.06,3.09,8081,0
PRTG.US,D,20230511,000000,3.115,3.25,3.1,3.16,23998,0
PRTG.US,D,20230512,000000,3.2178,3.26,3.21,3.21,6798,0
PRTG.US,D,20230515,000000,3.03,3.3,3.01,3.21,9902,0
PRTG.US,D,20230516,000000,3.13,3.23,3.0399,3.18,10875,0
PRTG.US,D,20230517,000000,3.22,3.23,3.06,3.2099,5059,0
PRTG.US,D,20230518,000000,3.3,3.3,2.99,3.01,5224,0
PRTG.US,D,20230519,000000,3,3.03,2.7,2.92,20695,0
PRTG.US,D,20230522,000000,3.03,3.1,2.7,2.73,16700,0
PRTG.US,D,20230523,000000,2.8559,3.44,2.8559,3.25,58970,0
PRTG.US,D,20230524,000000,3.27,3.49,3.2601,3.3,16304,0
PRTG.US,D,20230525,000000,3.33,3.458,3.15,3.18,35878,0
PRTG.US,D,20230526,000000,3.1862,3.4,3.16,3.4,16791,0
PRTG.US,D,20230530,000000,3.53,3.53,3.26,3.35,7992,0
PRTG.US,D,20230531,000000,3.3343,3.54,3.3343,3.48,6099,0
PRTG.US,D,20230601,000000,3.48,3.75,3.48,3.66,28933,0
PRTG.US,D,20230602,000000,3.79,3.79,3.53,3.65,28646,0
PRTG.US,D,20230605,000000,3.74,4.4,3.65,3.77,100772,0
PRTG.US,D,20230606,000000,3.82,3.9214,3.6918,3.76,27659,0
PRTG.US,D,20230607,000000,3.7,3.8626,3.59,3.7539,13524,0
PRTG.US,D,20230608,000000,3.75,3.975,3.74,3.81,23489,0
PRTG.US,D,20230609,000000,3.83,3.9,3.7593,3.87,4511,0
PRTG.US,D,20230612,000000,3.81,3.89,3.6,3.64,5852,0
PRTG.US,D,20230613,000000,3.835,3.9,3.59,3.66,8302,0
PRTG.US,D,20230614,000000,3.68,3.85,3.68,3.81,4003,0
PRTG.US,D,20230615,000000,3.76,3.845,3.67,3.71,9463,0
PRTG.US,D,20230616,000000,3.75,3.78,3.591,3.765,5659,0
PRTG.US,D,20230620,000000,3.75,3.8876,3.6,3.68,5494,0
PRTG.US,D,20230621,000000,3.67,3.6881,3.35,3.5599,16407,0
PRTG.US,D,20230622,000000,3.42,3.47,3.26,3.35,11691,0
PRTG.US,D,20230623,000000,3.2514,3.36,3.2514,3.36,4838,0
PRTG.US,D,20230626,000000,3.175,3.35,3.17,3.34,7044,0
PRTG.US,D,20230627,000000,3.21,3.33,3.0824,3.32,2142,0
PRTG.US,D,20230628,000000,3.2538,3.3549,3.19,3.2,8589,0
PRTG.US,D,20230629,000000,3.41,3.49,3.405,3.49,5904,0
PRTG.US,D,20230630,000000,3.5,3.5,3.4,3.495,5198,0
PRTG.US,D,20230703,000000,3.43,3.47,3.3614,3.43,3227,0
PRTG.US,D,20230705,000000,3.45,3.73,3.45,3.68,8536,0
PRTG.US,D,20230706,000000,3.7,3.7,3.53,3.565,2703,0
PRTG.US,D,20230707,000000,3.7,3.7,3.48,3.59,3860,0
PRTG.US,D,20230710,000000,3.6,3.74,3.6,3.63,8921,0
PRTG.US,D,20230711,000000,3.89,3.89,3.615,3.62,4999,0
PRTG.US,D,20230712,000000,3.9443,3.95,3.44,3.55,19954,0
PRTG.US,D,20230713,000000,3.5,3.5,3.45,3.465,1961,0
PRTG.US,D,20230714,000000,3.47,3.47,3.36,3.39,9513,0
PRTG.US,D,20230717,000000,3.49,3.49,3.37,3.37,3303,0
PRTG.US,D,20230718,000000,3.36,3.6,3.36,3.38,5132,0
PRTG.US,D,20230719,000000,3.39,3.45,3,3.2158,13999,0
PRTG.US,D,20230720,000000,3.18,3.3,3.1,3.16,7556,0
PRTG.US,D,20230721,000000,3.1504,3.1504,3.15,3.15,4576,0
PRTG.US,D,20230724,000000,3.03,3.1913,3.01,3.01,6842,0
PRTG.US,D,20230725,000000,3.16,3.16,2.9,3,13055,0
PRTG.US,D,20230726,000000,2.91,3.08,2.67,3.06,68507,0
PRTG.US,D,20230727,000000,3.07,3.2,2.73,2.7634,47571,0
PRTG.US,D,20230728,000000,2.8,3.0599,2.78,2.99,24233,0
PRTG.US,D,20230731,000000,3.08,3.25,2.9903,3.22,27730,0
PRTG.US,D,20230801,000000,3.21,3.23,2.955,2.9701,13480,0
PRTG.US,D,20230802,000000,2.95,3.05,2.85,2.9,20338,0
PRTG.US,D,20230803,000000,3.1,3.1,2.88,2.9,4162,0
PRTG.US,D,20230804,000000,3,3,2.6,2.63,21466,0
PRTG.US,D,20230807,000000,2.75,2.89,2.67,2.67,9869,0
PRTG.US,D,20230808,000000,2.72,2.8,2.65,2.65,6054,0
PRTG.US,D,20230809,000000,2.7,2.73,2.5,2.5,15723,0
PRTG.US,D,20230810,000000,2.47,2.4986,2.4,2.4059,11686,0
PRTG.US,D,20230811,000000,2.4001,2.5,2.4,2.435,2033,0
PRTG.US,D,20230814,000000,2.44,2.44,2.355,2.43,2984,0
PRTG.US,D,20230815,000000,2.35,2.52,2.35,2.4,4739,0
PRTG.US,D,20230816,000000,2.36,2.59,2.3001,2.55,6241,0
PRTG.US,D,20230817,000000,2.43,2.55,2.43,2.5101,4252,0
PRTG.US,D,20230818,000000,2.45,2.49,2.41,2.445,7288,0
PRTG.US,D,20230821,000000,2.46,2.56,2.4,2.4,7011,0
PRTG.US,D,20230822,000000,2.48,2.598,2.3501,2.44,20270,0
PRTG.US,D,20230823,000000,2.55,2.59,2.43,2.59,11044,0
PRTG.US,D,20230824,000000,2.53,2.85,2.53,2.7776,7425,0
PRTG.US,D,20230825,000000,2.7978,2.7978,2.55,2.64,6256,0
PRTG.US,D,20230828,000000,2.55,2.88,2.55,2.77,6864,0
PRTG.US,D,20230829,000000,2.83,3.09,2.83,3.07,25449,0
PRTG.US,D,20230830,000000,3.09,3.0979,2.66,2.66,34049,0
PRTG.US,D,20230831,000000,2.66,2.66,2.56,2.56,3011,0
PRTG.US,D,20230901,000000,2.55,2.58,2.3239,2.35,20166,0
PRTG.US,D,20230905,000000,2.6,2.99,2.48,2.98,82423,0
PRTG.US,D,20230906,000000,3,3.0994,2.6408,2.69,24217,0
PRTG.US,D,20230907,000000,2.63,2.84,2.63,2.78,14799,0
PRTG.US,D,20230908,000000,2.96,3.0212,2.531,2.65,24221,0
PRTG.US,D,20230911,000000,2.66,2.79,2.66,2.69,16040,0
PRTG.US,D,20230912,000000,2.575,2.75,2.575,2.6401,1800,0
PRTG.US,D,20230913,000000,2.72,2.98,2.56,2.58,31605,0
PRTG.US,D,20230914,000000,2.58,2.99,2.48,2.85,58268,0
PRTG.US,D,20230915,000000,3,3,2.72,2.89,9430,0
PRTG.US,D,20230918,000000,2.92,2.9565,2.555,2.675,12062,0
PRTG.US,D,20230919,000000,2.76,2.76,2.58,2.65,1876,0
PRTG.US,D,20230920,000000,2.65,2.81,2.61,2.61,7939,0
PRTG.US,D,20230921,000000,2.545,2.58,2.49,2.49,11017,0
PRTG.US,D,20230922,000000,2.48,2.48,2.38,2.39,20091,0
PRTG.US,D,20230925,000000,2.4888,2.49,2.29,2.36,12739,0
PRTG.US,D,20230926,000000,2.38,2.38,2.15,2.24,12962,0
PRTG.US,D,20230927,000000,2.2,2.3,2.15,2.27,11646,0
PRTG.US,D,20230928,000000,2.29,2.3,2.25,2.26,9395,0
PRTG.US,D,20230929,000000,1.64,2.19,1.64,2.09,73038,0
PRTG.US,D,20231002,000000,2.04,2.24,2.01,2.02,51315,0
PRTG.US,D,20231003,000000,1.94,2.14,1.8594,1.97,32597,0
PRTG.US,D,20231004,000000,2,2,1.79,1.79,15227,0
PRTG.US,D,20231005,000000,2.01,2.06,1.705,1.92,44868,0
PRTG.US,D,20231006,000000,1.96,2.2376,1.92,2.16,46846,0
PRTG.US,D,20231009,000000,2.15,2.39,2.03,2.14,29619,0
PRTG.US,D,20231010,000000,2.2,2.3894,2.105,2.36,35878,0
PRTG.US,D,20231011,000000,2.4,2.93,2.25,2.65,64769,0
PRTG.US,D,20231012,000000,2.6,2.66,2.3,2.3,49441,0
PRTG.US,D,20231013,000000,2.3,2.4886,2.07,2.12,37252,0
PRTG.US,D,20231016,000000,2.27,2.3985,2.15,2.22,23168,0
PRTG.US,D,20231017,000000,2.33,2.37,2.1614,2.37,8789,0
PRTG.US,D,20231018,000000,2.2807,2.66,2.2807,2.35,34250,0
PRTG.US,D,20231019,000000,2.31,2.35,2.12,2.12,14190,0
PRTG.US,D,20231020,000000,2.14,2.204,2.1,2.19,4825,0
PRTG.US,D,20231023,000000,2.14,2.27,1.95,1.9669,22968,0
PRTG.US,D,20231024,000000,2,2.2694,1.97,1.9701,36572,0
PRTG.US,D,20231025,000000,2.07,2.07,1.88,1.88,19151,0
PRTG.US,D,20231026,000000,1.95,2.08,1.91,2.07,40304,0
PRTG.US,D,20231027,000000,2.08,2.1,1.94,2.01,21306,0
PRTG.US,D,20231030,000000,1.95,2.06,1.91,1.92,25830,0
PRTG.US,D,20231031,000000,1.92,2.04,1.92,1.97,21702,0
PRTG.US,D,20231101,000000,1.97,1.97,1.84,1.91,8957,0
PRTG.US,D,20231102,000000,1.91,2.17,1.88,1.95,19452,0
PRTG.US,D,20231103,000000,1.965,2.005,1.91,1.91,17984,0
PRTG.US,D,20231106,000000,1.96,1.9849,1.85,1.88,9000,0
PRTG.US,D,20231107,000000,1.98,1.98,1.7,1.7,13000,0
PRTG.US,D,20231108,000000,1.6508,1.7276,1.6508,1.7,17112,0
PRTG.US,D,20231109,000000,1.67,1.7053,1.4906,1.53,77554,0
PRTG.US,D,20231110,000000,1.6258,1.6258,1.47,1.47,19008,0
PRTG.US,D,20231113,000000,1.5,1.58,1.21,1.21,95953,0
PRTG.US,D,20231114,000000,1.45,1.45,1.28,1.34,21607,0
PRTG.US,D,20231115,000000,1.4,1.64,1.4,1.43,39170,0
PRTG.US,D,20231116,000000,1.55,1.65,1.42,1.51,26544,0
PRTG.US,D,20231117,000000,1.57,1.575,1.44,1.475,23407,0
PRTG.US,D,20231120,000000,1.55,1.625,1.42,1.42,31319,0
PRTG.US,D,20231121,000000,1.49,1.56,1.425,1.45,25788,0
PRTG.US,D,20231122,000000,1.44,1.61,1.31,1.42,18223,0
PRTG.US,D,20231124,000000,1.42,1.53,1.41,1.5,7065,0
PRTG.US,D,20231127,000000,1.45,1.57,1.28,1.3,119027,0
PRTG.US,D,20231128,000000,1.4,1.44,1.33,1.41,12789,0
PRTG.US,D,20231129,000000,1.3425,1.4126,1.3425,1.41,7856,0
PRTG.US,D,20231130,000000,1.411,1.411,1.33,1.33,15003,0
PRTG.US,D,20231201,000000,1.4,1.4,1.31,1.35,7282,0
PRTG.US,D,20231204,000000,1.35,1.35,1.17,1.22,28103,0
PRTG.US,D,20231205,000000,1.22,1.29,1.18,1.24,54839,0
PRTG.US,D,20231206,000000,1.23,1.25,1.06,1.18,14154,0
PRTG.US,D,20231207,000000,1.18,1.1801,1.02,1.11,63371,0
PRTG.US,D,20231208,000000,1.2244,1.29,0.9901,1.14,100036,0
PRTG.US,D,20231211,000000,1.17,1.1836,1.16,1.18,7505,0
PRTG.US,D,20231212,000000,1.125,1.13,1.0101,1.09,26060,0
PRTG.US,D,20231213,000000,1.1079,1.22,1.1001,1.19,6378,0
PRTG.US,D,20231214,000000,1.27,1.29,1.16,1.27,43500,0
PRTG.US,D,20231215,000000,1.27,1.365,1.16,1.27,106169,0
PRTG.US,D,20231218,000000,1.25,1.29,1.205,1.24,36451,0
PRTG.US,D,20231219,000000,1.25,1.25,1.165,1.25,19996,0
PRTG.US,D,20231220,000000,1.26,1.26,1.16,1.16,27329,0
PRTG.US,D,20231221,000000,1.15,1.33,1.14,1.3,74267,0
PRTG.US,D,20231222,000000,1.3,1.57,1.3,1.39,25910,0
PRTG.US,D,20231226,000000,1.54,1.59,1.35,1.42,37397,0
PRTG.US,D,20231227,000000,1.42,1.78,1.42,1.69,36546,0
PRTG.US,D,20231228,000000,1.75,1.93,1.52,1.62,26528,0
PRTG.US,D,20231229,000000,1.74,1.8794,1.6437,1.82,28076,0
PRTG.US,D,20240102,000000,1.84,2.04,1.835,1.89,70034,0
PRTG.US,D,20240103,000000,1.9003,1.9003,1.41,1.41,20190,0
PRTG.US,D,20240104,000000,1.49,1.74,1.3,1.35,71664,0
PRTG.US,D,20240105,000000,1.32,1.32,1.09,1.09,122763,0
PRTG.US,D,20240108,000000,1.29,1.39,1.1,1.14,144135,0
PRTG.US,D,20240109,000000,1.08,1.2,1.08,1.2,11845,0
PRTG.US,D,20240110,000000,1.22,1.23,1.1004,1.12,15690,0
PRTG.US,D,20240111,000000,1.28,1.28,1.0773,1.08,12553,0
PRTG.US,D,20240112,000000,1.1887,1.1887,1.06,1.08,12392,0
PRTG.US,D,20240116,000000,1.15,1.21,1.085,1.1,16129,0
PRTG.US,D,20240117,000000,1.15,1.15,1.0529,1.08,5246,0
PRTG.US,D,20240118,000000,1.07,1.07,0.8701,0.94,39245,0
PRTG.US,D,20240119,000000,1,1.2576,1,1.06,28388,0
PRTG.US,D,20240122,000000,1.04,1.1,1,1,14626,0
PRTG.US,D,20240123,000000,1.05,1.15,0.9998,1.04,20045,0
PRTG.US,D,20240124,000000,1.03,1.13,0.9081,0.9256,25994,0
PRTG.US,D,20240125,000000,0.98,1.02,0.82,0.8502,34289,0
PRTG.US,D,20240126,000000,0.8933,0.897106,0.780361,0.839,85904,0
PRTG.US,D,20240129,000000,0.86,1.05,0.8138,0.899,103341,0
PRTG.US,D,20240130,000000,1.0022,1.0022,0.8,0.8811,31763,0
PRTG.US,D,20240131,000000,0.85,0.9199,0.85,0.87,22883,0
PRTG.US,D,20240201,000000,0.86,0.86,0.75,0.751,56873,0
PRTG.US,D,20240202,000000,0.8,0.8,0.71,0.71,39214,0
PRTG.US,D,20240205,000000,0.698401,0.71,0.604,0.604,36558,0
PRTG.US,D,20240206,000000,0.67,0.68,0.58,0.6204,65874,0
PRTG.US,D,20240207,000000,0.67,0.7333,0.602,0.6598,18999,0
PRTG.US,D,20240208,000000,0.65,0.7463,0.594949,0.6401,26435,0
PRTG.US,D,20240209,000000,0.61,0.6699,0.6,0.6391,26538,0
PRTG.US,D,20240212,000000,0.68,0.6981,0.602,0.603,14969,0
PRTG.US,D,20240213,000000,0.6,0.6894,0.6,0.63,11213,0
PRTG.US,D,20240214,000000,0.63,0.655,0.6002,0.6002,7571,0
PRTG.US,D,20240215,000000,0.69,0.69,0.6,0.6005,8864,0
PRTG.US,D,20240216,000000,0.61,0.6101,0.5123,0.523,48765,0
PRTG.US,D,20240220,000000,0.56,0.5699,0.34,0.4619,242059,0
PRTG.US,D,20240221,000000,0.49,0.49,0.366,0.4065,246713,0
PRTG.US,D,20240222,000000,0.4269,0.5992,0.4065,0.54,213750,0
PRTG.US,D,20240223,000000,0.49,0.6499,0.468,0.5843,217667,0
PRTG.US,D,20240226,000000,0.79,0.79,0.621,0.645,392839,0
PRTG.US,D,20240227,000000,0.621,0.7,0.62,0.7,50368,0
PRTG.US,D,20240228,000000,0.7137,0.7747,0.66,0.7,72078,0
PRTG.US,D,20240229,000000,0.7,0.7035,0.59,0.59,104104,0
PRTG.US,D,20240301,000000,0.5823,0.6099,0.55,0.5646,10902,0
PRTG.US,D,20240304,000000,0.5919,0.5998,0.55,0.5601,9701,0
PRTG.US,D,20240305,000000,0.59,0.5999,0.46,0.5642,27141,0
PRTG.US,D,20240306,000000,0.6,0.6,0.55,0.5697,21539,0
PRTG.US,D,20240307,000000,0.56,0.5997,0.49,0.5501,8753,0
PRTG.US,D,20240308,000000,0.572,0.6,0.50155,0.5597,5858,0
PRTG.US,D,20240311,000000,0.5876,0.6,0.5329,0.5329,7940,0
PRTG.US,D,20240312,000000,0.54,0.7945,0.54,0.56,190538,0
PRTG.US,D,20240313,000000,0.651,0.69,0.548857,0.589,42974,0
PRTG.US,D,20240314,000000,0.56,0.585,0.53,0.55,14410,0
PRTG.US,D,20240315,000000,0.59,0.59,0.535,0.55,22672,0
PRTG.US,D,20240318,000000,0.55,0.65,0.55,0.575,18555,0
PRTG.US,D,20240319,000000,0.55,0.59,0.53,0.55,13513,0
PRTG.US,D,20240320,000000,0.54,0.56,0.45,0.45,12491,0
PRTG.US,D,20240321,000000,0.4501,0.8,0.45,0.567229,513561,0
PRTG.US,D,20240322,000000,0.5502,0.5799,0.5,0.5,39753,0
PRTG.US,D,20240325,000000,0.512,0.549436,0.46,0.483,40116,0
PRTG.US,D,20240326,000000,0.5,0.57999,0.5,0.53,32269,0
PRTG.US,D,20240327,000000,0.53,0.64,0.519,0.54,66470,0
PRTG.US,D,20240328,000000,0.571,0.64,0.55,0.5633,17067,0
PRTG.US,D,20240401,000000,0.551,0.63999,0.5,0.553,16726,0
PRTG.US,D,20240402,000000,0.55,0.6399,0.51,0.5273,21475,0
PRTG.US,D,20240403,000000,0.535,0.535,0.511,0.5181,5162,0
PRTG.US,D,20240404,000000,0.5263,0.5349,0.501,0.5165,9425,0
PRTG.US,D,20240405,000000,0.5,0.53,0.5,0.51,5665,0
PRTG.US,D,20240408,000000,0.52,0.5999,0.511,0.536055,17857,0
PRTG.US,D,20240409,000000,0.5441,0.577,0.481,0.491,24609,0
PRTG.US,D,20240410,000000,0.5309,0.6399,0.48,0.4901,87681,0
PRTG.US,D,20240411,000000,0.508,0.5494,0.5,0.5,12797,0
PRTG.US,D,20240412,000000,0.49,0.51,0.3606,0.455,281347,0
PRTG.US,D,20240415,000000,0.463,0.463,0.22,0.34,630863,0
PRTG.US,D,20240416,000000,0.3298,0.3298,0.2047,0.281,275996,0
PRTG.US,D,20240417,000000,0.2726,0.281,0.1999,0.2212,271444,0
PRTG.US,D,20240418,000000,0.22,0.2998,0.22,0.24,146692,0
PRTG.US,D,20240419,000000,0.2855,0.3061,0.2299,0.271,300409,0
PRTG.US,D,20240422,000000,0.28,0.35,0.2758,0.2972,430127,0
PRTG.US,D,20240423,000000,0.2883,0.2883,0.2359,0.2426,169111,0
PRTG.US,D,20240424,000000,0.25,0.2946,0.245,0.2502,187060,0
PRTG.US,D,20240425,000000,0.2589,0.2599,0.229,0.237,41418,0
PRTG.US,D,20240426,000000,0.2418,0.2642,0.23,0.2402,63299,0
PRTG.US,D,20240429,000000,0.252,0.2646,0.2401,0.26,30505,0
PRTG.US,D,20240430,000000,0.261,0.261,0.240101,0.2431,36855,0
PRTG.US,D,20240501,000000,0.2501,0.26089,0.23,0.23,33125,0
PRTG.US,D,20240502,000000,0.231,0.26,0.231,0.2599,45374,0
PRTG.US,D,20240503,000000,0.27,0.272,0.245,0.271,123947,0
PRTG.US,D,20240506,000000,0.279,0.36,0.258,0.3057,287640,0
PRTG.US,D,20240507,000000,0.31,0.34,0.29,0.3137,247705,0
PRTG.US,D,20240508,000000,0.312,0.329,0.28,0.2919,94971,0
PRTG.US,D,20240509,000000,0.2972,0.2972,0.2531,0.2622,37421,0
PRTG.US,D,20240510,000000,0.28,0.4195,0.2251,0.252299,3006899,0
PRTG.US,D,20240513,000000,0.25,0.318,0.2301,0.2699,629347,0
PRTG.US,D,20240514,000000,0.26,0.2651,0.25,0.261,145050,0
PRTG.US,D,20240515,000000,0.27,0.27,0.25,0.255649,61659,0
PRTG.US,D,20240516,000000,0.264,0.2699,0.2113,0.267,301612,0
PRTG.US,D,20240517,000000,0.27,0.2705,0.2372,0.2561,164814,0
PRTG.US,D,20240520,000000,0.2563,0.3,0.2556,0.2756,175204,0
PRTG.US,D,20240521,000000,0.27,0.27,0.2481,0.2484,106344,0
PRTG.US,D,20240522,000000,0.25,0.32,0.25,0.2535,169795,0
PRTG.US,D,20240523,000000,0.265,0.272,0.254,0.2601,70404,0
PRTG.US,D,20240524,000000,0.2699,0.375,0.260101,0.263,1662073,0
PRTG.US,D,20240528,000000,0.2592,0.2799,0.25,0.2716,141929,0
PRTG.US,D,20240529,000000,0.271,0.31,0.2401,0.256,884715,0
PRTG.US,D,20240530,000000,0.265,0.2838,0.25,0.257,122716,0
PRTG.US,D,20240531,000000,0.2825,0.54,0.258,0.4789,4260166,0
PRTG.US,D,20240603,000000,0.379,0.379899,0.2926,0.2926,1344283,0
PRTG.US,D,20240604,000000,0.29,0.3099,0.2605,0.284,316628,0
PRTG.US,D,20240605,000000,0.279,0.2802,0.261,0.275,179842,0
PRTG.US,D,20240606,000000,0.266,0.298,0.265,0.29,163902,0
PRTG.US,D,20240607,000000,0.284,0.295,0.26,0.266,152296,0
PRTG.US,D,20240610,000000,0.261,0.284,0.2602,0.283,73642,0
PRTG.US,D,20240611,000000,0.277,0.2787,0.2641,0.27355,54797,0
PRTG.US,D,20240612,000000,0.278,0.278,0.2424,0.2571,206897,0
PRTG.US,D,20240613,000000,0.2686,0.269799,0.2427,0.254224,84516,0
PRTG.US,D,20240614,000000,0.2476,0.264,0.2351,0.25,94537,0
PRTG.US,D,20240617,000000,0.2435,0.2435,0.2111,0.24,312316,0
PRTG.US,D,20240618,000000,0.245,0.3252,0.227059,0.28,1880632,0
PRTG.US,D,20240620,000000,0.265,0.282,0.2508,0.273,390497,0
PRTG.US,D,20240621,000000,0.255,0.2635,0.2261,0.243,304578,0
PRTG.US,D,20240624,000000,0.2371,0.2429,0.220499,0.2429,240119,0
PRTG.US,D,20240625,000000,0.239,0.2397,0.218,0.2208,73386,0
PRTG.US,D,20240626,000000,0.22,0.239,0.213,0.221,183117,0
PRTG.US,D,20240627,000000,0.2218,0.234,0.218,0.226,122464,0
PRTG.US,D,20240628,000000,0.2286,0.325,0.2113,0.2122,8718092,0
PRTG.US,D,20240701,000000,0.1868,0.1978,0.163,0.196,1193798,0
PRTG.US,D,20240702,000000,0.1866,0.1899,0.171,0.1751,307981,0
PRTG.US,D,20240703,000000,0.1751,0.191,0.1751,0.1805,123646,0
PRTG.US,D,20240705,000000,0.176,0.18,0.1313,0.151,7389839,0
PRTG.US,D,20240708,000000,0.1468,0.1548,0.1422,0.148,3866303,0
PRTG.US,D,20240709,000000,0.154,0.1634,0.145,0.1513,1750951,0
PRTG.US,D,20240710,000000,0.1512,0.175,0.1511,0.1696,2379018,0
PRTG.US,D,20240711,000000,0.1645,0.18,0.157622,0.1799,809888,0
PRTG.US,D,20240712,000000,0.1788,0.1869,0.1732,0.179,602331,0
PRTG.US,D,20240715,000000,0.177,0.1935,0.1705,0.18,480503,0
PRTG.US,D,20240716,000000,0.1799,0.206,0.1733,0.19,583331,0
PRTG.US,D,20240717,000000,0.194,0.2009,0.1822,0.19195,453964,0
PRTG.US,D,20240718,000000,0.1919,0.1999,0.181,0.1838,291493,0
PRTG.US,D,20240719,000000,0.18,0.2488,0.171,0.2291,8210038,0
PRTG.US,D,20240722,000000,0.2,0.2171,0.181,0.1939,1481434,0
PRTG.US,D,20240723,000000,0.1898,0.2045,0.1861,0.19,316209,0
PRTG.US,D,20240724,000000,0.194,0.194,0.1712,0.184,374044,0
PRTG.US,D,20240725,000000,0.1882,0.2085,0.172,0.1964,803647,0
PRTG.US,D,20240726,000000,0.1921,0.2,0.1921,0.1955,169041,0
PRTG.US,D,20240729,000000,0.198,0.203,0.1901,0.197132,92633,0
PRTG.US,D,20240730,000000,0.2004,0.201,0.1902,0.1922,197756,0
PRTG.US,D,20240731,000000,0.1963,0.2,0.1761,0.1761,321312,0
PRTG.US,D,20240801,000000,0.1797,0.1889,0.1741,0.1778,83537,0
PRTG.US,D,20240802,000000,0.1815,0.1815,0.1558,0.1596,242765,0
PRTG.US,D,20240805,000000,0.134,0.16,0.1321,0.1407,383131,0
PRTG.US,D,20240806,000000,0.143,0.1598,0.143,0.158159,149191,0
PRTG.US,D,20240807,000000,0.1602,0.1727,0.1515,0.1609,133050,0
PRTG.US,D,20240808,000000,0.16,0.1687,0.16,0.162,84406,0
PRTG.US,D,20240809,000000,0.16,0.1693,0.1468,0.1493,179536,0
PRTG.US,D,20240812,000000,0.1552,0.1645,0.147,0.1503,77902,0
PRTG.US,D,20240813,000000,0.137,0.1388,0.11,0.1231,1045489,0
PRTG.US,D,20240814,000000,0.1179,0.1327,0.1049,0.1075,1309467,0
PRTG.US,D,20240815,000000,2.25,4.54,2.21,3.5,2516209,0
PRTG.US,D,20240816,000000,3.27,3.573,2.75,2.75,234752,0
PRTG.US,D,20240819,000000,2.34,3.0699,2.3,2.56,466894,0
PRTG.US,D,20240820,000000,2.41,2.73,2.3,2.6,186719,0
PRTG.US,D,20240821,000000,2.54,2.82,2.45,2.65,61095,0
PRTG.US,D,20240822,000000,2.59,2.79,2.42,2.7003,113338,0
PRTG.US,D,20240823,000000,4.25,8.28,3.9,6,49669079,0
PRTG.US,D,20240826,000000,5.75,6.67,5.3,6.42,1184801,0
PRTG.US,D,20240827,000000,6.37,7.2799,6.1201,6.39,840771,0
PRTG.US,D,20240828,000000,6.39,6.65,5.87,6.65,178729,0
PRTG.US,D,20240829,000000,6.73,6.73,4.52,4.52,194862,0
PRTG.US,D,20240830,000000,4.55,4.555,3.11,3.45,196003,0
PRTG.US,D,20240903,000000,3.27,3.87,3.27,3.7,442732,0
PRTG.US,D,20240904,000000,3.7,3.99,3.58,3.81,118319,0
PRTG.US,D,20240905,000000,3.9,4.0099,3.2001,3.39,90460,0
PRTG.US,D,20240906,000000,3.36,3.39,2.9,2.97,34341,0
PRTG.US,D,20240909,000000,2.97,3.19,2.81,2.84,21413,0
PRTG.US,D,20240910,000000,2.83,3.73,2.83,3.15,382686,0
PRTG.US,D,20240911,000000,3.1,3.7,3.0315,3.38,76179,0
PRTG.US,D,20240912,000000,3.41,3.6165,3.41,3.52,34171,0
PRTG.US,D,20240913,000000,3.62,3.92,3.54,3.56,43349,0
PRTG.US,D,20240916,000000,3.57,4.18,3.57,3.92,117547,0
PRTG.US,D,20240917,000000,4.04,4.89,3.85,4.53,101886,0
PRTG.US,D,20240918,000000,12.64,23.01,8.8,9.91,51568822,0
PRTG.US,D,20240919,000000,11.64,12.93,8.27,10.21,2478448,0
PRTG.US,D,20240920,000000,10.09,10.66,8.3,8.72,492719,0
PRTG.US,D,20240923,000000,8.52,8.9942,7.35,7.81,149263,0
PRTG.US,D,20240924,000000,7.78,7.78,6.83,6.83,105903,0
PRTG.US,D,20240925,000000,6.93,7.7396,6.8,6.97,80544,0
PRTG.US,D,20240926,000000,7.4,7.69,6.9277,7.17,152189,0
PRTG.US,D,20240927,000000,7.36,7.49,6.914053,6.93,64897,0
PRTG.US,D,20240930,000000,6.95,7.2,6.65,6.65,276841,0
PRTG.US,D,20241001,000000,6.65,6.65,6.1101,6.15,49107,0
PRTG.US,D,20241002,000000,6.1,6.1472,5.3,5.39,69502,0
PRTG.US,D,20241003,000000,5.33,6.34,5.33,5.85,63731,0
PRTG.US,D,20241004,000000,5.72,5.87,5.31,5.51,34900,0
PRTG.US,D,20241007,000000,5.5,5.7299,5.3786,5.47,37231,0
PRTG.US,D,20241008,000000,5.45,7.43,5.4425,7.37,423774,0
PRTG.US,D,20241009,000000,7.73,8.118,6.6848,6.9,95987,0
PRTG.US,D,20241010,000000,7.07,7.07,6.5,6.79,46009,0
PRTG.US,D,20241011,000000,6.84,7.13,6.6601,7.08,27873,0
PRTG.US,D,20241014,000000,7.05,7.45,6.7001,7.3899,42309,0
PRTG.US,D,20241015,000000,7.25,7.38,6.121,6.26,51231,0
PRTG.US,D,20241016,000000,6.65,7.26,6.365,6.7,117553,0
PRTG.US,D,20241017,000000,7.04,7.04,6.25,6.71,96987,0
PRTG.US,D,20241018,000000,6.74,6.74,5.9,6.13,115806,0
PRTG.US,D,20241021,000000,6.06,6.06,5.77,5.83,25904,0
PRTG.US,D,20241022,000000,5.73,5.98,5.73,5.94,14394,0
PRTG.US,D,20241023,000000,5.95,5.95,5.4115,5.64,36933,0
PRTG.US,D,20241024,000000,5.65,6.99,5.42,6.18,262164,0
PRTG.US,D,20241025,000000,6.22,7.11,6.1001,6.36,101492,0
PRTG.US,D,20241028,000000,6.46,6.56,5.795,5.8,48732,0
PRTG.US,D,20241029,000000,5.8,6.1282,5.6,5.73,62433,0
