<TICKER>,<PER>,<DATE>,<TIME>,<OPEN>,<HIGH>,<LOW>,<CLOSE>,<VOL>,<OPENINT>
QOWZ.US,D,20231208,000000,24.076,24.077,24.059,24.077,914,0
QOWZ.US,D,20231211,000000,24.45,24.45,24.4475,24.4475,233,0
QOWZ.US,D,20231212,000000,24.62,24.7247,24.62,24.7247,310,0
QOWZ.US,D,20231213,000000,24.81,25.0879,24.73,25.0879,11060,0
QOWZ.US,D,20231214,000000,25.19,25.19,25.0725,25.0725,525,0
QOWZ.US,D,20231215,000000,25.12,25.1389,25.12,25.1389,189,0
QOWZ.US,D,20231218,000000,25.24,25.31,25.23,25.2646,578,0
QOWZ.US,D,20231219,000000,25.3545,25.371,25.3545,25.371,246,0
QOWZ.US,D,20231220,000000,25.3637,25.3637,24.9248,24.9248,594,0
QOWZ.US,D,20231221,000000,25.12,25.2132,25.12,25.2132,335,0
QOWZ.US,D,20231222,000000,25.33,25.33,25.2707,25.2707,836,0
QOWZ.US,D,20231226,000000,25.3384,25.399,25.3376,25.399,402,0
QOWZ.US,D,20231227,000000,25.41,25.41,25.35,25.4011,1239,0
QOWZ.US,D,20231228,000000,25.4185,25.4185,25.4185,25.4185,30,0
QOWZ.US,D,20231229,000000,25.37,25.37,25.3347,25.3347,159,0
QOWZ.US,D,20240102,000000,25,25.02,24.8799,24.9656,703,0
QOWZ.US,D,20240103,000000,24.5688,24.5688,24.5688,24.5688,106,0
QOWZ.US,D,20240104,000000,24.62,24.62,24.505,24.505,116,0
QOWZ.US,D,20240105,000000,24.5,24.5313,24.5,24.5313,178,0
QOWZ.US,D,20240108,000000,25,25.1377,24.9862,25.1377,404,0
QOWZ.US,D,20240109,000000,25.1044,25.1044,25.1044,25.1044,96,0
QOWZ.US,D,20240110,000000,25.2711,25.2711,25.2711,25.2711,106,0
QOWZ.US,D,20240111,000000,25.3898,25.4344,25.3898,25.4344,207,0
QOWZ.US,D,20240112,000000,25.47,25.47,25.41,25.4381,402,0
QOWZ.US,D,20240116,000000,25.57,25.57,25.4812,25.4812,622,0
QOWZ.US,D,20240117,000000,25.3,25.3671,25.3,25.3671,167,0
QOWZ.US,D,20240118,000000,25.7063,25.7063,25.7063,25.7063,12,0
QOWZ.US,D,20240119,000000,25.85,26.2125,25.84,26.2125,1650,0
QOWZ.US,D,20240122,000000,26.4362,26.4362,26.4171,26.4171,263,0
QOWZ.US,D,20240123,000000,26.38,26.436,26.38,26.436,214,0
QOWZ.US,D,20240124,000000,26.71,26.71,26.4897,26.4897,519,0
QOWZ.US,D,20240125,000000,26.6,26.6,26.5235,26.5466,490,0
QOWZ.US,D,20240126,000000,26.54,26.54,26.4472,26.4472,1268,0
QOWZ.US,D,20240129,000000,26.56,26.7891,26.55,26.7891,219,0
QOWZ.US,D,20240130,000000,26.8193,26.8193,26.8193,26.8193,17,0
QOWZ.US,D,20240131,000000,26.6,26.6,26.4106,26.4106,434,0
QOWZ.US,D,20240201,000000,26.796,26.796,26.796,26.796,142,0
QOWZ.US,D,20240202,000000,27.0961,27.0961,27.0961,27.0961,266,0
QOWZ.US,D,20240205,000000,27.02,27.2513,27.02,27.2513,702,0
QOWZ.US,D,20240206,000000,27.08,27.1222,27.08,27.1222,832,0
QOWZ.US,D,20240207,000000,27.32,27.3466,27.32,27.3466,317,0
QOWZ.US,D,20240208,000000,27.47,27.47,27.4429,27.4429,249,0
QOWZ.US,D,20240209,000000,27.5708,27.6841,27.5708,27.6841,496,0
QOWZ.US,D,20240212,000000,27.72,27.72,27.585,27.585,1993,0
QOWZ.US,D,20240213,000000,27.173,27.173,27.173,27.173,74,0
QOWZ.US,D,20240214,000000,27.34,27.5823,27.34,27.5823,1043,0
QOWZ.US,D,20240215,000000,27.5413,27.5686,27.5413,27.5666,714,0
QOWZ.US,D,20240216,000000,27.44,27.44,27.3089,27.3089,176,0
QOWZ.US,D,20240220,000000,27.02,27.06,26.8681,26.9612,1510,0
QOWZ.US,D,20240221,000000,26.8,26.8625,26.76,26.8625,10523,0
QOWZ.US,D,20240222,000000,27.84,27.9164,27.84,27.9164,376,0
QOWZ.US,D,20240223,000000,28.21,28.21,28.0087,28.0206,2501,0
QOWZ.US,D,20240226,000000,28.14,28.2,28.0862,28.0862,36381,0
QOWZ.US,D,20240227,000000,28.21,28.21,27.98,28.0435,1257,0
QOWZ.US,D,20240228,000000,27.9,27.9673,27.9,27.9673,481,0
QOWZ.US,D,20240229,000000,28.27,28.27,28.247,28.247,739,0
QOWZ.US,D,20240301,000000,28.6099,28.7349,28.6099,28.7349,578,0
QOWZ.US,D,20240304,000000,28.93,29.02,28.8358,28.8358,3899,0
QOWZ.US,D,20240305,000000,28.28,28.3992,28.28,28.3992,2970,0
QOWZ.US,D,20240306,000000,28.75,28.75,28.69,28.69,108,0
QOWZ.US,D,20240307,000000,29.201,29.2316,29.2003,29.2316,274,0
QOWZ.US,D,20240308,000000,29.116,29.116,28.6731,28.6731,5201,0
QOWZ.US,D,20240311,000000,28.39,28.5925,28.39,28.5925,540,0
QOWZ.US,D,20240312,000000,29.1113,29.1113,29.1113,29.1113,315,0
QOWZ.US,D,20240313,000000,28.85,28.93,28.84,28.8997,769,0
QOWZ.US,D,20240314,000000,28.6078,28.6078,28.53,28.5751,868,0
QOWZ.US,D,20240315,000000,28.23,28.32,28.1418,28.1418,732,0
QOWZ.US,D,20240318,000000,28.41,28.41,28.29,28.29,340,0
QOWZ.US,D,20240319,000000,28.48,28.48,28.48,28.48,43,0
QOWZ.US,D,20240320,000000,28.48,28.7646,28.48,28.7646,389,0
QOWZ.US,D,20240321,000000,29.0389,29.23,29.0389,29.0914,764,0
QOWZ.US,D,20240322,000000,29.18,29.18,28.99,29.06,20147,0
QOWZ.US,D,20240325,000000,29,29,28.9078,28.9078,379,0
QOWZ.US,D,20240326,000000,28.95,28.95,28.7775,28.7775,1154,0
QOWZ.US,D,20240327,000000,28.81,28.9307,28.78,28.9307,1438,0
QOWZ.US,D,20240328,000000,29.05,29.05,29.0137,29.0346,275,0
QOWZ.US,D,20240401,000000,28.95,28.95,28.86,28.9304,2017,0
QOWZ.US,D,20240402,000000,28.6,28.6406,28.49,28.6406,422,0
QOWZ.US,D,20240403,000000,28.76,28.77,28.6362,28.6362,402,0
QOWZ.US,D,20240404,000000,28.12,28.12,28.12,28.12,115,0
QOWZ.US,D,20240405,000000,28.4749,28.53,28.4749,28.5278,327,0
QOWZ.US,D,20240409,000000,28.5747,28.5747,28.5747,28.5747,113,0
QOWZ.US,D,20240410,000000,28.29,28.29,28.2587,28.2587,153,0
QOWZ.US,D,20240411,000000,28.49,28.5419,28.49,28.5419,565,0
QOWZ.US,D,20240412,000000,28.04,28.04,28.04,28.04,75,0
QOWZ.US,D,20240415,000000,28.12,28.12,27.52,27.52,379,0
QOWZ.US,D,20240416,000000,27.55,27.6016,27.55,27.6016,182,0
QOWZ.US,D,20240417,000000,27.3,27.3,27.2859,27.2859,233,0
QOWZ.US,D,20240418,000000,27.1225,27.1225,27.1225,27.1225,168,0
QOWZ.US,D,20240419,000000,27.01,27.01,27.01,27.01,469,0
QOWZ.US,D,20240422,000000,26.85,27.13,26.85,27.01,648,0
QOWZ.US,D,20240423,000000,27.4601,27.4601,27.4601,27.4601,26,0
QOWZ.US,D,20240424,000000,27.42,27.4473,27.41,27.4473,2307,0
QOWZ.US,D,20240425,000000,27.5,27.5,27.5,27.5,110,0
QOWZ.US,D,20240426,000000,27.75,27.75,27.75,27.75,6,0
QOWZ.US,D,20240429,000000,27.78,27.8257,27.75,27.8257,6207,0
QOWZ.US,D,20240430,000000,27.75,27.75,27.3858,27.3858,261,0
QOWZ.US,D,20240501,000000,27.505,27.505,27.1347,27.1347,140,0
QOWZ.US,D,20240502,000000,27.13,27.289,27.13,27.289,148,0
QOWZ.US,D,20240503,000000,27.7699,27.85,27.7351,27.7351,621,0
QOWZ.US,D,20240506,000000,28.09,28.09,28.09,28.09,19,0
QOWZ.US,D,20240507,000000,28.01,28.1103,28.01,28.04,943,0
QOWZ.US,D,20240508,000000,28.03,28.06,27.98,28.06,951,0
QOWZ.US,D,20240509,000000,27.95,28.1199,27.94,28.0872,7162,0
QOWZ.US,D,20240510,000000,28.33,28.45,28.33,28.3581,3009,0
QOWZ.US,D,20240513,000000,28.4002,28.4002,28.3263,28.3263,274,0
QOWZ.US,D,20240514,000000,28.4848,28.4848,28.4848,28.4848,243,0
QOWZ.US,D,20240515,000000,29.01,29.0201,29,29.0201,3468,0
QOWZ.US,D,20240516,000000,28.99,28.99,28.9526,28.9526,461,0
QOWZ.US,D,20240517,000000,28.9,28.9,28.84,28.89,100003,0
QOWZ.US,D,20240520,000000,29.06,29.12,29.05,29.12,5099,0
QOWZ.US,D,20240521,000000,28.92,28.957,28.8861,28.957,580,0
QOWZ.US,D,20240522,000000,29.01,29.065,28.82,28.9003,13960,0
QOWZ.US,D,20240523,000000,29.22,29.26,28.89,28.976,17406,0
QOWZ.US,D,20240524,000000,28.92,29.02,28.92,28.9894,1081,0
QOWZ.US,D,20240528,000000,29.02,29.09,28.99,29.0402,6347,0
QOWZ.US,D,20240529,000000,28.84,28.995,28.83,28.83,2515,0
QOWZ.US,D,20240530,000000,28.2433,28.36,28.16,28.16,2859,0
QOWZ.US,D,20240531,000000,28.275,28.3454,27.97,28.3454,1969,0
QOWZ.US,D,20240603,000000,28.34,28.4341,28.34,28.4341,455,0
QOWZ.US,D,20240604,000000,28.35,28.54,28.32,28.51,7393,0
QOWZ.US,D,20240605,000000,28.63,29.1263,28.63,29.1263,906,0
QOWZ.US,D,20240606,000000,29.29,29.29,28.96,29.065,7066,0
QOWZ.US,D,20240607,000000,29.05,29.17,29.05,29.0516,812,0
QOWZ.US,D,20240610,000000,29.1964,29.25,29.1964,29.25,289,0
QOWZ.US,D,20240611,000000,29.26,29.3,29.18,29.3,421,0
QOWZ.US,D,20240612,000000,29.7,29.81,29.7,29.73,1908,0
QOWZ.US,D,20240613,000000,29.93,29.9925,29.79,29.9925,1111,0
QOWZ.US,D,20240614,000000,30.07,30.23,30.05,30.23,11263,0
QOWZ.US,D,20240617,000000,30.21,30.48,30.21,30.48,685,0
QOWZ.US,D,20240618,000000,30.56,30.73,30.56,30.6852,4171,0
QOWZ.US,D,20240620,000000,30.7881,30.81,30.3,30.3575,3601,0
QOWZ.US,D,20240621,000000,30.36,30.36,30.15,30.27,22941,0
QOWZ.US,D,20240624,000000,30.19,30.19,29.9047,29.9047,3401,0
QOWZ.US,D,20240625,000000,30.02,30.08,29.9717,30.063,3634,0
QOWZ.US,D,20240626,000000,30.04,30.1,29.91,30.03,6343,0
QOWZ.US,D,20240627,000000,30.28,30.29,30.0861,30.1238,19956,0
QOWZ.US,D,20240628,000000,30.33,30.66,30.3181,30.3181,6513,0
QOWZ.US,D,20240701,000000,30.18,30.21,30.17,30.17,1387,0
QOWZ.US,D,20240702,000000,30.14,30.31,30.1399,30.31,1146,0
QOWZ.US,D,20240703,000000,30.36,30.6,30.33,30.579,3731,0
QOWZ.US,D,20240705,000000,30.665,30.75,30.665,30.72,356,0
QOWZ.US,D,20240708,000000,30.94,30.98,30.61,30.6266,8221,0
QOWZ.US,D,20240709,000000,30.67,30.67,30.55,30.5877,1705,0
QOWZ.US,D,20240710,000000,30.55,30.8255,30.55,30.8255,515,0
QOWZ.US,D,20240711,000000,30.7244,30.7244,30.61,30.61,2080,0
QOWZ.US,D,20240712,000000,30.81,30.85,30.7689,30.7689,347,0
QOWZ.US,D,20240715,000000,31.02,31.07,30.8689,30.8689,1877,0
QOWZ.US,D,20240716,000000,31.13,31.2528,31.09,31.2528,1070,0
QOWZ.US,D,20240717,000000,30.7061,30.765,30.52,30.52,4470,0
QOWZ.US,D,20240718,000000,30.73,30.85,30.4,30.49,11668,0
QOWZ.US,D,20240719,000000,30.5,30.5,30.233,30.233,231,0
QOWZ.US,D,20240722,000000,30.7903,30.7903,30.7903,30.7903,101,0
QOWZ.US,D,20240723,000000,30.82,31.13,30.7209,30.7209,5902,0
QOWZ.US,D,20240724,000000,29.89,29.95,29.8357,29.8357,1398,0
QOWZ.US,D,20240725,000000,29.88,30.28,29.79,29.8939,8216,0
QOWZ.US,D,20240726,000000,30.33,30.41,30.33,30.3449,1227,0
QOWZ.US,D,20240729,000000,30.54,30.54,30.3,30.3,3961,0
QOWZ.US,D,20240730,000000,30.295,30.295,30.085,30.0947,1006,0
QOWZ.US,D,20240731,000000,30.8,30.96,30.8,30.9369,3763,0
QOWZ.US,D,20240801,000000,30.94,30.94,30.0701,30.21,5553,0
QOWZ.US,D,20240802,000000,29.29,29.63,29.285,29.6266,7824,0
QOWZ.US,D,20240805,000000,28.55,29.18,28.55,28.79,1703,0
QOWZ.US,D,20240806,000000,29.43,29.47,29.07,29.1995,2138,0
QOWZ.US,D,20240807,000000,29.88,29.88,28.86,28.8711,5464,0
QOWZ.US,D,20240808,000000,29.17,29.68,29.09,29.6523,1766,0
QOWZ.US,D,20240809,000000,29.7,29.8699,29.66,29.8,3841,0
QOWZ.US,D,20240812,000000,29.98,29.98,29.73,29.8,4666,0
QOWZ.US,D,20240813,000000,30.3,30.5,30.2999,30.5,2537,0
QOWZ.US,D,20240814,000000,30.44,30.6,30.37,30.5694,3527,0
QOWZ.US,D,20240815,000000,30.906,31.1553,30.906,31.1553,1457,0
QOWZ.US,D,20240816,000000,31.0818,31.17,31.0818,31.17,777,0
QOWZ.US,D,20240819,000000,31.17,31.555,31.17,31.555,255,0
QOWZ.US,D,20240820,000000,31.58,31.58,31.37,31.42,5820,0
QOWZ.US,D,20240821,000000,31.36,31.6,31.36,31.6,2575,0
QOWZ.US,D,20240822,000000,31.76,31.76,31.23,31.2308,2586,0
QOWZ.US,D,20240823,000000,31.48,31.61,31.415,31.61,1079,0
QOWZ.US,D,20240826,000000,31.61,31.79,31.325,31.388,16395,0
QOWZ.US,D,20240827,000000,31.2501,31.5563,31.2501,31.5563,4702,0
QOWZ.US,D,20240828,000000,31.165,31.37,31.165,31.28,1064,0
QOWZ.US,D,20240829,000000,31.54,31.55,31.24,31.24,1923,0
QOWZ.US,D,20240830,000000,31.47,31.52,31.1701,31.52,1541,0
QOWZ.US,D,20240903,000000,31.24,31.25,30.6094,30.6094,2835,0
QOWZ.US,D,20240904,000000,30.62,30.62,30.62,30.62,237,0
QOWZ.US,D,20240905,000000,30.61,30.61,30.44,30.4494,3455,0
QOWZ.US,D,20240906,000000,30.02,30.02,29.8826,29.8826,578,0
QOWZ.US,D,20240909,000000,30.24,30.3201,30.14,30.3201,1125,0
QOWZ.US,D,20240910,000000,30.3,30.556,30.3,30.556,1131,0
QOWZ.US,D,20240911,000000,30.4787,31.0582,30.4787,31.0582,1602,0
QOWZ.US,D,20240912,000000,31.34,31.34,31.3314,31.3314,931,0
QOWZ.US,D,20240913,000000,31.47,31.4899,31.47,31.4839,678,0
QOWZ.US,D,20240916,000000,31.468,31.468,31.468,31.468,256,0
QOWZ.US,D,20240917,000000,31.68,31.68,31.4144,31.4144,2397,0
QOWZ.US,D,20240918,000000,31.36,31.55,31.2389,31.2389,995,0
QOWZ.US,D,20240919,000000,31.91,32.07,31.91,31.9939,2350,0
QOWZ.US,D,20240920,000000,31.8564,31.8564,31.8564,31.8564,72,0
QOWZ.US,D,20240923,000000,31.85,31.875,31.85,31.8697,549,0
QOWZ.US,D,20240924,000000,32.03,32.08,32.03,32.08,201,0
QOWZ.US,D,20240925,000000,32.1,32.1,31.9778,31.9778,1053,0
QOWZ.US,D,20240926,000000,32.1844,32.2831,32.1844,32.2831,2589,0
QOWZ.US,D,20240927,000000,32.26,32.29,32.11,32.1402,4024,0
QOWZ.US,D,20240930,000000,32.04,32.21,32.04,32.21,5226,0
QOWZ.US,D,20241001,000000,32.36,32.36,31.85,31.85,381,0
QOWZ.US,D,20241002,000000,32.0217,32.0454,32.0217,32.0454,191,0
QOWZ.US,D,20241003,000000,31.95,32.1,31.94,32.1,1068,0
QOWZ.US,D,20241004,000000,32.3858,32.4175,32.3858,32.4175,449,0
QOWZ.US,D,20241007,000000,32.4503,32.4503,32.19,32.26,1865,0
QOWZ.US,D,20241008,000000,32.6,32.68,32.6,32.65,1691,0
QOWZ.US,D,20241009,000000,32.75,32.962,32.725,32.962,4357,0
QOWZ.US,D,20241010,000000,32.88,32.93,32.88,32.93,452,0
QOWZ.US,D,20241011,000000,32.96,33.15,32.96,33.1314,906,0
QOWZ.US,D,20241014,000000,33.4893,33.5094,33.4893,33.5094,301,0
QOWZ.US,D,20241015,000000,32.99,32.99,32.79,32.8635,1780,0
QOWZ.US,D,20241016,000000,32.91,33.01,32.91,32.9832,466,0
QOWZ.US,D,20241017,000000,33.1433,33.1433,33.04,33.04,720,0
QOWZ.US,D,20241018,000000,33.15,33.1599,33.076,33.076,639,0
QOWZ.US,D,20241021,000000,33.17,33.17,32.94,33.0218,5138,0
QOWZ.US,D,20241022,000000,32.89,33.06,32.87,32.9396,20019,0
QOWZ.US,D,20241023,000000,32.7301,32.7536,32.4252,32.482,3230,0
QOWZ.US,D,20241024,000000,32.55,32.6252,32.55,32.606,1362,0
QOWZ.US,D,20241025,000000,33,33,32.6533,32.6533,1657,0
QOWZ.US,D,20241028,000000,32.7102,32.7102,32.7102,32.7102,258,0
