<TICKER>,<PER>,<DATE>,<TIME>,<OPEN>,<HIGH>,<LOW>,<CLOSE>,<VOL>,<OPENINT>
QQQT.US,D,20240625,000000,19.83,19.931,19.8299,19.931,14012,0
QQQT.US,D,20240626,000000,19.86,19.98,19.86,19.96,21522,0
QQQT.US,D,20240627,000000,19.98,20.02,19.9415,19.98,23491,0
QQQT.US,D,20240628,000000,20.01,20.15,19.895,19.91,27287,0
QQQT.US,D,20240701,000000,19.95,20.01,19.83,20.01,17168,0
QQQT.US,D,20240702,000000,19.94,20.1324,19.94,20.1324,11042,0
QQQT.US,D,20240703,000000,20.1499,20.32,20.1344,20.32,19730,0
QQQT.US,D,20240705,000000,20.35,20.51,20.3201,20.5,41277,0
QQQT.US,D,20240708,000000,20.52,20.54,20.48,20.53,34923,0
QQQT.US,D,20240709,000000,20.58,20.6,20.47,20.5105,30512,0
QQQT.US,D,20240710,000000,20.5762,20.71,20.55,20.71,27327,0
QQQT.US,D,20240711,000000,20.7,20.7,20.28,20.32,72762,0
QQQT.US,D,20240712,000000,20.295,20.54,20.295,20.39,44237,0
QQQT.US,D,20240715,000000,20.46,20.58,20.35,20.3694,26005,0
QQQT.US,D,20240716,000000,20.45,20.45,20.3,20.3856,15235,0
QQQT.US,D,20240717,000000,20.1,20.1,19.83,19.83,62116,0
QQQT.US,D,20240718,000000,19.956,19.956,19.58,19.6969,30655,0
QQQT.US,D,20240719,000000,19.72,19.72,19.496,19.53,14984,0
QQQT.US,D,20240722,000000,19.7,19.8091,19.6213,19.7519,24372,0
QQQT.US,D,20240723,000000,19.79,19.83,19.715,19.73,18627,0
QQQT.US,D,20240724,000000,19.46,19.46,18.9901,19.0138,49453,0
QQQT.US,D,20240725,000000,19.05,19.1899,18.748,18.85,38909,0
QQQT.US,D,20240726,000000,18.97,19.11,18.9001,19.01,34849,0
QQQT.US,D,20240729,000000,19.11,19.18,18.95,19.06,39249,0
QQQT.US,D,20240730,000000,19.15,19.15,18.66,18.81,47314,0
QQQT.US,D,20240731,000000,18.84,19.06,18.8101,19.03,58683,0
QQQT.US,D,20240801,000000,19.058,19.15,18.48,18.5954,35338,0
QQQT.US,D,20240802,000000,18.29,18.36,18.07,18.2065,63234,0
QQQT.US,D,20240805,000000,17.26,17.94,17.26,17.8,67680,0
QQQT.US,D,20240806,000000,17.825,18.2199,17.77,17.9,36398,0
QQQT.US,D,20240807,000000,18.2,18.235,17.7,17.73,15838,0
QQQT.US,D,20240808,000000,17.9,18.25,17.808,18.25,10591,0
QQQT.US,D,20240809,000000,18.2,18.33,18.1516,18.33,22953,0
QQQT.US,D,20240812,000000,18.34,18.4199,18.2881,18.36,13059,0
QQQT.US,D,20240813,000000,18.6189,18.8,18.58,18.8,17931,0
QQQT.US,D,20240814,000000,18.74,18.87,18.6482,18.8035,13184,0
QQQT.US,D,20240815,000000,19.03,19.2496,19.005,19.2104,12420,0
QQQT.US,D,20240816,000000,19.18,19.28,19.155,19.2516,17625,0
QQQT.US,D,20240819,000000,19.28,19.4706,19.245,19.4706,42182,0
QQQT.US,D,20240820,000000,19.46,19.53,19.3924,19.4342,15797,0
QQQT.US,D,20240821,000000,19.42,19.51,19.4,19.495,16242,0
QQQT.US,D,20240822,000000,19.5501,19.565,19.1717,19.1717,11494,0
QQQT.US,D,20240823,000000,19.33,19.49,19.2787,19.3949,11173,0
QQQT.US,D,20240826,000000,19.34,19.376,19.1321,19.213,26865,0
QQQT.US,D,20240827,000000,19.17,19.3,19.15,19.2628,15791,0
QQQT.US,D,20240828,000000,19.205,19.205,18.95,19.02,65010,0
QQQT.US,D,20240829,000000,19.195,19.3,19.0249,19.0249,5681,0
QQQT.US,D,20240830,000000,19.18,19.27,19.06,19.27,23608,0
QQQT.US,D,20240903,000000,18.8,18.82,18.32,18.36,23843,0
QQQT.US,D,20240904,000000,18.25,18.41,18.21,18.318,20403,0
QQQT.US,D,20240905,000000,18.29,18.49,18.2442,18.3122,74937,0
QQQT.US,D,20240906,000000,18.31,18.33,17.85,17.8744,19416,0
QQQT.US,D,20240909,000000,18.01,18.13,17.92,18.0787,16808,0
QQQT.US,D,20240910,000000,18.12,18.25,18.016,18.25,32301,0
QQQT.US,D,20240911,000000,18.3,18.61,18.04,18.61,8226,0
QQQT.US,D,20240912,000000,18.634,18.82,18.57,18.7735,8166,0
QQQT.US,D,20240913,000000,18.79,18.91,18.78,18.8632,7251,0
QQQT.US,D,20240916,000000,18.8,18.8,18.685,18.78,22491,0
QQQT.US,D,20240917,000000,18.8777,18.91,18.72,18.7843,13161,0
QQQT.US,D,20240918,000000,18.805,18.98,18.69,18.7255,17384,0
QQQT.US,D,20240919,000000,19.1,19.31,19.1,19.188,20236,0
QQQT.US,D,20240920,000000,19.14,19.1886,19.0585,19.1453,11252,0
QQQT.US,D,20240923,000000,19.2,19.26,19.16,19.2157,21372,0
QQQT.US,D,20240924,000000,19.21,19.3099,19.115,19.2503,9662,0
QQQT.US,D,20240925,000000,19.27,19.35,19.2532,19.2903,11012,0
QQQT.US,D,20240926,000000,19.49,19.494927,19.2843,19.405,8169,0
QQQT.US,D,20240927,000000,19.43,19.43,19.29,19.3228,19998,0
QQQT.US,D,20240930,000000,19.29,19.39,19.19,19.39,25943,0
QQQT.US,D,20241001,000000,18.965,18.965,18.63,18.75,37521,0
QQQT.US,D,20241002,000000,18.75,18.85,18.65,18.81,37949,0
QQQT.US,D,20241003,000000,18.7,18.8698,18.7,18.83,16550,0
QQQT.US,D,20241004,000000,18.99,19.004,18.8501,18.99,32065,0
QQQT.US,D,20241007,000000,18.96,18.97,18.7907,18.84,14908,0
QQQT.US,D,20241008,000000,18.91,19.1057,18.91,19.05,27009,0
QQQT.US,D,20241009,000000,19,19.2,19,19.2,23329,0
QQQT.US,D,20241010,000000,19.1,19.23,19.1,19.19,10650,0
QQQT.US,D,20241011,000000,19.16,19.2515,19.14,19.23,20775,0
QQQT.US,D,20241014,000000,19.3,19.41,19.28,19.34,79293,0
QQQT.US,D,20241015,000000,19.39,19.39,19.05,19.13,32340,0
QQQT.US,D,20241016,000000,19.14,19.15,19.022,19.15,9255,0
QQQT.US,D,20241017,000000,19.33,19.33,19.11,19.11,21955,0
QQQT.US,D,20241018,000000,19.26,19.27,19.21,19.27,21634,0
QQQT.US,D,20241021,000000,19.17,19.3,19.16,19.26,11414,0
QQQT.US,D,20241022,000000,19.2,19.3,19.2,19.3,14843,0
QQQT.US,D,20241023,000000,19.26,19.26,18.89,19.02,12856,0
QQQT.US,D,20241024,000000,19.47,19.47,19,19.16,8121,0
QQQT.US,D,20241025,000000,19.25,19.41,19.21,19.25,17215,0
QQQT.US,D,20241028,000000,19.36,19.36,19.24,19.25,19365,0
QQQT.US,D,20241029,000000,19.23,19.47,19.23,19.38,16494,0
