<TICKER>,<PER>,<DATE>,<TIME>,<OPEN>,<HIGH>,<LOW>,<CLOSE>,<VOL>,<OPENINT>
REVB.US,D,20201118,000000,10290,10290,10290,10290,238.09524142857,0
REVB.US,D,20201127,000000,11340,11340,10290,10290,10.77333348416,0
REVB.US,D,20201130,000000,10489.5,10489.5,10489.5,10489.5,0.83428572596571,0
REVB.US,D,20201201,000000,10489.5,10500,10395,10395,15.164762117069,0
REVB.US,D,20201202,000000,10395,10447.5,10395,10447.5,16.501904992931,0
REVB.US,D,20201204,000000,10447.5,10447.7,10395,10395,3.0514286141486,0
REVB.US,D,20201207,000000,10489.5,10489.5,10489.5,10489.5,0.45619048257714,0
REVB.US,D,20201208,000000,10489.5,10531.5,10489.5,10489.5,9.2028572716971,0
REVB.US,D,20201209,000000,10552.4,10552.5,10489.5,10489.5,194.87714558542,0
REVB.US,D,20201210,000000,10500,10521,10500,10500,14.804762112029,0
REVB.US,D,20201211,000000,10594.5,10920,10531.5,10531.5,4.2333333926,0
REVB.US,D,20201214,000000,10708.4,10708.4,10708.4,10708.4,0.50761905472571,0
REVB.US,D,20201216,000000,10542,10542,10542,10542,0.61333334192,0
REVB.US,D,20201217,000000,10605,10605,10547.3,10547.3,0.70190477173143,0
REVB.US,D,20201218,000000,10510.5,10589.9,10510.5,10589.9,0.65714286634286,0
REVB.US,D,20201223,000000,10552.5,10815,10552.5,10794,10.814285865686,0
REVB.US,D,20201224,000000,10552.5,10767.8,10552.5,10579.6,1.7247619289086,0
REVB.US,D,20201228,000000,10605,10794,10395,10540.5,27.836190865897,0
REVB.US,D,20201229,000000,10552.6,10594.5,10531.5,10531.5,110.54285869046,0
REVB.US,D,20201230,000000,10552.5,10563,10521,10521,16.110476416023,0
REVB.US,D,20201231,000000,10500,10615.5,10489.5,10552.5,9.3104763208229,0
REVB.US,D,20210104,000000,10552.5,10668,10552.5,10668,7.7590477276743,0
REVB.US,D,20210105,000000,10668,10815,10668,10668,4.65333339848,0
REVB.US,D,20210106,000000,10794,10800.3,10657.5,10657.5,1.0485714432514,0
REVB.US,D,20210107,000000,10794,10801.9,10652.3,10662.8,9.6342858491657,0
REVB.US,D,20210108,000000,10762.5,10781.4,10762.5,10762.5,6.5019048529314,0
REVB.US,D,20210111,000000,10563,10741.4,10552.5,10741.4,1.2276190648057,0
REVB.US,D,20210112,000000,10804.5,10815,10804.5,10815,115.81333495472,0
REVB.US,D,20210113,000000,10605.1,10704.8,10605.1,10704.8,0.86857144073143,0
REVB.US,D,20210114,000000,10815,10815,10699.6,10699.6,1.1295238253371,0
REVB.US,D,20210115,000000,10783.5,10783.5,10710,10710,2.7695238482971,0
REVB.US,D,20210119,000000,10731,10731,10626,10636.5,13.239047804394,0
REVB.US,D,20210120,000000,10699.5,10794.6,10699.5,10794.6,3.4342857623657,0
REVB.US,D,20210121,000000,10626.1,10815,10626.1,10815,7.3828572462171,0
REVB.US,D,20210122,000000,10867.5,10867.5,10741.5,10762.5,1.0704762054629,0
REVB.US,D,20210125,000000,10762.4,10762.4,10584,10657.5,52.540953116526,0
REVB.US,D,20210126,000000,10668.1,10752,10668.1,10752,0.59809524646857,0
REVB.US,D,20210127,000000,10573.5,10699.5,10573.5,10636.5,5.6323810312343,0
REVB.US,D,20210128,000000,10647,10706.3,10584,10636.5,53.8000007532,0
REVB.US,D,20210129,000000,10594.5,10626,10594.5,10626,1.5276190690057,0
REVB.US,D,20210201,000000,10657.5,10657.5,10636.5,10636.5,3.3485714754514,0
REVB.US,D,20210202,000000,10762.5,10762.5,10762.5,10762.5,0.93142858446857,0
REVB.US,D,20210203,000000,10752,10762.5,10752,10752,4.5257143490743,0
REVB.US,D,20210204,000000,10752,11268.3,10752,11025,33.820952854446,0
REVB.US,D,20210205,000000,10998.8,10998.8,10794,10920,2.0857143149143,0
REVB.US,D,20210208,000000,11172,11172,10794,10794,26.362857511937,0
REVB.US,D,20210209,000000,10815,10962,10815,10825.5,31.881905208251,0
REVB.US,D,20210210,000000,10825.5,10878,10815,10867.5,6.8971429537029,0
REVB.US,D,20210211,000000,10872.8,11004,10815,11004,25.550476548183,0
REVB.US,D,20210212,000000,10899,10899,10794,10794,5.07333340436,0
REVB.US,D,20210216,000000,10815,10983,10762.5,10815,18.674285975726,0
REVB.US,D,20210217,000000,10815,10972.5,10773,10962,0.42190476781143,0
REVB.US,D,20210218,000000,10873.3,10993.5,10815,10888.5,10.587619195846,0
REVB.US,D,20210219,000000,10888.5,10893.8,10815,10857,34.332381433034,0
REVB.US,D,20210222,000000,10867.5,10867.5,10783.6,10804.5,135.16095427321,0
REVB.US,D,20210223,000000,10773,10814.9,10668,10762.5,37.049524328217,0
REVB.US,D,20210224,000000,10762.5,10941,10752,10857,85.974286917926,0
REVB.US,D,20210225,000000,10920,10920,10815,10815,26.664762278069,0
REVB.US,D,20210226,000000,10762.5,10766.2,10762.5,10762.5,8.4019048795314,0
REVB.US,D,20210301,000000,10794,10794,10731,10731,96.404763254429,0
REVB.US,D,20210302,000000,10657.5,10731,10426.5,10500,116.96285878034,0
REVB.US,D,20210303,000000,10563,10563,10269,10269,26.0333336978,0
REVB.US,D,20210304,000000,10342.5,10447.5,10342.5,10416,13.278095423989,0
REVB.US,D,20210305,000000,10363.5,10363.5,10342.5,10342.5,2.4876190824457,0
REVB.US,D,20210308,000000,10479,10584,10437,10468.5,3.0552381380114,0
REVB.US,D,20210309,000000,10468.5,10481.3,10468.5,10479,0.77714286802286,0
REVB.US,D,20210310,000000,10479,10479,10452.8,10458,470.45810182451,0
REVB.US,D,20210311,000000,10510.5,10710,10510.5,10689,30.908571861291,0
REVB.US,D,20210312,000000,10594.5,10594.5,10500,10563,17.221905003011,0
REVB.US,D,20210315,000000,10542,10542,10542,10542,0.15809524030857,0
REVB.US,D,20210316,000000,10594.5,10605,10552.5,10552.5,2.5695238454971,0
REVB.US,D,20210317,000000,10500,10552.5,10458,10479,4.6914286371086,0
REVB.US,D,20210318,000000,10468.5,10542,10468.5,10468.5,10.797143008303,0
REVB.US,D,20210319,000000,10500,10510.5,10500,10503.5,4.1847619633486,0
REVB.US,D,20210322,000000,10426.5,10510.5,10426.5,10489.5,2.7276190858057,0
REVB.US,D,20210323,000000,10500,10500,10468.5,10468.5,7.7009524887657,0
REVB.US,D,20210324,000000,10447.5,10494.8,10437,10494.8,30.31333375772,0
REVB.US,D,20210325,000000,10447.5,10447.5,10405.5,10447.5,2.0771428862229,0
REVB.US,D,20210326,000000,10447.5,10552.5,10447.5,10552.5,19.835238372931,0
REVB.US,D,20210329,000000,10426.5,10426.5,10416,10416,0.47523810189143,0
REVB.US,D,20210330,000000,10426.5,10458,10426.5,10437,2.1561905063771,0
REVB.US,D,20210331,000000,10458,10489.5,10437,10489.5,4.4504762527829,0
REVB.US,D,20210401,000000,10468.5,10505.3,10458,10505.3,1.5809524030857,0
REVB.US,D,20210405,000000,10573.5,10573.5,10472.4,10472.4,1.2161904932171,0
REVB.US,D,20210408,000000,10479,10563,10479,10563,1.6904762141429,0
REVB.US,D,20210409,000000,10563,10573.5,10563,10573.5,7.7904762995429,0
REVB.US,D,20210412,000000,10515.8,10552.5,10515.8,10552.5,5.6409524599257,0
REVB.US,D,20210413,000000,10487.4,10500,10479,10500,1.7847619297486,0
REVB.US,D,20210414,000000,10468.5,10573.5,10468.5,10573.5,8.8314286950686,0
REVB.US,D,20210415,000000,10521,10573.5,10521,10573.5,4.7723810191943,0
REVB.US,D,20210416,000000,10468.5,10552.5,10468.5,10552.5,2.3228571753771,0
REVB.US,D,20210419,000000,10510.5,10542,10500,10542,2.92000004088,0
REVB.US,D,20210422,000000,10489.5,10500,10489.5,10500,0.72857143877143,0
REVB.US,D,20210423,000000,10498.5,10498.5,10498.5,10498.5,0.11619047781714,0
REVB.US,D,20210426,000000,10500,10526.3,10500,10526.3,0.44571429195429,0
REVB.US,D,20210427,000000,10552.5,10552.5,10500,10552.5,0.57047619846286,0
REVB.US,D,20210428,000000,10500,10552.5,10500,10500,1.2952381133714,0
REVB.US,D,20210429,000000,10500,10552.4,10500,10552.4,1.5619047837714,0
REVB.US,D,20210430,000000,10552.5,10552.5,10552.5,10552.5,0.66285715213714,0
REVB.US,D,20210503,000000,10500,10500,10500,10500,0.90571429839429,0
REVB.US,D,20210504,000000,10500,10528.9,10500,10528.9,10.544762052389,0
REVB.US,D,20210505,000000,10521,10531.5,10500,10531.5,8.2419048772914,0
REVB.US,D,20210506,000000,10500,10521,10500,10521,11.144762060789,0
REVB.US,D,20210507,000000,10517.7,10531.5,10500,10500,2.3761905094571,0
REVB.US,D,20210510,000000,10522.8,10522.8,10522.8,10522.8,0.34190476669143,0
REVB.US,D,20210511,000000,10500,10521,10500,10500,4.3361905368971,0
REVB.US,D,20210512,000000,10500,10500,10500,10500,0.95809525150857,0
REVB.US,D,20210513,000000,10500,10531.4,10500,10531.4,0.91619048901714,0
REVB.US,D,20210514,000000,10500,10510.5,10500,10500,0.47333333996,0
REVB.US,D,20210517,000000,10500,10500,10500,10500,0.28952381357714,0
REVB.US,D,20210519,000000,10500,10521,10500,10500,6.5285715199714,0
REVB.US,D,20210520,000000,10500,10510.5,10500,10500,2.7123809903543,0
REVB.US,D,20210524,000000,10468.5,10521,10468.5,10521,1.42666668664,0
REVB.US,D,20210526,000000,10521,10521,10521,10521,1.0438095384229,0
REVB.US,D,20210528,000000,10500,10521,10479,10500,5.18666673928,0
REVB.US,D,20210601,000000,10500,10521,10500,10521,2.15333336348,0
REVB.US,D,20210602,000000,10500,10531.5,10500,10531.5,2.0523809811143,0
REVB.US,D,20210603,000000,10500,10510.5,10500,10510.5,2.2885714606114,0
REVB.US,D,20210607,000000,10500,10500,10500,10500,0.095238096571429,0
REVB.US,D,20210608,000000,10500,10500,10500,10500,0.83238096403429,0
REVB.US,D,20210609,000000,10510.5,10510.5,10510.5,10510.5,2.7190476571143,0
REVB.US,D,20210610,000000,10510.5,10531,10500,10531,306.04095666553,0
REVB.US,D,20210611,000000,10531.5,10531.5,10531.5,10531.5,1.3057143039943,0
REVB.US,D,20210614,000000,10500,10536.8,10500,10536.8,3.3085714748914,0
REVB.US,D,20210615,000000,10500,10500,10500,10500,0.11142857298857,0
REVB.US,D,20210616,000000,10526.3,10552.5,10500,10500,2.1123809819543,0
REVB.US,D,20210617,000000,10510.5,10510.5,10500,10500,3.9142857690857,0
REVB.US,D,20210618,000000,10552.5,10552.5,10552.5,10552.5,0.69523810497143,0
REVB.US,D,20210623,000000,10500,10500,10500,10500,1.0952381105714,0
REVB.US,D,20210624,000000,10542,10552.4,10542,10552.4,0.41142857718857,0
REVB.US,D,20210628,000000,10500,10510.5,10500,10500,3.3504762373829,0
REVB.US,D,20210629,000000,10500,10531.5,10458,10531.5,23.219047944114,0
REVB.US,D,20210630,000000,10542,10542,10542,10542,0.57619048425714,0
REVB.US,D,20210701,000000,10510.5,10510.5,10509.8,10510.5,27.298095620269,0
REVB.US,D,20210702,000000,10500,10510.5,10500,10510.5,0.96095239440571,0
REVB.US,D,20210706,000000,10510.5,10521,10510.5,10521,4.6752381606914,0
REVB.US,D,20210707,000000,10521,10547.5,10521,10546.4,0.73619048649714,0
REVB.US,D,20210708,000000,10510.5,10531.5,10510.5,10531.5,103.07143001443,0
REVB.US,D,20210712,000000,10542,10542,10531.5,10531.5,95.355239430211,0
REVB.US,D,20210713,000000,10531.5,10531.5,10510.5,10531.5,19.15333360148,0
REVB.US,D,20210715,000000,10510.5,10510.5,10510.5,10510.5,0.19142857410857,0
REVB.US,D,20210716,000000,10510.5,10510.5,10510.5,10510.5,2.1219047916114,0
REVB.US,D,20210719,000000,10521,10521,10500,10500,8.4123810701543,0
REVB.US,D,20210720,000000,10521,10526.3,10510.5,10521,108.87047771466,0
REVB.US,D,20210721,000000,10521,10521,10521,10521,1.2361904934971,0
REVB.US,D,20210722,000000,10521.8,10521.8,10521,10521,1.5961904985371,0
REVB.US,D,20210726,000000,10521,10531.5,10510.5,10510.5,12.94666684792,0
REVB.US,D,20210727,000000,10552.5,10552.5,10552.5,10552.5,0.95238096571429,0
REVB.US,D,20210730,000000,10510.5,10510.9,10510.5,10510.9,4.7619048285714,0
REVB.US,D,20210802,000000,10510.5,10521,10510.5,10521,2.7819048008514,0
REVB.US,D,20210805,000000,10521,10521,10521,10521,1.45333335368,0
REVB.US,D,20210809,000000,10542,10542,10521,10521,0.60285715129714,0
REVB.US,D,20210810,000000,10521,10521,10500,10500,209.65905055427,0
REVB.US,D,20210811,000000,10510.5,10526.3,10500,10510.5,13.345714472554,0
REVB.US,D,20210812,000000,10521,10521,10521,10521,0.11619047781714,0
REVB.US,D,20210816,000000,10526.3,10542,10510.5,10515.8,3.84000005376,0
REVB.US,D,20210817,000000,10552.5,10552.5,10536.8,10536.8,0.333333338,0
REVB.US,D,20210819,000000,10552.5,10552.5,10531.5,10531.5,3.08666670988,0
REVB.US,D,20210820,000000,10552.5,10552.5,10552.5,10552.5,0.88095239328571,0
REVB.US,D,20210823,000000,10531.5,10531.5,10531.5,10531.5,1.0771428722229,0
REVB.US,D,20210824,000000,10542,10542,10531.5,10542,20.576190764257,0
REVB.US,D,20210825,000000,10552.5,10552.5,10548.6,10548.6,4.7647619714686,0
REVB.US,D,20210826,000000,10547.3,10563,10542,10563,22.325714598274,0
REVB.US,D,20210827,000000,10573.5,10573.5,10536.8,10552.5,12.922857323777,0
REVB.US,D,20210830,000000,10542,10573.5,10542,10568.3,214.29905061923,0
REVB.US,D,20210831,000000,10553.1,10563,10552.5,10563,34.677143342623,0
REVB.US,D,20210901,000000,10552.5,10563,10552.5,10552.5,263.01143225359,0
REVB.US,D,20210902,000000,10552.5,10567.2,10552.5,10552.5,24.751428917949,0
REVB.US,D,20210903,000000,10552.5,10561.5,10552.5,10557.8,6.7447619991886,0
REVB.US,D,20210907,000000,10552.5,10573.5,10552.5,10563,11.469523970097,0
REVB.US,D,20210908,000000,10563,10564.9,10552.5,10563,12.168571598931,0
REVB.US,D,20210909,000000,10563,10563.1,10563,10563,13.658095429309,0
REVB.US,D,20210910,000000,10567.5,10567.5,10563,10563,18.664762166069,0
REVB.US,D,20210913,000000,10563,10577,10563,10573.5,5.68000007952,0
REVB.US,D,20210914,000000,10563,10563,10563,10563,33.74000047236,0
REVB.US,D,20210917,000000,10563,10573.5,10563,10573.5,38.136191010097,0
REVB.US,D,20210920,000000,10573.5,10573.5,10573.5,10573.5,0.12000000168,0
REVB.US,D,20210921,000000,10605,10605,10573.5,10580.5,335.93524279833,0
REVB.US,D,20210922,000000,10573.5,10573.5,10573.5,10573.5,0.88857144101143,0
REVB.US,D,20210923,000000,10584,10594.4,10573.5,10573.5,632.89810409867,0
REVB.US,D,20210924,000000,10584,10584,10584,10584,49.617143551783,0
REVB.US,D,20210927,000000,10594.5,10647,10573.5,10647,72.375239108491,0
REVB.US,D,20210928,000000,10602.6,10605,10573.5,10605,27.023809902143,0
REVB.US,D,20210929,000000,10605,10627.1,10584,10615.5,37.032381470834,0
REVB.US,D,20210930,000000,10615.5,10615.5,10584,10584,6.6828572364171,0
REVB.US,D,20211001,000000,10593.3,10594.5,10584,10584,14.558095441909,0
REVB.US,D,20211004,000000,10598.8,10636.5,10584,10584,8.0428572554571,0
REVB.US,D,20211005,000000,10605,10626,10578.8,10589.3,29.087619454846,0
REVB.US,D,20211006,000000,10594.5,10620.8,10584,10599.8,43.247619653086,0
REVB.US,D,20211007,000000,10584,10593.3,10584,10593.3,0.28571428971429,0
REVB.US,D,20211008,000000,10584,10584,10584,10584,0.57047619846286,0
REVB.US,D,20211012,000000,10601.7,10601.7,10601.7,10601.7,0.11523809685143,0
REVB.US,D,20211013,000000,10594.5,10594.5,10594.5,10594.5,1.5828571650171,0
REVB.US,D,20211014,000000,10610.9,10636.5,10594.5,10636.5,3.20666671156,0
REVB.US,D,20211015,000000,10615.5,10615.5,10615.5,10615.5,0.33428571896571,0
REVB.US,D,20211018,000000,10605,10615.5,10605,10605,2.6676190849657,0
REVB.US,D,20211020,000000,10605,10605,10605,10605,0.53809524562857,0
REVB.US,D,20211021,000000,10626,10626,10615.5,10615.5,21.579047921154,0
REVB.US,D,20211022,000000,10656.9,10656.9,10594.5,10594.5,1.4952381161714,0
REVB.US,D,20211026,000000,10636.5,10647,10626,10626,13.934285909366,0
REVB.US,D,20211027,000000,10626.1,10626.1,10626,10626,0.41333333912,0
REVB.US,D,20211029,000000,10626,10626.1,10626,10626.1,2.7457143241543,0
REVB.US,D,20211101,000000,10626,10626,10626,10626,0.67904762855429,0
REVB.US,D,20211102,000000,10626,10626,10597.7,10626,17.30666690896,0
REVB.US,D,20211103,000000,10626,10636.5,10626,10636.5,7.5076191527257,0
REVB.US,D,20211104,000000,10636.5,10647,10610.3,10647,60.941905615091,0
REVB.US,D,20211105,000000,10657.5,10657.5,10636.5,10636.5,8.9971429831029,0
REVB.US,D,20211108,000000,10605,10636.5,10605,10626,7.3790477223543,0
REVB.US,D,20211110,000000,10647,10657.5,10647,10657.5,3.0780952811886,0
REVB.US,D,20211111,000000,10647,10647,10647,10647,0.095238096571429,0
REVB.US,D,20211112,000000,10647,10647,10647,10647,0.39809524366857,0
REVB.US,D,20211115,000000,10647,10657.5,10647,10657.5,20.098095519469,0
REVB.US,D,20211116,000000,10657.2,10657.5,10626,10636.5,3.9047619594286,0
REVB.US,D,20211117,000000,10657.5,10657.5,10657.5,10657.5,1.45333335368,0
REVB.US,D,20211118,000000,10647,10657.5,10636.5,10657.4,3.0723809953943,0
REVB.US,D,20211119,000000,10636.5,10642.8,10636.5,10636.5,34.480952863686,0
REVB.US,D,20211122,000000,10657.5,10657.5,10647,10647,2.8847619451486,0
REVB.US,D,20211124,000000,10657.5,10657.5,10657.5,10657.5,0.36190476697143,0
REVB.US,D,20211126,000000,10657.5,10657.5,10641.8,10643.2,11.328571587171,0
REVB.US,D,20211129,000000,10657.5,10657.5,10657.5,10657.5,0.095238096571429,0
REVB.US,D,20211130,000000,10647,10647.2,10647,10647,34.36000048104,0
REVB.US,D,20211201,000000,10647,10657.5,10647,10657.5,0.68761905724571,0
REVB.US,D,20211202,000000,10657.5,10657.5,10647,10657.5,17.212381193354,0
REVB.US,D,20211203,000000,10710,10710,10710,10710,0.95428572764571,0
REVB.US,D,20211207,000000,10657.5,10657.5,10657.5,10657.5,0.59047619874286,0
REVB.US,D,20211208,000000,10657.5,10657.5,10652.3,10652.3,0.85714286914286,0
REVB.US,D,20211209,000000,10683,10683,10678.5,10678.5,0.87523810749143,0
REVB.US,D,20211210,000000,10668,10668,10668,10668,1.0809523960857,0
REVB.US,D,20211213,000000,10647,10657.7,10647,10657.5,4.3342857749657,0
REVB.US,D,20211216,000000,10678.4,10678.4,10668,10668,0.22571428887429,0
REVB.US,D,20211217,000000,10668,10668,10668,10668,18.388571686011,0
REVB.US,D,20211220,000000,10680.5,10689,10678.5,10689,5.5523810301143,0
REVB.US,D,20211221,000000,10708.3,10708.3,10678.5,10682.9,1.8161905016171,0
REVB.US,D,20211222,000000,10668,10710,10668,10710,377.91333862412,0
REVB.US,D,20211223,000000,10694.3,10699.5,10689,10689,941.80572747099,0
REVB.US,D,20211228,000000,10699.5,10699.5,10678.5,10699.5,1.5238095451429,0
REVB.US,D,20211229,000000,10680.6,10699.5,10678.5,10678.5,13.703809715663,0
REVB.US,D,20211230,000000,10689,10694.3,10678.5,10689,21.981905069651,0
REVB.US,D,20211231,000000,10682.2,10710,10682.2,10710,12.895238275771,0
REVB.US,D,20220103,000000,10584,10615.5,10437.1,10542,13.370476377663,0
REVB.US,D,20220104,000000,10027.5,11434.5,10027.5,11077.5,29.252381361914,0
REVB.US,D,20220105,000000,11077.5,11854.5,10132.5,10132.5,540.22095994405,0
REVB.US,D,20220106,000000,9544.5,10132.5,9303,9712.5,12.316190648617,0
REVB.US,D,20220107,000000,9712.5,9712.5,9502.5,9681,6.0257143700743,0
REVB.US,D,20220110,000000,9135,9639,8279.25,8736,52.770476929263,0
REVB.US,D,20220111,000000,8683.5,10237.5,8400,8935.5,26.857143233143,0
REVB.US,D,20220112,000000,8631,10216.5,8620.5,9712.5,112.666668244,0
REVB.US,D,20220113,000000,9450,9450,7686,7864.5,307.23809953943,0
REVB.US,D,20220114,000000,9702,9712.5,6888,7245,4530.0953015166,0
REVB.US,D,20220118,000000,7140,7140,4977,5271,225.80952697086,0
REVB.US,D,20220119,000000,5218.5,5554.5,4221,4767,188.85714550114,0
REVB.US,D,20220120,000000,4315.5,4630.5,3580.5,3885,256.000003584,0
REVB.US,D,20220121,000000,3696,3790.5,3139.5,3454.5,259.71524173125,0
REVB.US,D,20220124,000000,3255,3465,2709,2793,227.333336516,0
REVB.US,D,20220125,000000,2782.5,3024,2635.5,2908.5,62.666667544,0
REVB.US,D,20220126,000000,2887.5,3129,2589.51,3003,157.80952601886,0
REVB.US,D,20220127,000000,2950.5,3003,2740.5,2793,40.761905332571,0
REVB.US,D,20220128,000000,2730,2887.5,2373,2604,73.142858166857,0
REVB.US,D,20220131,000000,2446.5,2834.9,2446.5,2635.5,22.571428887429,0
REVB.US,D,20220201,000000,2614.5,2803.5,2520,2751,44.380953002286,0
REVB.US,D,20220202,000000,2751,2751,2572.61,2614.5,10.380952526286,0
REVB.US,D,20220203,000000,2499,2606.94,2488.5,2488.5,18.571428831429,0
REVB.US,D,20220204,000000,2509.5,2824.4,2331,2520,33.619048089714,0
REVB.US,D,20220207,000000,2761.5,2856,2478,2761.5,90.190477453143,0
REVB.US,D,20220208,000000,2761.5,2761.5,2625,2667,18.571428831429,0
REVB.US,D,20220209,000000,2761.5,2834.06,2572.5,2625,63.904762799429,0
REVB.US,D,20220210,000000,2667,2667,2467.5,2488.5,28.476190874857,0
REVB.US,D,20220211,000000,2593.5,2593.5,2121.21,2226,31.142857578857,0
REVB.US,D,20220214,000000,2299.5,2394,2184,2373,47.410476854223,0
REVB.US,D,20220215,000000,2257.5,2352,2230.94,2310,13.35333352028,0
REVB.US,D,20220216,000000,2391.69,2391.69,2237.03,2341.5,4.3219048224114,0
REVB.US,D,20220217,000000,2415,2677.5,1638,1701,4019.2057705546,0
REVB.US,D,20220218,000000,1732.5,2026.5,1522.5,1543.5,587.81334156272,0
REVB.US,D,20220222,000000,1649.76,1869,1491,1617,4335.0962511675,0
REVB.US,D,20220223,000000,2058,2320.5,1795.5,2184,30301.970900418,0
REVB.US,D,20220224,000000,1627.5,1911,1564.5,1816.5,1812.6743110917,0
REVB.US,D,20220225,000000,1722,1827,1333.5,1470,1763.0609770638,0
REVB.US,D,20220228,000000,1438.5,1554,1312.5,1354.5,847.06477376367,0
REVB.US,D,20220301,000000,1333.5,1459.4,1323,1396.5,435.31524418965,0
REVB.US,D,20220302,000000,1438.5,1438.5,1291.5,1365,399.29429130441,0
REVB.US,D,20220303,000000,1354.5,1354.5,1218,1228.5,564.85905552707,0
REVB.US,D,20220304,000000,1197,1207.5,1092,1144.5,424.3638154649,0
REVB.US,D,20220307,000000,1008,1050,966,979.44,554.65810300331,0
REVB.US,D,20220308,000000,934.5,1039.5,901.11,971.04,253.23714640246,0
REVB.US,D,20220309,000000,1050,2205,1008.05,1785,23695.371760307,0
REVB.US,D,20220310,000000,1564.5,1585.5,1365,1470,3088.1895670442,0
REVB.US,D,20220311,000000,1564.5,1648.5,1165.5,1218,1837.0047876228,0
REVB.US,D,20220314,000000,1134,1184.4,1018.5,1071,602.61334176992,0
REVB.US,D,20220315,000000,1176,1921.5,1155,1312.5,20424.618381183,0
REVB.US,D,20220316,000000,1239,1396.5,1186.5,1302,2345.3524137873,0
REVB.US,D,20220317,000000,1386,1732.5,1344,1669.5,2111.5038390849,0
REVB.US,D,20220318,000000,1680,1879.4,1554,1669.5,2413.6581290293,0
REVB.US,D,20220321,000000,1785,1911,1585.5,1606.5,1278.7704940933,0
REVB.US,D,20220322,000000,1606.5,1795.5,1533,1711.5,608.88667519108,0
REVB.US,D,20220323,000000,1711.5,3024,1711.5,2110.5,23735.228903722,0
REVB.US,D,20220324,000000,2100,2425.5,2005.5,2362.5,2174.8981256867,0
REVB.US,D,20220325,000000,2436,3024,2362.5,2709,3387.8590950491,0
REVB.US,D,20220328,000000,2803.5,2982,2047.5,2478,3964.5771983612,0
REVB.US,D,20220329,000000,2425.5,2478,2152.61,2247,854.81620244362,0
REVB.US,D,20220330,000000,871.5,1470,737.1,1386,5394.4838850466,0
REVB.US,D,20220331,000000,1365,1365,1155,1197,685.39524769077,0
REVB.US,D,20220401,000000,1207.5,1260,1197,1207.5,298.58476608495,0
REVB.US,D,20220404,000000,1197,1249.19,1165.5,1239,246.31714630558,0
REVB.US,D,20220405,000000,1270.5,1270.5,1155,1165.5,301.84762327349,0
REVB.US,D,20220406,000000,1134,1186.5,1092,1155,354.65905258427,0
REVB.US,D,20220407,000000,1186.5,1207.4,1113,1155,178.16095487521,0
REVB.US,D,20220408,000000,1155,1200.78,1102.5,1144.5,213.9971458531,0
REVB.US,D,20220411,000000,1134,1144.5,1018.5,1045.8,157.49809744307,0
REVB.US,D,20220412,000000,1071,1071,987,997.5,191.00381219786,0
REVB.US,D,20220413,000000,967.575,1050,955.5,1029,138.75714479974,0
REVB.US,D,20220414,000000,1045.28,1050,945.105,997.5,129.14095418893,0
REVB.US,D,20220418,000000,955.5,986.895,768.705,788.025,633.93143744647,0
REVB.US,D,20220419,000000,787.5,867.09,771.645,840.315,297.66571845303,0
REVB.US,D,20220420,000000,840.315,1152.38,787.605,1092,941.85334651928,0
REVB.US,D,20220421,000000,1081.5,1564.5,1050,1344,7841.6543954974,0
REVB.US,D,20220422,000000,1249.5,1259.9,1123.5,1239,988.31334716972,0
REVB.US,D,20220425,000000,1312.5,1417.5,1081.5,1155,1306.1181135237,0
REVB.US,D,20220426,000000,1270.5,1333.5,955.5,1029.63,775.23810609143,0
REVB.US,D,20220427,000000,1039.92,1061.24,966.105,992.46,171.99809764607,0
REVB.US,D,20220428,000000,982.59,1031.63,966.21,993.09,103.94000145516,0
REVB.US,D,20220429,000000,1020.08,1050,966.105,997.5,104.01714431338,0
REVB.US,D,20220502,000000,983.535,1037.4,892.5,906.885,244.01333674952,0
REVB.US,D,20220503,000000,910.875,997.395,910.14,997.29,74.462858185337,0
REVB.US,D,20220504,000000,967.365,994.875,893.865,950.25,170.64762143669,0
REVB.US,D,20220505,000000,964.635,964.635,841.05,841.155,169.3361928469,0
REVB.US,D,20220506,000000,858.9,945.105,824.25,850.5,222.00381263186,0
REVB.US,D,20220509,000000,850.71,897.33,788.655,789.6,179.87905013735,0
REVB.US,D,20220510,000000,823.2,850.5,756,787.5,146.11143061699,0
REVB.US,D,20220511,000000,787.5,921.9,703.605,703.605,119.4028588145,0
REVB.US,D,20220512,000000,682.5,724.5,580.545,714,566.47905554975,0
REVB.US,D,20220513,000000,714,815.22,693,747.18,346.80095723617,0
REVB.US,D,20220516,000000,703.5,787.5,703.5,714,181.41714539698,0
REVB.US,D,20220517,000000,727.23,755.895,650.79,682.5,184.58381210798,0
REVB.US,D,20220518,000000,672.525,685.965,612.045,631.05,168.68857379021,0
REVB.US,D,20220519,000000,630.105,703.605,619.5,641.235,92.667620344966,0
REVB.US,D,20220520,000000,633.15,635.25,589.05,595.35,79.547620161286,0
REVB.US,D,20220523,000000,598.5,651,577.5,588.105,61.107619903126,0
REVB.US,D,20220524,000000,603.75,630,567,577.5,50.549524517217,0
REVB.US,D,20220525,000000,567,601.335,539.175,550.935,71.828572434171,0
REVB.US,D,20220526,000000,550.83,577.605,546.105,564.9,95.471429908029,0
REVB.US,D,20220527,000000,572.775,584.838,557.76,558.705,118.47809689679,0
REVB.US,D,20220531,000000,558.705,574.14,543.795,551.355,58.827619871206,0
REVB.US,D,20220601,000000,598.5,598.5,423.78,462.105,587.54096060653,0
REVB.US,D,20220602,000000,483,535.605,467.25,504,193.8028598561,0
REVB.US,D,20220603,000000,517.65,577.5,483,506.73,137.37809716139,0
REVB.US,D,20220606,000000,501.06,514.5,444.045,486.15,101.04666808132,0
REVB.US,D,20220607,000000,598.5,598.5,451.5,504,216.89905065563,0
REVB.US,D,20220608,000000,480.585,546,473.655,516.39,122.80571600499,0
REVB.US,D,20220609,000000,510.51,546,475.755,504,32.160952831206,0
REVB.US,D,20220610,000000,504,525,467.25,514.5,124.62095412565,0
REVB.US,D,20220613,000000,466.515,514.5,441.105,448.98,157.85143078135,0
REVB.US,D,20220614,000000,453.705,745.5,441.105,463.785,2046.416219126,0
REVB.US,D,20220615,000000,477.855,493.29,445.515,473.025,300.2361946795,0
REVB.US,D,20220616,000000,441,555.555,425.25,493.5,263.29238463847,0
REVB.US,D,20220617,000000,487.515,488.25,442.47,472.5,181.57047873246,0
REVB.US,D,20220621,000000,458.325,473.235,441,473.235,85.001905951931,0
REVB.US,D,20220622,000000,472.605,556.488,466.515,522.795,118.48095403969,0
REVB.US,D,20220623,000000,507.15,574.98,473.025,548.835,181.24666920412,0
REVB.US,D,20220624,000000,548.835,575.4,496.23,514.5,163.9000022946,0
REVB.US,D,20220627,000000,519.75,561.645,507.99,519.75,76.624762977509,0
REVB.US,D,20220628,000000,504.63,541.8,504.63,517.125,32.359048072074,0
REVB.US,D,20220629,000000,517.755,828.45,517.65,656.985,4501.8000630252,0
REVB.US,D,20220630,000000,1470,2037,1081.5,1165.5,106268.43577347,0
REVB.US,D,20220701,000000,1123.5,1144.5,951.72,1092,3528.9781446438,0
REVB.US,D,20220705,000000,994.35,996.975,819,872.655,1055.7419195423,0
REVB.US,D,20220706,000000,841.05,1648.5,841.05,1260,27390.218478701,0
REVB.US,D,20220707,000000,1113,1281,1060.5,1207.5,2489.334320565,0
REVB.US,D,20220708,000000,1323,1470,1260,1323,4149.0905342777,0
REVB.US,D,20220711,000000,1260,1344,1071,1344,927.06477488367,0
REVB.US,D,20220712,000000,1354.5,1732.5,1260,1417.5,6492.0334242218,0
REVB.US,D,20220713,000000,1260,1438.5,1218,1239,723.05620059898,0
REVB.US,D,20220714,000000,1260,1512,1260,1438.5,1737.665738613,0
REVB.US,D,20220715,000000,1449,1488.38,1323,1407,460.84095883273,0
REVB.US,D,20220718,000000,1365,1428,1302,1312.5,394.82952933714,0
REVB.US,D,20220719,000000,1323,1344,1186.5,1197,524.36191210297,0
REVB.US,D,20220720,000000,1176,1186.5,913.5,924.735,910.66096513021,0
REVB.US,D,20220721,000000,976.5,987,825.3,886.83,679.54191427549,0
REVB.US,D,20220722,000000,880.11,891.345,664.125,682.5,756.12001058568,0
REVB.US,D,20220725,000000,1606.5,1911,987,1060.5,77052.502983497,0
REVB.US,D,20220726,000000,551.25,562.275,472.5,515.55,21231.21363057,0
REVB.US,D,20220727,000000,514.5,537.6,493.5,526.365,3745.0733857644,0
REVB.US,D,20220728,000000,568.89,677.04,535.5,629.58,12309.689696145,0
REVB.US,D,20220729,000000,598.5,619.395,538.65,591.15,3023.9228994778,0
REVB.US,D,20220801,000000,556.5,588,535.605,537.495,1561.8447837706,0
REVB.US,D,20220802,000000,535.5,545.895,511.245,529.83,1551.2285931458,0
REVB.US,D,20220803,000000,519.855,545.055,498.855,525,1449.7143060103,0
REVB.US,D,20220804,000000,538.44,560.7,516.495,534.555,1361.7962095413,0
REVB.US,D,20220805,000000,545.475,546,525,530.985,912.69906039683,0
REVB.US,D,20220808,000000,535.5,536.865,505.575,520.17,1057.2971576593,0
REVB.US,D,20220809,000000,511.35,659.925,498.75,580.335,7093.6372421681,0
REVB.US,D,20220810,000000,571.41,577.395,530.355,543.9,1170.4190640049,0
REVB.US,D,20220811,000000,546,598.185,525,545.58,2006.3266947552,0
REVB.US,D,20220812,000000,535.5,545.37,514.5,526.785,801.43143979147,0
REVB.US,D,20220815,000000,534.45,534.45,512.4,525,1213.026683649,0
REVB.US,D,20220816,000000,523.95,524.895,484.68,494.76,1108.1552536094,0
REVB.US,D,20220817,000000,509.04,514.5,488.25,502.635,822.54286865846,0
REVB.US,D,20220818,000000,493.5,512.295,483,497.805,366.91619561302,0
REVB.US,D,20220819,000000,483,508.095,483,488.565,565.34191267669,0
REVB.US,D,20220822,000000,482.895,493.395,473.655,479.523,318.29429017041,0
REVB.US,D,20220823,000000,473.13,482.895,425.46,448.56,683.38191432925,0
REVB.US,D,20220824,000000,458.325,458.85,441.525,449.925,281.66000394324,0
REVB.US,D,20220825,000000,442.05,468.405,423.045,440.895,535.45524559161,0
REVB.US,D,20220826,000000,440.895,446.145,425.25,436.8,295.18190889445,0
REVB.US,D,20220829,000000,427.35,441,401.1,420,524.89334068184,0
REVB.US,D,20220830,000000,430.5,430.5,402.78,425.145,458.47238737099,0
REVB.US,D,20220831,000000,425.25,430.5,409.605,417.9,160.77333558416,0
REVB.US,D,20220901,000000,428.355,441,399.105,407.505,368.15048134458,0
REVB.US,D,20220902,000000,430.29,430.395,404.565,409.5,186.14571689175,0
REVB.US,D,20220906,000000,409.5,441,399,413.595,202.91333617412,0
REVB.US,D,20220907,000000,409.5,422.625,399,413.595,169.87619285446,0
REVB.US,D,20220908,000000,411.495,466.725,401.625,438.9,888.25525053081,0
REVB.US,D,20220909,000000,430.5,441,426.09,434.7,279.00381342986,0
REVB.US,D,20220912,000000,426.72,445.2,423.045,440.37,268.77524185809,0
REVB.US,D,20220913,000000,445.515,445.515,400.05,417.9,427.92762503861,0
REVB.US,D,20220914,000000,422.835,441,399,415.065,280.65428964345,0
REVB.US,D,20220915,000000,414.12,434.385,410.55,412.65,115.97428733793,0
REVB.US,D,20220916,000000,409.5,419.895,399,399,209.73428865057,0
REVB.US,D,20220919,000000,399,399,336,357,357.75143357995,0
REVB.US,D,20220920,000000,357.105,358.995,325.5,332.955,211.20095533777,0
REVB.US,D,20220921,000000,325.5,328.125,279.51,290.01,345.35524293021,0
REVB.US,D,20220922,000000,304.5,308.28,273.105,280.613,241.16286051914,0
REVB.US,D,20220923,000000,284.025,293.895,262.92,273,244.25047960998,0
REVB.US,D,20220926,000000,279.405,304.08,263.55,272.789,337.84667139652,0
REVB.US,D,20220927,000000,279.405,304.5,268.59,285.075,463.17048267486,0
REVB.US,D,20220928,000000,288.75,335.895,275.205,314.475,564.69905552483,0
REVB.US,D,20220929,000000,314.895,314.895,286.65,286.755,164.5971451615,0
REVB.US,D,20220930,000000,295.26,298.515,263.025,274.05,576.16572235203,0
REVB.US,D,20221003,000000,273.525,291.9,234.885,250.74,949.37525138649,0
REVB.US,D,20221004,000000,252.105,274.05,252.105,265.65,183.24952637502,0
REVB.US,D,20221005,000000,273,280.035,244.44,266.175,305.52286142018,0
REVB.US,D,20221006,000000,336,379.365,283.71,304.605,7141.3124809308,0
REVB.US,D,20221007,000000,304.5,304.5,269.64,274.47,617.52381816914,0
REVB.US,D,20221010,000000,262.5,287.49,262.5,275.153,511.27143572923,0
REVB.US,D,20221011,000000,278.775,290.01,231.525,252.105,742.36477229787,0
REVB.US,D,20221012,000000,252.63,278.25,252,252,323.13143309527,0
REVB.US,D,20221013,000000,220.605,252.84,215.25,249.27,442.49810143307,0
REVB.US,D,20221014,000000,252,283.5,241.605,252.105,279.96286106234,0
REVB.US,D,20221017,000000,244.545,262.5,244.545,255.465,205.5028600199,0
REVB.US,D,20221018,000000,262.5,273,254.94,263.865,305.48762332445,0
REVB.US,D,20221019,000000,270.9,273,253.05,256.305,300.7333375436,0
REVB.US,D,20221020,000000,256.2,273,236.25,259.77,409.43905335119,0
REVB.US,D,20221021,000000,253.995,270.27,231,248.745,190.67428838373,0
REVB.US,D,20221024,000000,262.395,265.335,248.861,262.185,227.22476508591,0
REVB.US,D,20221025,000000,337.785,526.47,337.785,431.55,68207.99905015,0
REVB.US,D,20221026,000000,337.995,384.3,325.5,339.15,4285.361012376,0
REVB.US,D,20221027,000000,357,363.93,289.8,294,1974.4581228805,0
REVB.US,D,20221028,000000,317.1,336,304.71,327.6,874.53905986259,0
REVB.US,D,20221031,000000,337.575,337.575,295.05,301.875,918.99048905634,0
REVB.US,D,20221101,000000,288.855,304.71,269.955,280.875,694.0971525745,0
REVB.US,D,20221102,000000,285.285,285.285,257.25,257.25,677.02667614504,0
REVB.US,D,20221103,000000,257.25,275.625,229.425,263.55,514.78476911175,0
REVB.US,D,20221104,000000,252,269.745,252,254.835,163.67238324379,0
REVB.US,D,20221107,000000,268.8,273,231,235.2,566.46762697817,0
REVB.US,D,20221108,000000,241.5,261.24,220.5,228.9,655.05905678987,0
REVB.US,D,20221109,000000,228.795,235.2,211.575,214.41,318.98286160862,0
REVB.US,D,20221110,000000,225.645,241.5,210,231.105,689.28858107861,0
REVB.US,D,20221111,000000,241.5,243.18,222.075,228.375,139.99809719807,0
REVB.US,D,20221114,000000,231,249.795,223.965,238.665,599.62381791854,0
REVB.US,D,20221115,000000,228.69,272.79,228.69,241.5,944.19429893301,0
REVB.US,D,20221116,000000,246.75,255.99,233.1,240.87,268.21809899315,0
REVB.US,D,20221117,000000,233.835,248.01,233.205,240.66,208.48762196645,0
REVB.US,D,20221118,000000,254.94,262.185,234.15,241.5,345.26762388137,0
REVB.US,D,20221121,000000,248.115,248.115,215.25,220.605,398.61429129489,0
REVB.US,D,20221122,000000,228.9,250.32,199.5,222.6,382.53524345073,0
REVB.US,D,20221123,000000,215.88,236.144,215.355,223.755,171.2304785877,0
REVB.US,D,20221125,000000,223.755,230.16,199.5,217.77,389.50571973879,0
REVB.US,D,20221128,000000,213.15,220.5,210,219.45,148.68571636731,0
REVB.US,D,20221129,000000,210.106,220.5,205.8,217.35,135.55904951687,0
REVB.US,D,20221130,000000,210,229.74,210,210,231.09905085443,0
REVB.US,D,20221201,000000,213.57,255.465,211.89,242.55,485.63714965606,0
REVB.US,D,20221202,000000,241.5,252,220.605,230.055,378.57619577626,0
REVB.US,D,20221205,000000,236.67,240.45,220.5,224.175,225.90952697226,0
REVB.US,D,20221206,000000,227.536,238.77,213.465,217.875,113.21809682315,0
REVB.US,D,20221207,000000,215.25,231,210,222.6,92.970477492063,0
REVB.US,D,20221208,000000,210.84,228.9,210,210.63,124.55904936287,0
REVB.US,D,20221209,000000,231,231,204.75,205.8,217.62666971344,0
REVB.US,D,20221212,000000,204.75,268.8,199.605,255.045,1555.6838313034,0
REVB.US,D,20221213,000000,243.915,246.645,220.5,235.095,356.2304811777,0
REVB.US,D,20221214,000000,230.475,237.299,220.605,225.33,121.23904931639,0
REVB.US,D,20221215,000000,241.395,241.395,220.5,224.7,207.01905051731,0
REVB.US,D,20221216,000000,228.165,247.8,212.1,224.49,627.89429450481,0
REVB.US,D,20221219,000000,219.03,225.54,201.6,210,288.36476594187,0
REVB.US,D,20221220,000000,210,220.08,202.86,212.52,266.28286087082,0
REVB.US,D,20221221,000000,213.885,221.34,199.605,212.31,106.66666816,0
REVB.US,D,20221222,000000,209.79,213.465,200.55,209.631,98.956191861577,0
REVB.US,D,20221223,000000,202.65,209.895,177.24,188.79,375.37429096953,0
REVB.US,D,20221227,000000,195.09,273,188.16,216.3,999.66001399524,0
REVB.US,D,20221228,000000,216.3,231.945,190.575,199.5,276.40762291733,0
REVB.US,D,20221229,000000,200.655,220.29,178.5,190.155,638.4666756052,0
REVB.US,D,20221230,000000,189,205.421,185.955,199.605,370.63714804606,0
REVB.US,D,20230103,000000,195.72,208.425,189,205.275,217.51143161659,0
REVB.US,D,20230104,000000,202.65,225.75,194.25,211.995,636.1971517639,0
REVB.US,D,20230105,000000,220.5,231,210,220.553,529.72286455898,0
REVB.US,D,20230106,000000,225.435,236.25,215.04,223.125,530.98857886241,0
REVB.US,D,20230109,000000,230.475,230.475,211.155,223.23,284.94381351302,0
REVB.US,D,20230110,000000,234.675,236.145,211.68,228.06,294.85619460418,0
REVB.US,D,20230111,000000,230.475,252,220.92,250.95,598.61048457102,0
REVB.US,D,20230112,000000,243.6,254.1,231,254.1,219.68666974228,0
REVB.US,D,20230113,000000,259.455,293.79,241.5,279.405,505.51238802955,0
REVB.US,D,20230117,000000,288.75,288.75,263.13,280.14,497.64572125275,0
REVB.US,D,20230118,000000,273,285.6,233.1,264.18,683.70667623856,0
REVB.US,D,20230119,000000,271.74,271.74,241.5,251.895,227.2971460393,0
REVB.US,D,20230120,000000,264.18,264.18,242.445,255.308,232.00666991476,0
REVB.US,D,20230123,000000,253.68,262.5,243.706,249.69,269.43143234347,0
REVB.US,D,20230124,000000,242.235,292.425,241.605,268.485,1257.6581128453,0
REVB.US,D,20230125,000000,259.14,273,253.05,269.849,267.45619422058,0
REVB.US,D,20230126,000000,261.765,331.905,253.891,298.725,3770.4514813577,0
REVB.US,D,20230127,000000,298.725,311.115,283.5,294,536.36191227097,0
REVB.US,D,20230130,000000,288.855,313.95,275.94,299.25,385.28286253682,0
REVB.US,D,20230131,000000,302.715,341.775,277.935,315,3537.9676685792,0
REVB.US,D,20230201,000000,285,335.1,274.203,310.5,4204.8333291285,0
REVB.US,D,20230202,000000,315,317.856,240,251.4,2391.9666642747,0
REVB.US,D,20230203,000000,249,294,241.8,273,6149.2333271841,0
REVB.US,D,20230206,000000,258.9,269.4,247.8,258,1407.8666652588,0
REVB.US,D,20230207,000000,286.5,320.397,194.4,199.56,12342.499987657,0
REVB.US,D,20230208,000000,189.6,197.397,150,160.8,8236.6333250967,0
REVB.US,D,20230209,000000,122.4,126.9,76.8,82.8,75020.166591646,0
REVB.US,D,20230210,000000,87.6,91.2,79.5,85.5,19300.799980699,0
REVB.US,D,20230213,000000,87,87.6,82.5,85.8,13888.199986112,0
REVB.US,D,20230214,000000,86.4,86.4,74.1,81,13814.299986186,0
REVB.US,D,20230215,000000,81,84,78.6,81.9,7664.8999923351,0
REVB.US,D,20230216,000000,79.5,87.9,75.6,79.2,20532.566646134,0
REVB.US,D,20230217,000000,78.9,78.9,72.3,74.4,18753.166647913,0
REVB.US,D,20230221,000000,71.4,71.4,63,67.65,13409.333319924,0
REVB.US,D,20230222,000000,68.1,68.997,64.8,66,4095.8999959041,0
REVB.US,D,20230223,000000,66,66.726,61.2,66.3,6451.9666602147,0
REVB.US,D,20230224,000000,63,68.1,63,64.5,3634.1999963658,0
REVB.US,D,20230227,000000,64.161,75,63.6,67.5,29712.899970287,0
REVB.US,D,20230228,000000,69.3,69.3,63.6,66.9,9700.6999902993,0
REVB.US,D,20230301,000000,65.7,67.8,63.603,66,4457.5999955424,0
REVB.US,D,20230302,000000,66,67.2,61.5,64.5,4683.5999953164,0
REVB.US,D,20230303,000000,65.7,66.297,62.4,65.1,10281.366656385,0
REVB.US,D,20230306,000000,64.8,65.1,62.7,63.9,3207.9333301254,0
REVB.US,D,20230307,000000,63.9,63.9,61.5,63,4080.7333292526,0
REVB.US,D,20230308,000000,61.8,66.3,61.8,65.1,4200.7333291326,0
REVB.US,D,20230309,000000,65.4,65.4,51.9,53.1,18224.433315109,0
REVB.US,D,20230310,000000,52.2,55.5,46.5,51.9,11416.66665525,0
REVB.US,D,20230313,000000,52.5,52.8,47.4,52.05,7744.0999922559,0
REVB.US,D,20230314,000000,52.2,63.9,48.9,57.3,76271.266590395,0
REVB.US,D,20230315,000000,51.9,51.9,46.5,48.9,34473.866632193,0
REVB.US,D,20230316,000000,47.4,49.497,45,48.9,17094.299982906,0
REVB.US,D,20230317,000000,45.3,46.209,42.3,42.3,13665.166653001,0
REVB.US,D,20230320,000000,42.3,42.3,38.1,39.6,7770.2333255631,0
REVB.US,D,20230321,000000,39,44.7,39,41.1,10648.333322685,0
REVB.US,D,20230322,000000,40.2,42.9,39.3,41.1,4240.8999957591,0
REVB.US,D,20230323,000000,40.5,43.047,40.5,41.1,1615.6999983843,0
REVB.US,D,20230324,000000,40.2,46.5,40.2,45.9,8474.7999915252,0
REVB.US,D,20230327,000000,43.8,45.84,42.6,43.5,5164.5999948354,0
REVB.US,D,20230328,000000,42.9,44.7,39.6,40.2,5090.7999949092,0
REVB.US,D,20230329,000000,40.2,42,39.75,40.8,3322.3666633443,0
REVB.US,D,20230330,000000,40.2,41.7,39,40.5,3916.9333294164,0
REVB.US,D,20230331,000000,39.6,41.7,38.7,39,4657.5666620091,0
REVB.US,D,20230403,000000,40.5,40.5,38.7,39.6,1905.9666647607,0
REVB.US,D,20230404,000000,38.7,42.3,38.7,39,10646.733322687,0
REVB.US,D,20230405,000000,39.045,40.005,34.8,35.1,34776.833298556,0
REVB.US,D,20230406,000000,35.4,38.4,31.8,34.2,42177.633291156,0
REVB.US,D,20230410,000000,33.3,37.5,32.4,34.5,37979.133295354,0
REVB.US,D,20230411,000000,34.5,35.406,28.89,31.2,63220.966603446,0
REVB.US,D,20230412,000000,30,30.9,29.1,29.7,14389.69998561,0
REVB.US,D,20230413,000000,30,30.9,28.515,30.6,14778.999985221,0
REVB.US,D,20230414,000000,31.2,40.137,30,35.7,124869.69987513,0
REVB.US,D,20230417,000000,42,49.8,32.4,35.1,412851.76625381,0
REVB.US,D,20230418,000000,35.1,37.5,31.95,33,61258.799938741,0
REVB.US,D,20230419,000000,32.1,33,30.9,32.4,35098.833298234,0
REVB.US,D,20230420,000000,34.5,34.8,32.1,32.7,21239.966645427,0
REVB.US,D,20230421,000000,33,35.397,31.8,34.8,23574.199976426,0
REVB.US,D,20230424,000000,33.3,34.5,31.8,33.6,13977.333319356,0
REVB.US,D,20230425,000000,33,39.3,31.914,36.3,41881.399958119,0
REVB.US,D,20230426,000000,35.7,36,31.5,32.4,21035.066645632,0
REVB.US,D,20230427,000000,32.1,32.7,31.5,32.1,10541.599989458,0
REVB.US,D,20230428,000000,31.2,32.7,30.903,32.4,9538.5999904614,0
REVB.US,D,20230501,000000,30.9,32.097,30.6,30.9,7306.66665936,0
REVB.US,D,20230502,000000,30.9,31.647,29.1,29.79,12674.866653992,0
REVB.US,D,20230503,000000,29.7,31.548,29.397,31.2,12518.499987481,0
REVB.US,D,20230504,000000,33.6,39,31.8,33.3,64368.033268965,0
REVB.US,D,20230505,000000,35.7,36.6,32.7,35.7,23926.66664274,0
REVB.US,D,20230508,000000,36,38.7,33.9,34.8,17581.666649085,0
REVB.US,D,20230509,000000,34.5,38.4,33.6,38.397,12772.266653894,0
REVB.US,D,20230510,000000,36.3,37.8,34.5,35.1,11489.933321843,0
REVB.US,D,20230511,000000,34.5,35.7,32.7,34.05,7305.2333260281,0
REVB.US,D,20230512,000000,33.9,36.297,33.276,34.5,4298.8999957011,0
REVB.US,D,20230515,000000,33.9,35.4,33.3,33.9,3804.1666628625,0
REVB.US,D,20230516,000000,32.7,34.2,29.7,30,9974.0333233593,0
REVB.US,D,20230517,000000,30.3,32.4,30,31.5,6584.5333267488,0
REVB.US,D,20230518,000000,31.5,32.991,31.5,32.4,3146.7333301866,0
REVB.US,D,20230519,000000,33.3,33.3,30.9,33.3,7157.1333261762,0
REVB.US,D,20230522,000000,35.4,39,34.5,35.7,37683.866628983,0
REVB.US,D,20230523,000000,35.4,35.4,33,34.2,8364.4666583022,0
REVB.US,D,20230524,000000,33.3,34.2,32.1,33,5379.4999946205,0
REVB.US,D,20230525,000000,32.4,36.9,31.5,33.6,21411.233311922,0
REVB.US,D,20230526,000000,33.3,34.2,32.4,33,4742.2999952577,0
REVB.US,D,20230530,000000,33,33,30.3,31.2,6185.4666604812,0
REVB.US,D,20230531,000000,31.5,32.7,30,31.5,5297.1666613695,0
REVB.US,D,20230601,000000,30.6,31.8,30,30.897,4180.666662486,0
REVB.US,D,20230602,000000,30.9,30.9,29.7,30.6,4578.0999954219,0
REVB.US,D,20230605,000000,30.6,30.945,29.4,30.6,4190.8666624758,0
REVB.US,D,20230606,000000,29.85,30.6,29.451,30.6,5362.4333279709,0
REVB.US,D,20230607,000000,30.3,31.2,29.43,30.3,3356.7666633099,0
REVB.US,D,20230608,000000,30.9,33,30.6,31.8,11970.999988029,0
REVB.US,D,20230609,000000,31.2,33.3,29.529,32.4,11673.53332166,0
REVB.US,D,20230612,000000,33.3,33.9,30.9,32.4,7536.2999924637,0
REVB.US,D,20230613,000000,33,33.774,31.5,33.3,5234.7999947652,0
REVB.US,D,20230614,000000,32.7,34.5,32.7,34.5,10773.266655893,0
REVB.US,D,20230615,000000,34.2,35.4,32.7,33.3,9404.5333239288,0
REVB.US,D,20230616,000000,32.4,33.3,30.9,30.9,9106.0333242273,0
REVB.US,D,20230620,000000,31.5,32.4,30.6,31.437,2387.8999976121,0
REVB.US,D,20230621,000000,31.8,32.4,30.9,31.5,3339.4333299939,0
REVB.US,D,20230622,000000,31.5,31.8,29.7,31.2,6678.2999933217,0
REVB.US,D,20230623,000000,30.9,31.5,30,31.2,5131.333328202,0
REVB.US,D,20230626,000000,30.714,31.2,27.9,28.194,10613.366656053,0
REVB.US,D,20230627,000000,28.8,30,27,27.45,12352.233320981,0
REVB.US,D,20230628,000000,27.813,31.2,27.6,28.335,7098.2666595684,0
REVB.US,D,20230629,000000,28.797,28.797,27.168,27.9,3621.4999963785,0
REVB.US,D,20230630,000000,27.9,28.551,27.9,28.2,2690.1333306432,0
REVB.US,D,20230703,000000,27.984,28.9858,27.9,28.2,1989.1666646775,0
REVB.US,D,20230705,000000,28.8,28.8,27,27.825,3409.4333299239,0
REVB.US,D,20230706,000000,27.33,27.897,23.802,25.44,17725.566648941,0
REVB.US,D,20230707,000000,25.389,26.1,24.9,24.9,2469.666664197,0
REVB.US,D,20230710,000000,24.9,25.8,24.753,25.083,3830.5999961694,0
REVB.US,D,20230711,000000,25.518,25.74,24.3,25.32,3079.0999969209,0
REVB.US,D,20230712,000000,25.554,26.3235,24.681,25.239,2319.8666643468,0
REVB.US,D,20230713,000000,24.93,25.695,24.9,25.206,1929.1333314042,0
REVB.US,D,20230714,000000,25.74,26.49,24.903,25.119,2560.6999974393,0
REVB.US,D,20230717,000000,25.2,25.2,21.663,24.507,9204.1999907958,0
REVB.US,D,20230718,000000,24,24.837,22.5,24.48,5690.333327643,0
REVB.US,D,20230719,000000,24.72,25.194,23.7,24.603,3625.9666630407,0
REVB.US,D,20230720,000000,25.8,25.8,23.37,24.165,2503.8333308295,0
REVB.US,D,20230721,000000,24,25.35,23.25,24.03,3167.6999968323,0
REVB.US,D,20230724,000000,24.273,25.338,23.1,23.91,2419.1999975808,0
REVB.US,D,20230725,000000,24.87,24.9,24,24.87,866.7666657999,0
REVB.US,D,20230726,000000,25.5,25.5,23.715,24.207,1843.0666648236,0
REVB.US,D,20230727,000000,24.3,25.053,23.076,23.373,913.5999990864,0
REVB.US,D,20230728,000000,23.43,24.69,23.1,24.453,1368.333331965,0
REVB.US,D,20230731,000000,24.6,25.5,23.823,24.603,3973.2999960267,0
REVB.US,D,20230801,000000,25.182,25.839,24.006,25.191,2966.7999970332,0
REVB.US,D,20230802,000000,24.03,24.9,23.313,24.9,3583.666663083,0
REVB.US,D,20230803,000000,24.9,25.197,24.006,24.978,1585.6999984143,0
REVB.US,D,20230804,000000,25.8,25.8,23.73,24.297,2183.0999978169,0
REVB.US,D,20230807,000000,24.1414,25.8,23.403,23.703,1579.4666650872,0
REVB.US,D,20230808,000000,23.703,25.2,23.703,24.6,684.1333326492,0
REVB.US,D,20230809,000000,24.291,24.6,22.2,23.052,1780.0666648866,0
REVB.US,D,20230810,000000,23.1,23.67,22.2,22.494,1992.3999980076,0
REVB.US,D,20230811,000000,22.494,23.1,21.867,22.5,720.666665946,0
REVB.US,D,20230814,000000,22.2,22.8,21.9,21.936,1348.5333319848,0
REVB.US,D,20230815,000000,23.031,23.031,21,21.495,2730.1999972698,0
REVB.US,D,20230816,000000,22.212,22.497,21.33,21.456,1606.9666650597,0
REVB.US,D,20230817,000000,21.6,21.6,20.13,20.763,2763.5999972364,0
REVB.US,D,20230818,000000,21,21.6,20.118,21.288,795.2333325381,0
REVB.US,D,20230821,000000,21.033,21.315,20.079,20.7,1653.9333316794,0
REVB.US,D,20230822,000000,21.456,21.456,20.1,20.7,2360.9666643057,0
REVB.US,D,20230823,000000,20.553,21.504,20.001,20.79,1571.999998428,0
REVB.US,D,20230824,000000,21.54,21.549,20.4,21.3,1467.1333318662,0
REVB.US,D,20230825,000000,21.54,21.54,20.1,20.661,2227.5666644391,0
REVB.US,D,20230828,000000,20.484,21.12,20.484,20.703,705.3999992946,0
REVB.US,D,20230829,000000,20.16,21.483,20.16,21.483,627.7999993722,0
REVB.US,D,20230830,000000,21.639,21.639,20.7,20.706,1317.5999986824,0
REVB.US,D,20230831,000000,21.6,22.338,20.061,20.163,2088.666664578,0
REVB.US,D,20230901,000000,20.25,21.6,20.25,20.25,2389.1666642775,0
REVB.US,D,20230905,000000,21.3,21.3,20.28,21.27,1070.9666655957,0
REVB.US,D,20230906,000000,21.72,28.2,21.297,25.125,21768.999978231,0
REVB.US,D,20230907,000000,24.621,25.974,23.7,23.7,6019.5666606471,0
REVB.US,D,20230908,000000,24.6,24.6,21.9,24.297,4217.9666624487,0
REVB.US,D,20230911,000000,24.3,24.4463,22.998,23.94,2692.666663974,0
REVB.US,D,20230912,000000,23.457,24.297,22.5,23.103,904.8333324285,0
REVB.US,D,20230913,000000,22.836,23.397,21.168,22.5,2343.1666643235,0
REVB.US,D,20230914,000000,22.0664,22.797,21.804,22.5,1067.0999989329,0
REVB.US,D,20230915,000000,23.1,23.1,21.6,22.8,2652.6999973473,0
REVB.US,D,20230918,000000,23.1,23.1,21.42,21.765,550.999999449,0
REVB.US,D,20230919,000000,21.75,22.797,19.2,21.867,2751.1999972488,0
REVB.US,D,20230920,000000,21.21,22.389,19.695,22.101,1658.2333316751,0
REVB.US,D,20230921,000000,21,21.567,20.019,20.511,969.6999990303,0
REVB.US,D,20230922,000000,20.1555,21.636,19.8,20.127,621.8666660448,0
REVB.US,D,20230925,000000,21.918,21.918,20.4,20.4,822.1333325112,0
REVB.US,D,20230926,000000,20.4,21.8535,20.37,20.568,1118.666665548,0
REVB.US,D,20230927,000000,20.37,21.408,20.37,20.55,224.1999997758,0
REVB.US,D,20230928,000000,21.165,21.165,20.265,20.265,882.9666657837,0
REVB.US,D,20230929,000000,21.276,21.276,20.25,20.682,180.333333153,0
REVB.US,D,20231002,000000,21.6,21.6,20.7,21.291,93.4999999065,0
REVB.US,D,20231003,000000,20.415,20.46,19.989,20.43,918.3999990816,0
REVB.US,D,20231004,000000,21.225,21.225,20.376,20.4,281.2666663854,0
REVB.US,D,20231005,000000,19.992,21.918,19.992,20.253,1251.2999987487,0
REVB.US,D,20231006,000000,20.172,20.706,20.172,20.343,905.0999990949,0
REVB.US,D,20231009,000000,20.343,21.594,20.25,20.655,593.2666660734,0
REVB.US,D,20231010,000000,20.61,21.06,20.187,20.37,749.7999992502,0
REVB.US,D,20231011,000000,20.655,22.203,20.136,21.468,6474.6333268587,0
REVB.US,D,20231012,000000,23.4,23.697,20.703,20.808,4468.3666621983,0
REVB.US,D,20231013,000000,23.1,23.1,20.0505,20.457,4141.4333291919,0
REVB.US,D,20231016,000000,20.211,20.715,19.503,19.8,4670.8333286625,0
REVB.US,D,20231017,000000,19.8,20.7,19.53,19.74,385.1333329482,0
REVB.US,D,20231018,000000,20.244,20.607,19.5,20.1,565.999999434,0
REVB.US,D,20231019,000000,19.512,20.118,16.656,17.178,3247.9333300854,0
REVB.US,D,20231020,000000,17.256,18.9,16.902,18.9,2465.3999975346,0
REVB.US,D,20231023,000000,17.7,19.2,17.7,17.859,686.333332647,0
REVB.US,D,20231024,000000,18.6,20.112,18.6,19.665,3032.999996967,0
REVB.US,D,20231025,000000,20.1,20.1,18.9,18.9,771.7333325616,0
REVB.US,D,20231026,000000,18.03,18.843,17.4,17.676,1006.9333323264,0
REVB.US,D,20231027,000000,17.94,18,17.322,17.322,390.8999996091,0
REVB.US,D,20231030,000000,17.103,19.5,17.103,17.43,465.2666662014,0
REVB.US,D,20231031,000000,17.433,19.2,17.433,18.03,322.7333330106,0
REVB.US,D,20231101,000000,19.797,19.797,17.508,18.39,206.0333331273,0
REVB.US,D,20231102,000000,19.5,19.5,17.559,17.796,907.3666657593,0
REVB.US,D,20231103,000000,17.73,19.17,17.7,17.73,554.1333327792,0
REVB.US,D,20231106,000000,18.3,18.3,18,18,69.4666665972,0
REVB.US,D,20231107,000000,18.3,18.897,17.3498,18.897,243.0333330903,0
REVB.US,D,20231108,000000,18.6,18.6,17.4,18.24,221.5999997784,0
REVB.US,D,20231109,000000,17.592,18.135,15.948,17.484,3870.9666627957,0
REVB.US,D,20231110,000000,16.959,17.1,16.581,16.8,779.0999992209,0
REVB.US,D,20231113,000000,17.7,17.997,16.8,17.1,371.0999996289,0
REVB.US,D,20231114,000000,17.403,18.6,17.403,18.45,1461.6999985383,0
REVB.US,D,20231115,000000,18.45,19.203,18.375,18.909,1377.8999986221,0
REVB.US,D,20231116,000000,19.434,20.397,18.906,20.277,1173.8666654928,0
REVB.US,D,20231117,000000,19.98,20.1,18.93,19.2,963.666665703,0
REVB.US,D,20231120,000000,18.798,20.1,18.798,18.9,258.7333330746,0
REVB.US,D,20231121,000000,19.8,20.0997,18.9,19.2,113.4333332199,0
REVB.US,D,20231122,000000,19.599,20.1,19.2,20.1,1272.2666653944,0
REVB.US,D,20231124,000000,19.17,20.1,18.9,20.1,173.6333331597,0
REVB.US,D,20231127,000000,19.203,20.1,19.17,19.65,487.666666179,0
REVB.US,D,20231128,000000,19.2,21.27,19.2,21,2945.2999970547,0
REVB.US,D,20231129,000000,20.997,22.47,20.13,21.978,5648.9666610177,0
REVB.US,D,20231130,000000,22.77,23.1,21.0504,21.693,1786.1666648805,0
REVB.US,D,20231201,000000,23.4,23.7,21.669,22.8,3967.1333293662,0
REVB.US,D,20231204,000000,22.8,23.097,21.678,22.941,1238.0666654286,0
REVB.US,D,20231205,000000,21,22.8,18,18.3,9435.8666572308,0
REVB.US,D,20231206,000000,18.3,18.303,15,15.72,16870.133316463,0
REVB.US,D,20231207,000000,15.249,17.097,14.22,16.5,5123.6333282097,0
REVB.US,D,20231208,000000,17.1,17.232,15.105,16.8,3137.3999968626,0
REVB.US,D,20231211,000000,16.2,17.1,16.2,17.094,2829.4333305039,0
REVB.US,D,20231212,000000,17.1,17.235,16.2,16.2,1932.1333314012,0
REVB.US,D,20231213,000000,15.93,16.638,14.664,16.2,2995.3666636713,0
REVB.US,D,20231214,000000,15.93,17.232,15.93,16.68,1853.1333314802,0
REVB.US,D,20231215,000000,15.918,17.25,15.918,16.53,261.9333330714,0
REVB.US,D,20231218,000000,16.464,16.5,15.9,16.44,461.7666662049,0
REVB.US,D,20231219,000000,16.8,17.133,16.497,16.812,1987.1333313462,0
REVB.US,D,20231220,000000,17.4,17.4,16.533,16.8,885.7666657809,0
REVB.US,D,20231221,000000,17.7,17.7,17.1,17.1,411.5999995884,0
REVB.US,D,20231222,000000,16.5,17.964,14.121,16.02,4520.6333288127,0
REVB.US,D,20231226,000000,15.54,15.675,14.397,15.459,2384.4999976155,0
REVB.US,D,20231227,000000,15.465,15.903,14.58,14.76,4062.2333292711,0
REVB.US,D,20231228,000000,15.6,16.137,15,15.897,2469.8333308635,0
REVB.US,D,20231229,000000,15,15.3,14.697,15.021,3319.1666633475,0
REVB.US,D,20240102,000000,15,15.99,14.967,15.3,1371.999998628,0
REVB.US,D,20240103,000000,15.093,16.437,14.418,14.547,8756.8333245765,0
REVB.US,D,20240104,000000,14.7,15.3,14.631,15.27,594.0999994059,0
REVB.US,D,20240105,000000,14.718,15.291,14.7,14.703,736.1333325972,0
REVB.US,D,20240108,000000,14.7,14.7,14.331,14.7,1269.2333320641,0
REVB.US,D,20240109,000000,15,15,14.1,14.1,2928.8999970711,0
REVB.US,D,20240110,000000,14.421,14.697,13.803,14.1,774.5666658921,0
REVB.US,D,20240111,000000,13.8,14.178,13.8,14.091,1247.4999987525,0
REVB.US,D,20240112,000000,13.8,14.667,13.773,14.22,1004.0999989959,0
REVB.US,D,20240116,000000,14.1,14.1,12.303,12.474,3233.6999967663,0
REVB.US,D,20240117,000000,12.597,14.097,12.315,13.065,2884.4999971155,0
REVB.US,D,20240118,000000,12.9,13.197,12.315,12.9,547.1999994528,0
REVB.US,D,20240119,000000,12.9,13.152,12.42,12.42,174.666666492,0
REVB.US,D,20240122,000000,12.852,14.367,12.315,12.6,1671.7333316616,0
REVB.US,D,20240123,000000,12.633,13.62,8.31,9.906,82763.666583903,0
REVB.US,D,20240124,000000,10.197,14.934,9.756,11.82,111025.49988897,0
REVB.US,D,20240125,000000,12.2,13,8.81,10.4,73920,0
REVB.US,D,20240126,000000,10,10,8.25,9.866,69852,0
REVB.US,D,20240129,000000,17.64,25.26,12.3001,12.99,5397963,0
REVB.US,D,20240130,000000,11.63,11.9766,7.54,7.95,437829,0
REVB.US,D,20240131,000000,9.12,11.9,7.6041,8.8,2024879,0
REVB.US,D,20240201,000000,3.54,3.6399,3.03,3.18,2552707,0
REVB.US,D,20240202,000000,3.12,3.24,2.85,3.045,619556,0
REVB.US,D,20240205,000000,3.1,3.34,2.7746,3.2,701167,0
REVB.US,D,20240206,000000,3.22,3.29,2.43,2.6,718403,0
REVB.US,D,20240207,000000,2.62,2.66,2.4,2.58,626439,0
REVB.US,D,20240208,000000,2.61,2.9,2.51,2.78,397809,0
REVB.US,D,20240209,000000,2.8,3.05,2.622,2.78,901723,0
REVB.US,D,20240212,000000,2.83,2.87,2.57,2.76,254404,0
REVB.US,D,20240213,000000,2.8,3.23,2.79,3,1036662,0
REVB.US,D,20240214,000000,2.94,3.1691,2.94,3,220929,0
REVB.US,D,20240215,000000,3.01,3.0871,2.77,3.02,145212,0
REVB.US,D,20240216,000000,3.03,3.03,2.68,2.77,121540,0
REVB.US,D,20240220,000000,2.75,3,2.707,2.83,156013,0
REVB.US,D,20240221,000000,2.91,3.35,2.85,3.15,1624502,0
REVB.US,D,20240222,000000,3.16,3.188,2.83,2.89,461059,0
REVB.US,D,20240223,000000,2.9,3.04,2.77,2.8,213050,0
REVB.US,D,20240226,000000,2.78,3.22,2.75,3.16,372046,0
REVB.US,D,20240227,000000,3.16,3.4799,3.03,3.43,340772,0
REVB.US,D,20240228,000000,3.46,4.34,3.4,4.12,875898,0
REVB.US,D,20240229,000000,4.01,4.0828,3.6,3.65,503371,0
REVB.US,D,20240301,000000,3.61,3.7399,3.37,3.64,282279,0
REVB.US,D,20240304,000000,3.67,3.67,3.21,3.41,224326,0
REVB.US,D,20240305,000000,3.27,3.43,3.16,3.19,188253,0
REVB.US,D,20240306,000000,3.34,3.34,2.97,3,145867,0
REVB.US,D,20240307,000000,3.06,3.52,3.04,3.4,391848,0
REVB.US,D,20240308,000000,3.48,3.61,3.3001,3.4,141754,0
REVB.US,D,20240311,000000,3.65,3.65,3.35,3.36,256170,0
REVB.US,D,20240312,000000,3.36,3.36,2.87,3.12,440333,0
REVB.US,D,20240313,000000,2.97,2.98,2.56,2.6,329938,0
REVB.US,D,20240314,000000,2.7,2.735,2.281,2.36,222249,0
REVB.US,D,20240315,000000,2.44,2.528,2.38,2.41,72959,0
REVB.US,D,20240318,000000,2.5,2.5,2.33,2.39,65555,0
REVB.US,D,20240319,000000,2.37,2.37,2.22,2.28,76493,0
REVB.US,D,20240320,000000,2.32,2.45,2.25,2.43,52233,0
REVB.US,D,20240321,000000,2.47,2.5,2.4,2.45,54661,0
REVB.US,D,20240322,000000,2.4,2.45,2.35,2.37,27685,0
REVB.US,D,20240325,000000,2.39,2.3999,2.335,2.39,28327,0
REVB.US,D,20240326,000000,2.44,2.63,2.4,2.6,106265,0
REVB.US,D,20240327,000000,2.6,2.62,2.36,2.43,93840,0
REVB.US,D,20240328,000000,2.47,2.96,2.4,2.74,317861,0
REVB.US,D,20240401,000000,2.71,2.77,2.595,2.66,33902,0
REVB.US,D,20240402,000000,2.71,2.71,2.53,2.59,71833,0
REVB.US,D,20240403,000000,2.55,2.6599,2.53,2.6,34847,0
REVB.US,D,20240404,000000,2.6,2.8354,2.6,2.72,45883,0
REVB.US,D,20240405,000000,2.76,2.84,2.58,2.67,32215,0
REVB.US,D,20240408,000000,2.7,2.79,2.59,2.6,26150,0
REVB.US,D,20240409,000000,2.62,2.645,2.42,2.43,42367,0
REVB.US,D,20240410,000000,2.45,2.49,2.28,2.31,50988,0
REVB.US,D,20240411,000000,2.36,2.5199,2.31,2.32,24615,0
REVB.US,D,20240412,000000,2.32,2.32,2.05,2.08,57549,0
REVB.US,D,20240415,000000,2.14,2.23,1.7801,1.825,94215,0
REVB.US,D,20240416,000000,1.88,1.9899,1.8045,1.91,38419,0
REVB.US,D,20240417,000000,1.8947,2.17,1.8801,2.15,126812,0
REVB.US,D,20240418,000000,2.2,2.38,2.1254,2.24,96849,0
REVB.US,D,20240419,000000,2.3,2.3299,2.03,2.19,42950,0
REVB.US,D,20240422,000000,2.19,2.3099,2.022,2.05,22521,0
REVB.US,D,20240423,000000,2.03,2.19,2.03,2.07,31546,0
REVB.US,D,20240424,000000,2.14,2.15,2.04,2.09,40461,0
REVB.US,D,20240425,000000,2.09,2.16,2.03,2.1399,9543,0
REVB.US,D,20240426,000000,2.13,2.31,2.12,2.18,45621,0
REVB.US,D,20240429,000000,2.2,2.2494,2.1,2.12,12728,0
REVB.US,D,20240430,000000,2.1084,2.1999,2.1021,2.1073,9771,0
REVB.US,D,20240501,000000,2.08,2.225,2.08,2.15,27525,0
REVB.US,D,20240502,000000,2.23,2.49,2.1606,2.35,64059,0
REVB.US,D,20240503,000000,2.38,2.4299,2.3,2.37,24422,0
REVB.US,D,20240506,000000,2.35,2.4876,2.32,2.35,54892,0
REVB.US,D,20240507,000000,2.43,2.4499,2.2801,2.38,16834,0
REVB.US,D,20240508,000000,2.37,2.37,2.2101,2.23,24774,0
REVB.US,D,20240509,000000,2.22,2.3269,2.19,2.2,21233,0
REVB.US,D,20240510,000000,2.1719,2.2299,2.0101,2.06,38268,0
REVB.US,D,20240513,000000,2.04,2.091,1.7893,1.84,135270,0
REVB.US,D,20240514,000000,1.81,1.89,1.8,1.845,50025,0
REVB.US,D,20240515,000000,1.8599,2.0042,1.8442,1.95,23178,0
REVB.US,D,20240516,000000,2.03,2.03,1.82,1.86,30777,0
REVB.US,D,20240517,000000,1.83,2.09,1.83,2.02,26027,0
REVB.US,D,20240520,000000,1.99,2.08,1.94,1.99,19752,0
REVB.US,D,20240521,000000,2.04,2.08,1.964,1.964,22782,0
REVB.US,D,20240522,000000,1.995,2.03,1.9,2.03,7752,0
REVB.US,D,20240523,000000,2.04,2.04,1.86,1.91,28736,0
REVB.US,D,20240524,000000,1.9001,1.9099,1.79,1.83,35473,0
REVB.US,D,20240528,000000,1.81,1.83,1.71,1.73,59801,0
REVB.US,D,20240529,000000,1.76,1.76,1.65,1.68,17290,0
REVB.US,D,20240530,000000,1.72,1.72,1.61,1.65,34084,0
REVB.US,D,20240531,000000,1.65,1.95,1.65,1.93,112291,0
REVB.US,D,20240603,000000,1.91,2.0299,1.76,1.92,56565,0
REVB.US,D,20240604,000000,1.9026,2.02,1.83,1.94,37028,0
REVB.US,D,20240605,000000,1.92,2.24,1.87,2.21,136110,0
REVB.US,D,20240606,000000,2.173,2.43,2.11,2.21,85478,0
REVB.US,D,20240607,000000,2.17,2.4799,1.81,2.2,40941,0
REVB.US,D,20240610,000000,2.21,2.29,1.94,2.28,32913,0
REVB.US,D,20240611,000000,2.29,2.39,2.1019,2.39,23734,0
REVB.US,D,20240612,000000,2.44,2.45,2.15,2.26,56627,0
REVB.US,D,20240613,000000,2.3499,2.36,2.1677,2.26,23825,0
REVB.US,D,20240614,000000,2.35,2.38,2.16,2.21,72595,0
REVB.US,D,20240617,000000,2.17,2.44,2.1005,2.24,31363,0
REVB.US,D,20240618,000000,2.4,2.4029,2.15,2.31,42357,0
REVB.US,D,20240620,000000,2.2,2.29,2.0701,2.15,28057,0
REVB.US,D,20240621,000000,2.1184,2.33,2.09,2.11,31377,0
REVB.US,D,20240624,000000,3.01,3.8,2.36,2.4,35319351,0
REVB.US,D,20240625,000000,2.25,2.28,2.1,2.15,607282,0
REVB.US,D,20240626,000000,2.03,2.14,1.95,1.99,203336,0
REVB.US,D,20240627,000000,2,2,1.84,1.86,93204,0
REVB.US,D,20240628,000000,1.95,2.1,1.8601,1.91,64572,0
REVB.US,D,20240701,000000,1.88,2,1.77,1.87,53853,0
REVB.US,D,20240702,000000,1.94,1.94,1.69,1.79,33542,0
REVB.US,D,20240703,000000,1.8356,1.92,1.7366,1.7608,107706,0
REVB.US,D,20240705,000000,1.81,1.81,1.6803,1.73,34407,0
REVB.US,D,20240708,000000,1.74,2.08,1.71,1.8,386748,0
REVB.US,D,20240709,000000,1.73,1.79,1.62,1.74,99074,0
REVB.US,D,20240710,000000,1.71,1.79,1.69,1.78,50748,0
REVB.US,D,20240711,000000,1.82,1.9,1.7401,1.8,102258,0
REVB.US,D,20240712,000000,1.83,1.88,1.7,1.81,41337,0
REVB.US,D,20240715,000000,1.86,2.14,1.81,1.87,356838,0
REVB.US,D,20240716,000000,1.85,2.13,1.79,1.86,363752,0
REVB.US,D,20240717,000000,1.85,1.91,1.8001,1.83,22928,0
REVB.US,D,20240718,000000,1.8,1.89,1.74,1.77,77294,0
REVB.US,D,20240719,000000,1.75,1.95,1.6,1.68,338216,0
REVB.US,D,20240722,000000,1.64,1.74,1.56,1.62,96408,0
REVB.US,D,20240723,000000,1.62,1.63,1.52,1.61,44192,0
REVB.US,D,20240724,000000,1.57,1.66,1.57,1.65,44796,0
REVB.US,D,20240725,000000,1.6106,1.635,1.6051,1.62,12248,0
REVB.US,D,20240726,000000,1.62,1.6438,1.58,1.59,19656,0
REVB.US,D,20240729,000000,1.64,1.64,1.51,1.52,38430,0
REVB.US,D,20240730,000000,1.59,1.6,1.53,1.56,15662,0
REVB.US,D,20240731,000000,1.56,1.68,1.56,1.65,21031,0
REVB.US,D,20240801,000000,1.65,1.65,1.48,1.48,54772,0
REVB.US,D,20240802,000000,1.46,1.48,1.44,1.48,16098,0
REVB.US,D,20240805,000000,1.4,1.4,1,1.11,367116,0
REVB.US,D,20240806,000000,1.15,1.195,1.1201,1.14,47779,0
REVB.US,D,20240807,000000,1.14,1.155,1.02,1.0599,91066,0
REVB.US,D,20240808,000000,1.06,1.145,1.03,1.05,35205,0
REVB.US,D,20240809,000000,1.02,1.07,0.99,1,55929,0
REVB.US,D,20240812,000000,1,1.01,0.9199,0.9232,45187,0
REVB.US,D,20240813,000000,0.91,0.9499,0.891,0.9,58831,0
REVB.US,D,20240814,000000,0.9,0.938,0.88,0.9029,108380,0
REVB.US,D,20240815,000000,0.9,0.9356,0.885,0.8954,43433,0
REVB.US,D,20240816,000000,0.88,0.908,0.81,0.861,85371,0
REVB.US,D,20240819,000000,0.8506,0.892,0.824,0.892,158905,0
REVB.US,D,20240820,000000,0.86,1.05,0.84,1.0384,1008680,0
REVB.US,D,20240821,000000,2.14,3.5,1.81,2.09,87133866,0
REVB.US,D,20240822,000000,1.45,1.52,1.22,1.25,4085595,0
REVB.US,D,20240823,000000,1.3,1.3,1.12,1.21,1474877,0
REVB.US,D,20240826,000000,1.25,1.25,1.16,1.2,386045,0
REVB.US,D,20240827,000000,1.18,1.21,1.11,1.16,394586,0
REVB.US,D,20240828,000000,1.18,1.18,1.095,1.11,304759,0
REVB.US,D,20240829,000000,1.1,1.11,1,1.01,399601,0
REVB.US,D,20240830,000000,1.04,1.2,1,1.15,441744,0
REVB.US,D,20240903,000000,1.14,1.15,1.06,1.06,137756,0
REVB.US,D,20240904,000000,1.043,1.0665,0.94,0.9886,345078,0
REVB.US,D,20240905,000000,0.998,0.998,0.83,0.89,176062,0
REVB.US,D,20240906,000000,0.8876,0.8899,0.86,0.8701,142991,0
REVB.US,D,20240909,000000,0.86,0.92,0.86,0.88,125315,0
REVB.US,D,20240910,000000,0.89,0.9,0.83101,0.851,170069,0
REVB.US,D,20240911,000000,0.889,0.9154,0.840399,0.903,202345,0
REVB.US,D,20240912,000000,0.95,0.98,0.89,0.91,384149,0
REVB.US,D,20240913,000000,0.9,0.9249,0.86,0.899001,148767,0
REVB.US,D,20240916,000000,0.92,0.9299,0.8716,0.8991,130735,0
REVB.US,D,20240917,000000,0.89,0.9101,0.88,0.9049,113951,0
REVB.US,D,20240918,000000,0.919,0.92,0.86,0.866,119391,0
REVB.US,D,20240919,000000,0.868,0.9068,0.8489,0.8604,149587,0
REVB.US,D,20240920,000000,0.87,0.9637,0.76,0.8444,1068357,0
REVB.US,D,20240923,000000,0.818,0.8216,0.702,0.7203,525376,0
REVB.US,D,20240924,000000,0.72,0.779899,0.72,0.74,575269,0
REVB.US,D,20240925,000000,0.8,0.8,0.71,0.7611,159180,0
REVB.US,D,20240926,000000,0.79,0.85,0.7726,0.8367,185707,0
REVB.US,D,20240927,000000,0.85,0.93,0.84,0.885,291679,0
REVB.US,D,20240930,000000,0.8654,0.875,0.8305,0.8518,54713,0
REVB.US,D,20241001,000000,0.866,0.866,0.8201,0.8383,51078,0
REVB.US,D,20241002,000000,0.8201,0.8383,0.7532,0.8301,111430,0
REVB.US,D,20241003,000000,0.783901,0.83,0.783901,0.8155,59163,0
REVB.US,D,20241004,000000,0.815,0.83,0.8,0.8219,54928,0
REVB.US,D,20241007,000000,0.8199,0.82,0.78,0.7901,49036,0
REVB.US,D,20241008,000000,0.829,0.829,0.801366,0.8085,84838,0
REVB.US,D,20241009,000000,0.8,0.805,0.7801,0.8045,38198,0
REVB.US,D,20241010,000000,0.7993,0.8195,0.7993,0.8001,26892,0
REVB.US,D,20241011,000000,0.791,0.819,0.791,0.8106,26950,0
REVB.US,D,20241014,000000,0.811,0.814,0.7831,0.7905,55170,0
REVB.US,D,20241015,000000,0.8,0.8,0.7705,0.78,33416,0
REVB.US,D,20241016,000000,0.78,0.8655,0.78,0.853,152512,0
REVB.US,D,20241017,000000,0.842,0.8747,0.8208,0.8499,81505,0
REVB.US,D,20241018,000000,0.8244,0.93,0.8244,0.92,103803,0
REVB.US,D,20241021,000000,0.9,0.94,0.889999,0.903449,111533,0
REVB.US,D,20241022,000000,0.92,0.92,0.85,0.88,81908,0
REVB.US,D,20241023,000000,0.88,0.89,0.8275,0.85,58851,0
REVB.US,D,20241024,000000,0.8728,0.8728,0.825,0.84,59066,0
REVB.US,D,20241025,000000,0.825,0.86,0.825,0.8345,43767,0
REVB.US,D,20241028,000000,0.845,0.8496,0.8201,0.83,34532,0
REVB.US,D,20241029,000000,0.83,0.8434,0.8251,0.8321,17900,0
