<TICKER>,<PER>,<DATE>,<TIME>,<OPEN>,<HIGH>,<LOW>,<CLOSE>,<VOL>,<OPENINT>
RIME.US,D,20220524,000000,2.8,3.85,2.39,2.75,1138100,0
RIME.US,D,20220525,000000,3.51,3.8196,3.11,3.21,5457200,0
RIME.US,D,20220526,000000,3.23,3.23,2.85,2.9,430275,0
RIME.US,D,20220527,000000,2.83,2.97,2.8,2.87,263357,0
RIME.US,D,20220531,000000,2.87,2.995,2.76,2.91,174916,0
RIME.US,D,20220601,000000,3,3.06,2.78,2.84,1253608,0
RIME.US,D,20220602,000000,2.78,3.6399,2.64,3.48,551216,0
RIME.US,D,20220603,000000,3.34,3.69,3.14,3.4221,360879,0
RIME.US,D,20220606,000000,3.43,3.6,3.15,3.51,141244,0
RIME.US,D,20220607,000000,3.52,4,3.309,3.93,391059,0
RIME.US,D,20220608,000000,3.96,4.35,3.01,3.57,2297587,0
RIME.US,D,20220609,000000,3.37,4.35,3.37,4.19,833465,0
RIME.US,D,20220610,000000,4.08,8.2,4.08,6.72,5351703,0
RIME.US,D,20220613,000000,6.39,7.49,5.35,6.73,1067687,0
RIME.US,D,20220614,000000,6.41,6.95,5.78,6.05,463134,0
RIME.US,D,20220615,000000,5.74,7.05,5.61,7,264903,0
RIME.US,D,20220616,000000,6.55,6.85,6.14,6.85,149927,0
RIME.US,D,20220617,000000,6.86,7.79,6.66,7.54,135130,0
RIME.US,D,20220621,000000,7.91,7.99,7.3701,7.63,62250,0
RIME.US,D,20220622,000000,7.4,7.9,7.4,7.74,100353,0
RIME.US,D,20220623,000000,7.59,7.9,7.4282,7.85,58103,0
RIME.US,D,20220624,000000,7.852,8.6899,7.65,7.8,115355,0
RIME.US,D,20220627,000000,7.66,8.44,7.65,8.07,65248,0
RIME.US,D,20220628,000000,8.06,8.595,7.9383,8.11,96546,0
RIME.US,D,20220629,000000,8.29,8.82,8.29,8.52,113820,0
RIME.US,D,20220630,000000,8.33,8.72,8.01,8.03,51467,0
RIME.US,D,20220701,000000,8.02,8.305,7.99,8.23,56546,0
RIME.US,D,20220705,000000,8,8.48,7.68,8.07,132965,0
RIME.US,D,20220706,000000,8.2656,8.9,8.04,8.06,179529,0
RIME.US,D,20220707,000000,8.08,8.1295,7.7,7.87,41941,0
RIME.US,D,20220708,000000,8.355,8.505,7.7999,8.13,70130,0
RIME.US,D,20220711,000000,8.02,9.4,8,9.25,74493,0
RIME.US,D,20220712,000000,9.25,9.8219,8.61,8.96,41077,0
RIME.US,D,20220713,000000,8.96,9.18,8.4762,9.14,27629,0
RIME.US,D,20220714,000000,8.76,9.35,8.65,9.09,37577,0
RIME.US,D,20220715,000000,9.2322,9.3247,8.6867,8.7,17838,0
RIME.US,D,20220718,000000,8.4301,9.26,8.4301,8.58,9558,0
RIME.US,D,20220719,000000,8.87,8.92,7.7,7.93,54607,0
RIME.US,D,20220720,000000,7.95,8.16,7.67,7.9,24839,0
RIME.US,D,20220721,000000,7.68,8.45,7.47,7.93,123604,0
RIME.US,D,20220722,000000,7.77,8.3627,7.59,7.83,12644,0
RIME.US,D,20220725,000000,7.69,8.019,7.35,7.6,34302,0
RIME.US,D,20220726,000000,7.2,7.77,7.2,7.57,16556,0
RIME.US,D,20220727,000000,7.6613,7.6613,7.21,7.4,36698,0
RIME.US,D,20220728,000000,7.45,8.5348,7.2101,7.84,43756,0
RIME.US,D,20220729,000000,7.27,7.93,7.23,7.41,18167,0
RIME.US,D,20220801,000000,7.93,8.4,7.51,8.07,20373,0
RIME.US,D,20220802,000000,8.08,8.33,7.65,8.265,6874,0
RIME.US,D,20220803,000000,7.67,8.5,7.67,8.12,31492,0
RIME.US,D,20220804,000000,7.81,8.39,7.6,7.915,21759,0
RIME.US,D,20220805,000000,7.78,8.3999,7.73,7.75,6549,0
RIME.US,D,20220808,000000,7.67,8.51,7.29,7.48,57099,0
RIME.US,D,20220809,000000,8,8,7.17,7.42,37514,0
RIME.US,D,20220810,000000,7.5,7.7899,7.5,7.5401,2780,0
RIME.US,D,20220811,000000,7.5986,8.2,7.5986,8.16,15474,0
RIME.US,D,20220812,000000,8.18,8.18,7.77,8.17,11165,0
RIME.US,D,20220815,000000,8.15,9.1,7.81,8.25,56075,0
RIME.US,D,20220816,000000,9.08,9.08,8.2,8.65,21178,0
RIME.US,D,20220817,000000,8.53,8.84,8.2,8.2,21334,0
RIME.US,D,20220818,000000,8.3,9.58,8.3,9,262452,0
RIME.US,D,20220819,000000,9.1,9.67,8.9001,9.4098,82435,0
RIME.US,D,20220822,000000,10,10.1007,7.19,7.67,219008,0
RIME.US,D,20220823,000000,7.85,7.9,7.25,7.72,27146,0
RIME.US,D,20220824,000000,7.72,8.4284,7.72,8.11,33739,0
RIME.US,D,20220825,000000,7.87,8.9721,7.75,8.89,126378,0
RIME.US,D,20220826,000000,8.67,9.4728,8.5,8.95,34140,0
RIME.US,D,20220829,000000,8.37,9.3232,8.07,8.23,32547,0
RIME.US,D,20220830,000000,8.46,9.0333,8.2277,8.48,61113,0
RIME.US,D,20220831,000000,8.4755,8.79,8.2603,8.41,22162,0
RIME.US,D,20220901,000000,8.27,8.75,7.757,7.86,23793,0
RIME.US,D,20220902,000000,7.82,8.118,7.6999,7.87,12662,0
RIME.US,D,20220906,000000,8.12,8.12,7.54,7.54,13092,0
RIME.US,D,20220907,000000,7.7092,8.15,7.7092,7.95,10925,0
RIME.US,D,20220908,000000,8.1,8.1,7.36,7.36,11757,0
RIME.US,D,20220909,000000,7.65,7.9,7.6,7.9,3264,0
RIME.US,D,20220912,000000,7.56,7.82,7.56,7.59,10124,0
RIME.US,D,20220913,000000,7.58,7.79,7.31,7.73,14712,0
RIME.US,D,20220914,000000,7.89,7.89,7.15,7.15,9801,0
RIME.US,D,20220915,000000,7.1551,7.29,7,7,18599,0
RIME.US,D,20220916,000000,7.28,7.28,5.74,5.74,46119,0
RIME.US,D,20220919,000000,6.05,6.5,5.8,5.83,38039,0
RIME.US,D,20220920,000000,5.77,6.34,5.77,5.87,7701,0
RIME.US,D,20220921,000000,6.04,6.04,5.65,5.71,10311,0
RIME.US,D,20220922,000000,5.8,6.0351,5.53,5.87,8747,0
RIME.US,D,20220923,000000,5.8,5.8,5.25,5.28,15087,0
RIME.US,D,20220926,000000,5.4883,5.57,5.3992,5.3992,1145,0
RIME.US,D,20220927,000000,5.52,5.9071,5.36,5.59,4096,0
RIME.US,D,20220928,000000,5.73,5.8371,5.3301,5.67,6253,0
RIME.US,D,20220929,000000,5.6687,5.68,5.51,5.51,10706,0
RIME.US,D,20220930,000000,5.5937,5.69,5.5937,5.6,820,0
RIME.US,D,20221003,000000,5.6665,5.6665,5.6274,5.6274,896,0
RIME.US,D,20221004,000000,5.7,6.0203,5.3,5.8999,16590,0
RIME.US,D,20221005,000000,5.8455,5.8999,5.8067,5.87,1409,0
RIME.US,D,20221006,000000,5.485,5.8769,5.4221,5.7088,3957,0
RIME.US,D,20221007,000000,5.63,5.7,5.4775,5.6938,3437,0
RIME.US,D,20221010,000000,5.1185,5.8463,5.1185,5.7601,1370,0
RIME.US,D,20221011,000000,5.529,5.7981,5.43,5.7981,2779,0
RIME.US,D,20221012,000000,5.8,6.1403,5.8,6.0546,4415,0
RIME.US,D,20221013,000000,5.5,6.4256,5.5,5.95,7126,0
RIME.US,D,20221014,000000,5.9,5.95,5.4,5.65,6644,0
RIME.US,D,20221017,000000,5.95,6.75,5.3001,6.07,23433,0
RIME.US,D,20221018,000000,6.07,6.2,5.71,5.8,3153,0
RIME.US,D,20221019,000000,5.7,5.99,5.7,5.986,1594,0
RIME.US,D,20221020,000000,6.08,6.08,5.53,5.663,2639,0
RIME.US,D,20221021,000000,5.34,5.95,5.09,5.95,4650,0
RIME.US,D,20221024,000000,5.3,5.45,5.16,5.36,5940,0
RIME.US,D,20221025,000000,5.5,5.85,5.45,5.8,6267,0
RIME.US,D,20221026,000000,5.8,5.8,5.25,5.58,5770,0
RIME.US,D,20221027,000000,5.5,5.5,5.3038,5.41,4468,0
RIME.US,D,20221028,000000,5.5,5.7298,5.47,5.5388,7126,0
RIME.US,D,20221031,000000,5.53,5.53,5.44,5.44,1716,0
RIME.US,D,20221101,000000,5.28,5.73,5.28,5.73,2880,0
RIME.US,D,20221102,000000,5.54,5.718,5.54,5.718,1014,0
RIME.US,D,20221103,000000,5.76,5.77,5.685,5.685,970,0
RIME.US,D,20221104,000000,5.3971,5.67,5.3971,5.67,803,0
RIME.US,D,20221108,000000,5.7,5.8899,5.51,5.51,2004,0
RIME.US,D,20221109,000000,5.7346,5.7346,5.05,5.05,8783,0
RIME.US,D,20221110,000000,5.4,5.4,5.2,5.4,5765,0
RIME.US,D,20221111,000000,5.23,5.5,4.95,5.25,17797,0
RIME.US,D,20221114,000000,4.77,4.77,4.42,4.49,26535,0
RIME.US,D,20221115,000000,4.5201,5.6459,4.5201,4.655,49568,0
RIME.US,D,20221116,000000,4.66,4.85,4.55,4.85,4604,0
RIME.US,D,20221117,000000,4.65,5.0096,4.56,4.67,4903,0
RIME.US,D,20221118,000000,4.67,5.33,4.65,5.065,5441,0
RIME.US,D,20221122,000000,4.94,5.23,4.21,4.65,40238,0
RIME.US,D,20221123,000000,4.664,4.96,4.45,4.7,12664,0
RIME.US,D,20221125,000000,4.57,5.8,4.57,5.26,80425,0
RIME.US,D,20221128,000000,6.29,6.55,5.74,6.49,548639,0
RIME.US,D,20221129,000000,6.24,6.24,5.1,5.579,66420,0
RIME.US,D,20221130,000000,5.2,5.3,4.92,5.17,10704,0
RIME.US,D,20221201,000000,5.1,5.1,4.36,4.97,15174,0
RIME.US,D,20221202,000000,4.966,5.28,4.696,5.14,14684,0
RIME.US,D,20221205,000000,5.1,5.2369,5,5.07,2024,0
RIME.US,D,20221206,000000,5.22,5.22,5,5.18,9742,0
RIME.US,D,20221207,000000,5.34,5.5,5.2,5.3985,5799,0
RIME.US,D,20221208,000000,5.4579,5.4605,4.61,4.81,55824,0
RIME.US,D,20221209,000000,5,5,4.61,4.6899,11249,0
RIME.US,D,20221212,000000,4.61,5.12,4.61,4.9104,15763,0
RIME.US,D,20221213,000000,4.85,5.3,4.72,4.75,24608,0
RIME.US,D,20221214,000000,5.09,5.24,4.61,4.61,15267,0
RIME.US,D,20221215,000000,4.61,4.9899,4.61,4.95,20906,0
RIME.US,D,20221216,000000,5,5.2052,4.77,4.77,11699,0
RIME.US,D,20221219,000000,4.905,5.2,4.6611,4.68,13990,0
RIME.US,D,20221220,000000,5.2164,5.2164,4.6201,4.9,16493,0
RIME.US,D,20221221,000000,5,5.49,4.99,5.35,21325,0
RIME.US,D,20221222,000000,5.31,5.31,5.2001,5.2001,2504,0
RIME.US,D,20221223,000000,5.18,5.2265,4.99,4.99,10667,0
RIME.US,D,20221227,000000,4.95,5.145,4.9,4.9499,3109,0
RIME.US,D,20221228,000000,4.9038,4.92,4.61,4.61,7147,0
RIME.US,D,20221229,000000,4.61,4.86,4.61,4.81,4022,0
RIME.US,D,20221230,000000,4.98,4.98,4.3321,4.4163,5941,0
RIME.US,D,20230103,000000,4.35,4.64,4.34,4.64,2602,0
RIME.US,D,20230104,000000,4.65,4.65,4.5928,4.5928,2121,0
RIME.US,D,20230105,000000,4.58,4.58,4.57,4.57,870,0
RIME.US,D,20230106,000000,4.5,4.7953,4.5,4.645,6396,0
RIME.US,D,20230109,000000,4.76,5.05,4.5201,4.5201,22080,0
RIME.US,D,20230110,000000,4.52,4.527,4.32,4.527,25372,0
RIME.US,D,20230111,000000,4.4,4.57,4.33,4.48,7681,0
RIME.US,D,20230112,000000,4.35,4.48,4.35,4.48,2679,0
RIME.US,D,20230113,000000,4.48,4.48,4.36,4.3601,8524,0
RIME.US,D,20230117,000000,4.46,4.88,4.29,4.45,36457,0
RIME.US,D,20230118,000000,4.59,4.59,4.33,4.33,15616,0
RIME.US,D,20230119,000000,4.62,4.62,4.31,4.31,5527,0
RIME.US,D,20230120,000000,4.3,4.4,4.29,4.39,1340,0
RIME.US,D,20230123,000000,4.79,4.8,4.4,4.5,4364,0
RIME.US,D,20230124,000000,4.43,4.7432,4.43,4.68,953,0
RIME.US,D,20230125,000000,4.6,4.8141,4.3316,4.55,2891,0
RIME.US,D,20230126,000000,4.61,4.7,4.35,4.49,9629,0
RIME.US,D,20230127,000000,4.65,4.65,4.46,4.49,2872,0
RIME.US,D,20230130,000000,4.41,4.4274,4.41,4.4274,765,0
RIME.US,D,20230131,000000,4.44,4.7499,4.4,4.525,12930,0
RIME.US,D,20230201,000000,4.35,4.51,4.35,4.44,3505,0
RIME.US,D,20230202,000000,4.35,4.5499,4.21,4.24,10142,0
RIME.US,D,20230203,000000,4.22,4.413,4.21,4.23,9073,0
RIME.US,D,20230206,000000,4.4899,4.4899,4.4899,4.4899,646,0
RIME.US,D,20230207,000000,4.43,4.435,4.25,4.42,2084,0
RIME.US,D,20230208,000000,4.32,4.45,4.32,4.45,1594,0
RIME.US,D,20230209,000000,4.34,4.34,4.23,4.25,3305,0
RIME.US,D,20230210,000000,4.22,4.33,4.0001,4.1599,14803,0
RIME.US,D,20230214,000000,4.025,4.05,3.96,3.96,2719,0
RIME.US,D,20230215,000000,3.83,3.96,3.81,3.81,5742,0
RIME.US,D,20230216,000000,3.82,3.9,3.82,3.9,2358,0
RIME.US,D,20230217,000000,3.9,4,3.9,3.98,2148,0
RIME.US,D,20230221,000000,3.9,3.9,3.56,3.79,21855,0
RIME.US,D,20230222,000000,3.68,3.79,3.5,3.53,2482,0
RIME.US,D,20230223,000000,3.5,3.8586,3.46,3.46,2648,0
RIME.US,D,20230224,000000,3.28,3.28,3.2116,3.2116,1586,0
RIME.US,D,20230227,000000,3.01,3.029,2.88,2.88,14364,0
RIME.US,D,20230228,000000,2.7706,2.78,2.6101,2.7198,4924,0
RIME.US,D,20230301,000000,2.8,2.822,2.5,2.75,6291,0
RIME.US,D,20230302,000000,2.6333,2.69,2.57,2.69,2391,0
RIME.US,D,20230303,000000,2.52,2.5999,2.51,2.5742,3789,0
RIME.US,D,20230306,000000,2.535,2.5699,2.5,2.5699,3695,0
RIME.US,D,20230307,000000,2.64,2.75,2.61,2.61,7647,0
RIME.US,D,20230308,000000,2.63,2.725,2.62,2.71,2342,0
RIME.US,D,20230309,000000,2.62,2.63,2.5,2.5,7523,0
RIME.US,D,20230310,000000,2.59,2.59,2.49,2.49,689,0
RIME.US,D,20230313,000000,2.49,2.49,2.2,2.21,10242,0
RIME.US,D,20230314,000000,2.12,2.2999,2.12,2.2254,2728,0
RIME.US,D,20230315,000000,2.14,2.2,2.13,2.14,9206,0
RIME.US,D,20230316,000000,2.15,2.3,2.1401,2.3,4451,0
RIME.US,D,20230317,000000,2.2304,2.3,2.2304,2.3,1946,0
RIME.US,D,20230320,000000,2.3962,2.4,2.3962,2.4,807,0
RIME.US,D,20230321,000000,2.49,2.49,2.1,2.13,26932,0
RIME.US,D,20230322,000000,2.13,2.2,2.0127,2.02,3115,0
RIME.US,D,20230323,000000,2.05,2.4,2.03,2.03,3177,0
RIME.US,D,20230324,000000,2.22,2.22,2.06,2.06,589,0
RIME.US,D,20230327,000000,2.08,2.08,1.76,1.9,9202,0
RIME.US,D,20230328,000000,1.9,2.06,1.9,2.041,3692,0
RIME.US,D,20230329,000000,1.91,1.93,1.82,1.8901,6105,0
RIME.US,D,20230330,000000,1.83,1.8301,1.625,1.68,13345,0
RIME.US,D,20230331,000000,1.58,1.6862,1.5201,1.5601,4866,0
RIME.US,D,20230403,000000,1.6,1.6,1.51,1.5904,4364,0
RIME.US,D,20230404,000000,1.5,1.572,1.5,1.5,3151,0
RIME.US,D,20230405,000000,1.6,1.6,1.53,1.5966,6977,0
RIME.US,D,20230406,000000,1.6,2.4,1.574,1.82,363004,0
RIME.US,D,20230410,000000,1.65,1.67,1.37,1.5808,49453,0
RIME.US,D,20230411,000000,1.58,1.64,1.47,1.51,21859,0
RIME.US,D,20230412,000000,1.52,1.71,1.51,1.63,11119,0
RIME.US,D,20230413,000000,1.2,1.659,1.2,1.4401,24979,0
RIME.US,D,20230414,000000,1.48,1.6899,1.45,1.4694,8032,0
RIME.US,D,20230417,000000,1.38,2.9,1.25,1.7,1323691,0
RIME.US,D,20230418,000000,1.55,1.8927,1.46,1.6237,223359,0
RIME.US,D,20230419,000000,1.62,1.72,1.51,1.6,125154,0
RIME.US,D,20230420,000000,1.39,1.59,1.38,1.45,74562,0
RIME.US,D,20230421,000000,1.4501,1.51,1.43,1.47,10908,0
RIME.US,D,20230424,000000,1.43,1.52,1.43,1.4701,16240,0
RIME.US,D,20230425,000000,1.46,1.4724,1.4,1.4724,7056,0
RIME.US,D,20230426,000000,1.406,1.42,1.39,1.4,10613,0
RIME.US,D,20230427,000000,1.328,1.3799,1.31,1.35,7602,0
RIME.US,D,20230428,000000,1.3412,1.3498,1.32,1.33,4225,0
RIME.US,D,20230501,000000,1.34,1.3499,1.31,1.3448,11451,0
RIME.US,D,20230502,000000,1.32,1.96,1.31,1.46,452214,0
RIME.US,D,20230503,000000,1.59,2.66,1.31,1.45,7436524,0
RIME.US,D,20230504,000000,1.37,1.49,1.2,1.33,675392,0
RIME.US,D,20230505,000000,1.32,1.32,1.18,1.23,412190,0
RIME.US,D,20230508,000000,1.23,1.23,1.07,1.13,256361,0
RIME.US,D,20230509,000000,1.1001,1.178,1.02,1.08,148187,0
RIME.US,D,20230510,000000,1.13,1.15,1.04,1.1098,152166,0
RIME.US,D,20230511,000000,1.13,1.15,1.06,1.0987,213615,0
RIME.US,D,20230512,000000,1.12,1.3,1.05,1.09,538876,0
RIME.US,D,20230515,000000,1.0899,1.15,0.9501,1.05,167254,0
RIME.US,D,20230516,000000,1.27,2.5,1.25,1.49,39609045,0
RIME.US,D,20230517,000000,1.36,1.67,1.25,1.61,1126196,0
RIME.US,D,20230518,000000,1.58,1.64,1.3605,1.47,524214,0
RIME.US,D,20230519,000000,1.47,1.52,1.37,1.45,205152,0
RIME.US,D,20230522,000000,1.45,1.67,1.37,1.62,380206,0
RIME.US,D,20230523,000000,1.66,1.78,1.5,1.6,269346,0
RIME.US,D,20230524,000000,1.54,1.75,1.54,1.64,162141,0
RIME.US,D,20230525,000000,1.62,1.68,1.56,1.62,65861,0
RIME.US,D,20230526,000000,1.63,1.63,1.4801,1.53,83930,0
RIME.US,D,20230530,000000,1.53,1.568,1.39,1.39,81059,0
RIME.US,D,20230531,000000,1.4102,1.44,1.23,1.33,101051,0
RIME.US,D,20230601,000000,1.29,1.3712,1.19,1.31,98932,0
RIME.US,D,20230602,000000,1.3899,1.43,1.355,1.375,35556,0
RIME.US,D,20230605,000000,1.35,1.39,1.32,1.3599,36539,0
RIME.US,D,20230606,000000,1.34,1.45,1.34,1.41,64292,0
RIME.US,D,20230607,000000,1.42,1.455,1.341,1.38,36296,0
RIME.US,D,20230608,000000,1.4,1.5199,1.3,1.32,191840,0
RIME.US,D,20230609,000000,1.32,1.43,1.32,1.41,56439,0
RIME.US,D,20230612,000000,1.32,1.455,1.32,1.3703,17759,0
RIME.US,D,20230613,000000,1.33,1.45,1.31,1.331,63062,0
RIME.US,D,20230614,000000,1.33,1.355,1.31,1.3408,15902,0
RIME.US,D,20230615,000000,1.3,1.3698,1.29,1.339,43089,0
RIME.US,D,20230616,000000,1.3,1.74,1.27,1.42,675198,0
RIME.US,D,20230620,000000,1.32,1.4087,1.32,1.34,40939,0
RIME.US,D,20230621,000000,1.3495,1.475,1.32,1.39,76552,0
RIME.US,D,20230622,000000,1.37,1.41,1.323,1.33,42208,0
RIME.US,D,20230623,000000,1.37,1.45,1.3,1.32,74242,0
RIME.US,D,20230626,000000,1.38,1.38,1.28,1.3,23291,0
RIME.US,D,20230627,000000,1.38,1.4,1.28,1.34,31223,0
RIME.US,D,20230628,000000,1.36,1.4166,1.34,1.3699,10263,0
RIME.US,D,20230629,000000,1.37,1.45,1.23,1.38,683177,0
RIME.US,D,20230630,000000,1.34,1.42,1.3,1.33,103295,0
RIME.US,D,20230703,000000,1.33,1.65,1.33,1.58,229342,0
RIME.US,D,20230705,000000,1.53,1.7199,1.53,1.65,115840,0
RIME.US,D,20230706,000000,1.65,1.72,1.52,1.64,115626,0
RIME.US,D,20230707,000000,1.59,1.7,1.57,1.68,27040,0
RIME.US,D,20230710,000000,1.6757,1.7999,1.63,1.67,27201,0
RIME.US,D,20230711,000000,1.69,1.8,1.63,1.7902,43160,0
RIME.US,D,20230712,000000,1.86,1.86,1.422,1.52,471459,0
RIME.US,D,20230713,000000,1.68,1.75,1.46,1.56,129049,0
RIME.US,D,20230714,000000,1.4,1.6,1.36,1.6,21075,0
RIME.US,D,20230717,000000,1.65,1.66,1.52,1.551,16540,0
RIME.US,D,20230718,000000,2.27,2.49,1.86,2,40666401,0
RIME.US,D,20230719,000000,1.96,2.05,1.81,2.04,962505,0
RIME.US,D,20230720,000000,1.99,2,1.82,1.99,266727,0
RIME.US,D,20230721,000000,1.96,1.9799,1.79,1.8,152757,0
RIME.US,D,20230724,000000,1.8,1.9499,1.7879,1.88,149234,0
RIME.US,D,20230725,000000,1.9,1.92,1.76,1.86,122626,0
RIME.US,D,20230726,000000,1.8,1.85,1.74,1.74,68997,0
RIME.US,D,20230727,000000,1.7,1.78,1.6,1.6,92280,0
RIME.US,D,20230728,000000,1.65,1.65,1.522,1.6,56474,0
RIME.US,D,20230731,000000,1.61,1.67,1.57,1.61,26350,0
RIME.US,D,20230801,000000,1.56,1.79,1.56,1.64,140814,0
RIME.US,D,20230802,000000,1.68,1.75,1.6,1.6,18319,0
RIME.US,D,20230803,000000,1.66,1.7871,1.6,1.74,82007,0
RIME.US,D,20230804,000000,1.78,1.85,1.735,1.82,44792,0
RIME.US,D,20230807,000000,1.81,1.95,1.77,1.83,94404,0
RIME.US,D,20230808,000000,1.77,1.845,1.77,1.78,22327,0
RIME.US,D,20230809,000000,1.85,1.92,1.7,1.78,73215,0
RIME.US,D,20230810,000000,1.79,1.83,1.65,1.65,36841,0
RIME.US,D,20230811,000000,1.67,1.83,1.65,1.73,34713,0
RIME.US,D,20230814,000000,1.79,1.79,1.6165,1.73,8193,0
RIME.US,D,20230815,000000,1.63,1.76,1.63,1.65,16200,0
RIME.US,D,20230816,000000,1.65,1.65,1.53,1.53,6994,0
RIME.US,D,20230817,000000,1.5395,1.5395,1.3801,1.4001,32397,0
RIME.US,D,20230818,000000,1.46,1.68,1.4,1.45,141034,0
RIME.US,D,20230821,000000,1.43,1.43,1.36,1.39,19469,0
RIME.US,D,20230822,000000,1.3301,1.39,1.25,1.31,32374,0
RIME.US,D,20230823,000000,1.2539,1.34,1.2501,1.3,45197,0
RIME.US,D,20230824,000000,1.325,1.3688,1.2705,1.3688,12676,0
RIME.US,D,20230825,000000,1.32,1.35,1.27,1.29,8115,0
RIME.US,D,20230828,000000,1.26,1.26,1.16,1.2,31010,0
RIME.US,D,20230829,000000,1.158,1.22,1.15,1.195,15521,0
RIME.US,D,20230830,000000,1.2,1.2099,1.15,1.15,12648,0
RIME.US,D,20230831,000000,1.17,1.26,1.1144,1.24,17306,0
RIME.US,D,20230901,000000,1.21,1.23,1.17,1.19,33778,0
RIME.US,D,20230905,000000,1.2,1.2001,1.1008,1.18,16609,0
RIME.US,D,20230906,000000,1.185,1.185,1.06,1.1,7827,0
RIME.US,D,20230907,000000,1.07,1.1,1.05,1.0832,21905,0
RIME.US,D,20230908,000000,1.06,1.08,1.0513,1.065,9118,0
RIME.US,D,20230911,000000,1.05,1.2,1.05,1.08,76353,0
RIME.US,D,20230912,000000,1.06,1.14,1.04,1.0948,22405,0
RIME.US,D,20230913,000000,1.05,1.0958,1.04,1.04,12900,0
RIME.US,D,20230914,000000,1.0899,1.09,1.06,1.08,7488,0
RIME.US,D,20230915,000000,1.04,1.13,1.03,1.13,19144,0
RIME.US,D,20230918,000000,1.07,1.07,1.05,1.05,1592,0
RIME.US,D,20230919,000000,1.0517,1.1399,1.05,1.09,2119,0
RIME.US,D,20230920,000000,1.0688,1.1,1.0688,1.08,6657,0
RIME.US,D,20230921,000000,1.07,1.07,1.03,1.03,4228,0
RIME.US,D,20230922,000000,1.01,1.045,1.01,1.04,4743,0
RIME.US,D,20230925,000000,1.025,1.0464,0.9727,0.9849,5243,0
RIME.US,D,20230926,000000,1.1799,1.1799,1,1.05,7989,0
RIME.US,D,20230927,000000,0.99,1.0898,0.99,1.04,6592,0
RIME.US,D,20230928,000000,1,1.02,0.9998,1,9328,0
RIME.US,D,20230929,000000,1.0091,1.04,1,1.0099,8109,0
RIME.US,D,20231002,000000,1.0008,1.0499,1,1,4271,0
RIME.US,D,20231003,000000,1,1.06,0.9956,0.9974,9054,0
RIME.US,D,20231004,000000,1.0899,1.0899,1.0899,1.0899,957,0
RIME.US,D,20231005,000000,1.09,1.09,1,1,22030,0
RIME.US,D,20231006,000000,1.025,1.0541,0.99,1.02,8874,0
RIME.US,D,20231009,000000,0.98,1.0199,0.8977,0.95,22019,0
RIME.US,D,20231010,000000,0.95,0.95,0.9,0.9101,5870,0
RIME.US,D,20231011,000000,0.9,0.93,0.85,0.88,18561,0
RIME.US,D,20231012,000000,0.86,0.93,0.86,0.93,8186,0
RIME.US,D,20231013,000000,0.901699,0.93,0.9,0.9,2879,0
RIME.US,D,20231016,000000,0.900101,0.933,0.84,0.84,11887,0
RIME.US,D,20231017,000000,0.8199,0.85,0.7,0.7674,47065,0
RIME.US,D,20231018,000000,0.81,0.88,0.72,0.742,15942,0
RIME.US,D,20231019,000000,0.75,0.77,0.7302,0.750049,12710,0
RIME.US,D,20231020,000000,0.7416,0.7788,0.7333,0.74,8010,0
RIME.US,D,20231023,000000,0.7505,0.76,0.7501,0.76,1448,0
RIME.US,D,20231024,000000,0.76,0.8202,0.75,0.7775,2202,0
RIME.US,D,20231025,000000,0.80506,0.80506,0.6112,0.7,16173,0
RIME.US,D,20231026,000000,0.8,1.03,0.76,0.8516,2137884,0
RIME.US,D,20231027,000000,0.81,0.8983,0.7811,0.8951,82032,0
RIME.US,D,20231030,000000,0.8682,0.8682,0.8245,0.8245,149587,0
RIME.US,D,20231031,000000,0.8246,0.88,0.8245,0.879,36345,0
RIME.US,D,20231101,000000,0.8247,0.86,0.8247,0.8346,21644,0
RIME.US,D,20231102,000000,0.8459,0.85,0.8245,0.8402,14445,0
RIME.US,D,20231103,000000,0.84,0.876,0.82,0.85,32692,0
RIME.US,D,20231106,000000,0.8204,0.92,0.82,0.92,23951,0
RIME.US,D,20231107,000000,0.8905,0.895001,0.845,0.86,27350,0
RIME.US,D,20231108,000000,0.87,0.87,0.7,0.81,16791,0
RIME.US,D,20231109,000000,0.785,0.83,0.785,0.7853,12495,0
RIME.US,D,20231110,000000,0.8245,0.8245,0.795,0.7999,8411,0
RIME.US,D,20231113,000000,0.79,1.1477,0.7809,1.06,748429,0
RIME.US,D,20231114,000000,0.9352,1.09,0.9008,1.08,230343,0
RIME.US,D,20231115,000000,1.05,1.05,0.9765,1.04,85807,0
RIME.US,D,20231116,000000,0.95,0.97,0.76,0.95,70723,0
RIME.US,D,20231117,000000,0.95,0.9975,0.8401,0.883,46827,0
RIME.US,D,20231120,000000,0.87,0.94,0.83,0.94,18294,0
RIME.US,D,20231121,000000,0.87,0.98,0.85,0.9699,9104,0
RIME.US,D,20231122,000000,0.93,0.9582,0.8608,0.94,12137,0
RIME.US,D,20231124,000000,0.891651,1.3,0.8704,1.26,605239,0
RIME.US,D,20231127,000000,1.34,1.37,1.14,1.24,683577,0
RIME.US,D,20231128,000000,1.24,1.24,1.03,1.16,153962,0
RIME.US,D,20231129,000000,1.1,1.17,1.03,1.13,98002,0
RIME.US,D,20231130,000000,1.22,1.3,1.11,1.25,216216,0
RIME.US,D,20231201,000000,1.22,1.3,1.0801,1.24,171445,0
RIME.US,D,20231204,000000,1.22,1.25,1.1,1.19,44194,0
RIME.US,D,20231205,000000,1.16,1.1745,1.08,1.16,39636,0
RIME.US,D,20231206,000000,1.22,1.22,1.14,1.16,21385,0
RIME.US,D,20231207,000000,1.1616,1.19,1.11,1.14,9555,0
RIME.US,D,20231208,000000,1.13,1.13,1.01,1.0801,46422,0
RIME.US,D,20231211,000000,1.08,1.1099,1.05,1.1099,1984,0
RIME.US,D,20231212,000000,1.11,1.13,1.05,1.12,6951,0
RIME.US,D,20231213,000000,1.1252,1.16,1.07,1.11,35509,0
RIME.US,D,20231214,000000,1.08,1.21,1.0639,1.16,14786,0
RIME.US,D,20231215,000000,1.16,1.2099,1.13,1.17,15591,0
RIME.US,D,20231218,000000,1.07,1.16,1.07,1.1,6078,0
RIME.US,D,20231219,000000,1.1054,1.1899,1.0801,1.165,27275,0
RIME.US,D,20231220,000000,1.2,1.2,1,1.145,27012,0
RIME.US,D,20231221,000000,1.22,1.22,1.05,1.1,24794,0
RIME.US,D,20231222,000000,1.06,1.14,1.06,1.0706,20705,0
RIME.US,D,20231226,000000,1.11,1.125,1.052,1.12,16487,0
RIME.US,D,20231227,000000,1.14,1.14,1,1,31194,0
RIME.US,D,20231228,000000,1.04,1.06,1.01,1.03,45165,0
RIME.US,D,20231229,000000,1.012,1.05,0.9952,1.01,23162,0
RIME.US,D,20240102,000000,1.01,1.05,1.01,1.0342,6562,0
RIME.US,D,20240103,000000,1.0399,1.06,1.01,1.04,15730,0
RIME.US,D,20240104,000000,1.016,1.06,1.01,1.02,15395,0
RIME.US,D,20240105,000000,1.045,1.045,1,1,23863,0
RIME.US,D,20240108,000000,1.01,1.0299,0.8904,0.9334,24039,0
RIME.US,D,20240109,000000,0.95,1.0492,0.95,1.0399,4441,0
RIME.US,D,20240110,000000,1.01,1.02,1.01,1.01,3225,0
RIME.US,D,20240111,000000,0.99,1,0.96,0.97,5515,0
RIME.US,D,20240112,000000,0.95,0.9701,0.937,0.9419,7367,0
RIME.US,D,20240116,000000,0.93,0.93,0.86,0.8784,10691,0
RIME.US,D,20240117,000000,0.86,0.86,0.8003,0.8003,9201,0
RIME.US,D,20240118,000000,0.8,0.825,0.7999,0.825,5135,0
RIME.US,D,20240119,000000,0.77,0.77,0.6505,0.75,78624,0
RIME.US,D,20240122,000000,0.7275,0.77,0.700101,0.714,24923,0
RIME.US,D,20240123,000000,0.7355,0.750001,0.73,0.7499,15357,0
RIME.US,D,20240124,000000,0.775,0.775,0.7493,0.7493,8378,0
RIME.US,D,20240125,000000,0.71,0.745,0.69,0.69,6914,0
RIME.US,D,20240126,000000,0.71,0.71,0.652,0.681,18707,0
RIME.US,D,20240129,000000,0.719,0.8,0.688,0.701,8425,0
RIME.US,D,20240130,000000,0.6972,0.7583,0.68,0.6902,6484,0
RIME.US,D,20240131,000000,0.7002,0.75,0.66,0.701,11520,0
RIME.US,D,20240201,000000,0.736,0.75,0.66,0.66,28302,0
RIME.US,D,20240202,000000,0.700101,0.722501,0.66,0.66,9257,0
RIME.US,D,20240205,000000,0.66,0.68,0.66,0.661,6685,0
RIME.US,D,20240206,000000,0.66,0.684,0.66,0.66,8959,0
RIME.US,D,20240207,000000,0.6512,0.7243,0.6511,0.69,3461,0
RIME.US,D,20240208,000000,0.71,0.7281,0.6511,0.6898,6881,0
RIME.US,D,20240209,000000,0.66,0.701,0.66,0.7,3045,0
RIME.US,D,20240212,000000,0.7439,0.7439,0.7,0.703299,1284,0
RIME.US,D,20240213,000000,0.6666,0.7,0.6511,0.6886,3032,0
RIME.US,D,20240214,000000,0.6718,0.74,0.6718,0.72,8190,0
RIME.US,D,20240215,000000,0.72,0.72,0.68,0.69,3781,0
RIME.US,D,20240216,000000,0.719,0.72,0.672,0.672,12901,0
RIME.US,D,20240220,000000,0.699237,0.7313,0.68,0.68,7782,0
RIME.US,D,20240221,000000,0.68,0.74,0.6607,0.7,65281,0
RIME.US,D,20240222,000000,0.6999,0.7771,0.682,0.71,28942,0
RIME.US,D,20240223,000000,0.71,0.73,0.6656,0.7169,26083,0
RIME.US,D,20240226,000000,0.69,0.75,0.681,0.738708,9963,0
RIME.US,D,20240227,000000,0.8,1.1999,0.8,1.02,526208,0
RIME.US,D,20240228,000000,0.96,1.19,0.94,1.03,107259,0
RIME.US,D,20240229,000000,1.11,1.11,0.97,0.98,26937,0
RIME.US,D,20240301,000000,1.03,1.08,0.95,1.02,10121,0
RIME.US,D,20240304,000000,1.03,1.1,0.98,1.08,32002,0
RIME.US,D,20240305,000000,1.06,1.1631,1.03,1.15,53731,0
RIME.US,D,20240306,000000,1.07,1.15,1.06,1.15,16237,0
RIME.US,D,20240307,000000,1.15,1.18,1.1,1.14,8864,0
RIME.US,D,20240308,000000,1.11,1.11,0.9741,1.05,46629,0
RIME.US,D,20240311,000000,1.01,1.08,0.9508,1.01,14771,0
RIME.US,D,20240312,000000,0.9862,1.2,0.9862,1.18,27260,0
RIME.US,D,20240313,000000,1.22,1.3,1.1301,1.26,24685,0
RIME.US,D,20240314,000000,1.17,1.18,1.15,1.16,5831,0
RIME.US,D,20240315,000000,1.14,1.25,1.14,1.16,39872,0
RIME.US,D,20240318,000000,1.19,1.24,1.16,1.19,10067,0
RIME.US,D,20240319,000000,1.19,1.19,1.0901,1.1,6400,0
RIME.US,D,20240320,000000,1.17,1.19,0.95,1.07,213385,0
RIME.US,D,20240321,000000,1.05,1.095,0.9951,1.07,12662,0
RIME.US,D,20240322,000000,1.01,1.0605,0.99,1.06,6290,0
RIME.US,D,20240325,000000,1.06,1.0601,0.98,0.9802,6620,0
RIME.US,D,20240326,000000,0.93,0.93,0.8241,0.92,64792,0
RIME.US,D,20240327,000000,0.9,1.0055,0.9,0.9747,20064,0
RIME.US,D,20240328,000000,0.9699,0.9699,0.91,0.91,1971,0
RIME.US,D,20240401,000000,0.91,0.9211,0.88,0.88,5178,0
RIME.US,D,20240402,000000,0.8901,0.9,0.89,0.9,2203,0
RIME.US,D,20240403,000000,0.91,0.91,0.8637,0.8869,3867,0
RIME.US,D,20240404,000000,0.899,0.9553,0.899,0.9549,12606,0
RIME.US,D,20240408,000000,0.99,0.99,0.85,0.85,4272,0
RIME.US,D,20240409,000000,0.9234,1,0.8504,0.92,17705,0
RIME.US,D,20240410,000000,0.887,0.9,0.8523,0.9,3358,0
RIME.US,D,20240411,000000,0.86,0.86,0.86,0.86,436,0
RIME.US,D,20240412,000000,0.86,0.8701,0.8,0.845099,17310,0
RIME.US,D,20240415,000000,0.97,0.97,0.8101,0.8509,4848,0
RIME.US,D,20240416,000000,0.81,0.81,0.74,0.7843,9855,0
RIME.US,D,20240417,000000,0.7843,0.7843,0.72,0.7437,11765,0
RIME.US,D,20240418,000000,0.7437,0.789,0.74,0.78,3191,0
RIME.US,D,20240419,000000,0.78,0.78,0.7,0.7399,2912,0
RIME.US,D,20240422,000000,0.75,0.88,0.73,0.88,30018,0
RIME.US,D,20240423,000000,0.8099,0.88,0.8099,0.83,10557,0
RIME.US,D,20240424,000000,0.865,0.879899,0.85,0.87,9260,0
RIME.US,D,20240425,000000,0.88,1.07,0.8799,1.03,83997,0
RIME.US,D,20240426,000000,1.03,1.16,0.91,1.01,109525,0
RIME.US,D,20240429,000000,0.9797,1.165,0.9797,1.03,36962,0
RIME.US,D,20240430,000000,1.01,1.12,0.95,0.95,22987,0
RIME.US,D,20240501,000000,0.95,1.12,0.95,1.07,4081,0
RIME.US,D,20240502,000000,1.055,1.055,0.9854,1.035,9095,0
RIME.US,D,20240503,000000,1,1,0.9357,0.96,6994,0
RIME.US,D,20240506,000000,0.9,1.0699,0.9,0.9,38452,0
RIME.US,D,20240507,000000,0.9199,1,0.8901,0.903,7523,0
RIME.US,D,20240508,000000,0.8999,0.9399,0.8601,0.93,3709,0
RIME.US,D,20240509,000000,0.96,1.01,0.95,0.9928,5137,0
RIME.US,D,20240510,000000,0.96,0.96,0.9473,0.9473,753,0
RIME.US,D,20240513,000000,0.8133,0.9763,0.8133,0.9763,9791,0
RIME.US,D,20240514,000000,0.88,0.9899,0.85,0.9209,31138,0
RIME.US,D,20240515,000000,0.92,0.939,0.851,0.9351,26376,0
RIME.US,D,20240516,000000,0.908544,1.2,0.87,1.13,72377,0
RIME.US,D,20240517,000000,1.16,1.225,1.025,1.18,98546,0
RIME.US,D,20240520,000000,1.15,1.1999,1.11,1.16,10687,0
RIME.US,D,20240521,000000,1.16,1.4382,1.12,1.41,98492,0
RIME.US,D,20240522,000000,1.48,1.57,1.24,1.43,179287,0
RIME.US,D,20240523,000000,1.39,1.45,1.24,1.35,145546,0
RIME.US,D,20240524,000000,1.39,1.47,1.27,1.4,71746,0
RIME.US,D,20240528,000000,1.37,1.5833,1.35,1.4,64800,0
RIME.US,D,20240529,000000,1.55,1.55,1.22,1.4,66735,0
RIME.US,D,20240530,000000,1.39,1.61,1.3,1.49,87942,0
RIME.US,D,20240531,000000,1.44,1.6121,1.2901,1.39,64447,0
RIME.US,D,20240603,000000,1.3899,1.4404,1.38,1.4054,29308,0
RIME.US,D,20240604,000000,1.36,1.42,1.32,1.42,14287,0
RIME.US,D,20240605,000000,1.4499,1.75,1.449,1.72,80678,0
RIME.US,D,20240606,000000,1.74,1.76,1.5909,1.7,33762,0
RIME.US,D,20240607,000000,1.7,1.9,1.65,1.87,100090,0
RIME.US,D,20240610,000000,1.84,1.97,1.82,1.9,78930,0
RIME.US,D,20240611,000000,1.9,1.95,1.5,1.88,133041,0
RIME.US,D,20240612,000000,1.78,1.81,1.41,1.46,6581296,0
RIME.US,D,20240613,000000,1.3,1.32,1.14,1.22,600987,0
RIME.US,D,20240614,000000,1.15,1.38,1.15,1.24,140986,0
RIME.US,D,20240617,000000,1.25,1.33,1.06,1.13,132069,0
RIME.US,D,20240618,000000,1.11,1.13,1.04,1.12,58921,0
RIME.US,D,20240620,000000,1.11,1.11,1.01,1.06,33496,0
RIME.US,D,20240621,000000,1.0501,1.1,1.0501,1.1,63311,0
RIME.US,D,20240624,000000,1.06,1.12,0.9797,1,95823,0
RIME.US,D,20240625,000000,0.99,1.199,0.97,1.11,206129,0
RIME.US,D,20240626,000000,1.1202,1.26,1.05,1.25,70795,0
RIME.US,D,20240627,000000,1.29,1.29,1.12,1.21,50065,0
RIME.US,D,20240628,000000,1.2,1.2,1.1201,1.16,25764,0
RIME.US,D,20240701,000000,1.16,1.16,1.1101,1.135,31389,0
RIME.US,D,20240702,000000,1.1182,1.145,1.1,1.13,5191,0
RIME.US,D,20240703,000000,1.165,1.1772,1.13,1.15,54426,0
RIME.US,D,20240705,000000,1.39,1.4116,1.04,1.23,20406173,0
RIME.US,D,20240708,000000,1.17,1.23,1.1,1.19,846195,0
RIME.US,D,20240709,000000,1.14,1.14,1.04,1.08,412739,0
RIME.US,D,20240710,000000,1.13,1.15,0.9405,0.9941,376335,0
RIME.US,D,20240711,000000,0.98,1.02,0.9,1,96415,0
RIME.US,D,20240712,000000,0.976,1,0.92,0.925,189719,0
RIME.US,D,20240715,000000,0.95,0.95,0.82,0.89,210667,0
RIME.US,D,20240716,000000,0.9501,0.9665,0.7908,0.8399,1654628,0
RIME.US,D,20240717,000000,0.82,0.8595,0.7982,0.85,184194,0
RIME.US,D,20240718,000000,0.8215,0.8843,0.8,0.8375,167512,0
RIME.US,D,20240719,000000,0.837,0.8799,0.812,0.85,69251,0
RIME.US,D,20240722,000000,0.85,0.85,0.79,0.8225,49871,0
RIME.US,D,20240723,000000,0.786,0.832933,0.5553,0.628,2158512,0
RIME.US,D,20240724,000000,0.65,0.67,0.59,0.5999,322092,0
RIME.US,D,20240725,000000,0.581,0.5899,0.5555,0.5831,164360,0
RIME.US,D,20240726,000000,0.562,0.6119,0.562,0.589,85662,0
RIME.US,D,20240729,000000,0.5944,0.5997,0.5505,0.5686,80976,0
RIME.US,D,20240730,000000,0.555,0.5939,0.54,0.5693,114390,0
RIME.US,D,20240731,000000,0.579,0.579,0.5217,0.525,84986,0
RIME.US,D,20240801,000000,0.515,0.5499,0.51,0.5387,78375,0
RIME.US,D,20240802,000000,0.5349,0.549399,0.4601,0.4853,96570,0
RIME.US,D,20240805,000000,0.37,0.4699,0.35,0.45111,152639,0
RIME.US,D,20240806,000000,0.45,0.549899,0.4258,0.5057,146444,0
RIME.US,D,20240807,000000,0.514999,0.55,0.507,0.5109,25740,0
RIME.US,D,20240808,000000,0.534,0.55,0.4925,0.5116,43643,0
RIME.US,D,20240809,000000,0.5389,0.56159,0.5016,0.54965,88220,0
RIME.US,D,20240812,000000,0.53,0.53,0.4918,0.4947,55918,0
RIME.US,D,20240813,000000,0.49,0.53,0.465,0.47,67567,0
RIME.US,D,20240814,000000,0.47,0.509899,0.47,0.497264,15440,0
RIME.US,D,20240815,000000,0.465,0.521,0.465,0.485,52447,0
RIME.US,D,20240816,000000,0.497,0.5299,0.485,0.5087,34309,0
RIME.US,D,20240819,000000,0.5299,0.58899,0.5268,0.545,275016,0
RIME.US,D,20240820,000000,0.6,0.6,0.391599,0.3916,393868,0
RIME.US,D,20240821,000000,0.4061,0.44,0.375,0.42,155868,0
RIME.US,D,20240822,000000,0.4196,0.4516,0.4196,0.4248,119010,0
RIME.US,D,20240823,000000,0.449899,0.4716,0.439899,0.4716,61778,0
RIME.US,D,20240826,000000,0.492,0.5016,0.4462,0.453,19973,0
RIME.US,D,20240827,000000,0.4416,0.5,0.4416,0.4681,34885,0
RIME.US,D,20240828,000000,0.489,0.525,0.4875,0.50501,143158,0
RIME.US,D,20240829,000000,0.5008,0.62,0.5,0.591,324051,0
RIME.US,D,20240830,000000,0.5925,0.909,0.5925,0.7505,1202246,0
RIME.US,D,20240903,000000,0.7617,0.7617,0.6507,0.7499,224119,0
RIME.US,D,20240904,000000,0.76,0.85,0.69,0.7,142794,0
RIME.US,D,20240905,000000,0.7068,0.7498,0.694,0.739,105029,0
RIME.US,D,20240906,000000,0.7114,0.75,0.71,0.74,41066,0
RIME.US,D,20240909,000000,0.73,0.7861,0.65,0.7637,53700,0
RIME.US,D,20240910,000000,0.75,0.75,0.6502,0.6873,51900,0
RIME.US,D,20240911,000000,0.557,0.6799,0.557,0.6,99700,0
RIME.US,D,20240912,000000,0.5221,0.64,0.5221,0.64,48700,0
RIME.US,D,20240913,000000,0.63,0.64,0.53,0.53,57900,0
RIME.US,D,20240916,000000,0.557,0.74,0.501,0.66,244600,0
RIME.US,D,20240917,000000,0.7,0.7,0.593,0.593,72600,0
RIME.US,D,20240918,000000,0.61,0.6355,0.5453,0.6,49700,0
RIME.US,D,20240919,000000,0.6,0.6478,0.541,0.551,106500,0
RIME.US,D,20240920,000000,0.5611,0.6099,0.5611,0.6027,53900,0
RIME.US,D,20240923,000000,0.6026,0.6026,0.571,0.58,34400,0
RIME.US,D,20240924,000000,0.58,0.6,0.5401,0.56,93100,0
RIME.US,D,20240925,000000,0.59,0.59,0.52,0.527,56600,0
RIME.US,D,20240926,000000,0.5535,0.5819,0.5026,0.5453,94800,0
RIME.US,D,20240927,000000,0.5289,0.57,0.5,0.5052,169200,0
RIME.US,D,20240930,000000,0.5001,0.533899,0.47,0.471,126872,0
RIME.US,D,20241001,000000,0.471,0.514,0.47,0.47,105133,0
RIME.US,D,20241002,000000,0.48,0.48505,0.45,0.4702,58280,0
RIME.US,D,20241003,000000,0.5075,0.5075,0.4511,0.4859,6913,0
RIME.US,D,20241004,000000,0.49,0.4999,0.460001,0.462,96942,0
RIME.US,D,20241007,000000,0.6458,0.781,0.5569,0.6001,159771135,0
RIME.US,D,20241008,000000,0.53,0.5534,0.47,0.539,4198641,0
RIME.US,D,20241009,000000,0.6203,0.6252,0.48,0.55,31873911,0
RIME.US,D,20241010,000000,0.538,0.5503,0.4922,0.5125,1658877,0
RIME.US,D,20241011,000000,0.494,0.55,0.4822,0.5353,766627,0
RIME.US,D,20241014,000000,0.53,0.5375,0.4902,0.5031,534368,0
RIME.US,D,20241015,000000,0.5,0.5,0.4444,0.4565,671637,0
RIME.US,D,20241016,000000,0.4408,0.4408,0.3737,0.4,468835,0
RIME.US,D,20241017,000000,0.43,0.45,0.39,0.4111,12054394,0
RIME.US,D,20241018,000000,0.3903,0.44,0.3903,0.42,1152200,0
RIME.US,D,20241021,000000,0.394,0.4023,0.38,0.386,2871409,0
RIME.US,D,20241022,000000,0.4012,0.44,0.385,0.4263,4418402,0
RIME.US,D,20241023,000000,0.3957,0.44,0.3957,0.43,925151,0
RIME.US,D,20241024,000000,0.4461,0.4461,0.3984,0.4066,539049,0
RIME.US,D,20241025,000000,0.386,0.4095,0.3625,0.383,369328,0
RIME.US,D,20241028,000000,0.383,0.385,0.321,0.33995,833712,0
RIME.US,D,20241029,000000,0.3298,0.345,0.322,0.3396,336041,0
