<TICKER>,<PER>,<DATE>,<TIME>,<OPEN>,<HIGH>,<LOW>,<CLOSE>,<VOL>,<OPENINT>
RNLXY.US,D,20200720,000000,13.64,14.79,13.58,13.6,374319,0
RNLXY.US,D,20200721,000000,13.98,14.05,13.36,13.8,287508,0
RNLXY.US,D,20200722,000000,13.8,15.5,13.35,14.72,334932,0
RNLXY.US,D,20200723,000000,14.6,15.89,14.19,15.41,202114,0
RNLXY.US,D,20200724,000000,15.1,15.33,14.31,14.59,203602,0
RNLXY.US,D,20200727,000000,14.43,15.97,14.1187,15.49,106252,0
RNLXY.US,D,20200728,000000,15.25,15.898,15.11,15.43,39764,0
RNLXY.US,D,20200729,000000,15.25,15.9,14.6586,15.54,69979,0
RNLXY.US,D,20200730,000000,15.2,15.505,14.95,15.13,84480,0
RNLXY.US,D,20200731,000000,15.08,15.7,14.06,15,169280,0
RNLXY.US,D,20200803,000000,15,16.15,15,16.1,81088,0
RNLXY.US,D,20200804,000000,15.42,16.2999,15.42,16.05,44527,0
RNLXY.US,D,20200805,000000,16.2066,18,16.2,17.3,120907,0
RNLXY.US,D,20200806,000000,17.59,17.7606,17,17.2,51257,0
RNLXY.US,D,20200807,000000,17.04,17.5,16.63,17.2,39911,0
RNLXY.US,D,20200810,000000,17.51,17.8,16.6,17.2864,37648,0
RNLXY.US,D,20200811,000000,16.58,16.99,15.5301,15.68,68457,0
RNLXY.US,D,20200812,000000,15.51,15.78,15.39,15.67,50070,0
RNLXY.US,D,20200813,000000,15.4,15.61,14.3101,15.22,70067,0
RNLXY.US,D,20200814,000000,15.2,15.2,14.26,14.44,38943,0
RNLXY.US,D,20200817,000000,14.75,14.79,14.16,14.31,32318,0
RNLXY.US,D,20200818,000000,14.482,14.482,13.9901,14.06,22673,0
RNLXY.US,D,20200819,000000,14.33,15.42,14.1,15,34793,0
RNLXY.US,D,20200820,000000,14.95,15.17,14.61,14.99,24109,0
RNLXY.US,D,20200821,000000,16,17.3,14,14.65,415932,0
RNLXY.US,D,20200824,000000,14.5,15.4,14.5,14.72,76362,0
RNLXY.US,D,20200825,000000,14.5316,14.99,14.31,14.7,28433,0
RNLXY.US,D,20200826,000000,14.89,15.35,14.77,15.08,25564,0
RNLXY.US,D,20200827,000000,14.595,14.75,13.8,14.03,84640,0
RNLXY.US,D,20200828,000000,14.2176,14.78,14.0501,14.78,11717,0
RNLXY.US,D,20200831,000000,15.1,15.7,14.5,15.29,41139,0
RNLXY.US,D,20200901,000000,15.45,16.74,14.62,16,27184,0
RNLXY.US,D,20200902,000000,15.72,16,15.085,15.9,19734,0
RNLXY.US,D,20200903,000000,15.91,15.91,14.9,15.01,22315,0
RNLXY.US,D,20200904,000000,15.75,15.75,14.1,14.295,13289,0
RNLXY.US,D,20200908,000000,14.35,14.595,14.1,14.35,8307,0
RNLXY.US,D,20200909,000000,14.2,14.53,14.1,14.2138,7485,0
RNLXY.US,D,20200910,000000,14.655,15.0999,14.11,14.3,21654,0
RNLXY.US,D,20200911,000000,14.6081,14.6081,13.98,13.98,17781,0
RNLXY.US,D,20200914,000000,14.0993,14.2647,13.5,13.5,30868,0
RNLXY.US,D,20200915,000000,14.07,14.07,13.5,13.52,5693,0
RNLXY.US,D,20200916,000000,14.0725,14.5179,13.7862,13.91,28221,0
RNLXY.US,D,20200917,000000,13.6,13.8,13.205,13.5,35790,0
RNLXY.US,D,20200918,000000,13.76,14.24,13.01,13.01,53516,0
RNLXY.US,D,20200921,000000,13,13,12.01,12.47,35727,0
RNLXY.US,D,20200922,000000,12.32,12.7401,12,12.59,22927,0
RNLXY.US,D,20200923,000000,12.5,12.5,11.84,12.05,12308,0
RNLXY.US,D,20200924,000000,11.78,12.29,10.875,11.5,38037,0
RNLXY.US,D,20200925,000000,11.3012,12.09,11.01,11.65,10757,0
RNLXY.US,D,20200928,000000,11.34,11.34,11,11.23,20009,0
RNLXY.US,D,20200929,000000,10.76,11.255,9.9066,10.18,88540,0
RNLXY.US,D,20200930,000000,10.2,12.5,10,12.19,86997,0
RNLXY.US,D,20201001,000000,12.5,12.9499,11.305,11.49,58698,0
RNLXY.US,D,20201002,000000,11.875,12.47,11.85,12.34,15574,0
RNLXY.US,D,20201005,000000,12.5,12.5,12,12.02,10257,0
RNLXY.US,D,20201006,000000,12,12,11.21,11.42,27691,0
RNLXY.US,D,20201007,000000,12,12,10.925,11.21,7443,0
RNLXY.US,D,20201008,000000,11.22,12.045,11.22,11.86,19247,0
RNLXY.US,D,20201009,000000,11.64,12.09,9.965,12.0378,73370,0
RNLXY.US,D,20201012,000000,12.34,12.34,11.03,11.27,32490,0
RNLXY.US,D,20201013,000000,11.27,11.5,10.475,11.01,22605,0
RNLXY.US,D,20201014,000000,11.0521,12.12,10.2,11.39,29114,0
RNLXY.US,D,20201015,000000,11.8162,11.83,11,11.3,22621,0
RNLXY.US,D,20201016,000000,12.34,12.34,11.2478,11.99,35171,0
RNLXY.US,D,20201019,000000,12.18,12.18,11.13,11.3,13454,0
RNLXY.US,D,20201020,000000,11.78,11.78,10.76,11,36659,0
RNLXY.US,D,20201021,000000,10.85,11.7511,10.53,11,45063,0
RNLXY.US,D,20201022,000000,11.3,11.894,10.96,11.27,7030,0
RNLXY.US,D,20201023,000000,11.3,11.3,11.07,11.3,5700,0
RNLXY.US,D,20201026,000000,11.6686,12.25,11.5,12,22749,0
RNLXY.US,D,20201027,000000,12.32,12.41,11.36,12.04,15851,0
RNLXY.US,D,20201028,000000,11.24,12.25,11.24,12.09,6157,0
RNLXY.US,D,20201029,000000,11.688,12.81,11.688,12.81,6176,0
RNLXY.US,D,20201030,000000,12.8,13.4,11.9101,13.4,10613,0
RNLXY.US,D,20201102,000000,13.4,13.67,13,13.04,5118,0
RNLXY.US,D,20201103,000000,13.165,13.5,13.06,13.25,3998,0
RNLXY.US,D,20201104,000000,13.1,13.4597,12.18,12.5,22434,0
RNLXY.US,D,20201105,000000,13,13,12.19,12.5,13738,0
RNLXY.US,D,20201106,000000,12.5,12.99,12.08,12.49,5727,0
RNLXY.US,D,20201109,000000,12.5,12.5,11.6,11.97,15345,0
RNLXY.US,D,20201110,000000,12.05,12.05,11.51,11.93,2702,0
RNLXY.US,D,20201111,000000,11.75,11.93,11.005,11.41,33672,0
RNLXY.US,D,20201112,000000,11.32,11.906,10.63,10.9,30901,0
RNLXY.US,D,20201113,000000,10.63,11.25,10.31,11.25,22738,0
RNLXY.US,D,20201116,000000,11.2,12.2477,11.2,11.99,39585,0
RNLXY.US,D,20201117,000000,11.9426,11.99,11.465,11.69,4628,0
RNLXY.US,D,20201118,000000,12,12,11.65,11.8499,6357,0
RNLXY.US,D,20201119,000000,11.87,12.49,11.79,11.9,22045,0
RNLXY.US,D,20201120,000000,11.55,11.99,11.4261,11.805,2803,0
RNLXY.US,D,20201123,000000,12,12.05,11.49,11.99,67654,0
RNLXY.US,D,20201124,000000,11.85,12.175,10.68,10.69,72218,0
RNLXY.US,D,20201125,000000,13.43,14.63,13.16,14.08,578200,0
RNLXY.US,D,20201127,000000,14.77,16.0118,13.35,14.04,298852,0
RNLXY.US,D,20201130,000000,14.04,14.04,12.62,13.51,106619,0
RNLXY.US,D,20201201,000000,13.87,13.87,12.74,13.2,82557,0
RNLXY.US,D,20201202,000000,13.01,13.8499,12.8159,12.9,48849,0
RNLXY.US,D,20201203,000000,12.87,13.44,12.31,12.41,94638,0
RNLXY.US,D,20201204,000000,12.45,13.175,12.44,12.45,26150,0
RNLXY.US,D,20201207,000000,12.75,12.75,11.845,12.47,34861,0
RNLXY.US,D,20201208,000000,12.4,12.8,12.14,12.36,22694,0
RNLXY.US,D,20201209,000000,12.4,12.7,12.05,12.28,28103,0
RNLXY.US,D,20201210,000000,12.35,12.437,12.01,12.2,17918,0
RNLXY.US,D,20201211,000000,12,12.15,11.85,11.94,12066,0
RNLXY.US,D,20201214,000000,12,12.15,11.85,11.97,28463,0
RNLXY.US,D,20201215,000000,12,12.57,11.9412,12.57,16198,0
RNLXY.US,D,20201216,000000,12.54,13.43,12.54,13,29478,0
RNLXY.US,D,20201217,000000,12.9,13.4,12.89,13.4,24609,0
RNLXY.US,D,20201218,000000,13.18,13.75,13.11,13.25,31915,0
RNLXY.US,D,20201221,000000,13.01,13.3706,12.12,13.24,41289,0
RNLXY.US,D,20201222,000000,13.2,13.75,12.6504,13.7,51245,0
RNLXY.US,D,20201223,000000,13.57,13.7,13.12,13.14,42066,0
RNLXY.US,D,20201224,000000,13.14,13.59,13.14,13.55,14922,0
RNLXY.US,D,20201228,000000,13.8,13.8,13.1,13.51,24234,0
RNLXY.US,D,20201229,000000,13.51,13.84,13.06,13.43,32540,0
RNLXY.US,D,20201230,000000,13.8,14.56,13.25,14.56,45326,0
RNLXY.US,D,20201231,000000,14.66,16.37,13.96,16,91323,0
RNLXY.US,D,20210104,000000,15.45,16.5,14.2203,16.4,95301,0
RNLXY.US,D,20210105,000000,17,18.3675,16.8,17.53,231715,0
RNLXY.US,D,20210106,000000,17.48,17.5,16.59,16.77,47899,0
RNLXY.US,D,20210107,000000,16.49,17.22,16,16.01,84382,0
RNLXY.US,D,20210108,000000,15.88,16.4126,15.25,15.25,75848,0
RNLXY.US,D,20210111,000000,15.24,16.36,15.0075,15.77,177033,0
RNLXY.US,D,20210112,000000,15.87,17.78,15.87,17.26,191834,0
RNLXY.US,D,20210113,000000,17.53,22.005,17.15,20.5,371530,0
RNLXY.US,D,20210114,000000,21,22.48,19.63,22.32,503260,0
RNLXY.US,D,20210115,000000,22,23.4999,20.5844,22.32,125722,0
RNLXY.US,D,20210119,000000,22.42,23.18,21.26,22.4,44542,0
RNLXY.US,D,20210120,000000,22,22.78,21.01,22.59,47809,0
RNLXY.US,D,20210121,000000,22.6,24.7571,22.6,24.3,101319,0
RNLXY.US,D,20210122,000000,23.99,25.65,23.501,25.65,132210,0
RNLXY.US,D,20210125,000000,25.22,28.8,24.0363,28.04,261315,0
RNLXY.US,D,20210126,000000,27,28.2235,25.0084,27.44,348641,0
RNLXY.US,D,20210127,000000,26.8,26.8,24.3,25.9,247365,0
RNLXY.US,D,20210128,000000,25,26.39,24,25.33,165538,0
RNLXY.US,D,20210129,000000,25.33,26.89,24.6201,26.18,76431,0
RNLXY.US,D,20210201,000000,25.91,26,24.73,25.25,64207,0
RNLXY.US,D,20210202,000000,25.43,26,24.02,24.51,56341,0
RNLXY.US,D,20210203,000000,24.44,24.6,22.51,24.25,67021,0
RNLXY.US,D,20210204,000000,23.97,26.4,23.73,25,23127,0
RNLXY.US,D,20210205,000000,25.6779,25.87,24.1007,25.66,37229,0
RNLXY.US,D,20210208,000000,26.52,29.12,25.66,25.7,130625,0
RNLXY.US,D,20210209,000000,25.95,26.1,24.8,25.99,109250,0
RNLXY.US,D,20210210,000000,26.96,27,25.0638,26.22,118579,0
RNLXY.US,D,20210211,000000,26.5,26.745,24.84,26.03,27172,0
RNLXY.US,D,20210212,000000,26.23,28.1,26.13,27.49,89730,0
RNLXY.US,D,20210216,000000,27.9,28.155,25.59,26.44,84251,0
RNLXY.US,D,20210217,000000,26.05,26.5,25.12,25.3,50342,0
RNLXY.US,D,20210218,000000,25.01,25.905,24.5,24.71,20763,0
RNLXY.US,D,20210219,000000,24.99,25.73,23.61,24.31,42082,0
RNLXY.US,D,20210222,000000,24.1,26,23.63,24.56,68997,0
RNLXY.US,D,20210223,000000,24.59,24.59,23,23,159268,0
RNLXY.US,D,20210224,000000,23.67,25.48,23.67,24.79,66811,0
RNLXY.US,D,20210225,000000,24.87,24.87,22.81,23.3,45637,0
RNLXY.US,D,20210226,000000,23.28,23.42,22.44,22.8,55393,0
RNLXY.US,D,20210301,000000,23,26.41,23,25.83,75879,0
RNLXY.US,D,20210302,000000,22.58,26.62,22.58,25.67,121779,0
RNLXY.US,D,20210303,000000,25.15,30.54,24.3,28,467917,0
RNLXY.US,D,20210304,000000,27,29.055,25,25.6,336883,0
RNLXY.US,D,20210305,000000,25.62,27.9,25.1,26.54,303663,0
RNLXY.US,D,20210308,000000,26.34,29.47,25.89,28.5,287316,0
RNLXY.US,D,20210309,000000,28.5,29.58,28.42,29,213949,0
RNLXY.US,D,20210310,000000,29,30.8938,28.0001,28.44,378484,0
RNLXY.US,D,20210311,000000,28.5,31.16,28.07,30.3,170295,0
RNLXY.US,D,20210312,000000,30,31.25,29.3377,31.01,120272,0
RNLXY.US,D,20210315,000000,28.8,32.12,28.2,31.13,306107,0
RNLXY.US,D,20210316,000000,31.1,31.1,29.295,30.27,148592,0
RNLXY.US,D,20210317,000000,30.26,31.5,29.5,29.82,158329,0
RNLXY.US,D,20210318,000000,30.18,30.18,27,27.34,138119,0
RNLXY.US,D,20210319,000000,27.41,30.58,27.4,29.62,80402,0
RNLXY.US,D,20210322,000000,30.1,30.4999,29,29.57,43673,0
RNLXY.US,D,20210323,000000,29.78,30.05,28.01,29.07,68820,0
RNLXY.US,D,20210324,000000,29.7,29.7,27.85,28.2,120565,0
RNLXY.US,D,20210325,000000,27.75,27.99,25.91,27.18,126123,0
RNLXY.US,D,20210326,000000,27.44,27.56,26.39,27.08,46525,0
RNLXY.US,D,20210329,000000,28,28,25.86,26.18,52385,0
RNLXY.US,D,20210330,000000,25.68,26.15,25,25.5,67953,0
RNLXY.US,D,20210331,000000,25.79,26.3335,25.01,25.66,62085,0
RNLXY.US,D,20210401,000000,26.34,26.34,25,25.39,64174,0
RNLXY.US,D,20210405,000000,26.08,26.08,23.74,24.14,105300,0
RNLXY.US,D,20210406,000000,24.37,24.97,24.15,24.33,86140,0
RNLXY.US,D,20210407,000000,24.65,25.2907,23.41,23.56,41464,0
RNLXY.US,D,20210408,000000,24.45,25.1637,23.81,24.78,148231,0
RNLXY.US,D,20210409,000000,24.66,24.87,24.09,24.57,132746,0
RNLXY.US,D,20210412,000000,24.21,26.19,24,24.08,87148,0
RNLXY.US,D,20210413,000000,24.29,25.68,24.1,25.42,48948,0
RNLXY.US,D,20210414,000000,25.52,26.26,25.2196,26.02,49496,0
RNLXY.US,D,20210415,000000,26.25,27.25,25.21,26.68,52791,0
RNLXY.US,D,20210416,000000,26.52,26.52,25.2,25.64,75615,0
RNLXY.US,D,20210419,000000,25.39,25.64,24.17,25.35,42341,0
RNLXY.US,D,20210420,000000,25.1,26.55,24.3704,25.99,58792,0
RNLXY.US,D,20210421,000000,25.88,26.41,24.52,25.22,91602,0
RNLXY.US,D,20210422,000000,30.95,31.64,26.42,29.04,1349946,0
RNLXY.US,D,20210423,000000,29.02,31.78,28.1301,31.78,240881,0
RNLXY.US,D,20210426,000000,31.51,33,30,32.6,274484,0
RNLXY.US,D,20210427,000000,32.39,32.39,29.6,31,190960,0
RNLXY.US,D,20210428,000000,30.73,31.925,30.17,30.75,52869,0
RNLXY.US,D,20210429,000000,30.7562,31,29.5,29.78,59428,0
RNLXY.US,D,20210430,000000,29.39,31.3299,29.25,30.86,30774,0
RNLXY.US,D,20210503,000000,31.04,32.69,30.86,31.78,57177,0
RNLXY.US,D,20210504,000000,31.48,31.48,29.32,29.88,48318,0
RNLXY.US,D,20210505,000000,30,30.63,29.31,30.14,27905,0
RNLXY.US,D,20210506,000000,29.91,30.61,29.3201,29.8,51689,0
RNLXY.US,D,20210507,000000,29.86,31.55,28.36,28.76,166277,0
RNLXY.US,D,20210510,000000,28.63,29.505,28.19,28.99,67059,0
RNLXY.US,D,20210511,000000,28.21,28.73,27.28,27.61,65608,0
RNLXY.US,D,20210512,000000,28,29.49,27.41,28.72,51990,0
RNLXY.US,D,20210513,000000,28.67,29.4799,28.31,28.7,54740,0
RNLXY.US,D,20210514,000000,28.83,31.2,28.11,30.71,58214,0
RNLXY.US,D,20210517,000000,30.29,30.8499,28.46,28.68,78259,0
RNLXY.US,D,20210518,000000,28.48,30.11,27.38,29.21,64434,0
RNLXY.US,D,20210519,000000,29.38,31.99,29.25,31.16,177587,0
RNLXY.US,D,20210520,000000,31.5,33,30.06,32.57,109140,0
RNLXY.US,D,20210521,000000,32.49,32.8199,31.75,32.22,65163,0
RNLXY.US,D,20210524,000000,32.38,35.71,32.01,33.96,199748,0
RNLXY.US,D,20210525,000000,33.79,34.4499,32.61,32.61,54365,0
RNLXY.US,D,20210526,000000,33.36,34,31.1147,31.44,100702,0
RNLXY.US,D,20210527,000000,32.77,34.64,32.51,33.45,153411,0
RNLXY.US,D,20210528,000000,33.89,34.44,32.0132,32.96,50085,0
RNLXY.US,D,20210601,000000,33.14,34.34,33.04,34.25,35063,0
RNLXY.US,D,20210602,000000,34.31,34.49,33,33.78,41373,0
RNLXY.US,D,20210603,000000,33.66,33.67,32.1001,32.76,73243,0
RNLXY.US,D,20210604,000000,32.79,33.49,31.99,32.44,33527,0
RNLXY.US,D,20210607,000000,32.99,33.15,31.52,31.76,41516,0
RNLXY.US,D,20210608,000000,31.76,32.75,29.79,31.28,118268,0
RNLXY.US,D,20210609,000000,31.36,31.5,30.02,30.18,65756,0
RNLXY.US,D,20210610,000000,30.71,30.96,30.03,30.96,71423,0
RNLXY.US,D,20210611,000000,33,33.71,31.73,33.54,102059,0
RNLXY.US,D,20210614,000000,33.85,33.85,31.46,31.75,89845,0
RNLXY.US,D,20210615,000000,31.14,33.59,31.14,33,87120,0
RNLXY.US,D,20210616,000000,33.24,33.89,32.55,33.61,90654,0
RNLXY.US,D,20210617,000000,32.95,33.49,32.25,33.15,51546,0
RNLXY.US,D,20210618,000000,33,33.12,31.8035,32.44,105085,0
RNLXY.US,D,20210621,000000,31.475,32.18,31.0601,31.99,58446,0
RNLXY.US,D,20210622,000000,31.8,32,30.56,32,75739,0
RNLXY.US,D,20210623,000000,31.65,31.9,30.7501,31.47,92059,0
RNLXY.US,D,20210624,000000,31.24,31.87,30.88,31.78,49196,0
RNLXY.US,D,20210625,000000,31.5,31.5,30.51,31.19,60288,0
RNLXY.US,D,20210628,000000,31.29,31.3,30.09,30.57,73604,0
RNLXY.US,D,20210629,000000,30.81,31.16,30,30.89,56422,0
RNLXY.US,D,20210630,000000,30.93,31.22,30.53,30.86,24941,0
RNLXY.US,D,20210701,000000,31,31,28.79,29.94,104744,0
RNLXY.US,D,20210702,000000,30.71,30.82,28.1,28.2,217066,0
RNLXY.US,D,20210706,000000,28.3,28.56,27.015,28.11,105284,0
RNLXY.US,D,20210707,000000,27.5,29.5432,27.28,28.36,76914,0
RNLXY.US,D,20210708,000000,28.25,28.5445,27.7102,28.04,41914,0
RNLXY.US,D,20210709,000000,28.61,29.18,27.61,28.11,78308,0
RNLXY.US,D,20210712,000000,28.1,29.65,27.7,29.51,58441,0
RNLXY.US,D,20210713,000000,29,29,27.58,28.18,52869,0
RNLXY.US,D,20210714,000000,27.92,28.17,26.27,26.9,107044,0
RNLXY.US,D,20210715,000000,27.14,27.17,25.99,26.62,61715,0
RNLXY.US,D,20210716,000000,26.99,28.167,26.6453,27,96025,0
RNLXY.US,D,20210719,000000,26.84,28.1299,26,27.35,63166,0
RNLXY.US,D,20210720,000000,27.68,28.7799,26.4,28.42,111748,0
RNLXY.US,D,20210721,000000,27.95,30.48,27.835,30.07,132423,0
RNLXY.US,D,20210722,000000,30,31.83,29.78,30.43,141179,0
RNLXY.US,D,20210723,000000,30.51,31,30.08,30.77,26271,0
RNLXY.US,D,20210726,000000,31,31.9899,30.42,31.25,44130,0
RNLXY.US,D,20210727,000000,30.3,33.1299,30,32.37,112693,0
RNLXY.US,D,20210728,000000,32.4,34.98,31.598,34.78,81074,0
RNLXY.US,D,20210729,000000,32.97,33.9999,30.39,31.65,144556,0
RNLXY.US,D,20210730,000000,31.37,31.37,29.35,30.05,93700,0
RNLXY.US,D,20210802,000000,30.34,31,28.77,29.35,43889,0
RNLXY.US,D,20210803,000000,28.6,30.4499,27.7,27.87,79416,0
RNLXY.US,D,20210804,000000,28.41,29.3,27.96,28.26,45364,0
RNLXY.US,D,20210805,000000,27.96,29.1499,27.8118,27.89,45787,0
RNLXY.US,D,20210806,000000,28.09,29.0999,27.71,28.05,18467,0
RNLXY.US,D,20210809,000000,28.35,29.35,27.49,28.66,37110,0
RNLXY.US,D,20210810,000000,28.15,29.1136,27.64,28.9,50477,0
RNLXY.US,D,20210811,000000,29.21,30.18,28.3901,28.7,36665,0
RNLXY.US,D,20210812,000000,28,29.4899,28,28.62,44011,0
RNLXY.US,D,20210813,000000,28.61,28.965,27.5,27.84,28875,0
RNLXY.US,D,20210816,000000,27.79,27.9099,26,26.2,63477,0
RNLXY.US,D,20210817,000000,26,27.7899,25.745,27.14,85095,0
RNLXY.US,D,20210818,000000,25.13,25.88,20.26,24.14,807438,0
RNLXY.US,D,20210819,000000,23.13,24.76,22.4078,24.4,147068,0
RNLXY.US,D,20210820,000000,24.08,25.73,23.4238,25.57,76298,0
RNLXY.US,D,20210823,000000,25.43,25.6121,24.32,24.35,49522,0
RNLXY.US,D,20210824,000000,24.24,24.9899,23.01,24.1,59106,0
RNLXY.US,D,20210825,000000,24.11,24.9,23.5,23.5,44715,0
RNLXY.US,D,20210826,000000,23.6,26.2,23.6,25.23,82653,0
RNLXY.US,D,20210827,000000,25.28,27.24,24.61,27.01,92600,0
RNLXY.US,D,20210830,000000,26.94,31,26.31,30.2,181864,0
RNLXY.US,D,20210831,000000,29.6,30.17,27.05,27.92,86265,0
RNLXY.US,D,20210901,000000,27.66,28.5,25.35,25.53,135076,0
RNLXY.US,D,20210902,000000,25.91,26.534,24.68,24.75,133318,0
RNLXY.US,D,20210903,000000,24.88,25.9159,24.12,24.52,128593,0
RNLXY.US,D,20210907,000000,24.8,25.7165,23.95,24.51,100820,0
RNLXY.US,D,20210908,000000,24.5,24.72,23.91,24.4,39166,0
RNLXY.US,D,20210909,000000,24.05,24.4,22.09,23.05,121866,0
RNLXY.US,D,20210910,000000,23.31,23.9999,22.75,23.06,50554,0
RNLXY.US,D,20210913,000000,23.01,23.6899,22.21,23.05,100488,0
RNLXY.US,D,20210914,000000,21.6,22.25,20.18,20.18,246963,0
RNLXY.US,D,20210915,000000,19,19.5015,17.1703,17.91,317240,0
RNLXY.US,D,20210916,000000,17.56,18.5,17.01,18.01,204830,0
RNLXY.US,D,20210917,000000,17.99,19.82,17.99,19.8,166659,0
RNLXY.US,D,20210920,000000,19.08,19.7899,18.2001,18.48,65210,0
RNLXY.US,D,20210921,000000,18.82,19.1799,17.99,18.25,37687,0
RNLXY.US,D,20210922,000000,17.8884,19.64,17.8884,19,78625,0
RNLXY.US,D,20210923,000000,19.2,19.71,19.08,19.22,70513,0
RNLXY.US,D,20210924,000000,19.14,19.6799,18.71,19,118429,0
RNLXY.US,D,20210927,000000,19.06,20.37,18.84,20.15,39298,0
RNLXY.US,D,20210928,000000,20.05,20.05,18.76,19.12,64533,0
RNLXY.US,D,20210929,000000,19.33,19.84,19.3,19.49,49893,0
RNLXY.US,D,20210930,000000,19.6,20.9,19.56,20.05,76780,0
RNLXY.US,D,20211001,000000,20.01,21.43,19.84,20.89,72578,0
RNLXY.US,D,20211004,000000,21.11,21.16,20.05,20.3,58206,0
RNLXY.US,D,20211005,000000,20.33,20.8953,19.8,20.51,74762,0
RNLXY.US,D,20211006,000000,20.14,21.16,20.14,20.4,48232,0
RNLXY.US,D,20211007,000000,20.63,22.21,20.63,21.2,53125,0
RNLXY.US,D,20211008,000000,21.3,22.11,20.99,21,22537,0
RNLXY.US,D,20211011,000000,20.88,21.51,20.4001,21.06,42448,0
RNLXY.US,D,20211012,000000,20.91,21.54,20.91,21.36,32197,0
RNLXY.US,D,20211013,000000,21.5,22.21,21.2,21.46,38492,0
RNLXY.US,D,20211014,000000,22.25,22.99,21.65,22.11,101615,0
RNLXY.US,D,20211015,000000,22.26,24.99,22.26,24.66,105788,0
RNLXY.US,D,20211018,000000,24.5,27.06,23.51,24.01,141486,0
RNLXY.US,D,20211019,000000,24.33,25.9138,23.75,24.42,72085,0
RNLXY.US,D,20211020,000000,24.69,26.51,24.621,25.95,70250,0
RNLXY.US,D,20211021,000000,26.32,27.83,25.04,27.4,165405,0
RNLXY.US,D,20211022,000000,26.4,26.4,24.085,24.98,202888,0
RNLXY.US,D,20211025,000000,25.04,25.48,24.125,25.05,130204,0
RNLXY.US,D,20211026,000000,25.19,25.25,24.4033,24.93,121322,0
RNLXY.US,D,20211027,000000,24.38,24.75,23.75,24.36,54325,0
RNLXY.US,D,20211028,000000,24.73,24.88,24.0501,24.45,34418,0
RNLXY.US,D,20211029,000000,24.34,25,24.18,24.87,30462,0
RNLXY.US,D,20211101,000000,24.5,25.5,23.8642,25.45,70968,0
RNLXY.US,D,20211102,000000,24.94,25.2,24.52,25,47282,0
RNLXY.US,D,20211103,000000,24.75,24.95,24.27,24.59,58278,0
RNLXY.US,D,20211104,000000,24.3,24.46,23.61,24.17,91090,0
RNLXY.US,D,20211105,000000,23.5,23.5,22.6,23.18,143827,0
RNLXY.US,D,20211108,000000,23.4,23.4,22.29,22.75,76977,0
RNLXY.US,D,20211109,000000,22.75,24.2,22.5,23.3,137672,0
RNLXY.US,D,20211110,000000,22.97,23.015,21.61,21.76,157845,0
RNLXY.US,D,20211111,000000,21.7,22.5999,21.4,21.68,59416,0
RNLXY.US,D,20211112,000000,21.83,22.1386,21.4691,22.08,37995,0
RNLXY.US,D,20211115,000000,21.94,21.99,21.4356,21.94,26428,0
RNLXY.US,D,20211116,000000,21.62,21.62,21.05,21.27,34691,0
RNLXY.US,D,20211117,000000,21.19,21.5899,20.5,20.78,44153,0
RNLXY.US,D,20211118,000000,20.9,21.25,19.54,20.64,97304,0
RNLXY.US,D,20211119,000000,20.4,20.6499,18.6,19.14,139650,0
RNLXY.US,D,20211122,000000,19.16,19.9,18.55,19.56,59646,0
RNLXY.US,D,20211123,000000,18.97,19,17.72,18.73,219055,0
RNLXY.US,D,20211124,000000,18.82,19.79,18.1157,19.33,77451,0
RNLXY.US,D,20211126,000000,18.96,19.39,18.2648,19.39,48521,0
RNLXY.US,D,20211129,000000,19.1,19.19,18.3152,19.04,89583,0
RNLXY.US,D,20211130,000000,18.78,19.03,17.91,18.5,76714,0
RNLXY.US,D,20211201,000000,18.98,18.98,17.59,18.03,134531,0
RNLXY.US,D,20211202,000000,18.17,19.7899,16.295,16.95,108568,0
RNLXY.US,D,20211203,000000,16.78,17.27,16.22,16.33,48870,0
RNLXY.US,D,20211206,000000,16.27,16.9428,14.89,14.99,267372,0
RNLXY.US,D,20211207,000000,14.88,15.785,14.79,15.53,292649,0
RNLXY.US,D,20211208,000000,15.78,16.845,14.745,15.23,173267,0
RNLXY.US,D,20211209,000000,15.32,16.98,14.36,15.92,145220,0
RNLXY.US,D,20211210,000000,16.9799,16.9799,15.26,15.72,60585,0
RNLXY.US,D,20211213,000000,15.91,16.2466,15.02,15.5,94449,0
RNLXY.US,D,20211214,000000,15.19,15.5,14.5,14.97,161983,0
RNLXY.US,D,20211215,000000,15.03,15.9799,14.55,14.96,67123,0
RNLXY.US,D,20211216,000000,15.24,15.4558,13.6176,14.12,136850,0
RNLXY.US,D,20211217,000000,14.1,14.57,13.752,14.02,153066,0
RNLXY.US,D,20211220,000000,13.65,13.99,12.99,13.43,181712,0
RNLXY.US,D,20211221,000000,13.43,15.9,13.38,15.45,414833,0
RNLXY.US,D,20211222,000000,15.3,15.7489,14.68,14.96,77274,0
RNLXY.US,D,20211223,000000,15,16.63,15,16.38,63309,0
RNLXY.US,D,20211227,000000,16.4,16.985,16.4,16.42,51569,0
RNLXY.US,D,20211228,000000,16.53,16.88,15.61,16.53,50025,0
RNLXY.US,D,20211229,000000,16.45,16.84,15.58,15.95,55576,0
RNLXY.US,D,20211230,000000,16.27,16.95,15.86,16.28,92391,0
RNLXY.US,D,20211231,000000,16.38,16.4,15.54,15.9,81498,0
RNLXY.US,D,20220103,000000,15.81,16.1,15.045,15.52,72528,0
RNLXY.US,D,20220104,000000,16.82,17.8259,15.35,15.46,157068,0
RNLXY.US,D,20220105,000000,15.56,15.94,14.76,15.17,83450,0
RNLXY.US,D,20220106,000000,15.06,15.31,14.16,15.03,163911,0
RNLXY.US,D,20220107,000000,14.95,15.57,14.8,14.96,73877,0
RNLXY.US,D,20220110,000000,14.64,14.99,14.21,14.71,184281,0
RNLXY.US,D,20220111,000000,14.85,15.9,14.85,15.9,69549,0
RNLXY.US,D,20220112,000000,15.85,15.9,14.8,15.13,55499,0
RNLXY.US,D,20220113,000000,15.11,15.28,14.78,15.11,78346,0
RNLXY.US,D,20220114,000000,15.1,15.665,14.8207,15.38,73938,0
RNLXY.US,D,20220118,000000,15.34,15.59,13.775,14,197616,0
RNLXY.US,D,20220119,000000,15,16.07,14.85,15.45,309479,0
RNLXY.US,D,20220120,000000,15.6,15.73,14.69,14.85,121061,0
RNLXY.US,D,20220121,000000,14.75,14.8617,14.07,14.07,74341,0
RNLXY.US,D,20220124,000000,13.465,14.2,13.03,13.54,378274,0
RNLXY.US,D,20220125,000000,13.45,14.19,12.78,13.52,134839,0
RNLXY.US,D,20220126,000000,13.86,13.86,12.75,13.15,129481,0
RNLXY.US,D,20220127,000000,13.25,13.25,12.11,12.3,102174,0
RNLXY.US,D,20220128,000000,12.2,12.95,11.44,12.4,95222,0
RNLXY.US,D,20220131,000000,12.57,13.36,12.5,12.65,64722,0
RNLXY.US,D,20220201,000000,12.8,13.91,12.54,13.39,166162,0
RNLXY.US,D,20220202,000000,13.75,13.76,12.8504,13.36,66496,0
RNLXY.US,D,20220203,000000,13.02,13.3099,12.01,12.15,72007,0
RNLXY.US,D,20220204,000000,12.34,12.4,11.4,11.95,160353,0
RNLXY.US,D,20220207,000000,11.65,11.65,10.76,10.91,221750,0
RNLXY.US,D,20220208,000000,10.94,11.4339,10.61,11.11,44882,0
RNLXY.US,D,20220209,000000,11.38,12.23,11.25,11.27,63934,0
RNLXY.US,D,20220210,000000,11.29,11.47,10.9692,11.04,37103,0
RNLXY.US,D,20220211,000000,11.01,11.5999,10.82,10.99,65585,0
RNLXY.US,D,20220214,000000,10.89,11.3699,10.54,10.56,43411,0
RNLXY.US,D,20220215,000000,10.99,11.4,10.75,10.95,120642,0
RNLXY.US,D,20220216,000000,10.93,11.1478,10.75,11,77679,0
RNLXY.US,D,20220217,000000,10.94,11.08,10.25,10.27,120860,0
RNLXY.US,D,20220218,000000,10.39,10.47,9.86,10,136958,0
RNLXY.US,D,20220222,000000,10.12,10.29,9.51,9.9,93232,0
RNLXY.US,D,20220223,000000,9.89,10.2135,9.1692,9.21,77129,0
RNLXY.US,D,20220224,000000,8.81,10.0256,8.665,9.49,112454,0
RNLXY.US,D,20220225,000000,9.8,10.39,8.98,9.49,116960,0
RNLXY.US,D,20220228,000000,9.41,10.4999,9.105,9.27,101264,0
RNLXY.US,D,20220301,000000,9.27,9.685,8.74,9,96188,0
RNLXY.US,D,20220302,000000,9,9.04,8.5,8.73,74099,0
RNLXY.US,D,20220303,000000,8.7,8.7,8.02,8.22,123646,0
RNLXY.US,D,20220304,000000,8.15,8.36,7.77,7.89,108880,0
RNLXY.US,D,20220307,000000,7.81,8.14,7.6247,7.8,127986,0
RNLXY.US,D,20220308,000000,7.66,7.97,7.11,7.38,233527,0
RNLXY.US,D,20220309,000000,8.47,8.7799,7.06,7.515,206916,0
RNLXY.US,D,20220310,000000,7.34,7.49,6.84,7.2,97265,0
RNLXY.US,D,20220311,000000,7.17,7.356,6.67,6.72,103790,0
RNLXY.US,D,20220314,000000,6.67,6.67,5.97,6,214427,0
RNLXY.US,D,20220315,000000,5.93,6.7018,5.78,6.33,142995,0
RNLXY.US,D,20220316,000000,6.44,6.77,5.91,6.56,257050,0
RNLXY.US,D,20220317,000000,6.44,6.92,6.34,6.83,88551,0
RNLXY.US,D,20220318,000000,6.67,7,6.53,6.67,98647,0
RNLXY.US,D,20220321,000000,6.6,6.854,6.11,6.18,74939,0
RNLXY.US,D,20220322,000000,6.36,6.71,6.05,6.42,127347,0
RNLXY.US,D,20220323,000000,6.31,6.55,6.15,6.38,125356,0
RNLXY.US,D,20220324,000000,6.59,7.15,6.26,6.97,133261,0
RNLXY.US,D,20220325,000000,6.82,7.25,6.39,6.41,131696,0
RNLXY.US,D,20220328,000000,6.42,6.68,5.81,5.88,90924,0
RNLXY.US,D,20220329,000000,5.94,7.1,5.94,6.91,92659,0
RNLXY.US,D,20220330,000000,7,7.7,6.86,7.13,132631,0
RNLXY.US,D,20220331,000000,8.5,8.5,6.5,6.92,305229,0
RNLXY.US,D,20220401,000000,6.99,7.98,6.5046,7.81,240138,0
RNLXY.US,D,20220404,000000,7.81,7.9,6.78,7.01,255240,0
RNLXY.US,D,20220405,000000,6.58,6.9399,6.22,6.59,143288,0
RNLXY.US,D,20220406,000000,6.41,6.72,6.24,6.65,112949,0
RNLXY.US,D,20220407,000000,6.65,7.1499,6.27,6.29,77312,0
RNLXY.US,D,20220408,000000,6.22,6.35,5.9,6.2,68670,0
RNLXY.US,D,20220411,000000,6.17,6.46,6,6.46,33112,0
RNLXY.US,D,20220412,000000,6.48,6.5375,5.92,5.92,86466,0
RNLXY.US,D,20220413,000000,5.92,5.98,5.7,5.83,77273,0
RNLXY.US,D,20220414,000000,5.85,5.9999,5.56,5.84,60750,0
RNLXY.US,D,20220418,000000,5.84,6.175,5.565,5.73,65188,0
RNLXY.US,D,20220419,000000,5.68,6,5.5682,5.76,21504,0
RNLXY.US,D,20220420,000000,5.88,6.11,5.58,5.8,47926,0
RNLXY.US,D,20220421,000000,5.85,6.15,5.35,5.36,114692,0
RNLXY.US,D,20220422,000000,5.23,5.75,5.035,5.17,139961,0
RNLXY.US,D,20220425,000000,4.96,5.41,4.96,5.31,112747,0
RNLXY.US,D,20220426,000000,5.28,5.5,5.12,5.44,99859,0
RNLXY.US,D,20220427,000000,5.4,5.85,5.27,5.4,54965,0
RNLXY.US,D,20220428,000000,5.4,5.622,5.1,5.24,73541,0
RNLXY.US,D,20220429,000000,5.21,5.57,5.01,5.07,96954,0
RNLXY.US,D,20220502,000000,5.11,5.41,4.81,4.91,81021,0
RNLXY.US,D,20220503,000000,4.96,5.26,4.82,5.05,158930,0
RNLXY.US,D,20220504,000000,5.05,5.36,4.75,5.12,81587,0
RNLXY.US,D,20220505,000000,5.05,5.19,4.7,4.7,56077,0
RNLXY.US,D,20220506,000000,4.68,4.8598,4.47,4.76,82969,0
RNLXY.US,D,20220509,000000,4.71,4.71,4.27,4.33,74139,0
RNLXY.US,D,20220510,000000,4.42,4.59,4.02,4.24,116831,0
RNLXY.US,D,20220511,000000,4.24,4.53,4.02,4.09,62048,0
RNLXY.US,D,20220512,000000,4.08,4.5,3.7401,4.41,74766,0
RNLXY.US,D,20220513,000000,4.46,5,4.02,4.43,196804,0
RNLXY.US,D,20220516,000000,4.36,4.36,3.61,3.97,170972,0
RNLXY.US,D,20220517,000000,3.99,4.25,3.9185,4,56704,0
RNLXY.US,D,20220518,000000,4,4.26,3.92,4.07,73663,0
RNLXY.US,D,20220519,000000,4.05,4.26,4.05,4.17,72741,0
RNLXY.US,D,20220520,000000,4.26,4.3145,3.87,3.97,145783,0
RNLXY.US,D,20220523,000000,4.0038,4.12,3.5201,3.5201,142464,0
RNLXY.US,D,20220524,000000,3.53,3.81,3.48,3.5,67841,0
RNLXY.US,D,20220525,000000,3.51,3.7406,3.5,3.64,27154,0
RNLXY.US,D,20220526,000000,3.65,3.94,3.47,3.58,188020,0
RNLXY.US,D,20220527,000000,3.57,4.45,3.47,4.19,243228,0
RNLXY.US,D,20220531,000000,4.09,4.22,3.8,3.935,159949,0
RNLXY.US,D,20220601,000000,3.98,4.31,3.91,4.19,115675,0
RNLXY.US,D,20220602,000000,4.19,4.75,4.01,4.58,76462,0
RNLXY.US,D,20220603,000000,4.47,5.0159,4.43,4.57,63044,0
RNLXY.US,D,20220606,000000,4.41,4.41,3.905,3.97,175628,0
RNLXY.US,D,20220607,000000,3.98,4.2,3.98,4.19,25161,0
RNLXY.US,D,20220608,000000,4.16,4.8,4.16,4.7,76603,0
RNLXY.US,D,20220609,000000,4.68,4.68,4.25,4.49,66030,0
RNLXY.US,D,20220610,000000,4.45,4.6799,4.12,4.25,52245,0
RNLXY.US,D,20220613,000000,4.2,4.3,3.75,4.09,95336,0
RNLXY.US,D,20220614,000000,4.09,4.4,4,4.3,53597,0
RNLXY.US,D,20220615,000000,4.32,4.62,4.09,4.3,83422,0
RNLXY.US,D,20220616,000000,4.19,4.2,3.86,3.96,103186,0
RNLXY.US,D,20220617,000000,4.04,4.4,3.96,4.19,85698,0
RNLXY.US,D,20220621,000000,4.21,4.395,3.9801,4.1,63133,0
RNLXY.US,D,20220622,000000,4.07,4.4599,3.93,3.96,35969,0
RNLXY.US,D,20220623,000000,4.04,4.44,3.93,4.44,62256,0
RNLXY.US,D,20220624,000000,4.3,5,4.1883,4.57,155298,0
RNLXY.US,D,20220627,000000,4.62,4.62,4.12,4.14,84514,0
RNLXY.US,D,20220628,000000,4.33,4.4077,3.93,4,51661,0
RNLXY.US,D,20220629,000000,3.95,4.29,3.85,3.97,35221,0
RNLXY.US,D,20220630,000000,3,3,2.23,2.45,1403422,0
RNLXY.US,D,20220701,000000,2.54,2.65,2.4001,2.56,293916,0
RNLXY.US,D,20220705,000000,2.67,2.7,2.3,2.33,160590,0
RNLXY.US,D,20220706,000000,2.37,2.535,2.3,2.31,188778,0
RNLXY.US,D,20220707,000000,2.5,2.6899,2.4,2.45,73902,0
RNLXY.US,D,20220708,000000,2.44,2.61,2.3385,2.52,78829,0
RNLXY.US,D,20220711,000000,2.54,2.7,2.4,2.44,50748,0
RNLXY.US,D,20220712,000000,2.69,2.69,2.49,2.54,33702,0
RNLXY.US,D,20220713,000000,2.46,2.69,2.46,2.6,34540,0
RNLXY.US,D,20220714,000000,2.56,2.7,2.4807,2.58,22897,0
RNLXY.US,D,20220715,000000,2.61,2.7,2.52,2.65,40166,0
RNLXY.US,D,20220718,000000,2.66,2.72,2.46,2.61,38588,0
RNLXY.US,D,20220719,000000,2.6,2.655,2.48,2.515,44513,0
RNLXY.US,D,20220720,000000,2.48,2.61,2.48,2.59,34919,0
RNLXY.US,D,20220721,000000,2.63,2.7275,2.52,2.55,41939,0
RNLXY.US,D,20220722,000000,2.58,2.7299,2.29,2.41,112446,0
RNLXY.US,D,20220725,000000,2.38,2.602,2.33,2.46,109010,0
RNLXY.US,D,20220726,000000,2.55,2.58,2.31,2.4,159503,0
RNLXY.US,D,20220727,000000,2.54,2.54,2.325,2.45,73576,0
RNLXY.US,D,20220728,000000,2.5,2.6399,2.41,2.44,112647,0
RNLXY.US,D,20220729,000000,2.49,2.6299,2.45,2.48,44588,0
RNLXY.US,D,20220801,000000,2.48,2.63,2.4,2.41,118803,0
RNLXY.US,D,20220802,000000,2.34,2.4839,2.29,2.3,180528,0
RNLXY.US,D,20220803,000000,2.45,2.5522,2.3101,2.4,84957,0
RNLXY.US,D,20220804,000000,2.37,2.5,2.37,2.46,42213,0
RNLXY.US,D,20220805,000000,2.45,2.99,2.42,2.63,287325,0
RNLXY.US,D,20220808,000000,2.68,2.7353,2.5544,2.6,163452,0
RNLXY.US,D,20220809,000000,2.71,2.71,2.46,2.49,99184,0
RNLXY.US,D,20220810,000000,2.56,2.6704,2.49,2.62,68398,0
RNLXY.US,D,20220811,000000,2.63,2.7,2.51,2.58,44838,0
RNLXY.US,D,20220812,000000,2.59,2.64,2.48,2.57,70317,0
RNLXY.US,D,20220815,000000,2.57,2.63,2.5122,2.55,76268,0
RNLXY.US,D,20220816,000000,2.57,2.61,2.42,2.55,62099,0
RNLXY.US,D,20220817,000000,2.68,2.68,2.45,2.6,34222,0
RNLXY.US,D,20220818,000000,2.59,2.67,2.5,2.64,25939,0
RNLXY.US,D,20220819,000000,2.6,2.65,2.4358,2.63,45530,0
RNLXY.US,D,20220822,000000,2.63,2.81,2.5,2.78,182999,0
RNLXY.US,D,20220823,000000,2.7,2.7,2.46,2.55,47392,0
RNLXY.US,D,20220824,000000,2.59,2.59,2.46,2.51,29552,0
RNLXY.US,D,20220825,000000,2.47,2.6,2.47,2.56,92703,0
RNLXY.US,D,20220826,000000,2.55,2.65,2.4775,2.53,87368,0
RNLXY.US,D,20220829,000000,2.48,2.55,2.3,2.34,105411,0
RNLXY.US,D,20220830,000000,2.3399,2.41,1.9401,2.09,216661,0
RNLXY.US,D,20220831,000000,2.09,2.16,2.05,2.08,32917,0
RNLXY.US,D,20220901,000000,2.09,2.11,2.05,2.05,25687,0
RNLXY.US,D,20220902,000000,2.06,2.0896,1.96,1.97,71042,0
RNLXY.US,D,20220906,000000,1.97,2.0543,1.78,1.78,74396,0
RNLXY.US,D,20220907,000000,1.79,1.99,1.52,1.7,127752,0
RNLXY.US,D,20220908,000000,1.65,1.75,1.65,1.69,94675,0
RNLXY.US,D,20220909,000000,1.76,1.77,1.63,1.72,79620,0
RNLXY.US,D,20220912,000000,1.75,1.86,1.55,1.6,250615,0
RNLXY.US,D,20220913,000000,1.56,1.61,1.37,1.55,198385,0
RNLXY.US,D,20220914,000000,1.58,1.615,1.47,1.5,152968,0
RNLXY.US,D,20220915,000000,1.57,1.57,1.45,1.48,82615,0
RNLXY.US,D,20220916,000000,1.49,1.5,1.44,1.44,77401,0
RNLXY.US,D,20220919,000000,1.49,1.5,1.4,1.49,373355,0
RNLXY.US,D,20220920,000000,1.49,1.55,1.45,1.48,58083,0
RNLXY.US,D,20220921,000000,1.47,1.4899,1.4,1.41,103506,0
RNLXY.US,D,20220922,000000,1.44,1.5159,1.37,1.37,104392,0
RNLXY.US,D,20220923,000000,1.39,1.452,1.31,1.33,39759,0
RNLXY.US,D,20220926,000000,1.3,1.3339,1.29,1.3075,35983,0
RNLXY.US,D,20220927,000000,1.25,1.3499,1.25,1.28,72471,0
RNLXY.US,D,20220928,000000,1.3,1.4,1.28,1.32,49959,0
RNLXY.US,D,20220929,000000,1.37,1.37,1.25,1.29,9567,0
RNLXY.US,D,20220930,000000,1.3014,1.3194,1.24,1.28,30282,0
RNLXY.US,D,20221003,000000,1.28,1.3099,1.2,1.27,48755,0
RNLXY.US,D,20221004,000000,1.26,1.3999,1.26,1.3886,24752,0
RNLXY.US,D,20221005,000000,1.35,1.35,1.2418,1.35,75696,0
RNLXY.US,D,20221006,000000,1.26,1.3,1.23,1.23,82691,0
RNLXY.US,D,20221007,000000,1.25,1.3,1.22,1.29,133129,0
RNLXY.US,D,20221010,000000,1.26,1.29,1.19,1.29,53365,0
RNLXY.US,D,20221011,000000,1.25,1.25,1.1633,1.185,68897,0
RNLXY.US,D,20221012,000000,1.21,1.34,1.1501,1.34,78562,0
RNLXY.US,D,20221013,000000,1.25,1.25,1.19,1.2,110237,0
RNLXY.US,D,20221014,000000,1.24,1.37,1.05,1.2508,114327,0
RNLXY.US,D,20221017,000000,1.25,1.25,1.12,1.14,93997,0
RNLXY.US,D,20221018,000000,1.2,1.22,1.12,1.16,31590,0
RNLXY.US,D,20221019,000000,1.22,1.2396,1.16,1.17,181031,0
RNLXY.US,D,20221020,000000,1.1,1.17,1.08,1.14,111262,0
RNLXY.US,D,20221021,000000,1.13,1.14,1.08,1.125,124880,0
RNLXY.US,D,20221024,000000,1.07,1.1199,1.05,1.06,131023,0
RNLXY.US,D,20221025,000000,1.13,1.57,1.101,1.45,807038,0
RNLXY.US,D,20221026,000000,1.45,1.72,1.43,1.7,196827,0
RNLXY.US,D,20221027,000000,1.6,1.77,1.6,1.77,113287,0
RNLXY.US,D,20221028,000000,1.7,1.78,1.64,1.67,146893,0
RNLXY.US,D,20221031,000000,1.64,2.24,1.64,1.95,708745,0
RNLXY.US,D,20221101,000000,1.95,1.95,1.67,1.77,147797,0
RNLXY.US,D,20221102,000000,1.88,1.88,1.68,1.69,26059,0
RNLXY.US,D,20221103,000000,1.73,1.73,1.54,1.61,103169,0
RNLXY.US,D,20221104,000000,1.68,1.7088,1.465,1.5,59246,0
RNLXY.US,D,20221107,000000,1.43,1.54,1.42,1.43,126471,0
RNLXY.US,D,20221108,000000,1.4,1.41,1.3,1.3,86349,0
RNLXY.US,D,20221109,000000,1.32,1.32,1.12,1.17,113489,0
RNLXY.US,D,20221110,000000,1.24,1.25,1.1958,1.21,177323,0
RNLXY.US,D,20221111,000000,1.26,1.36,1.25,1.32,127894,0
RNLXY.US,D,20221114,000000,1.37,1.4,1.32,1.38,69240,0
RNLXY.US,D,20221115,000000,1.37,1.45,1.3638,1.43,54474,0
RNLXY.US,D,20221116,000000,1.42,1.4536,1.3791,1.4,51406,0
RNLXY.US,D,20221117,000000,1.38,1.49,1.38,1.455,76608,0
RNLXY.US,D,20221118,000000,1.465,1.55,1.4407,1.52,20046,0
RNLXY.US,D,20221121,000000,1.55,1.6389,1.51,1.52,22773,0
RNLXY.US,D,20221122,000000,1.5,1.5,1.45,1.48,32362,0
RNLXY.US,D,20221123,000000,1.47,1.51,1.45,1.51,26435,0
RNLXY.US,D,20221125,000000,1.53,1.57,1.51,1.56,17714,0
RNLXY.US,D,20221128,000000,1.57,1.633,1.5001,1.51,60701,0
RNLXY.US,D,20221129,000000,1.65,1.88,1.65,1.88,82197,0
RNLXY.US,D,20221130,000000,1.95,2.03,1.8,2.03,127715,0
RNLXY.US,D,20221201,000000,2.04,2.1799,1.9,1.99,143056,0
RNLXY.US,D,20221202,000000,2.13,2.14,2,2.09,106802,0
RNLXY.US,D,20221205,000000,2.13,2.25,2.11,2.18,40526,0
RNLXY.US,D,20221206,000000,2.25,2.2518,2.13,2.21,24516,0
RNLXY.US,D,20221207,000000,2.28,2.28,1.9401,2,73133,0
RNLXY.US,D,20221208,000000,1.94,2.0561,1.94,2,25318,0
RNLXY.US,D,20221209,000000,2.03,2.15,1.9473,2.06,43859,0
RNLXY.US,D,20221212,000000,2.02,2.03,1.81,1.81,47692,0
RNLXY.US,D,20221213,000000,1.78,1.95,1.78,1.84,78190,0
RNLXY.US,D,20221214,000000,1.88,1.88,1.74,1.81,41174,0
RNLXY.US,D,20221215,000000,1.82,1.83,1.61,1.62,70441,0
RNLXY.US,D,20221216,000000,1.72,1.8,1.55,1.65,28249,0
RNLXY.US,D,20221219,000000,1.75,1.8,1.5052,1.57,25351,0
RNLXY.US,D,20221220,000000,1.66,1.71,1.4418,1.49,46851,0
RNLXY.US,D,20221221,000000,1.45,1.56,1.4314,1.51,104853,0
RNLXY.US,D,20221222,000000,1.43,1.81,1.43,1.72,87951,0
RNLXY.US,D,20221223,000000,1.72,1.81,1.56,1.75,70506,0
RNLXY.US,D,20221227,000000,1.72,1.85,1.59,1.72,76926,0
RNLXY.US,D,20221228,000000,1.62,1.79,1.53,1.74,102617,0
RNLXY.US,D,20221229,000000,1.64,2.19,1.64,1.96,68078,0
RNLXY.US,D,20221230,000000,2.06,2.06,1.7501,1.87,67267,0
RNLXY.US,D,20230103,000000,2.05,2.05,1.79,1.93,35971,0
RNLXY.US,D,20230104,000000,1.95,2.47,1.95,2.405,62127,0
RNLXY.US,D,20230105,000000,2.4,2.4,2.13,2.165,34595,0
RNLXY.US,D,20230106,000000,2.1875,2.4,2.1875,2.35,37759,0
RNLXY.US,D,20230109,000000,2.51,2.6,2.41,2.48,81233,0
RNLXY.US,D,20230110,000000,2.52,2.61,2.48,2.5,38020,0
RNLXY.US,D,20230111,000000,2.5401,2.5497,2.4,2.4111,15658,0
RNLXY.US,D,20230112,000000,2.42,2.54,2.39,2.49,28207,0
RNLXY.US,D,20230113,000000,2.52,2.62,2.4431,2.62,36067,0
RNLXY.US,D,20230117,000000,2.59,2.6099,2.485,2.56,34944,0
RNLXY.US,D,20230118,000000,2.62,2.735,2.54,2.71,25220,0
RNLXY.US,D,20230119,000000,2.74,2.8499,2.63,2.84,22405,0
RNLXY.US,D,20230120,000000,2.8,2.8,2.665,2.73,23104,0
RNLXY.US,D,20230123,000000,2.73,2.79,2.67,2.75,45824,0
RNLXY.US,D,20230124,000000,2.78,3.0499,2.66,2.94,98186,0
RNLXY.US,D,20230125,000000,3.1,3.18,2.88,3.1227,64231,0
RNLXY.US,D,20230126,000000,3.12,3.19,3,3.08,30706,0
RNLXY.US,D,20230127,000000,3.4,3.5,3.26,3.26,137583,0
RNLXY.US,D,20230130,000000,3.4,3.4,3.2,3.27,39486,0
RNLXY.US,D,20230131,000000,3.22,3.3,2.7601,2.98,168112,0
RNLXY.US,D,20230201,000000,2.95,2.9599,2.67,2.81,45951,0
RNLXY.US,D,20230202,000000,2.97,3.06,2.71,2.9,34188,0
RNLXY.US,D,20230203,000000,2.9,3.1,2.85,2.99,68150,0
RNLXY.US,D,20230206,000000,3.04,3.08,2.91,2.91,25363,0
RNLXY.US,D,20230207,000000,3.018,3.11,2.9201,3.05,28039,0
RNLXY.US,D,20230208,000000,2.62,3.16,2.52,3.11,175016,0
RNLXY.US,D,20230209,000000,3.1,3.11,2.7643,2.95,73002,0
RNLXY.US,D,20230210,000000,2.9,3.0599,2.77,3.03,27269,0
RNLXY.US,D,20230213,000000,3.14,3.16,2.9501,3.16,35586,0
RNLXY.US,D,20230214,000000,3.19,3.19,3.05,3.11,19166,0
RNLXY.US,D,20230215,000000,3.15,3.3699,3.09,3.2993,45565,0
RNLXY.US,D,20230216,000000,3.31,3.33,3.18,3.32,50983,0
RNLXY.US,D,20230217,000000,3.27,3.45,3.199,3.39,68393,0
RNLXY.US,D,20230221,000000,3.44,3.4799,3.3,3.4,20577,0
RNLXY.US,D,20230222,000000,3.4,3.47,3.33,3.39,22643,0
RNLXY.US,D,20230223,000000,3.43,3.4999,3.38,3.48,18329,0
RNLXY.US,D,20230224,000000,3.41,3.71,3.32,3.71,32320,0
RNLXY.US,D,20230227,000000,3.8,3.92,3.615,3.716,88279,0
RNLXY.US,D,20230228,000000,3.85,3.85,3.26,3.5473,64329,0
RNLXY.US,D,20230301,000000,3.84,3.84,3.44,3.44,17082,0
RNLXY.US,D,20230302,000000,3.44,3.6119,3.1,3.38,69722,0
RNLXY.US,D,20230303,000000,3.3,3.42,3.241,3.26,33453,0
RNLXY.US,D,20230306,000000,3.26,3.4499,3.1,3.12,37709,0
RNLXY.US,D,20230307,000000,3.16,3.2299,2.9,2.95,70834,0
RNLXY.US,D,20230308,000000,3,3.0399,2.72,2.84,59287,0
RNLXY.US,D,20230309,000000,2.81,2.966,2.7,2.74,31897,0
RNLXY.US,D,20230310,000000,2.8,2.8,2.0971,2.34,89190,0
RNLXY.US,D,20230313,000000,2.2,2.5799,2.17,2.25,70292,0
RNLXY.US,D,20230314,000000,2.35,2.545,2.25,2.3,34089,0
RNLXY.US,D,20230315,000000,2.42,2.6099,2.17,2.3,18632,0
RNLXY.US,D,20230316,000000,2.21,2.4397,2.21,2.36,32799,0
RNLXY.US,D,20230317,000000,2.32,2.4,2.13,2.24,33597,0
RNLXY.US,D,20230320,000000,2.42,2.42,2,2.1,57341,0
RNLXY.US,D,20230321,000000,1.95,2,1.7,1.98,211247,0
RNLXY.US,D,20230322,000000,2.09,2.12,1.86,1.94,77988,0
RNLXY.US,D,20230323,000000,2,2,1.9,1.99,23168,0
RNLXY.US,D,20230324,000000,1.99,2.07,1.99,2.07,17054,0
RNLXY.US,D,20230327,000000,2.12,2.64,2.11,2.33,56361,0
RNLXY.US,D,20230328,000000,2.35,2.35,2.11,2.17,39102,0
RNLXY.US,D,20230329,000000,2.48,2.48,2.1501,2.32,28181,0
RNLXY.US,D,20230330,000000,2.35,2.3716,2.18,2.25,20638,0
RNLXY.US,D,20230331,000000,2.328,2.43,2.27,2.42,44399,0
RNLXY.US,D,20230403,000000,2.31,2.41,2.23,2.35,34837,0
RNLXY.US,D,20230404,000000,2.32,2.4199,2.25,2.35,51331,0
RNLXY.US,D,20230405,000000,2.36,2.38,2.19,2.38,24869,0
RNLXY.US,D,20230406,000000,2.3,2.45,2.291,2.4,19747,0
RNLXY.US,D,20230410,000000,2.51,2.51,2.34,2.43,32144,0
RNLXY.US,D,20230411,000000,2.36,2.55,2.36,2.45,35122,0
RNLXY.US,D,20230412,000000,2.61,2.61,2.33,2.41,30974,0
RNLXY.US,D,20230413,000000,2.4236,2.54,2.37,2.47,36705,0
RNLXY.US,D,20230414,000000,2.46,2.48,2.3901,2.48,37500,0
RNLXY.US,D,20230417,000000,2.37,2.4799,2.35,2.46,37406,0
RNLXY.US,D,20230418,000000,2.4599,2.48,2.44,2.44,20889,0
RNLXY.US,D,20230419,000000,2.49,2.5,2.39,2.5,34385,0
RNLXY.US,D,20230420,000000,2.39,2.39,2.32,2.38,18598,0
RNLXY.US,D,20230421,000000,2.47,2.47,2.25,2.322,44183,0
RNLXY.US,D,20230424,000000,2.36,2.36,2.24,2.28,23302,0
RNLXY.US,D,20230425,000000,2.3,2.34,2.1,2.15,55073,0
RNLXY.US,D,20230426,000000,2.22,2.3599,2.22,2.35,66083,0
RNLXY.US,D,20230427,000000,2.34,2.35,2.3,2.35,14609,0
RNLXY.US,D,20230428,000000,2.3499,2.4,2.3101,2.37,13655,0
RNLXY.US,D,20230501,000000,2.27,2.3599,2.17,2.17,98772,0
RNLXY.US,D,20230502,000000,2.25,2.3,2.1,2.3,38852,0
RNLXY.US,D,20230503,000000,2.27,2.41,2.19,2.25,63503,0
RNLXY.US,D,20230504,000000,2.22,2.3694,2.22,2.32,9172,0
RNLXY.US,D,20230505,000000,2.38,2.4799,2.3059,2.39,10882,0
RNLXY.US,D,20230508,000000,2.38,2.5699,2.33,2.5,47228,0
RNLXY.US,D,20230509,000000,2.5,2.52,2.39,2.52,12462,0
RNLXY.US,D,20230510,000000,2.53,2.53,2.38,2.43,23535,0
RNLXY.US,D,20230511,000000,2.39,2.4699,2.26,2.33,23748,0
RNLXY.US,D,20230512,000000,2.39,2.39,2.16,2.21,25509,0
RNLXY.US,D,20230515,000000,2.17,2.2795,2.13,2.19,37613,0
RNLXY.US,D,20230516,000000,2.25,2.25,2.06,2.15,28341,0
RNLXY.US,D,20230517,000000,2.1052,2.24,2.06,2.075,42583,0
RNLXY.US,D,20230518,000000,2.075,2.1299,2.0581,2.1,8887,0
RNLXY.US,D,20230519,000000,2.1,2.12,2.05,2.06,29773,0
RNLXY.US,D,20230522,000000,2.07,2.2464,2.03,2.1,30067,0
RNLXY.US,D,20230523,000000,2.14,2.1518,2.07,2.13,16312,0
RNLXY.US,D,20230524,000000,2.08,2.155,2.0467,2.11,32944,0
RNLXY.US,D,20230525,000000,2.2,2.2,2.05,2.14,21150,0
RNLXY.US,D,20230526,000000,2.1719,2.65,2.11,2.3,198692,0
RNLXY.US,D,20230530,000000,2.35,2.35,2.05,2.15,55232,0
RNLXY.US,D,20230531,000000,2.17,2.4902,2.06,2.43,45069,0
RNLXY.US,D,20230601,000000,2.35,2.4499,2.21,2.26,63163,0
RNLXY.US,D,20230602,000000,2.28,2.41,2.22,2.38,22567,0
RNLXY.US,D,20230605,000000,2.4,2.4,2.11,2.19,109816,0
RNLXY.US,D,20230606,000000,2.23,2.34,2.07,2.17,45319,0
RNLXY.US,D,20230607,000000,2.2799,2.2799,2.06,2.13,45051,0
RNLXY.US,D,20230608,000000,2.2087,2.2286,2.13,2.18,51416,0
RNLXY.US,D,20230609,000000,1.86,2.13,1.86,2.02,255900,0
RNLXY.US,D,20230612,000000,2.04,2.32,2.011,2.19,117584,0
RNLXY.US,D,20230613,000000,2.24,2.24,2.11,2.1536,132060,0
RNLXY.US,D,20230614,000000,2.2,2.27,2.04,2.11,42423,0
RNLXY.US,D,20230615,000000,2.19,2.37,2.09,2.315,45674,0
RNLXY.US,D,20230616,000000,2.33,2.355,2.15,2.2,55453,0
RNLXY.US,D,20230620,000000,2.26,2.2699,2.1,2.14,20620,0
RNLXY.US,D,20230621,000000,2.15,2.2399,2.075,2.145,38464,0
RNLXY.US,D,20230622,000000,2.115,2.1479,2,2.118,35378,0
RNLXY.US,D,20230623,000000,2.06,2.1,1.98,2.01,93216,0
RNLXY.US,D,20230626,000000,2.06,2.08,1.97,2.02,42213,0
RNLXY.US,D,20230627,000000,2.06,2.07,1.95,2.015,32347,0
RNLXY.US,D,20230628,000000,2.09,2.09,1.95,1.9999,40187,0
RNLXY.US,D,20230629,000000,1.92,2.1,1.92,2.07,847477,0
RNLXY.US,D,20230630,000000,2.89,3.17,2.59,2.92,32560970,0
RNLXY.US,D,20230703,000000,2.9,3.16,2.85,3.09,1737717,0
RNLXY.US,D,20230705,000000,2.97,3.08,2.6,2.86,917464,0
RNLXY.US,D,20230706,000000,2.77,2.91,2.695,2.87,229244,0
RNLXY.US,D,20230707,000000,2.94,3.23,2.77,3.19,388982,0
RNLXY.US,D,20230710,000000,3.15,3.41,3.12,3.15,397753,0
RNLXY.US,D,20230711,000000,3.3,3.5,3.25,3.48,212080,0
RNLXY.US,D,20230712,000000,3.5,4.03,3.48,4.01,606169,0
RNLXY.US,D,20230713,000000,3.91,4.0377,3.85,3.86,273139,0
RNLXY.US,D,20230714,000000,3.82,3.95,3.392,3.76,320922,0
RNLXY.US,D,20230717,000000,3.5,3.64,3.4301,3.57,219772,0
RNLXY.US,D,20230718,000000,3.57,3.57,3.15,3.32,256628,0
RNLXY.US,D,20230719,000000,3.33,3.41,3.21,3.25,98321,0
RNLXY.US,D,20230720,000000,3.25,3.44,3.16,3.29,117048,0
RNLXY.US,D,20230721,000000,3.32,3.66,3.26,3.54,182126,0
RNLXY.US,D,20230724,000000,3.48,3.6272,3.2595,3.35,84765,0
RNLXY.US,D,20230725,000000,3.28,3.33,3.01,3.26,100032,0
RNLXY.US,D,20230726,000000,3.24,3.3,3.102,3.16,105963,0
RNLXY.US,D,20230727,000000,3.2,3.2,2.781,2.85,128316,0
RNLXY.US,D,20230728,000000,2.86,3.02,2.86,2.96,60013,0
RNLXY.US,D,20230731,000000,2.91,3.0085,2.8,2.9,89743,0
RNLXY.US,D,20230801,000000,2.93,2.95,2.78,2.87,43240,0
RNLXY.US,D,20230802,000000,2.95,2.95,2.7,2.91,38552,0
RNLXY.US,D,20230803,000000,2.95,3.03,2.788,2.9,41247,0
RNLXY.US,D,20230804,000000,2.91,2.92,2.78,2.89,22537,0
RNLXY.US,D,20230807,000000,2.92,2.93,2.7835,2.87,39109,0
RNLXY.US,D,20230808,000000,2.82,2.87,2.7,2.82,64142,0
RNLXY.US,D,20230809,000000,2.85,2.92,2.715,2.8,17590,0
RNLXY.US,D,20230810,000000,2.77,2.9307,2.71,2.76,31509,0
RNLXY.US,D,20230811,000000,2.75,2.94,2.64,2.67,100428,0
RNLXY.US,D,20230814,000000,2.66,3.05,2.54,2.62,62201,0
RNLXY.US,D,20230815,000000,2.53,2.68,2.4,2.55,97012,0
RNLXY.US,D,20230816,000000,2.44,2.62,2.385,2.4665,35195,0
RNLXY.US,D,20230817,000000,2.54,2.585,2.33,2.47,48501,0
RNLXY.US,D,20230818,000000,2.36,2.52,2.331,2.42,17294,0
RNLXY.US,D,20230821,000000,2.5,2.955,2.5,2.83,86569,0
RNLXY.US,D,20230822,000000,2.85,2.9299,2.75,2.9,31548,0
RNLXY.US,D,20230823,000000,2.79,2.9,2.79,2.87,30908,0
RNLXY.US,D,20230824,000000,2.86,3,2.8,2.91,66678,0
RNLXY.US,D,20230825,000000,2.9789,3.08,2.85,3.04,32665,0
RNLXY.US,D,20230828,000000,3.1,3.1,2.93,3.02,20004,0
RNLXY.US,D,20230829,000000,3.1,3.1399,2.831,3.03,68553,0
RNLXY.US,D,20230830,000000,3.1,3.1399,3.03,3.06,49589,0
RNLXY.US,D,20230831,000000,3.09,3.09,2.71,2.91,82062,0
RNLXY.US,D,20230901,000000,2.95,2.95,2.79,2.94,40682,0
RNLXY.US,D,20230905,000000,2.88,2.9,2.6026,2.72,55005,0
RNLXY.US,D,20230906,000000,2.7,2.78,2.58,2.69,23435,0
RNLXY.US,D,20230907,000000,2.584,2.7,2.5,2.52,18940,0
RNLXY.US,D,20230908,000000,2.56,2.7599,2.42,2.42,47057,0
RNLXY.US,D,20230911,000000,2.39,2.4699,2.1701,2.22,64446,0
RNLXY.US,D,20230912,000000,2.28,2.41,2.2701,2.325,24552,0
RNLXY.US,D,20230913,000000,2.41,2.41,2.11,2.13,28730,0
RNLXY.US,D,20230914,000000,2.15,2.253,1.9945,2.09,79261,0
RNLXY.US,D,20230915,000000,2.05,2.14,2.05,2.14,29181,0
RNLXY.US,D,20230918,000000,2.15,2.2899,2.04,2.12,69635,0
RNLXY.US,D,20230919,000000,2.17,2.17,2,2.05,37255,0
RNLXY.US,D,20230920,000000,2.06,2.09,2,2.09,19819,0
RNLXY.US,D,20230921,000000,1.9658,2.07,1.935,2.01,23602,0
RNLXY.US,D,20230922,000000,2.19,2.2897,2.131,2.18,40302,0
RNLXY.US,D,20230925,000000,2.2,2.2,2.03,2.05,27551,0
RNLXY.US,D,20230926,000000,2.24,2.24,1.87,1.88,42404,0
RNLXY.US,D,20230927,000000,2.075,2.1,1.73,1.96,59817,0
RNLXY.US,D,20230928,000000,1.76,1.76,1.27,1.51,389765,0
RNLXY.US,D,20230929,000000,1.56,1.6456,1.5,1.6,67671,0
RNLXY.US,D,20231002,000000,1.67,1.67,1.46,1.5,140064,0
RNLXY.US,D,20231003,000000,1.6,1.63,1.505,1.61,300679,0
RNLXY.US,D,20231004,000000,1.6,1.6,1.42,1.49,77383,0
RNLXY.US,D,20231005,000000,1.35,1.39,1.21,1.33,158541,0
RNLXY.US,D,20231006,000000,1.3,1.3,1.2199,1.23,146882,0
RNLXY.US,D,20231009,000000,1.18,1.2,1.13,1.18,35676,0
RNLXY.US,D,20231010,000000,1.2,1.2,1.09,1.16,112284,0
RNLXY.US,D,20231011,000000,1.13,1.3,1.13,1.26,111840,0
RNLXY.US,D,20231012,000000,1.3,1.34,1.14,1.19,158052,0
RNLXY.US,D,20231013,000000,1.27,1.3,1.14,1.16,44785,0
RNLXY.US,D,20231016,000000,1.22,1.33,1.22,1.27,69386,0
RNLXY.US,D,20231017,000000,1.27,1.34,1.253,1.29,83007,0
RNLXY.US,D,20231018,000000,1.22,1.26,1.17,1.25,52461,0
RNLXY.US,D,20231019,000000,1.28,1.31,1.27,1.31,121310,0
RNLXY.US,D,20231020,000000,1.29,1.44,1.18,1.21,404574,0
RNLXY.US,D,20231023,000000,1.23,1.2899,1.06,1.1,104663,0
RNLXY.US,D,20231024,000000,1.07,1.14,1.07,1.1,46118,0
RNLXY.US,D,20231025,000000,1.12,1.14,1.053,1.09,140726,0
RNLXY.US,D,20231026,000000,1.1,1.13,1.05,1.1,107499,0
RNLXY.US,D,20231027,000000,1.16,1.18,1.07,1.09,92374,0
RNLXY.US,D,20231030,000000,1.06,1.14,1.03,1.05,89263,0
RNLXY.US,D,20231031,000000,1.06,1.1195,1.02,1.04,67332,0
RNLXY.US,D,20231101,000000,1,1.0893,0.95,1.02,126464,0
RNLXY.US,D,20231102,000000,1.0564,1.0826,0.99,1.05,60536,0
RNLXY.US,D,20231103,000000,1.07,1.0864,1.03,1.04,88368,0
RNLXY.US,D,20231106,000000,1.1,1.1,1.03,1.04,18982,0
RNLXY.US,D,20231107,000000,1.09,1.09,1.02,1.06,38903,0
RNLXY.US,D,20231108,000000,1.06,1.0689,0.965,0.9705,80018,0
RNLXY.US,D,20231109,000000,0.9605,0.9605,0.8652,0.9216,59504,0
RNLXY.US,D,20231110,000000,0.92,0.9432,0.89,0.91,23440,0
RNLXY.US,D,20231113,000000,0.9282,0.9282,0.8478,0.8483,56554,0
RNLXY.US,D,20231114,000000,0.75,0.75,0.5,0.5301,605524,0
RNLXY.US,D,20231115,000000,0.57,0.61,0.5449,0.591,269883,0
RNLXY.US,D,20231116,000000,0.6,0.739899,0.5933,0.6,231834,0
RNLXY.US,D,20231117,000000,0.6531,0.6699,0.534101,0.5602,152898,0
RNLXY.US,D,20231120,000000,0.56,0.5925,0.5338,0.5525,132407,0
RNLXY.US,D,20231121,000000,0.5373,0.61,0.5085,0.5085,111658,0
RNLXY.US,D,20231122,000000,0.5512,0.5535,0.5048,0.5097,65430,0
RNLXY.US,D,20231124,000000,0.5358,0.5529,0.5,0.51,20781,0
RNLXY.US,D,20231127,000000,0.51,0.547,0.5,0.5106,62641,0
RNLXY.US,D,20231128,000000,0.5248,0.529099,0.5165,0.52,20840,0
RNLXY.US,D,20231129,000000,0.55,0.5699,0.5099,0.5099,65241,0
RNLXY.US,D,20231130,000000,0.5465,0.5465,0.45,0.475,82658,0
RNLXY.US,D,20231201,000000,0.5,0.5062,0.43,0.4457,104116,0
RNLXY.US,D,20231204,000000,0.44,0.4578,0.3966,0.401,144756,0
RNLXY.US,D,20231205,000000,0.4379,0.438,0.392,0.4115,88477,0
RNLXY.US,D,20231206,000000,0.4,0.4299,0.372,0.405,64230,0
RNLXY.US,D,20231207,000000,0.42,0.43,0.4,0.421,96460,0
RNLXY.US,D,20231208,000000,0.4304,0.47,0.43,0.44,112325,0
RNLXY.US,D,20231211,000000,0.39,0.412,0.304,0.34,237099,0
RNLXY.US,D,20231212,000000,0.365,0.4,0.358,0.365,295243,0
RNLXY.US,D,20231213,000000,0.38,0.3899,0.366,0.373,52933,0
RNLXY.US,D,20231214,000000,0.3626,0.39,0.36,0.372,51914,0
RNLXY.US,D,20231215,000000,0.37755,0.39,0.365,0.3652,65090,0
RNLXY.US,D,20231218,000000,0.3607,0.39,0.3599,0.3607,100530,0
RNLXY.US,D,20231219,000000,0.3499,0.3674,0.33,0.33,111392,0
RNLXY.US,D,20231220,000000,0.33,0.35,0.33,0.3315,60205,0
RNLXY.US,D,20231221,000000,0.33,0.35305,0.33,0.3443,75869,0
RNLXY.US,D,20231222,000000,0.355,0.461199,0.35,0.426,393723,0
RNLXY.US,D,20231226,000000,0.4473,0.6199,0.4473,0.528,673804,0
RNLXY.US,D,20231227,000000,0.6,0.6,0.4956,0.4956,175169,0
RNLXY.US,D,20231228,000000,0.49,0.495699,0.45,0.45,129398,0
RNLXY.US,D,20231229,000000,0.4553,0.465199,0.375,0.39,243190,0
RNLXY.US,D,20240102,000000,0.42,0.53,0.4095,0.425,202308,0
RNLXY.US,D,20240103,000000,0.49,0.495,0.4137,0.46,220596,0
RNLXY.US,D,20240104,000000,0.463,0.48,0.41,0.4498,136574,0
RNLXY.US,D,20240105,000000,0.4363,0.447899,0.41055,0.44,59856,0
RNLXY.US,D,20240108,000000,0.44,0.44,0.42,0.424,48264,0
RNLXY.US,D,20240109,000000,0.4242,0.432,0.4,0.403,64300,0
RNLXY.US,D,20240110,000000,0.374,0.3799,0.3371,0.3428,3264438,0
RNLXY.US,D,20240111,000000,0.3203,0.371,0.32,0.3455,679719,0
RNLXY.US,D,20240112,000000,0.345,0.3451,0.3121,0.32,205001,0
RNLXY.US,D,20240116,000000,0.3155,0.325,0.3,0.3014,164971,0
RNLXY.US,D,20240117,000000,0.29,0.3101,0.287099,0.2872,241331,0
RNLXY.US,D,20240118,000000,0.3015,0.32,0.26,0.261,204729,0
RNLXY.US,D,20240119,000000,0.266401,0.268,0.2449,0.2596,229494,0
RNLXY.US,D,20240122,000000,0.2674,0.339302,0.2504,0.3,474301,0
RNLXY.US,D,20240123,000000,0.3217,0.3217,0.28,0.29,122070,0
RNLXY.US,D,20240124,000000,0.304,0.329,0.2902,0.3199,74262,0
RNLXY.US,D,20240125,000000,0.3151,0.3211,0.3,0.311,86842,0
RNLXY.US,D,20240126,000000,0.3204,0.3299,0.3088,0.3199,45946,0
RNLXY.US,D,20240129,000000,0.3199,0.3199,0.3,0.3199,58296,0
RNLXY.US,D,20240130,000000,0.3212,0.3212,0.3119,0.32,51110,0
RNLXY.US,D,20240131,000000,0.33,0.33,0.3,0.3168,26766,0
RNLXY.US,D,20240201,000000,0.3199,0.3199,0.2999,0.2999,58923,0
RNLXY.US,D,20240202,000000,0.32,0.32,0.2837,0.3124,43116,0
RNLXY.US,D,20240205,000000,0.33,0.33,0.28,0.2841,110471,0
RNLXY.US,D,20240206,000000,0.2841,0.293,0.2505,0.2617,77683,0
RNLXY.US,D,20240207,000000,0.26,0.2848,0.26,0.275,132445,0
RNLXY.US,D,20240208,000000,0.265,0.548,0.265,0.5414,4869447,0
RNLXY.US,D,20240209,000000,0.448,0.448,0.351,0.3811,1700224,0
RNLXY.US,D,20240212,000000,0.41,2.4,0.398,1.25,52155108,0
RNLXY.US,D,20240213,000000,1.37,1.66,0.98,1.41,7376390,0
RNLXY.US,D,20240214,000000,1.19,1.38,1.07,1.21,1663258,0
RNLXY.US,D,20240215,000000,0.9,0.96,0.7,0.7853,2272455,0
RNLXY.US,D,20240216,000000,0.7774,0.86,0.712,0.8491,719782,0
RNLXY.US,D,20240220,000000,0.8,0.8,0.6898,0.75,432942,0
RNLXY.US,D,20240221,000000,0.7044,0.7237,0.6505,0.6756,207244,0
RNLXY.US,D,20240222,000000,0.6756,0.78,0.6651,0.7425,362722,0
RNLXY.US,D,20240223,000000,0.726,0.726,0.58,0.672,193534,0
RNLXY.US,D,20240226,000000,0.71,0.75,0.64,0.742,128843,0
RNLXY.US,D,20240227,000000,0.742,0.8254,0.734,0.8254,241292,0
RNLXY.US,D,20240228,000000,0.8413,0.8473,0.8,0.83,225309,0
RNLXY.US,D,20240229,000000,0.85,1.29,0.84,1.17,3416780,0
RNLXY.US,D,20240301,000000,1.13,1.22,1.01,1.04,1393357,0
RNLXY.US,D,20240304,000000,1.48,1.77,1.22,1.47,26520619,0
RNLXY.US,D,20240305,000000,1.29,1.45,1.23,1.31,1956053,0
RNLXY.US,D,20240306,000000,1.15,1.21,1.05,1.19,1397038,0
RNLXY.US,D,20240307,000000,1.11,1.1999,1.08,1.17,465041,0
RNLXY.US,D,20240308,000000,1.11,1.1399,1.03,1.09,871162,0
RNLXY.US,D,20240311,000000,1.05,1.15,1.01,1.14,596924,0
RNLXY.US,D,20240312,000000,0.8235,0.9399,0.808,0.9092,1436874,0
RNLXY.US,D,20240313,000000,0.81,0.87,0.79,0.805,765017,0
RNLXY.US,D,20240314,000000,0.831,0.94,0.83,0.879,375370,0
RNLXY.US,D,20240315,000000,0.856,0.91,0.8066,0.86,202453,0
RNLXY.US,D,20240318,000000,0.879,1.1692,0.8502,1.04,556914,0
RNLXY.US,D,20240319,000000,0.97,1.04,0.945,1,281185,0
RNLXY.US,D,20240320,000000,1,1.0099,0.91,0.91,230543,0
RNLXY.US,D,20240321,000000,0.91,0.95,0.91,0.9209,163765,0
RNLXY.US,D,20240322,000000,0.9195,1.05,0.8597,0.986651,403318,0
RNLXY.US,D,20240325,000000,0.95,0.98,0.871101,0.9066,418300,0
RNLXY.US,D,20240326,000000,0.9,0.91,0.871,0.8836,162128,0
RNLXY.US,D,20240327,000000,0.88,0.939,0.88,0.91,170514,0
RNLXY.US,D,20240328,000000,0.91,0.93,0.79,0.86,380765,0
RNLXY.US,D,20240401,000000,0.87,0.8789,0.8101,0.8253,235864,0
RNLXY.US,D,20240402,000000,0.82,0.86,0.81,0.85,149660,0
RNLXY.US,D,20240403,000000,0.8,0.858,0.7624,0.8089,177543,0
RNLXY.US,D,20240404,000000,0.8002,0.83,0.77,0.7836,177760,0
RNLXY.US,D,20240405,000000,0.77,0.839,0.77,0.8,388892,0
RNLXY.US,D,20240408,000000,0.7857,0.8399,0.781,0.801,60293,0
RNLXY.US,D,20240409,000000,0.8158,0.88,0.81,0.849,170626,0
RNLXY.US,D,20240410,000000,0.849,0.86,0.811,0.8536,54457,0
RNLXY.US,D,20240411,000000,0.8436,0.929,0.8289,0.928,291978,0
RNLXY.US,D,20240412,000000,0.9276,0.94,0.87,0.8929,90347,0
RNLXY.US,D,20240415,000000,0.91,0.91,0.832,0.8426,123260,0
RNLXY.US,D,20240416,000000,0.84,0.84,0.79,0.8245,83529,0
RNLXY.US,D,20240417,000000,0.8529,0.885,0.81,0.83,123750,0
RNLXY.US,D,20240418,000000,0.83,0.83,0.73,0.784999,209438,0
RNLXY.US,D,20240419,000000,0.782292,0.81,0.771,0.802,28126,0
RNLXY.US,D,20240422,000000,0.8,0.81,0.68,0.7465,204760,0
RNLXY.US,D,20240423,000000,0.7472,0.7472,0.69745,0.6995,201367,0
RNLXY.US,D,20240424,000000,0.7,0.7079,0.62,0.6358,321064,0
RNLXY.US,D,20240425,000000,0.6401,0.6401,0.6201,0.6242,202514,0
RNLXY.US,D,20240426,000000,0.669,0.669,0.59,0.6288,618408,0
RNLXY.US,D,20240429,000000,0.64,0.693301,0.64,0.676,484911,0
RNLXY.US,D,20240430,000000,0.6899,0.7166,0.650635,0.6929,564507,0
RNLXY.US,D,20240501,000000,0.69,0.8,0.69,0.79,251363,0
RNLXY.US,D,20240502,000000,0.7792,0.89,0.729999,0.759,532732,0
RNLXY.US,D,20240503,000000,0.7711,0.798,0.631,0.7001,217898,0
RNLXY.US,D,20240506,000000,0.7099,0.7099,0.67,0.6899,161878,0
RNLXY.US,D,20240507,000000,0.68,0.7379,0.68,0.6911,237624,0
RNLXY.US,D,20240508,000000,0.69,0.6911,0.6405,0.641,216592,0
RNLXY.US,D,20240509,000000,0.6452,0.6518,0.621,0.6334,180198,0
RNLXY.US,D,20240510,000000,0.6343,0.6343,0.6075,0.617,238100,0
RNLXY.US,D,20240513,000000,0.62,0.622,0.61,0.6191,86994,0
RNLXY.US,D,20240514,000000,0.63,0.6733,0.6298,0.665,118621,0
RNLXY.US,D,20240515,000000,0.665,0.68,0.5116,0.567,875560,0
RNLXY.US,D,20240516,000000,0.588,0.599,0.577,0.5889,122208,0
RNLXY.US,D,20240517,000000,0.588,0.588,0.51,0.5131,384352,0
RNLXY.US,D,20240520,000000,0.5199,0.5199,0.512,0.5157,111473,0
RNLXY.US,D,20240521,000000,0.5189,0.5189,0.4351,0.4356,267459,0
RNLXY.US,D,20240522,000000,0.45,0.4524,0.423,0.4381,198999,0
RNLXY.US,D,20240523,000000,0.435,0.436,0.384998,0.3918,468604,0
RNLXY.US,D,20240524,000000,0.409,0.4274,0.3918,0.425308,120792,0
RNLXY.US,D,20240528,000000,0.464,0.4649,0.4011,0.4301,249954,0
RNLXY.US,D,20240529,000000,0.4206,0.439,0.3911,0.4047,186104,0
RNLXY.US,D,20240530,000000,0.4149,0.4149,0.3497,0.3601,552234,0
RNLXY.US,D,20240531,000000,0.3639,0.4148,0.36,0.4148,197844,0
RNLXY.US,D,20240603,000000,0.436,0.4402,0.42,0.4337,158365,0
RNLXY.US,D,20240604,000000,0.43,0.4606,0.4135,0.4511,178010,0
RNLXY.US,D,20240605,000000,0.46,0.4725,0.43,0.4666,276365,0
RNLXY.US,D,20240606,000000,0.4124,0.4899,0.4001,0.4559,351380,0
RNLXY.US,D,20240607,000000,0.463,0.463,0.4501,0.451,77391,0
RNLXY.US,D,20240610,000000,0.464,0.4674,0.44875,0.4674,69121,0
RNLXY.US,D,20240611,000000,0.4636,0.4755,0.4621,0.4739,48488,0
RNLXY.US,D,20240612,000000,0.46,0.4723,0.4571,0.4599,112390,0
RNLXY.US,D,20240613,000000,0.46,0.4745,0.4502,0.468799,127097,0
RNLXY.US,D,20240614,000000,0.5255,0.5933,0.48,0.5079,1865372,0
RNLXY.US,D,20240617,000000,0.5074,0.5074,0.4324,0.4592,388670,0
RNLXY.US,D,20240618,000000,0.4697,0.5124,0.45,0.4985,244814,0
RNLXY.US,D,20240620,000000,0.5,0.5,0.4751,0.477,125540,0
RNLXY.US,D,20240621,000000,0.4772,0.4774,0.4471,0.4522,128656,0
RNLXY.US,D,20240624,000000,0.4536,0.4649,0.4501,0.4571,59093,0
RNLXY.US,D,20240625,000000,0.43,0.43,0.35,0.3524,692978,0
RNLXY.US,D,20240626,000000,0.35,0.3524,0.25,0.2503,1430886,0
RNLXY.US,D,20240627,000000,0.274,0.28,0.255,0.2591,599083,0
RNLXY.US,D,20240628,000000,0.256,0.281,0.22,0.231,863873,0
RNLXY.US,D,20240701,000000,0.2449,0.2574,0.237201,0.2509,267027,0
RNLXY.US,D,20240702,000000,0.2574,0.2658,0.2511,0.2528,204225,0
RNLXY.US,D,20240703,000000,0.253,0.2549,0.248,0.2499,91841,0
RNLXY.US,D,20240705,000000,0.2657,0.2657,0.2345,0.2571,363386,0
RNLXY.US,D,20240708,000000,0.2488,0.27459,0.2488,0.2734,148630,0
RNLXY.US,D,20240709,000000,0.2799,0.289,0.2681,0.289,255711,0
RNLXY.US,D,20240710,000000,0.29,0.3059,0.2844,0.3019,180019,0
RNLXY.US,D,20240711,000000,0.458,0.4869,0.3025,0.3714,85313305,0
RNLXY.US,D,20240712,000000,0.328,0.374,0.2906,0.349,5121459,0
RNLXY.US,D,20240715,000000,0.3208,0.3399,0.28,0.33,2176280,0
RNLXY.US,D,20240716,000000,0.315,0.3489,0.299,0.3439,1486379,0
RNLXY.US,D,20240717,000000,0.322,0.3444,0.322,0.3302,532812,0
RNLXY.US,D,20240718,000000,0.3315,0.3315,0.295,0.3075,604124,0
RNLXY.US,D,20240719,000000,0.3,0.3129,0.2916,0.2927,322566,0
RNLXY.US,D,20240722,000000,0.3015,0.3077,0.2815,0.2987,511335,0
RNLXY.US,D,20240723,000000,0.2946,0.3082,0.29,0.3064,441060,0
RNLXY.US,D,20240724,000000,0.3,0.3062,0.2903,0.294,286163,0
RNLXY.US,D,20240725,000000,0.284,0.307,0.284,0.3047,137305,0
RNLXY.US,D,20240726,000000,0.30635,0.37,0.30635,0.3515,1036777,0
RNLXY.US,D,20240729,000000,0.37,0.4797,0.3605,0.4101,5472566,0
RNLXY.US,D,20240730,000000,0.46,0.4635,0.3881,0.4315,1480435,0
RNLXY.US,D,20240731,000000,0.4314,0.4982,0.42,0.45,1631212,0
RNLXY.US,D,20240801,000000,0.48,0.489,0.405,0.4154,755892,0
RNLXY.US,D,20240802,000000,0.36,0.41,0.312,0.3852,1002327,0
RNLXY.US,D,20240805,000000,0.328,0.3673,0.3,0.351,781801,0
RNLXY.US,D,20240806,000000,0.37,0.38,0.3341,0.37,360421,0
RNLXY.US,D,20240807,000000,0.37,0.40255,0.3511,0.3562,233920,0
RNLXY.US,D,20240808,000000,0.38,0.384,0.352,0.3583,261461,0
RNLXY.US,D,20240809,000000,0.38,0.407,0.37215,0.37215,293880,0
RNLXY.US,D,20240812,000000,0.38,0.387,0.3578,0.3761,140438,0
RNLXY.US,D,20240813,000000,0.387,0.4138,0.3831,0.4098,204126,0
RNLXY.US,D,20240814,000000,0.418,0.42,0.3511,0.361,236116,0
RNLXY.US,D,20240815,000000,0.36,0.3994,0.36,0.37,138207,0
RNLXY.US,D,20240816,000000,0.379,0.39,0.3638,0.3831,121046,0
RNLXY.US,D,20240819,000000,0.398,0.4149,0.365,0.4062,240797,0
RNLXY.US,D,20240820,000000,0.3576,0.36,0.3104,0.3122,1096314,0
RNLXY.US,D,20240821,000000,0.3045,0.3398,0.2753,0.3398,449202,0
RNLXY.US,D,20240822,000000,0.34,0.3528,0.33,0.3399,200992,0
RNLXY.US,D,20240823,000000,0.34,0.357,0.321,0.323,189035,0
RNLXY.US,D,20240826,000000,0.32,0.349899,0.32,0.34,102788,0
RNLXY.US,D,20240827,000000,0.34,0.344,0.33,0.3302,136669,0
RNLXY.US,D,20240828,000000,0.346,0.346,0.321,0.321,58250,0
RNLXY.US,D,20240829,000000,0.3206,0.3349,0.291301,0.2926,277622,0
RNLXY.US,D,20240830,000000,0.306,0.318542,0.26,0.314,15132707,0
RNLXY.US,D,20240903,000000,0.285,0.2881,0.26235,0.28,1069304,0
RNLXY.US,D,20240904,000000,0.28,0.3239,0.25,0.295,865296,0
RNLXY.US,D,20240905,000000,0.2955,0.3025,0.2835,0.288,236392,0
RNLXY.US,D,20240906,000000,0.29,0.2993,0.2811,0.2993,228335,0
RNLXY.US,D,20240909,000000,0.2816,0.315,0.281,0.281,672842,0
RNLXY.US,D,20240910,000000,0.291,0.2967,0.2813,0.2843,105143,0
RNLXY.US,D,20240911,000000,0.29,0.305,0.28,0.299,355734,0
RNLXY.US,D,20240912,000000,0.3,0.3026,0.2707,0.2798,300491,0
RNLXY.US,D,20240913,000000,0.28,0.2917,0.276,0.2917,121366,0
RNLXY.US,D,20240916,000000,0.295,0.295,0.2778,0.2805,244937,0
RNLXY.US,D,20240917,000000,0.2901,0.2945,0.2861,0.2896,72835,0
RNLXY.US,D,20240918,000000,0.2964,0.2964,0.2781,0.2907,97735,0
RNLXY.US,D,20240919,000000,0.2918,0.2999,0.2822,0.2938,70555,0
RNLXY.US,D,20240920,000000,0.2911,0.2989,0.2813,0.2848,102947,0
RNLXY.US,D,20240923,000000,0.2818,0.2818,0.2601,0.2626,236372,0
RNLXY.US,D,20240924,000000,0.29,0.29,0.2647,0.2824,230172,0
RNLXY.US,D,20240925,000000,0.289,0.2898,0.26,0.2617,104634,0
RNLXY.US,D,20240926,000000,0.2647,0.2785,0.262,0.2667,155677,0
RNLXY.US,D,20240927,000000,0.27,0.2798,0.26,0.2618,179517,0
RNLXY.US,D,20240930,000000,0.261,0.27,0.2065,0.2091,916301,0
RNLXY.US,D,20241001,000000,0.245,0.25,0.2107,0.213,439451,0
RNLXY.US,D,20241002,000000,0.2,0.2099,0.1833,0.1911,657164,0
RNLXY.US,D,20241003,000000,0.1868,0.1949,0.18,0.182,439887,0
RNLXY.US,D,20241004,000000,0.189,0.2,0.176,0.196,284561,0
RNLXY.US,D,20241007,000000,0.2098,0.225,0.19,0.2071,934496,0
