<TICKER>,<PER>,<DATE>,<TIME>,<OPEN>,<HIGH>,<LOW>,<CLOSE>,<VOL>,<OPENINT>
SARK.US,D,20211110,000000,22.1972,22.7227,21.7925,22.4693,103643.96728733,0
SARK.US,D,20211111,000000,22.2612,22.4245,22.0737,22.3918,38799.594308566,0
SARK.US,D,20211112,000000,22.3251,22.5026,22.1547,22.2644,83287.242096581,0
SARK.US,D,20211115,000000,22.4316,22.4742,22.034,22.2967,89102.041011324,0
SARK.US,D,20211116,000000,22.7583,22.7583,22.0197,22.0765,106238.023863,0
SARK.US,D,20211117,000000,22.1192,22.5239,22.1192,22.4316,37854.636674323,0
SARK.US,D,20211118,000000,22.3677,23.092,22.2824,22.9287,118818.21245719,0
SARK.US,D,20211119,000000,22.8647,23.1417,22.6731,23.1013,157775.53441856,0
SARK.US,D,20211122,000000,23.0422,24.221,23.028,23.9434,361604.72689233,0
SARK.US,D,20211123,000000,24.15,25.3429,24.0008,24.6399,1574931.7375439,0
SARK.US,D,20211124,000000,24.8956,25.1015,24.0648,24.1571,1138178.2337834,0
SARK.US,D,20211126,000000,24.1713,24.4268,23.6103,24.1784,850311.18457959,0
SARK.US,D,20211129,000000,23.8091,24.7536,23.7026,24.3133,618309.2984053,0
SARK.US,D,20211130,000000,24.4624,24.995,23.8091,24.553,673147.82340896,0
SARK.US,D,20211201,000000,24.1429,26.2305,24.1216,26.2305,1132039.5298674,0
SARK.US,D,20211202,000000,26.3299,26.8199,25.5062,26.1524,1485353.6970089,0
SARK.US,D,20211203,000000,26.2944,28.1051,26.2093,27.5158,2478604.1586646,0
SARK.US,D,20211206,000000,27.9774,28.9501,27.0613,27.0826,1408937.4657878,0
SARK.US,D,20211207,000000,26.2305,26.2305,25.2435,25.5418,1381187.2568716,0
SARK.US,D,20211208,000000,25.3571,26.0672,24.6044,24.7891,757306.79244383,0
SARK.US,D,20211209,000000,24.9453,26.1737,24.7252,26.1382,1620743.1709893,0
SARK.US,D,20211210,000000,25.7619,26.6992,25.3003,26.4506,1689043.4695038,0
SARK.US,D,20211213,000000,26.6921,27.5299,26.2873,26.9619,1516223.2519159,0
SARK.US,D,20211214,000000,27.6791,27.8212,26.7418,27.253,1312264.4974416,0
SARK.US,D,20211215,000000,27.3383,28.2755,26.5217,26.6353,2130652.7317186,0
SARK.US,D,20211216,000000,26.2731,27.9916,26.1595,27.6862,1850017.2137396,0
SARK.US,D,20211217,000000,28.0625,28.3537,25.9607,26.0175,1839881.803764,0
SARK.US,D,20211220,000000,26.6282,27.0755,26.2376,26.6992,780513.88164608,0
SARK.US,D,20211221,000000,26.2305,26.7702,25.634,25.6482,766521.18558967,0
SARK.US,D,20211222,000000,25.8187,26.0955,25.279,25.7477,289430.24290576,0
SARK.US,D,20211223,000000,25.6411,26.2447,25.3003,25.492,311431.8421901,0
SARK.US,D,20211227,000000,25.5489,25.9606,25.4565,25.911,217634.58694245,0
SARK.US,D,20211228,000000,25.9891,26.4223,25.4494,26.4152,602998.44982185,0
SARK.US,D,20211229,000000,26.4506,27.0329,26.3157,26.6708,699250.34166634,0
SARK.US,D,20211230,000000,26.9122,26.9122,25.4069,26.1169,506125.50534442,0
SARK.US,D,20211231,000000,25.9607,26.4506,25.5631,26.3726,328579.09130268,0
SARK.US,D,20220103,000000,25.9394,26.7025,25.634,25.6482,379926.48370531,0
SARK.US,D,20220104,000000,25.5844,27.4235,25.5844,26.7347,955481.7302209,0
SARK.US,D,20220105,000000,27.04,28.8011,26.6921,28.73,2109075.0255012,0
SARK.US,D,20220106,000000,28.9004,29.8945,28.1762,28.9288,2616539.8076118,0
SARK.US,D,20220107,000000,28.9359,29.4543,27.8354,29.2484,1279503.6189835,0
SARK.US,D,20220110,000000,29.8307,30.7395,29.1135,29.2129,2521272.3053148,0
SARK.US,D,20220111,000000,29.3904,29.6063,28.1336,28.3679,1195558.7089059,0
SARK.US,D,20220112,000000,27.9063,29.2484,27.4803,29.1632,1292618.9549711,0
SARK.US,D,20220113,000000,28.8508,30.7395,28.8508,30.704,2484431.6321229,0
SARK.US,D,20220114,000000,30.9242,31.6627,30.1147,30.5691,2827497.7266796,0
SARK.US,D,20220118,000000,31.2438,31.8757,30.3987,31.8331,2585302.6909425,0
SARK.US,D,20220119,000000,31.5917,32.3656,30.7253,32.323,2433689.8012444,0
SARK.US,D,20220120,000000,31.6828,32.3799,30.0862,32.2734,2978309.3035701,0
SARK.US,D,20220121,000000,32.7984,34.0202,32.0128,33.9775,4102986.3319295,0
SARK.US,D,20220124,000000,35.483,37.1587,33.0261,33.1609,10088428.259338,0
SARK.US,D,20220125,000000,34.0266,35.064,32.7207,34.2474,5193871.618957,0
SARK.US,D,20220126,000000,33.0474,35.3977,32.3088,35.135,4082373.2993029,0
SARK.US,D,20220127,000000,34.2616,36.6759,34.2616,36.4558,3671284.3379068,0
SARK.US,D,20220128,000000,36.6688,37.67,34.7302,35.0498,6599717.9044063,0
SARK.US,D,20220131,000000,34.4746,34.5385,31.7266,31.7763,4847800.2493013,0
SARK.US,D,20220201,000000,31.1017,32.6639,30.8887,31.0591,4352470.6384786,0
SARK.US,D,20220202,000000,30.8461,33.1396,30.7687,32.6497,5496884.7476784,0
SARK.US,D,20220203,000000,33.9988,34.5421,33.1112,34.4675,5629511.1711696,0
SARK.US,D,20220204,000000,34.1264,34.8723,32.1384,32.6355,4951214.6665225,0
SARK.US,D,20220207,000000,32.5645,33.0185,31.2509,32.7065,3037934.58118,0
SARK.US,D,20220208,000000,32.9976,33.6005,32.5289,32.6923,2999460.3001554,0
SARK.US,D,20220209,000000,32.11,32.1881,31.0023,31.0023,4160728.735684,0
SARK.US,D,20220210,000000,31.7962,32.2734,30.1431,31.9254,7309995.0989432,0
SARK.US,D,20220211,000000,31.8047,33.232,30.9222,32.7846,4953190.4870304,0
SARK.US,D,20220214,000000,32.8485,33.3882,31.7551,33.0189,3545040.251224,0
SARK.US,D,20220215,000000,32.1526,32.6208,31.1656,31.2438,3726891.7852179,0
SARK.US,D,20220216,000000,31.7905,32.6994,31.7905,32.181,2873764.0354096,0
SARK.US,D,20220217,000000,32.7704,34.4817,32.6284,34.3255,4692238.5351524,0
SARK.US,D,20220218,000000,34.8439,36.3847,34.5251,35.9232,7184936.7862217,0
SARK.US,D,20220222,000000,36.6946,37.0941,35.1268,36.7043,5725251.856425,0
SARK.US,D,20220223,000000,36.2072,38.167,35.8948,38.0961,4241882.4296198,0
SARK.US,D,20220224,000000,40.2441,40.2441,34.993,35.1847,8021305.9729191,0
SARK.US,D,20220225,000000,34.7125,36.0865,34.0628,34.0841,4069590.3180122,0
SARK.US,D,20220228,000000,33.942,34.2119,32.2095,32.6355,3815326.30027,0
SARK.US,D,20220301,000000,32.7491,34.0059,32.2876,33.7007,4543487.2757268,0
SARK.US,D,20220302,000000,33.5799,35.2344,33.5799,33.9917,2970159.5720807,0
SARK.US,D,20220303,000000,33.8711,36.4703,33.7929,36.1859,3241427.194109,0
SARK.US,D,20220304,000000,36.2996,38.2025,35.5681,37.9612,3011503.9330734,0
SARK.US,D,20220307,000000,37.5706,39.3245,36.6974,39.2322,3272275.6247767,0
SARK.US,D,20220308,000000,39.36,40.5103,37.1729,38.8416,3493756.2315391,0
SARK.US,D,20220309,000000,37.5776,37.7126,36.3209,36.9031,2743830.2482772,0
SARK.US,D,20220310,000000,37.5209,38.9907,37.5209,38.1174,2508652.6848074,0
SARK.US,D,20220311,000000,37.6061,40.8227,37.6061,40.6523,2930978.3331836,0
SARK.US,D,20220314,000000,41.0926,43.2441,40.3541,43.0382,4433351.1255872,0
SARK.US,D,20220315,000000,42.6051,43.4004,41.05,41.3056,3558717.4919748,0
SARK.US,D,20220316,000000,40.1269,40.2405,37.1126,37.1162,8041217.6808037,0
SARK.US,D,20220317,000000,37.4214,37.9473,35.2167,35.2628,4551600.3918682,0
SARK.US,D,20220318,000000,35.6392,35.6392,33.5018,33.6367,6804668.0898411,0
SARK.US,D,20220321,000000,33.9775,35.2273,33.3811,34.5243,6225230.2081577,0
SARK.US,D,20220322,000000,34.5314,34.6024,32.5503,32.9053,5580807.1252341,0
SARK.US,D,20220323,000000,33.5018,33.9917,32.2592,33.4947,6018100.0012359,0
SARK.US,D,20220324,000000,33.1965,34.6895,33.1112,33.1112,4233708.757326,0
SARK.US,D,20220325,000000,33.2391,34.6166,33.1042,34.0912,5236008.8430617,0
SARK.US,D,20220328,000000,33.6509,34.077,32.5645,32.7207,4859253.811804,0
SARK.US,D,20220329,000000,32.0177,32.2805,30.2916,30.5976,6650663.9362639,0
SARK.US,D,20220330,000000,30.9881,31.9822,30.3703,31.7337,6826955.5704961,0
SARK.US,D,20220331,000000,31.8544,32.8628,31.7621,32.8485,4124693.6001475,0
SARK.US,D,20220401,000000,32.6213,32.8485,31.6982,32.2095,5058720.1447384,0
SARK.US,D,20220404,000000,31.8828,32.0033,30.6474,30.8106,4179326.5158893,0
SARK.US,D,20220405,000000,30.9597,32.6852,30.7395,32.5787,5950846.0567039,0
SARK.US,D,20220406,000000,33.4095,34.7941,33.232,34.0415,7925306.1636625,0
SARK.US,D,20220407,000000,34.1835,35.5672,33.3242,34.3823,5101162.9661703,0
SARK.US,D,20220408,000000,34.8226,35.6747,34.4746,35.5256,4168602.443781,0
SARK.US,D,20220411,000000,36.3989,36.9954,35.4474,35.9303,4512954.3003646,0
SARK.US,D,20220412,000000,34.9007,36.2996,33.942,35.98,4595396.5728926,0
SARK.US,D,20220413,000000,36.1646,36.4913,34.6166,34.8936,3318322.2414188,0
SARK.US,D,20220414,000000,34.8581,36.4572,34.8581,36.4202,3236061.6373482,0
SARK.US,D,20220418,000000,36.6688,38.0392,36.4629,37.3505,2784252.1841575,0
SARK.US,D,20220419,000000,37.528,37.6913,35.3771,35.7882,3123276.507611,0
SARK.US,D,20220420,000000,36.1292,37.9895,36.1007,37.9895,3960763.8707041,0
SARK.US,D,20220421,000000,36.8818,40.1553,36.2356,39.8002,5480368.409177,0
SARK.US,D,20220422,000000,39.8002,40.7858,38.657,40.4677,4891721.7674782,0
SARK.US,D,20220425,000000,40.8156,40.9009,38.8487,39.0831,5237373.468915,0
SARK.US,D,20220426,000000,39.4523,41.7388,39.1754,41.6891,5051361.8680783,0
SARK.US,D,20220427,000000,41.8453,42.669,40.7092,42.5767,4640802.4209452,0
SARK.US,D,20220428,000000,43.1163,45.7365,42.5625,43.1945,5389189.1513095,0
SARK.US,D,20220429,000000,43.443,44.7424,41.0277,44.5933,4425606.9794908,0
SARK.US,D,20220502,000000,45.0336,45.4242,41.8595,41.8808,5355984.6638279,0
SARK.US,D,20220503,000000,42.4346,42.6335,40.6026,42.1506,3886581.1757094,0
SARK.US,D,20220504,000000,42.1364,44.0891,39.6511,39.8855,5717869.6389605,0
SARK.US,D,20220505,000000,41.0074,44.0494,40.8548,43.4643,6166837.1778354,0
SARK.US,D,20220506,000000,43.5779,46.8869,43.5307,45.3389,8422000.4003384,0
SARK.US,D,20220509,000000,46.823,50.1461,45.9425,49.7272,6938476.0624457,0
SARK.US,D,20220510,000000,47.5402,52.7167,46.12,49.9473,6887293.4391089,0
SARK.US,D,20220511,000000,52.0066,55.2446,49.8906,54.9606,9105545.5742893,0
SARK.US,D,20220512,000000,56.4482,57.666,49.3374,51.8362,9349543.2117728,0
SARK.US,D,20220513,000000,48.9674,48.9958,44.8631,45.6301,8764369.3950011,0
SARK.US,D,20220516,000000,46.0987,48.3496,45.2111,48.2574,5233171.1535937,0
SARK.US,D,20220517,000000,46.2408,48.6692,45.4526,45.8289,5341817.3407272,0
SARK.US,D,20220518,000000,46.8727,48.094,45.069,47.7603,6218404.2623259,0
SARK.US,D,20220519,000000,47.739,48.3639,44.3874,45.6655,5856358.7429752,0
SARK.US,D,20220520,000000,44.7566,48.9887,44.1673,46.2833,6138087.0882629,0
SARK.US,D,20220523,000000,46.1981,48.1437,45.836,46.5816,4331467.5115678,0
SARK.US,D,20220524,000000,47.7745,50.5509,47.5757,49.784,6861435.9620264,0
SARK.US,D,20220525,000000,50.0397,50.0468,47.0289,47.6041,4460878.8258504,0
SARK.US,D,20220526,000000,47.8669,48.2361,45.2395,45.765,3791061.5908244,0
SARK.US,D,20220527,000000,44.9199,45.1614,42.6548,42.6548,5144783.1118679,0
SARK.US,D,20220531,000000,42.7329,44.7424,42.0938,43.9329,5925181.5143396,0
SARK.US,D,20220601,000000,43.9116,46.1981,43.01,45.5946,6145008.7973126,0
SARK.US,D,20220602,000000,45.2963,45.8005,41.6606,42.2287,6486842.6445818,0
SARK.US,D,20220603,000000,43.6063,44.7424,42.8891,44.3874,4716704.629012,0
SARK.US,D,20220606,000000,43.0453,44.9006,42.6761,44.0182,3049310.6881389,0
SARK.US,D,20220607,000000,44.9839,45.5093,42.6903,42.7116,3337725.5592796,0
SARK.US,D,20220608,000000,42.6832,42.7826,40.695,41.5542,4146688.1580187,0
SARK.US,D,20220609,000000,42.0228,44.1247,41.5542,44.1247,4475361.6042566,0
SARK.US,D,20220610,000000,45.7473,47.5259,44.9555,47.1496,7381982.2813421,0
SARK.US,D,20220613,000000,50.061,51.7431,49.287,51.3675,7892993.1190757,0
SARK.US,D,20220614,000000,50.4089,52.6113,49.9616,50.629,4122945.921423,0
SARK.US,D,20220615,000000,50.0326,50.4231,46.468,47.4621,5674848.013374,0
SARK.US,D,20220616,000000,49.571,50.9556,49.1059,50.1746,5982859.1370938,0
SARK.US,D,20220617,000000,49.9402,49.9402,47.2278,47.9094,4516158.1433123,0
SARK.US,D,20220621,000000,46.3898,46.4786,43.9045,45.7792,5484241.1863666,0
SARK.US,D,20220622,000000,46.6313,47.0075,43.9116,45.062,4924813.5923508,0
SARK.US,D,20220623,000000,44.5791,45.3318,41.5684,41.8098,5759140.7692573,0
SARK.US,D,20220624,000000,41.1174,41.8524,39.9282,40.1553,4359524.726094,0
SARK.US,D,20220627,000000,40.0772,42.037,39.6937,40.9648,5139947.0693701,0
SARK.US,D,20220628,000000,40.9967,43.514,40.4748,43.372,6486951.0823431,0
SARK.US,D,20220629,000000,43.6915,44.8773,43.3016,44.0962,5774798.0553639,0
SARK.US,D,20220630,000000,44.8844,46.6029,44.5578,45.7365,6311367.8142658,0
SARK.US,D,20220701,000000,45.243,45.6088,43.5538,44.3164,4478378.1456165,0
SARK.US,D,20220705,000000,44.9484,45.8271,40.1837,40.2902,6169742.4648688,0
SARK.US,D,20220706,000000,40.134,41.4334,39.2677,41.0642,3196833.9251248,0
SARK.US,D,20220707,000000,40.7731,41.185,38.2736,38.4156,4243335.7772778,0
SARK.US,D,20220708,000000,39.36,39.5802,37.3008,38.3446,5243334.7292216,0
SARK.US,D,20220711,000000,38.8629,41.0784,38.6286,41.0074,4582537.5443407,0
SARK.US,D,20220712,000000,40.4109,41.9092,39.4097,40.4038,5388880.737417,0
SARK.US,D,20220713,000000,41.9518,42.1578,39.5653,40.5601,4856613.281902,0
SARK.US,D,20220714,000000,40.9364,42.1933,40.6807,41.4689,5017433.5233328,0
SARK.US,D,20220715,000000,40.8654,42.2926,40.3684,40.4393,3272933.2927577,0
SARK.US,D,20220718,000000,39.4026,40.8583,38.5434,40.5885,4262127.900484,0
SARK.US,D,20220719,000000,39.8997,41.0855,38.8274,38.9269,3828624.7129975,0
SARK.US,D,20220720,000000,38.5718,38.674,36.1149,36.9599,7793113.4912167,0
SARK.US,D,20220721,000000,37.2439,37.4499,36.0226,36.2853,5553856.8208428,0
SARK.US,D,20220722,000000,36.3138,38.6286,35.9586,38.2736,5292134.5383749,0
SARK.US,D,20220725,000000,38.5079,39.4807,38.2736,38.7138,3250438.7945583,0
SARK.US,D,20220726,000000,39.4807,40.631,39.4807,40.5956,3520267.1517546,0
SARK.US,D,20220727,000000,39.5304,40.1198,37.599,37.7907,3954644.8827446,0
SARK.US,D,20220728,000000,38.1812,39.6866,37.4143,38.0605,4920402.8512026,0
SARK.US,D,20220729,000000,39.1051,39.8002,38.7476,38.9127,3420367.8079389,0
SARK.US,D,20220801,000000,39.3529,39.8357,37.5919,38.4013,3882433.7834101,0
SARK.US,D,20220802,000000,38.9836,39.076,36.7057,37.4428,3287275.2429024,0
SARK.US,D,20220803,000000,36.5693,36.6262,34.851,35.135,5176617.3403657,0
SARK.US,D,20220804,000000,34.7232,35.6107,34.1196,34.8154,4592050.4934008,0
SARK.US,D,20220805,000000,36.0013,36.3067,34.3539,34.9149,5535132.2952022,0
SARK.US,D,20220808,000000,34.4533,34.709,33.2107,34.3326,3673560.1226116,0
SARK.US,D,20220809,000000,34.8865,36.6675,34.8723,36.2143,4223029.7502612,0
SARK.US,D,20220810,000000,34.4249,35.4403,33.5018,33.587,6239027.1529307,0
SARK.US,D,20220811,000000,33.0545,34.787,32.0604,34.6308,8926693.682264,0
SARK.US,D,20220812,000000,34.077,34.6521,33.1396,33.2036,5716413.4747372,0
SARK.US,D,20220815,000000,33.4166,33.729,32.7775,33.0545,3846723.9611574,0
SARK.US,D,20220816,000000,33.168,34.8709,33.0971,33.9775,6196827.964391,0
SARK.US,D,20220817,000000,34.8012,35.8948,34.4462,35.8025,5943370.8925868,0
SARK.US,D,20220818,000000,35.7598,36.7038,35.7598,36.1433,4800593.2077849,0
SARK.US,D,20220819,000000,37.1233,38.4653,37.0309,38.302,5710573.3267354,0
SARK.US,D,20220822,000000,38.9624,39.5233,38.2314,39.1825,5831601.1346145,0
SARK.US,D,20220823,000000,39.4452,39.9849,38.3304,39.4026,5277037.7487488,0
SARK.US,D,20220824,000000,39.2606,39.6511,37.8191,38.444,3898878.2994981,0
SARK.US,D,20220825,000000,37.9186,38.515,37.2866,37.2866,4353363.4896562,0
SARK.US,D,20220826,000000,37.5067,39.7364,37.3505,39.7222,6746235.6276056,0
SARK.US,D,20220829,000000,40.5743,40.6097,39.1895,40.3755,5667570.008823,0
SARK.US,D,20220830,000000,39.7931,41.2417,39.3032,40.553,5898283.3164051,0
SARK.US,D,20220831,000000,39.6866,40.9577,39.2322,40.5743,4340153.7987333,0
SARK.US,D,20220901,000000,41.2559,42.598,40.6523,40.6523,5958600.0607786,0
SARK.US,D,20220902,000000,40.0132,42.0654,39.8855,41.7743,6049155.449448,0
SARK.US,D,20220906,000000,41.682,42.9957,41.5897,42.4063,5365259.6131261,0
SARK.US,D,20220907,000000,42.6122,42.7613,40.7589,40.8085,7846066.3257996,0
SARK.US,D,20220908,000000,41.5968,41.8382,39.644,39.6937,5939941.7244208,0
SARK.US,D,20220909,000000,38.9695,39.0262,37.7346,37.9114,6098211.566037,0
SARK.US,D,20220912,000000,37.6629,38.0819,37.0096,37.038,5183178.5290662,0
SARK.US,D,20220913,000000,39.1825,39.6582,38.7128,39.4949,7233447.897439,0
SARK.US,D,20220914,000000,39.3955,40.1695,38.3871,38.4369,5782833.7159615,0
SARK.US,D,20220915,000000,38.9198,38.976,36.8676,37.5776,7390274.2493755,0
SARK.US,D,20220916,000000,38.5789,39.7719,38.5505,39.2677,6210212.2823581,0
SARK.US,D,20220919,000000,39.8499,40.6239,39.3884,39.4878,4504614.4507223,0
SARK.US,D,20220920,000000,39.9778,40.489,39.36,40.3328,4760969.7681469,0
SARK.US,D,20220921,000000,40.1979,41.4405,39.0973,41.4051,6897814.7185209,0
SARK.US,D,20220922,000000,41.7672,43.3933,41.5116,43.1803,5420820.5871109,0
SARK.US,D,20220923,000000,43.9258,44.927,43.1732,44.0891,5901671.6443752,0
SARK.US,D,20220926,000000,44.1104,44.6657,42.5483,44.6147,5229449.062644,0
SARK.US,D,20220927,000000,43.1163,44.501,42.3992,43.6205,6106238.7769389,0
SARK.US,D,20220928,000000,43.3436,43.6205,41.2737,41.5044,5533329.6934558,0
SARK.US,D,20220929,000000,42.4772,44.3093,42.3068,43.7554,5554844.0269556,0
SARK.US,D,20220930,000000,43.8477,44.1595,41.9234,43.9329,7022437.8719145,0
SARK.US,D,20221003,000000,43.5495,44.9484,43.1163,43.6347,5148441.8301,0
SARK.US,D,20221004,000000,42.1649,42.172,40.3044,40.4748,6827190.7536927,0
SARK.US,D,20221005,000000,41.4263,42.5128,40.8945,41.1423,4581354.5869447,0
SARK.US,D,20221006,000000,41.1921,41.8311,40.1979,40.9861,3894153.5113268,0
SARK.US,D,20221007,000000,42.0938,43.9045,42.0228,43.6844,4232932.7936055,0
SARK.US,D,20221010,000000,43.6418,45.6585,43.6205,45.1117,3803513.6257006,0
SARK.US,D,20221011,000000,45.4738,47.1993,44.4229,45.8005,4839967.3814001,0
SARK.US,D,20221012,000000,45.9069,46.9792,45.133,45.275,3611521.0486007,0
SARK.US,D,20221013,000000,47.7461,48.2787,44.8631,45.3673,6055649.0405829,0
SARK.US,D,20221014,000000,44.533,48.0302,43.8548,47.9875,4555194.3291001,0
SARK.US,D,20221017,000000,45.9567,46.1413,44.1744,44.636,5354132.77219,0
SARK.US,D,20221018,000000,42.5554,44.8064,42.1578,43.8832,5222882.2408131,0
SARK.US,D,20221019,000000,44.3945,46.0916,44.2951,45.6585,3858791.53488,0
SARK.US,D,20221020,000000,46.0561,46.3614,44.0324,45.9212,4256475.0540699,0
SARK.US,D,20221021,000000,46.1342,47.1283,45.035,45.1472,4941198.960569,0
SARK.US,D,20221024,000000,45.2324,47.3769,45.2324,45.5519,3866831.4203254,0
SARK.US,D,20221025,000000,45.1401,45.1401,42.4275,42.6051,5584415.1452921,0
SARK.US,D,20221026,000000,43.1732,43.4131,40.6836,42.4844,7280171.8980186,0
SARK.US,D,20221027,000000,41.5329,42.8181,41.263,42.4772,3999923.985362,0
SARK.US,D,20221028,000000,42.6548,43.3081,41.2914,41.3767,4923950.3151082,0
SARK.US,D,20221031,000000,41.7814,42.4986,41.0687,41.9802,2776550.2865395,0
SARK.US,D,20221101,000000,40.7305,42.0015,40.3897,41.9802,2757411.7258102,0
SARK.US,D,20221102,000000,42.0228,44.0891,41.0642,44.0182,4290211.8723798,0
SARK.US,D,20221103,000000,45.0975,45.4242,42.9815,44.3448,3739502.9560296,0
SARK.US,D,20221104,000000,43.3294,46.6384,43.0595,45.5377,4177570.3874692,0
SARK.US,D,20221107,000000,45.2821,46.8585,44.8617,45.9283,2064900.0164535,0
SARK.US,D,20221108,000000,45.7863,47.0069,44.3449,46.0916,4371438.7970116,0
SARK.US,D,20221109,000000,46.9011,49.1094,46.8017,48.9674,2768396.3302023,0
SARK.US,D,20221110,000000,44.5081,45.6159,41.9021,41.9589,6525812.6410867,0
SARK.US,D,20221111,000000,42.6974,42.9601,37.8333,38.4369,8035987.3191739,0
SARK.US,D,20221114,000000,38.9978,39.999,38.5647,39.8073,5332860.6632999,0
SARK.US,D,20221115,000000,38.0392,39.3458,37.4072,38.799,6693932.0113078,0
SARK.US,D,20221116,000000,39.5375,40.9719,39.3895,40.7234,3757772.6063858,0
SARK.US,D,20221117,000000,41.9021,42.3495,41.0429,41.5044,3645640.9197817,0
SARK.US,D,20221118,000000,40.6168,42.6405,40.5956,42.1862,3468831.0375473,0
SARK.US,D,20221121,000000,42.74,44.3093,42.5412,43.791,3525398.9336014,0
SARK.US,D,20221122,000000,43.9258,44.9626,43.6276,43.6631,2962228.1243966,0
SARK.US,D,20221123,000000,43.45,43.6418,42.1578,42.3921,3091791.5332014,0
SARK.US,D,20221125,000000,42.7116,43.2441,42.6122,42.7542,882400.31223066,0
SARK.US,D,20221128,000000,43.5211,44.2312,42.4134,44.0253,1935757.6841505,0
SARK.US,D,20221129,000000,43.8406,44.3803,42.9388,44.3093,2489623.9701221,0
SARK.US,D,20221130,000000,43.8903,44.3377,40.8298,40.8298,3952318.3998657,0
SARK.US,D,20221201,000000,40.5885,41.5187,39.9464,40.3399,5424452.5479735,0
SARK.US,D,20221202,000000,41.4192,41.618,39.9565,40.0701,3509792.3456689,0
SARK.US,D,20221205,000000,40.6523,42.4063,40.0701,42.1791,3186312.6457129,0
SARK.US,D,20221206,000000,42.4063,44.3661,42.3921,44.0253,2851030.1291657,0
SARK.US,D,20221207,000000,44.3803,44.8596,43.5566,44.3803,3102925.4155506,0
SARK.US,D,20221208,000000,44.0182,44.9661,42.8536,43.3649,2752788.3339872,0
SARK.US,D,20221209,000000,43.6347,43.9756,42.6655,43.9543,1840124.0283737,0
SARK.US,D,20221212,000000,44.2809,44.6714,43.1092,43.1377,2142606.2345495,0
SARK.US,D,20221213,000000,40.3612,43.9116,39.3813,43.1661,4158168.4778911,0
SARK.US,D,20221214,000000,43.3223,44.2099,42.5767,43.6631,2810820.8439603,0
SARK.US,D,20221215,000000,44.8986,45.8005,44.3377,45.7863,2593249.6297354,0
SARK.US,D,20221216,000000,45.5022,46.5033,44.8348,45.7579,1830863.1619015,0
SARK.US,D,20221219,000000,45.7863,47.3982,45.6812,47.1496,1813715.9127889,0
SARK.US,D,20221220,000000,47.6822,47.881,46.2479,47.1851,1623587.9018704,0
SARK.US,D,20221221,000000,46.9011,47.4763,45.7081,46.4963,1600479.3924511,0
SARK.US,D,20221222,000000,47.2987,49.4077,47.2562,48.094,2011478.22376,0
SARK.US,D,20221223,000000,48.1437,49.3864,47.9094,48.9248,1970809.8384221,0
SARK.US,D,20221227,000000,49.7144,51.0628,49.5192,50.8765,2142941.6096389,0
SARK.US,D,20221228,000000,50.9297,51.4531,50.0337,51.1072,1250237.9909317,0
SARK.US,D,20221229,000000,50.1668,50.5926,48.1362,48.5611,1989156.8640076,0
SARK.US,D,20221230,000000,49.537,49.945,48.3216,48.3571,1845332.4046297,0
SARK.US,D,20230103,000000,47.4167,50.2999,47.0016,49.6612,1717458.3810241,0
SARK.US,D,20230104,000000,48.9337,49.4216,47.2127,47.4167,2632649.2960722,0
SARK.US,D,20230105,000000,48.0377,49.2886,47.9934,48.6321,2295516.8275257,0
SARK.US,D,20230106,000000,48.499,50.1313,47.5942,48.0643,2411626.9820345,0
SARK.US,D,20230109,000000,46.4498,47.0708,44.9062,45.7489,2788680.6295829,0
SARK.US,D,20230110,000000,46.157,46.1925,44.6933,44.6933,2196075.160209,0
SARK.US,D,20230111,000000,44.3473,44.9505,43.2029,43.2029,2170518.3913163,0
SARK.US,D,20230112,000000,43.1763,45.0038,42.3596,42.4134,2771563.5011586,0
SARK.US,D,20230113,000000,43.3537,43.3537,41.7214,41.7746,2198422.0723841,0
SARK.US,D,20230117,000000,41.4774,42.3513,40.4723,40.7012,1997555.923862,0
SARK.US,D,20230118,000000,39.9826,41.7835,39.5125,41.7835,4460693.2319074,0
SARK.US,D,20230119,000000,42.5819,43.5223,42.1472,43.0964,2317457.4128172,0
SARK.US,D,20230120,000000,42.4577,43.0787,40.8786,41.0561,2749179.9108313,0
SARK.US,D,20230123,000000,40.7766,41.1977,39.2375,39.2818,2305397.0797904,0
SARK.US,D,20230124,000000,39.7431,40.0802,38.6963,39.8939,2171434.8368487,0
SARK.US,D,20230125,000000,41.1093,41.7924,39.791,39.9205,3163721.0277823,0
SARK.US,D,20230126,000000,38.4568,40.0403,38.0851,39.06,2030559.2354199,0
SARK.US,D,20230127,000000,39.3439,39.3794,36.5672,36.8954,2696207.5554778,0
SARK.US,D,20230130,000000,37.4898,38.6298,37.1616,38.5632,3197019.6760308,0
SARK.US,D,20230131,000000,38.4036,38.4036,37.0285,37.1971,3536830.4650998,0
SARK.US,D,20230201,000000,37.072,37.8091,35.1922,35.5115,4655624.465635,0
SARK.US,D,20230202,000000,34.1188,34.3405,32.3357,33.2316,9905924.011957,0
SARK.US,D,20230203,000000,34.7486,34.9349,33.063,34.3671,7335748.5711058,0
SARK.US,D,20230206,000000,34.9172,35.1922,34.3671,34.8728,4757952.9927407,0
SARK.US,D,20230207,000000,34.8107,35.6372,34.0921,34.2962,4969339.6654369,0
SARK.US,D,20230208,000000,34.4736,35.2764,33.8171,35.2454,3172776.140896,0
SARK.US,D,20230209,000000,34.5623,36.5229,34.4736,36.3099,4563543.6707984,0
SARK.US,D,20230210,000000,37.0285,37.889,36.5406,37.4987,5478946.5068306,0
SARK.US,D,20230213,000000,37.4189,38.0487,36.585,36.8688,3196550.7444915,0
SARK.US,D,20230214,000000,37.3479,37.8002,35.8132,35.9728,4673924.0680611,0
SARK.US,D,20230215,000000,35.6978,35.8398,33.8437,33.8437,4473605.7578277,0
SARK.US,D,20230216,000000,34.5978,35.0503,33.4534,34.793,6553142.4126027,0
SARK.US,D,20230217,000000,35.0414,35.8841,34.847,34.9615,6489151.2933146,0
SARK.US,D,20230221,000000,36.0527,37.1172,35.4716,37.0906,4721361.6785635,0
SARK.US,D,20230222,000000,36.8245,37.2237,36.0172,36.239,6422666.7207453,0
SARK.US,D,20230223,000000,35.8043,37.8358,35.689,36.7446,4084111.8976161,0
SARK.US,D,20230224,000000,37.8092,38.235,37.4189,37.8713,5586436.6625866,0
SARK.US,D,20230227,000000,37.1882,37.9689,37.1882,37.4987,3641293.9833965,0
SARK.US,D,20230228,000000,37.3035,37.3301,36.2922,36.7713,3076452.41742,0
SARK.US,D,20230301,000000,36.9753,37.7914,36.6825,37.5785,3651984.7207015,0
SARK.US,D,20230302,000000,38.4036,38.6386,36.993,37.1527,4938478.1085057,0
SARK.US,D,20230303,000000,36.9842,37.0729,35.6712,35.9817,3376938.3370647,0
SARK.US,D,20230306,000000,35.6801,36.6737,35.4609,36.6648,2446929.8617178,0
SARK.US,D,20230307,000000,36.6914,37.2849,36.1858,37.2592,4037019.2223325,0
SARK.US,D,20230308,000000,37.3301,37.9689,36.9753,37.2858,2990421.5157841,0
SARK.US,D,20230309,000000,37.2059,38.9802,36.6737,38.9092,3140668.9845636,0
SARK.US,D,20230310,000000,39.2197,40.9762,38.8915,40.1689,9899187.6300364,0
SARK.US,D,20230313,000000,40.7722,41.5706,38.3681,39.1044,12460043.056544,0
SARK.US,D,20230314,000000,37.8269,38.8471,37.5564,38.3237,4037907.4868829,0
SARK.US,D,20230315,000000,38.9447,39.0866,37.9866,37.9866,5316771.7192591,0
SARK.US,D,20230316,000000,37.6051,38.1639,36.5743,36.8422,3887098.6529435,0
SARK.US,D,20230317,000000,36.9487,37.9156,36.718,37.3568,3243440.5167052,0
SARK.US,D,20230320,000000,37.5076,38.3681,37.2148,37.756,4012216.5765163,0
SARK.US,D,20230321,000000,37.1882,37.3745,35.5382,35.6623,4862939.550062,0
SARK.US,D,20230322,000000,35.618,37.4443,35.618,37.4011,2977391.756979,0
SARK.US,D,20230323,000000,37.8668,38.5899,36.545,37.9955,3797784.1032931,0
SARK.US,D,20230324,000000,38.4124,38.785,37.8447,38.0398,2179370.6013602,0
SARK.US,D,20230327,000000,37.4455,38.4612,37.0551,38.0665,1873881.9938033,0
SARK.US,D,20230328,000000,38.164,38.8649,37.9689,38.6608,1027705.1762625,0
SARK.US,D,20230329,000000,37.9423,38.1818,37.0729,37.1261,3468152.2848971,0
SARK.US,D,20230330,000000,36.5761,37.4632,36.4164,37.2503,1714400.180865,0
SARK.US,D,20230331,000000,36.9753,37.1793,35.3873,35.5559,2738632.3329145,0
SARK.US,D,20230403,000000,36.0083,36.9043,35.7778,36.1414,2192732.8957521,0
SARK.US,D,20230404,000000,35.9817,36.7713,35.822,36.3277,1853702.1562629,0
SARK.US,D,20230405,000000,36.6737,38.0132,36.6382,37.6406,1314705.932434,0
SARK.US,D,20230406,000000,37.9866,38.4479,36.993,37.0817,2498294.773862,0
SARK.US,D,20230410,000000,37.6672,38.0665,37.1261,37.1616,2159610.0968308,0
SARK.US,D,20230411,000000,37.064,37.3053,36.6382,36.8866,1742369.2418109,0
SARK.US,D,20230412,000000,36.1414,38.031,35.9107,37.9511,2217161.2981283,0
SARK.US,D,20230413,000000,37.5253,37.5342,36.1148,36.4608,2586852.9459574,0
SARK.US,D,20230414,000000,36.6825,37.2503,36.2301,36.7713,1689283.0352905,0
SARK.US,D,20230417,000000,37.135,37.3479,36.5495,36.6825,2138986.1270152,0
SARK.US,D,20230418,000000,36.239,36.9265,36.1946,36.7535,1510363.1082562,0
SARK.US,D,20230419,000000,37.3301,37.6318,36.4962,36.8067,1846708.7637871,0
SARK.US,D,20230420,000000,37.543,38.2261,37.1971,38.1552,2715106.8491993,0
SARK.US,D,20230421,000000,38.0487,38.3681,37.8092,37.9423,1558880.6139861,0
SARK.US,D,20230424,000000,37.9511,38.9891,37.6584,38.4568,1386242.7914437,0
SARK.US,D,20230425,000000,38.6786,39.7076,38.5987,39.6899,1628449.3132178,0
SARK.US,D,20230426,000000,39.0955,40.6214,39.0778,40.506,1980590.9727402,0
SARK.US,D,20230427,000000,40.0625,40.4528,39.5479,39.956,2393198.8743308,0
SARK.US,D,20230428,000000,40.1778,40.7367,39.4504,39.7342,2710500.9495127,0
SARK.US,D,20230501,000000,39.9028,40.2665,39.5302,39.8762,2162053.9515838,0
SARK.US,D,20230502,000000,40.0714,40.9141,39.956,40.7988,2008106.8834966,0
SARK.US,D,20230503,000000,40.7367,41.0649,39.7963,41.0472,2035299.2765805,0
SARK.US,D,20230504,000000,40.7367,40.7722,39.6899,39.9205,2639210.9559047,0
SARK.US,D,20230505,000000,38.9979,39.1381,37.9156,38.0398,2278779.5787379,0
SARK.US,D,20230508,000000,37.9334,38.4657,37.5475,37.6406,1495107.0518786,0
SARK.US,D,20230509,000000,38.0398,38.1818,37.1616,37.2237,1196204.9034184,0
SARK.US,D,20230510,000000,36.5051,37.0152,36.0527,36.6825,2378651.8514585,0
SARK.US,D,20230511,000000,36.6116,37.0285,36.4164,36.6027,1141726.5563906,0
SARK.US,D,20230512,000000,36.6116,37.889,36.514,37.7382,1444057.766732,0
SARK.US,D,20230515,000000,37.7382,37.9422,36.5406,36.8422,1357125.0736743,0
SARK.US,D,20230516,000000,37.2592,37.8979,37.2059,37.7116,1255235.0426475,0
SARK.US,D,20230517,000000,37.5608,37.9582,36.6914,36.7979,1482867.4878067,0
SARK.US,D,20230518,000000,36.8511,37.0374,36.1946,36.3188,1426130.1532674,0
SARK.US,D,20230519,000000,36.3099,36.9398,36.1432,36.7003,1988186.3109899,0
SARK.US,D,20230522,000000,36.6027,36.6559,34.7486,34.9349,2406051.6565694,0
SARK.US,D,20230523,000000,35.2454,35.6712,34.3176,35.6623,2848768.1192541,0
SARK.US,D,20230524,000000,36.2124,36.5495,35.7422,35.893,1656557.0245948,0
SARK.US,D,20230525,000000,35.7244,37.0906,35.7244,36.8954,1664270.7229687,0
SARK.US,D,20230526,000000,36.8067,36.8866,35.6632,36.2035,1851859.1200446,0
SARK.US,D,20230530,000000,35.343,35.9196,34.6155,35.5648,1912580.1181896,0
SARK.US,D,20230531,000000,35.9019,35.9817,34.9793,35.0147,1601515.0579284,0
SARK.US,D,20230601,000000,35.2454,35.5648,34.0212,34.4381,1399222.9517206,0
SARK.US,D,20230602,000000,33.9325,34.6688,33.6929,34.0478,1718477.4053307,0
SARK.US,D,20230605,000000,34.0478,34.2873,33.5422,33.7018,1213079.6753981,0
SARK.US,D,20230606,000000,34.2607,34.5268,33.1163,33.1961,1767312.7925368,0
SARK.US,D,20230607,000000,32.7615,33.6575,32.309,33.5333,2255142.4983343,0
SARK.US,D,20230608,000000,33.6131,33.7994,33.1604,33.1961,1182466.1111079,0
SARK.US,D,20230609,000000,32.584,33.3824,32.3002,33.3292,2568427.0927322,0
SARK.US,D,20230612,000000,33.1429,33.3156,32.5397,32.7437,937899.15028727,0
SARK.US,D,20230613,000000,32.2913,32.5308,31.9054,31.9985,2502560.2472869,0
SARK.US,D,20230614,000000,31.963,32.8147,31.75,32.1671,2748517.0941363,0
SARK.US,D,20230615,000000,32.4953,32.7171,31.6969,31.83,1927431.4956667,0
SARK.US,D,20230616,000000,31.5195,32.1477,31.5106,31.9542,1184769.0609512,0
SARK.US,D,20230620,000000,32.2026,32.655,31.7147,32.0606,1690471.1454886,0
SARK.US,D,20230621,000000,32.034,33.3292,31.9808,33.2139,1568343.7877182,0
SARK.US,D,20230622,000000,33.5155,33.7639,33.1074,33.1873,1309002.1016914,0
SARK.US,D,20230623,000000,33.7905,34.1276,33.4002,33.6042,1333710.0594083,0
SARK.US,D,20230626,000000,33.276,33.9147,33.0453,33.8526,1322326.0699479,0
SARK.US,D,20230627,000000,33.5333,33.7107,32.584,32.7171,1099253.307665,0
SARK.US,D,20230628,000000,32.859,32.9034,31.8145,32.0606,1371577.4084473,0
SARK.US,D,20230629,000000,32.0251,32.4687,31.8211,32.3356,1015996.5418902,0
SARK.US,D,20230630,000000,31.7856,32.1981,31.688,32.0961,1243083.4032393,0
SARK.US,D,20230703,000000,31.8034,31.8122,31.1646,31.4308,751315.12340729,0
SARK.US,D,20230705,000000,31.6614,31.9276,31.3687,31.5106,1022345.1534994,0
SARK.US,D,20230706,000000,32.0784,33.0719,32.0784,32.726,1246789.7659827,0
SARK.US,D,20230707,000000,32.5485,32.6195,31.9187,32.3977,1316406.9365033,0
SARK.US,D,20230710,000000,32.4598,32.5175,31.1646,31.1646,1718082.8715837,0
SARK.US,D,20230711,000000,31.0493,31.0848,29.8428,29.9936,2123616.2194706,0
SARK.US,D,20230712,000000,29.3017,30.1533,29.3017,29.7364,1702274.4679602,0
SARK.US,D,20230713,000000,29.4347,29.621,28.3081,28.3879,3029241.3820123,0
SARK.US,D,20230714,000000,28.3081,29.2129,27.9621,29.0267,2088832.997094,0
SARK.US,D,20230717,000000,28.9912,29.2484,28.246,28.3791,1176584.1765594,0
SARK.US,D,20230718,000000,28.2815,28.5121,28.1218,28.2726,1150086.1628703,0
SARK.US,D,20230719,000000,27.9532,28.2194,27.452,27.8468,2058159.6891221,0
SARK.US,D,20230720,000000,28.3525,29.5314,28.1573,29.4259,2125371.3310252,0
SARK.US,D,20230721,000000,29.0178,29.6565,28.9113,29.3283,1382716.7869846,0
SARK.US,D,20230724,000000,29.4259,29.9495,29.2573,29.6477,930016.36602181,0
SARK.US,D,20230725,000000,29.5146,29.7719,29.2307,29.763,752411.92722401,0
SARK.US,D,20230726,000000,29.8606,29.9023,28.9734,29.1331,1488008.82615,0
SARK.US,D,20230727,000000,28.4767,30.1178,28.4589,29.9936,1643484.4306971,0
SARK.US,D,20230728,000000,29.3017,29.3017,28.3436,28.3525,2239738.7736113,0
SARK.US,D,20230731,000000,28.1484,28.1928,27.7669,27.767,1245816.9584865,0
SARK.US,D,20230801,000000,28.1041,28.7605,28.1041,28.3436,1082443.9155633,0
SARK.US,D,20230802,000000,29.1331,30.1356,29.071,29.9315,1986336.511336,0
SARK.US,D,20230803,000000,30.2953,30.4666,30.0114,30.2598,1304690.4114561,0
SARK.US,D,20230804,000000,29.9848,30.8497,29.9581,30.7743,1529625.373025,0
SARK.US,D,20230807,000000,30.6767,31.5683,30.6767,30.934,1107296.1599078,0
SARK.US,D,20230808,000000,31.3864,31.6614,31.0759,31.1558,1192278.7290159,0
SARK.US,D,20230809,000000,31.2179,32.3002,31.2001,32.2469,1470437.420297,0
SARK.US,D,20230810,000000,31.8921,32.7615,31.5372,32.5219,2122111.3550355,0
SARK.US,D,20230811,000000,32.93,32.9921,32.4066,32.6816,1370293.4829106,0
SARK.US,D,20230814,000000,33.0365,33.3558,32.5397,32.5397,1147519.4390361,0
SARK.US,D,20230815,000000,32.8413,33.1873,32.655,33.1252,935561.25602636,0
SARK.US,D,20230816,000000,33.2671,33.8881,33.2139,33.8792,1146677.391296,0
SARK.US,D,20230817,000000,33.8349,34.7397,33.8349,34.6954,1930060.2176611,0
SARK.US,D,20230818,000000,35.4672,35.5115,34.2518,34.5801,2407155.2238218,0
SARK.US,D,20230821,000000,34.3494,34.6333,33.9058,33.9946,1386978.8786917,0
SARK.US,D,20230822,000000,33.6841,34.4381,33.4978,34.0921,1281332.8863932,0
SARK.US,D,20230823,000000,34.0478,34.1631,33.1873,33.276,1152656.2684223,0
SARK.US,D,20230824,000000,33.0365,34.5313,33.0187,34.5268,1246030.0067099,0
SARK.US,D,20230825,000000,34.4736,34.7743,33.755,34.0478,1602856.4726683,0
SARK.US,D,20230828,000000,33.6486,34.1508,33.5599,33.9946,775303.90246539,0
SARK.US,D,20230829,000000,33.9768,34.172,32.0784,32.1582,1481096.5949022,0
SARK.US,D,20230830,000000,32.3445,32.6018,31.8388,31.9453,875854.77323091,0
SARK.US,D,20230831,000000,31.7767,32.105,31.5992,31.8566,458235.16581385,0
SARK.US,D,20230901,000000,31.5905,32.034,31.4485,31.9364,735711.87733229,0
SARK.US,D,20230905,000000,32.2292,32.2913,31.6082,31.7058,564928.36340083,0
SARK.US,D,20230906,000000,31.5372,31.9267,31.2001,31.5727,893306.69172052,0
SARK.US,D,20230907,000000,32.2026,32.4332,31.6082,31.7147,1335184.4883829,0
SARK.US,D,20230908,000000,31.6614,32.1315,31.4663,31.963,507347.85388218,0
SARK.US,D,20230911,000000,31.5638,31.8122,31.1324,31.3154,872752.61074005,0
SARK.US,D,20230912,000000,31.4751,31.6969,30.9074,31.6969,604200.2525792,0
SARK.US,D,20230913,000000,31.83,32.2381,31.5727,32.1316,658720.30746026,0
SARK.US,D,20230914,000000,31.963,32.2913,31.732,32.0251,553667.2430216,0
SARK.US,D,20230915,000000,32.0074,32.6461,31.9276,32.4155,612810.10617845,0
SARK.US,D,20230918,000000,32.5485,33.2228,32.5485,33.2139,489977.09662052,0
SARK.US,D,20230919,000000,33.3913,33.9591,33.2693,33.622,715672.94470151,0
SARK.US,D,20230920,000000,33.4002,34.243,33.1772,34.243,676157.57183926,0
SARK.US,D,20230921,000000,34.8817,35.2809,34.7326,35.2809,915762.42536162,0
SARK.US,D,20230922,000000,34.8817,35.9285,34.793,35.9196,1154937.8007194,0
SARK.US,D,20230925,000000,36.1769,36.3366,35.689,35.9285,862648.03785923,0
SARK.US,D,20230926,000000,36.2478,36.3632,35.547,36.2833,1132236.3289158,0
SARK.US,D,20230927,000000,35.7688,36.585,35.5825,36.0616,1324792.4694864,0
SARK.US,D,20230928,000000,35.9817,36.5229,35.2632,35.689,1191470.4984541,0
SARK.US,D,20230929,000000,35.0147,35.343,34.6643,35.2188,1225530.0332147,0
SARK.US,D,20231002,000000,35.201,35.9817,34.9793,35.7067,1252269.2761092,0
SARK.US,D,20231003,000000,36.1946,36.9398,35.7189,36.7358,1462494.8923499,0
SARK.US,D,20231004,000000,36.5938,37.1616,36.0837,36.2212,1326739.2117181,0
SARK.US,D,20231005,000000,36.2922,36.9487,36.0261,36.2212,855357.0542143,0
SARK.US,D,20231006,000000,36.8245,36.8954,35.4672,35.5736,1402599.0333559,0
SARK.US,D,20231009,000000,36.2745,36.3982,35.3607,35.4672,853536.56278162,0
SARK.US,D,20231010,000000,35.343,35.3785,34.1897,34.7309,852588.5545495,0
SARK.US,D,20231011,000000,34.5446,35.3385,34.2394,35.0147,575757.75113689,0
SARK.US,D,20231012,000000,34.9615,36.4164,34.9615,36.2212,690945.82391685,0
SARK.US,D,20231013,000000,36.2656,37.0995,36.2035,36.8688,916703.67015808,0
SARK.US,D,20231016,000000,36.6737,37.1084,36.0514,36.2212,1051181.0614495,0
SARK.US,D,20231017,000000,36.7446,36.7446,35.3519,35.6269,1426770.4251769,0
SARK.US,D,20231018,000000,35.9551,37.2503,35.9019,37.2148,1281416.3020998,0
SARK.US,D,20231019,000000,37.2148,38.1019,37.0019,38.031,1929164.0624357,0
SARK.US,D,20231020,000000,38.0398,38.7673,37.8979,38.6431,1312242.9146133,0
SARK.US,D,20231023,000000,39.0068,39.6367,37.7914,38.5899,1320751.3166776,0
SARK.US,D,20231024,000000,37.7737,37.8269,36.5938,37.4455,3108420.9233214,0
SARK.US,D,20231025,000000,37.8358,39.4326,37.8358,39.3971,1802528.8747958,0
SARK.US,D,20231026,000000,39.4149,40.2931,38.856,39.8939,1221195.7981939,0
SARK.US,D,20231027,000000,39.3084,40.7101,39.202,40.6746,1534665.2598333,0
SARK.US,D,20231030,000000,40.2222,41.1093,39.8851,40.4883,1119146.826429,0
SARK.US,D,20231031,000000,40.4351,40.7278,39.406,39.61,1116053.6818523,0
SARK.US,D,20231101,000000,39.2907,40.1867,39.2641,39.3173,2107376.083204,0
SARK.US,D,20231102,000000,37.41,37.41,35.9935,35.9995,2734788.4469793,0
SARK.US,D,20231103,000000,35.201,35.2247,33.7195,34.0123,2974338.065777,0
SARK.US,D,20231106,000000,33.7462,35.0946,33.6929,34.5712,1600306.6574232,0
SARK.US,D,20231107,000000,34.3671,34.6333,33.5066,33.6042,1153772.2353067,0
SARK.US,D,20231108,000000,33.5155,34.3761,33.5066,34.0567,1475969.9106695,0
SARK.US,D,20231109,000000,33.7107,35.2542,33.6131,35.1035,1657280.7122108,0
SARK.US,D,20231110,000000,35.2099,35.4406,34.4381,34.5623,1481592.5801842,0
SARK.US,D,20231113,000000,34.9172,35.4494,34.3849,34.4204,1112983.0820613,0
SARK.US,D,20231114,000000,33.0099,33.2998,32.5752,32.6639,2718599.0364801,0
SARK.US,D,20231115,000000,32.4332,32.5308,31.2888,31.8655,1927667.0886756,0
SARK.US,D,20231116,000000,32.0695,32.8857,32.0606,32.4243,1295576.6818999,0
SARK.US,D,20231117,000000,32.1848,32.3489,31.2711,31.3066,1343236.35854,0
SARK.US,D,20231120,000000,31.1912,31.3066,30.3662,30.4815,1284306.5436065,0
SARK.US,D,20231121,000000,30.8808,31.3421,30.8098,31.1646,1193922.243882,0
SARK.US,D,20231122,000000,30.8275,31.342,30.6678,30.8541,1038484.9654704,0
SARK.US,D,20231124,000000,30.9695,30.9766,30.3174,30.4815,630251.87951457,0
SARK.US,D,20231127,000000,30.6678,30.8896,29.967,30.109,844222.18463412,0
SARK.US,D,20231128,000000,30.1444,30.4283,29.2396,29.3105,1615709.2549069,0
SARK.US,D,20231129,000000,28.9202,29.2928,28.4767,29.2041,2260966.9436796,0
SARK.US,D,20231130,000000,28.9912,29.8339,28.9734,29.7275,2776618.0420776,0
SARK.US,D,20231201,000000,29.5057,29.7098,28.175,28.175,3810972.8028363,0
SARK.US,D,20231204,000000,28.2992,28.6053,27.8734,28.0597,1927505.893459,0
SARK.US,D,20231205,000000,28.3613,28.521,27.9089,28.2992,1956917.8206797,0
SARK.US,D,20231206,000000,27.9266,28.4589,27.6694,28.4412,1618030.2405787,0
SARK.US,D,20231207,000000,28.5299,28.7598,28.2432,28.3081,1201203.0823735,0
SARK.US,D,20231208,000000,28.3879,28.5917,27.4742,27.7758,1645433.4274074,0
SARK.US,D,20231211,000000,28.0952,28.4323,28.0464,28.1484,841168.49343218,0
SARK.US,D,20231212,000000,28.1218,28.5742,28.1041,28.2549,1040014.6291695,0
SARK.US,D,20231213,000000,28.2105,28.8138,27.1903,27.1992,2773585.7684219,0
SARK.US,D,20231214,000000,26.596,26.6403,25.9397,26.1879,4211592.5147139,0
SARK.US,D,20231215,000000,26.2056,26.8267,26.1346,26.6669,1293137.3361041,0
SARK.US,D,20231218,000000,26.8798,26.9597,26.4097,26.6847,1395374.5568283,0
SARK.US,D,20231219,000000,26.5072,26.5072,25.5048,25.6112,1192948.3091465,0
SARK.US,D,20231220,000000,25.6822,26.6935,25.4431,26.6758,2487492.4398686,0
SARK.US,D,20231221,000000,26.1435,26.5339,25.9217,25.9838,2186415.8468427,0
SARK.US,D,20231222,000000,25.8242,25.9883,25.487,25.6556,1827472.4255217,0
SARK.US,D,20231226,000000,25.56,25.63,25.175,25.3,1824030,0
SARK.US,D,20231227,000000,25.04,25.29,24.95,25.08,1451496,0
SARK.US,D,20231228,000000,25.23,25.31,25.03,25.16,1624933,0
SARK.US,D,20231229,000000,25.21,26.03,25.13,25.96,1867105,0
SARK.US,D,20240102,000000,26.3,27.05,26.241,26.91,2673688,0
SARK.US,D,20240103,000000,27.65,28.0576,27.48,27.97,2637250,0
SARK.US,D,20240104,000000,28.01,28.23,27.489,27.78,1847131,0
SARK.US,D,20240105,000000,28.08,28.2,27.5217,27.79,1704867,0
SARK.US,D,20240108,000000,27.73,27.89,26.9401,26.99,1581404,0
SARK.US,D,20240109,000000,27.28,27.49,27.09,27.41,1360819,0
SARK.US,D,20240110,000000,27.45,27.9799,27.27,27.52,2502277,0
SARK.US,D,20240111,000000,27.48,28.63,27.42,28.16,2127877,0
SARK.US,D,20240112,000000,28.2,28.6899,27.76,28.66,1715186,0
SARK.US,D,20240116,000000,29.07,29.47,28.79,29.04,1458960,0
SARK.US,D,20240117,000000,29.57,30.02,29.54,29.58,2011468,0
SARK.US,D,20240118,000000,29.2,30.12,29.16,29.76,1645876,0
SARK.US,D,20240119,000000,29.57,30.17,29.3216,29.35,1815158,0
SARK.US,D,20240122,000000,28.98,29.015,27.9417,28.67,2985210,0
SARK.US,D,20240123,000000,28.49,28.97,28.3555,28.66,1030265,0
SARK.US,D,20240124,000000,28.18,29.375,28.16,29.37,1389673,0
SARK.US,D,20240125,000000,29.36,29.84,29.11,29.64,1254105,0
SARK.US,D,20240126,000000,29.51,29.69,28.97,29.62,1122473,0
SARK.US,D,20240129,000000,29.42,29.61,28.15,28.2,1796164,0
SARK.US,D,20240130,000000,28.2,28.95,28.2,28.93,990900,0
SARK.US,D,20240131,000000,29.29,29.9,28.59,29.86,2383526,0
SARK.US,D,20240201,000000,29.62,30.13,29.22,29.46,2151322,0
SARK.US,D,20240202,000000,29.62,29.968,28.96,29.05,2275816,0
SARK.US,D,20240205,000000,29.34,30.33,29.3,29.97,1668758,0
SARK.US,D,20240206,000000,29.8,29.92,28.9695,28.99,1842816,0
SARK.US,D,20240207,000000,28.68,29.22,28.44,28.72,1215398,0
SARK.US,D,20240208,000000,28.52,28.75,27.84,27.96,1500526,0
SARK.US,D,20240209,000000,27.5,27.7,27.1,27.27,2381099,0
SARK.US,D,20240212,000000,27.25,27.29,26.4601,26.67,1348764,0
SARK.US,D,20240213,000000,28.05,28.435,27.655,28.17,2733715,0
SARK.US,D,20240214,000000,27.45,27.665,26.58,26.63,2173543,0
SARK.US,D,20240215,000000,26.35,26.485,25.82,26.06,1715170,0
SARK.US,D,20240216,000000,26.38,26.73,26.0079,26.7,1808062,0
SARK.US,D,20240220,000000,27.14,28.0302,26.98,27.59,1345713,0
SARK.US,D,20240221,000000,28.21,28.62,28.05,28.37,1925305,0
SARK.US,D,20240222,000000,27.86,28.22,27.54,27.7,1657155,0
SARK.US,D,20240223,000000,27.49,27.92,27.25,27.76,1194968,0
SARK.US,D,20240226,000000,27.73,27.78,26.7743,26.82,1300857,0
SARK.US,D,20240227,000000,26.4,26.544,26.04,26.04,1483817,0
SARK.US,D,20240228,000000,26.12,26.37,25.78,26.22,1113714,0
SARK.US,D,20240229,000000,25.77,26.47,25.66,26.22,1062065,0
SARK.US,D,20240301,000000,26.2,26.65,26.03,26.26,1045622,0
SARK.US,D,20240304,000000,26.08,26.75,26.08,26.51,1218696,0
SARK.US,D,20240305,000000,26.91,27.62,26.65,27.47,3337495,0
SARK.US,D,20240306,000000,26.92,27.4186,26.7436,27.01,1446890,0
SARK.US,D,20240307,000000,26.87,27.13,26.54,26.71,1381855,0
SARK.US,D,20240308,000000,26.42,26.725,25.57,26.45,2927580,0
SARK.US,D,20240311,000000,26.36,26.6,25.92,26.5,1317467,0
SARK.US,D,20240312,000000,26.39,27.12,26.39,26.74,1580172,0
SARK.US,D,20240313,000000,26.89,27,26.19,26.7,1046392,0
SARK.US,D,20240314,000000,26.68,27.8599,26.57,27.53,1996762,0
SARK.US,D,20240315,000000,27.86,27.9,27.34,27.59,1364450,0
SARK.US,D,20240318,000000,27.5,27.9777,27.36,27.54,628476,0
SARK.US,D,20240319,000000,27.98,28.3101,27.56,27.72,1414149,0
SARK.US,D,20240320,000000,27.67,27.86,26.61,26.76,1945921,0
SARK.US,D,20240321,000000,26.44,26.6,26.15,26.59,887829,0
SARK.US,D,20240322,000000,26.87,27.27,26.72,27.2,897263,0
SARK.US,D,20240325,000000,27.22,27.22,26.62,26.74,1280892,0
SARK.US,D,20240326,000000,26.45,26.88,26.37,26.86,834028,0
SARK.US,D,20240327,000000,26.44,27.19,26.42,26.83,1199101,0
SARK.US,D,20240328,000000,26.79,26.9,26.5699,26.88,1128224,0
SARK.US,D,20240401,000000,26.86,27.545,26.84,27.32,1073134,0
SARK.US,D,20240402,000000,28.21,28.56,28.08,28.15,1356756,0
SARK.US,D,20240403,000000,28.32,28.52,27.9,28.08,1221873,0
SARK.US,D,20240404,000000,27.72,28.49,27.54,28.45,1281681,0
SARK.US,D,20240405,000000,28.79,28.86,28.26,28.56,1180447,0
SARK.US,D,20240408,000000,28.18,28.3,27.89,27.98,811004,0
SARK.US,D,20240409,000000,27.91,28.03,27.57,27.68,1228865,0
SARK.US,D,20240410,000000,28.52,28.62,28.1,28.34,2423548,0
SARK.US,D,20240411,000000,28.15,28.635,27.9,27.94,1304479,0
SARK.US,D,20240412,000000,28.16,29.015,28.16,28.88,1636095,0
SARK.US,D,20240415,000000,28.85,30.315,28.845,30.23,1500657,0
SARK.US,D,20240416,000000,30.57,31.08,30.44,30.75,2025661,0
SARK.US,D,20240417,000000,30.54,31.35,30.42,31.2,1253601,0
SARK.US,D,20240418,000000,31.28,31.569,30.74,31.3,1208419,0
SARK.US,D,20240419,000000,31.35,32.16,31,31.935,1503615,0
SARK.US,D,20240422,000000,31.83,32.3,31.29,31.5,1464639,0
SARK.US,D,20240423,000000,31.32,31.37,30.23,30.59,1153484,0
SARK.US,D,20240424,000000,30.02,30.88,29.92,30.59,1124830,0
SARK.US,D,20240425,000000,31.5,31.57,30.67,30.77,1009019,0
SARK.US,D,20240426,000000,30.71,31.13,30.32,30.47,1005814,0
SARK.US,D,20240429,000000,29.98,30.07,29.42,29.74,1222362,0
SARK.US,D,20240430,000000,30.13,30.87,29.9,30.87,931058,0
SARK.US,D,20240501,000000,31.12,31.2,29.652,30.64,1439854,0
SARK.US,D,20240502,000000,30.08,30.775,29.79,29.84,1070809,0
SARK.US,D,20240503,000000,28.96,29.7,28.65,29.47,1664925,0
SARK.US,D,20240506,000000,29.16,29.22,28.75,28.81,911819,0
SARK.US,D,20240507,000000,29.04,29.47,28.9508,29.42,1322596,0
SARK.US,D,20240508,000000,30.11,30.25,29.93,30.15,800726,0
SARK.US,D,20240509,000000,30.38,30.6961,30.26,30.36,515646,0
SARK.US,D,20240510,000000,30.2,31.245,30.16,31.21,679795,0
SARK.US,D,20240513,000000,30.89,30.89,29.81,30.28,1068511,0
SARK.US,D,20240514,000000,29.95,29.956,29.085,29.68,1262951,0
SARK.US,D,20240515,000000,29,29.755,28.871,29.25,708144,0
SARK.US,D,20240516,000000,29.42,29.79,29.25,29.79,448776,0
SARK.US,D,20240517,000000,29.58,29.9,29.35,29.44,421520,0
SARK.US,D,20240520,000000,29.47,29.78,29.34,29.36,354783,0
SARK.US,D,20240521,000000,29.49,29.715,29.38,29.63,237652,0
SARK.US,D,20240522,000000,29.73,29.97,29.38,29.79,423791,0
SARK.US,D,20240523,000000,29.59,30.85,29.56,30.67,799023,0
SARK.US,D,20240524,000000,30.6,30.69,30.05,30.14,530147,0
SARK.US,D,20240528,000000,30.21,30.73,30.138,30.4,297664,0
SARK.US,D,20240529,000000,30.87,31.15,30.72,30.8,506851,0
SARK.US,D,20240530,000000,31.09,31.495,31.05,31.27,582951,0
SARK.US,D,20240531,000000,31.06,32.0303,30.71,31.54,547213,0
SARK.US,D,20240603,000000,31.07,31.63,30.76,31.16,448440,0
SARK.US,D,20240604,000000,31.32,31.42,30.8,31.02,264169,0
SARK.US,D,20240605,000000,30.81,31.1199,30.335,30.36,375766,0
SARK.US,D,20240606,000000,30.37,30.49,29.7,29.93,681442,0
SARK.US,D,20240607,000000,30.31,30.7,29.95,30.58,583299,0
SARK.US,D,20240610,000000,30.9,30.9,30.26,30.33,265046,0
SARK.US,D,20240611,000000,30.6,30.97,30.3,30.32,365430,0
SARK.US,D,20240612,000000,29.57,29.825,29.16,29.72,1108443,0
SARK.US,D,20240613,000000,29.34,30.2198,29.295,30.18,662263,0
SARK.US,D,20240614,000000,30.42,30.73,30.27,30.54,494427,0
SARK.US,D,20240617,000000,30.74,30.9599,30.15,30.34,388987,0
SARK.US,D,20240618,000000,30.55,30.74,30.44,30.7,367088,0
SARK.US,D,20240620,000000,30.75,31.3,30.75,30.9,552191,0
SARK.US,D,20240621,000000,31.06,31.285,30.915,30.94,512871,0
SARK.US,D,20240624,000000,31,31.26,30.55,31.05,421746,0
SARK.US,D,20240625,000000,30.94,31.23,30.84,30.97,242146,0
SARK.US,D,20240626,000000,31.1,31.105,30.705,30.8,324060,0
SARK.US,D,20240627,000000,30.98,31.12,30.47,30.52,460754,0
SARK.US,D,20240628,000000,30.34,30.86,30.29,30.58,576471,0
SARK.US,D,20240701,000000,30.5,30.5,30.0336,30.22,491198,0
SARK.US,D,20240702,000000,30.1,30.21,29.88,29.98,446245,0
SARK.US,D,20240703,000000,29.86,29.9,29.24,29.48,343730,0
SARK.US,D,20240705,000000,29.51,29.89,29.24,29.26,299389,0
SARK.US,D,20240708,000000,29.14,29.54,29.08,29.31,320318,0
SARK.US,D,20240709,000000,29.31,29.58,29.085,29.21,502189,0
SARK.US,D,20240710,000000,29.08,29.68,29.075,29.28,286435,0
SARK.US,D,20240711,000000,28.89,29.49,28.29,29.45,974600,0
SARK.US,D,20240712,000000,29.37,29.37,28.6296,28.75,478411,0
SARK.US,D,20240715,000000,28.31,28.61,27.89,28.14,518983,0
SARK.US,D,20240716,000000,27.75,28.22,26.125,26.21,1925768,0
SARK.US,D,20240717,000000,27.24,27.72,26.05,27.26,1504965,0
SARK.US,D,20240718,000000,27.05,29.618,26.65,29.28,1374968,0
SARK.US,D,20240719,000000,29.32,29.66,28.75,29.25,674820,0
SARK.US,D,20240722,000000,28.63,29.34,27.93,27.97,511119,0
SARK.US,D,20240723,000000,28.2,28.21,27.35,27.86,458914,0
SARK.US,D,20240724,000000,29.15,31.45,29.08,31.42,1099066,0
SARK.US,D,20240725,000000,31.59,31.99,29.01,30.77,2242460,0
SARK.US,D,20240726,000000,29.63,30.71,29.16,29.92,915738,0
SARK.US,D,20240729,000000,29.25,30.51,28.82,29.77,661807,0
SARK.US,D,20240730,000000,29.72,31.54,29.28,31.13,705705,0
SARK.US,D,20240731,000000,30.22,30.5158,28.88,30.29,698803,0
SARK.US,D,20240801,000000,30.52,33.83,30.22,33.32,801821,0
SARK.US,D,20240802,000000,35.23,37.07,34.9,36.46,1869033,0
SARK.US,D,20240805,000000,43.97,44.18,37.76,39.38,4878707,0
SARK.US,D,20240806,000000,38.02,39.97,36.8204,38.17,1585906,0
SARK.US,D,20240807,000000,36.5,39.61,35.71,39.49,1567742,0
SARK.US,D,20240808,000000,38.27,38.95,35.66,35.85,1081644,0
SARK.US,D,20240809,000000,35.61,36.34,35.05,35.58,636208,0
SARK.US,D,20240812,000000,35.58,36.94,35.4401,36.51,548667,0
SARK.US,D,20240813,000000,35.6,36.335,33.44,33.56,565208,0
SARK.US,D,20240814,000000,33.18,35.09,33.14,34.66,277532,0
SARK.US,D,20240815,000000,33.3,33.3,31.23,31.41,661317,0
SARK.US,D,20240816,000000,31.8,31.81,30.82,31.13,313926,0
SARK.US,D,20240819,000000,31,31.12,29.7,29.74,399935,0
SARK.US,D,20240820,000000,29.65,30.86,29.34,30.48,398109,0
SARK.US,D,20240821,000000,30.2,30.36,29.01,29.04,396905,0
SARK.US,D,20240822,000000,28.87,30.81,28.87,30.74,582783,0
SARK.US,D,20240823,000000,29.87,30.0592,27.88,28,843390,0
SARK.US,D,20240826,000000,28.03,28.8635,27.7988,28.61,330447,0
SARK.US,D,20240827,000000,29.17,29.5892,28.75,29.01,271928,0
SARK.US,D,20240828,000000,29.17,31.11,29.17,30.49,604513,0
SARK.US,D,20240829,000000,29.7,30,28.62,29.92,847993,0
SARK.US,D,20240830,000000,29.5,30.69,29.48,29.78,405844,0
SARK.US,D,20240903,000000,30.21,32.38,29.85,32.21,927477,0
SARK.US,D,20240904,000000,32.79,33,31.1218,32.42,701105,0
SARK.US,D,20240905,000000,32.08,32.21,30.57,31.3,610148,0
SARK.US,D,20240906,000000,30.76,34.48,30.5,34.11,1149372,0
SARK.US,D,20240909,000000,33.08,33.36,31.79,32.48,541178,0
SARK.US,D,20240910,000000,31.97,33.18,31.48,31.49,604747,0
SARK.US,D,20240911,000000,31.73,32.62,30.07,30.1,614450,0
SARK.US,D,20240912,000000,30,30.45,28.8295,29.16,507350,0
SARK.US,D,20240913,000000,28.96,28.96,27.98,28.14,511328,0
SARK.US,D,20240916,000000,28.44,29.06,27.92,28.22,488595,0
SARK.US,D,20240917,000000,27.64,27.973203,26.921,27.75,600462,0
SARK.US,D,20240918,000000,27.71,27.91,25.845,27.63,1307470,0
SARK.US,D,20240919,000000,25.78,26.47,25.325,26.16,749897,0
SARK.US,D,20240920,000000,26.4,27.3699,26.39,26.79,509753,0
SARK.US,D,20240923,000000,26.52,26.77,26.22,26.71,288224,0
SARK.US,D,20240924,000000,26.31,27.15,26.02,26.12,439460,0
SARK.US,D,20240925,000000,26.2,26.87,26,26.78,264335,0
SARK.US,D,20240926,000000,25.89,27.19,25.81,26.31,697287,0
SARK.US,D,20240927,000000,25.93,26.14,25.43,25.66,542281,0
SARK.US,D,20240930,000000,25.95,26.55,25.48,26.04,363427,0
SARK.US,D,20241001,000000,26,28.08,25.8,27.5,1061757,0
SARK.US,D,20241002,000000,27.9,28.36,27.55,27.86,384472,0
SARK.US,D,20241003,000000,28.4,28.8,27.74,28.49,276224,0
SARK.US,D,20241004,000000,27.29,28.11,27,27.01,641065,0
SARK.US,D,20241007,000000,27.16,28.054,27.05,27.76,400519,0
SARK.US,D,20241008,000000,27.86,28.095,26.87,26.94,328685,0
SARK.US,D,20241009,000000,26.92,27.2,26.56,26.9,243996,0
SARK.US,D,20241010,000000,27.71,28.27,27.095,27.44,592623,0
SARK.US,D,20241011,000000,28.19,28.21,26.73,26.93,431689,0
SARK.US,D,20241014,000000,26.6,27.25,25.99,26.06,450986,0
SARK.US,D,20241015,000000,26.11,27.06,25.6399,26.22,632044,0
SARK.US,D,20241016,000000,25.92,26.38,25.55,25.74,278881,0
SARK.US,D,20241017,000000,25.6,26.58,25.6,26.43,338161,0
SARK.US,D,20241018,000000,26.01,26.13,25.32,25.33,621068,0
SARK.US,D,20241021,000000,25.68,26.45,25.62,26.03,305175,0
SARK.US,D,20241022,000000,26.3,26.6399,26.148,26.32,222326,0
SARK.US,D,20241023,000000,26.49,28.28,26.4,27.83,717999,0
SARK.US,D,20241024,000000,26.33,26.71,25.84,25.88,540446,0
SARK.US,D,20241025,000000,25.7,25.815,24.9801,25.55,535732,0
SARK.US,D,20241028,000000,25.05,25.09,24.2758,24.77,429549,0
SARK.US,D,20241029,000000,24.8,25.31,24.69,24.81,249821,0
