<TICKER>,<PER>,<DATE>,<TIME>,<OPEN>,<HIGH>,<LOW>,<CLOSE>,<VOL>,<OPENINT>
SONM.US,D,20190510,000000,117,129.9,96.6,109.9,131500,0
SONM.US,D,20190513,000000,108.3,111.5,100,110.2,20173,0
SONM.US,D,20190514,000000,111.2,111.5,105.5,110.3,8341,0
SONM.US,D,20190515,000000,110.5,115,106.9,111.2,29375,0
SONM.US,D,20190516,000000,111.6,113,109,110.5,6382,0
SONM.US,D,20190517,000000,110,113.96,109.4,113.5,27697,0
SONM.US,D,20190520,000000,113.5,122.3,113.01,119.6,18941,0
SONM.US,D,20190521,000000,120.1,123,116.4,122.8,13397,0
SONM.US,D,20190522,000000,121.5,124.7,113.5,121.2,9219,0
SONM.US,D,20190523,000000,120.6,124.9,118.3,120,7759,0
SONM.US,D,20190524,000000,119.6,121.8,116.9,120.5,6622,0
SONM.US,D,20190528,000000,122,140.05,118.7,136.8,20625,0
SONM.US,D,20190529,000000,137,149.4,131.4,144.9,17712,0
SONM.US,D,20190530,000000,145.1,152,143,150,16806,0
SONM.US,D,20190531,000000,150,153.4,133.2,142.8,11273,0
SONM.US,D,20190603,000000,144.9,147.7,144.5,146.7,9467,0
SONM.US,D,20190604,000000,148.7,150,133.9,149.8,20679,0
SONM.US,D,20190605,000000,151,170.3,150.7,168,24252,0
SONM.US,D,20190606,000000,169.5,175,169.5,171.1,37486,0
SONM.US,D,20190607,000000,173.3,182.58,150.2,161.3,35880,0
SONM.US,D,20190610,000000,163.3,177.6,160,171.3,32476,0
SONM.US,D,20190611,000000,173,176.7,165,169.2,12066,0
SONM.US,D,20190612,000000,169.2,173.9,165.6,172.6,9962,0
SONM.US,D,20190613,000000,173.4,179.48,172.5,175.2,14796,0
SONM.US,D,20190614,000000,176.6,179.54,171.5,175.6,13970,0
SONM.US,D,20190617,000000,177,177.85,160.23,160.8,12760,0
SONM.US,D,20190618,000000,162.5,171.5,159,162.2,18413,0
SONM.US,D,20190619,000000,162.3,168.2,160.5,161.3,11209,0
SONM.US,D,20190620,000000,164.3,166.25,143.41,147.5,22360,0
SONM.US,D,20190621,000000,149.2,151.85,143.4,146,28097,0
SONM.US,D,20190624,000000,142.5,148,135.6,135.8,14483,0
SONM.US,D,20190625,000000,135,145.2,128.9,130.4,29276,0
SONM.US,D,20190626,000000,131.8,135.6,125.7,129.6,16920,0
SONM.US,D,20190627,000000,127.5,133.3,120.1,127.7,32441,0
SONM.US,D,20190628,000000,128.3,134.4,126,127.3,53368,0
SONM.US,D,20190701,000000,129.3,132.06,126,128.9,12463,0
SONM.US,D,20190702,000000,128.8,132.1,117.6,118.1,8632,0
SONM.US,D,20190703,000000,118.2,119.6,115.9,118.8,3167,0
SONM.US,D,20190705,000000,117.9,117.9,106.75,115.6,6461,0
SONM.US,D,20190708,000000,115,116.7,107,113.8,9495,0
SONM.US,D,20190709,000000,118.8,126.5,116,118.6,7390,0
SONM.US,D,20190710,000000,119.4,128.9,118.6,127.8,6796,0
SONM.US,D,20190711,000000,127.8,129.9,123.5,127,9239,0
SONM.US,D,20190712,000000,126.7,137.4,126.7,133.9,10459,0
SONM.US,D,20190715,000000,134,137.3,131.2,135.3,5589,0
SONM.US,D,20190716,000000,135,142.9,133.2,138.9,6015,0
SONM.US,D,20190717,000000,138.8,139.9,131.7,137.5,4193,0
SONM.US,D,20190718,000000,137.3,140.79,131.4,134,4062,0
SONM.US,D,20190719,000000,133.4,137.7,132.5,134.2,4594,0
SONM.US,D,20190722,000000,134.6,136.5,129.82,130.2,2526,0
SONM.US,D,20190723,000000,131,137.3,130,133.2,2371,0
SONM.US,D,20190724,000000,131.83,140.96,131.62,139.8,10844,0
SONM.US,D,20190725,000000,135,139.7,124.92,133.3,8977,0
SONM.US,D,20190726,000000,132.9,132.9,123.2,128.2,4698,0
SONM.US,D,20190729,000000,128.2,132.4,115.1,116.8,18112,0
SONM.US,D,20190730,000000,116.2,119.4,115.1,117,3809,0
SONM.US,D,20190731,000000,117,117,108.4,110.7,23399,0
SONM.US,D,20190801,000000,111.7,118.3,103,104.8,10979,0
SONM.US,D,20190802,000000,104,106.8,95.8,99.2,13712,0
SONM.US,D,20190805,000000,97,100,86.921,95.5,14151,0
SONM.US,D,20190806,000000,95.6,99.4,93.2,94,9815,0
SONM.US,D,20190807,000000,92.7,93,87.3,87.9,5282,0
SONM.US,D,20190808,000000,88.6,91.2,85.25,90,6830,0
SONM.US,D,20190809,000000,89.4,91.1,75.1,78.5,7694,0
SONM.US,D,20190812,000000,74.93,77.8,72.801,74.1,5812,0
SONM.US,D,20190813,000000,74,89.4,70.8,88.4,19205,0
SONM.US,D,20190814,000000,84.8,86.6,70.5,71.9,14203,0
SONM.US,D,20190815,000000,72.6,79.5,70.1,71,11832,0
SONM.US,D,20190816,000000,72.1,82.5,70.017,79.8,15328,0
SONM.US,D,20190819,000000,82.5,84.797,75.65,76.6,12376,0
SONM.US,D,20190820,000000,76.6,80.1,72,75.2,8489,0
SONM.US,D,20190821,000000,77.2,88.4,74.9,86.7,8780,0
SONM.US,D,20190822,000000,87,88,81.5,83.6,8504,0
SONM.US,D,20190823,000000,82.5,83.2,74.7,79,8417,0
SONM.US,D,20190826,000000,79.9,81.6,77.7,80.2,3765,0
SONM.US,D,20190827,000000,80.9,82.6,72.9,75.3,16077,0
SONM.US,D,20190828,000000,76.1,79.55,71.7,75.8,7712,0
SONM.US,D,20190829,000000,76.8,78.5,71.3,71.9,9750,0
SONM.US,D,20190830,000000,72.5,75.1,70.9,72.6,2480,0
SONM.US,D,20190903,000000,72,74.3,71.3,71.4,4245,0
SONM.US,D,20190904,000000,72.5,78.5,71.4,76.9,8044,0
SONM.US,D,20190905,000000,78,79.771,76.7,77.5,14368,0
SONM.US,D,20190906,000000,78.4,78.4,70,70.8,5390,0
SONM.US,D,20190909,000000,71,72.5,66.25,70.6,6601,0
SONM.US,D,20190910,000000,59.8,59.8,36.7,37.6,130269,0
SONM.US,D,20190911,000000,37.6,39.1,36.7,37.9,62889,0
SONM.US,D,20190912,000000,37.6,37.9,32.5,33.8,33670,0
SONM.US,D,20190913,000000,33.8,34.7,33.001,33.9,16291,0
SONM.US,D,20190916,000000,34,35.7,33.11,33.7,22392,0
SONM.US,D,20190917,000000,34.3,34.309,32.9,33.3,13895,0
SONM.US,D,20190918,000000,33,33.363,30,31.2,50730,0
SONM.US,D,20190919,000000,31.7,33.7,31.7,32.9,51348,0
SONM.US,D,20190920,000000,33.5,33.8,30.4,31.4,49020,0
SONM.US,D,20190923,000000,31.5,32.1,30.2,30.5,28638,0
SONM.US,D,20190924,000000,30.4,31,29.3,29.4,25450,0
SONM.US,D,20190925,000000,29.2,30,28,28.6,18830,0
SONM.US,D,20190926,000000,28.8,33.7,28.2,31.7,98306,0
SONM.US,D,20190927,000000,31.8,33.4,30.3,30.9,28100,0
SONM.US,D,20190930,000000,31.1,31.8,29.1,29.3,17063,0
SONM.US,D,20191001,000000,29.3,29.8,27.4,28.3,18697,0
SONM.US,D,20191002,000000,28,29.4,27,28.8,7840,0
SONM.US,D,20191003,000000,29,29,27.8,28.8,11175,0
SONM.US,D,20191004,000000,28.8,29.4,28,29.2,5322,0
SONM.US,D,20191007,000000,28.8,32.3,28.7,31.5,16333,0
SONM.US,D,20191008,000000,31.1,32.3,28.2,28.7,15607,0
SONM.US,D,20191009,000000,29,29.8,27.825,28.3,11737,0
SONM.US,D,20191010,000000,28.3,28.9,28.1,28.5,4549,0
SONM.US,D,20191011,000000,28.9,30.3,28.25,29.3,8918,0
SONM.US,D,20191014,000000,29.2,30.1,28.2,29.9,8168,0
SONM.US,D,20191015,000000,29.99,31.4,29.7,31.1,15225,0
SONM.US,D,20191016,000000,31.5,31.5,30.9,31,4076,0
SONM.US,D,20191017,000000,31,31.245,29.615,30.2,5549,0
SONM.US,D,20191018,000000,30.1,30.699,29.701,30.1,5428,0
SONM.US,D,20191021,000000,30.1,31.3,29.4,30.1,6287,0
SONM.US,D,20191022,000000,29.9,31.1,29.8,30.4,4141,0
SONM.US,D,20191023,000000,30,30.7,30,30.3,2252,0
SONM.US,D,20191024,000000,30,30.9,29.9,29.9,5261,0
SONM.US,D,20191025,000000,29.8,30.4,29.75,29.9,7183,0
SONM.US,D,20191028,000000,30.2,31,29.5,30.1,7532,0
SONM.US,D,20191029,000000,29.8,32.6,29.8,32,7769,0
SONM.US,D,20191030,000000,30.2,30.4,25,25.1,38955,0
SONM.US,D,20191031,000000,24.7,24.7,23.3,23.9,70267,0
SONM.US,D,20191101,000000,23.6,24.6,21.6,22.6,9971,0
SONM.US,D,20191104,000000,23.7,23.9,22,22.3,12004,0
SONM.US,D,20191105,000000,21.9,23.8,21.6,22.7,12774,0
SONM.US,D,20191106,000000,23.5,23.8,22.1,22.9,24502,0
SONM.US,D,20191107,000000,23.4,23.855,21,21.4,34901,0
SONM.US,D,20191108,000000,21.7,24.8,21.7,24.3,15633,0
SONM.US,D,20191111,000000,24.3,25.6,23,24.7,5728,0
SONM.US,D,20191112,000000,24.6,26,24.6,25,11045,0
SONM.US,D,20191113,000000,24.38,25.1,23.7,24.8,4007,0
SONM.US,D,20191114,000000,24.6,25.5,24.055,25,5880,0
SONM.US,D,20191115,000000,25.3,25.4,24.6,25,8831,0
SONM.US,D,20191118,000000,25.1,25.5,24.3,24.7,23945,0
SONM.US,D,20191119,000000,25.1,25.5,24.25,25,2108,0
SONM.US,D,20191120,000000,25.4,25.4,23.3,24.5,16188,0
SONM.US,D,20191121,000000,24.5,25.35,24.5,24.8,37059,0
SONM.US,D,20191122,000000,24.8,25.2,23.7,24.1,52943,0
SONM.US,D,20191125,000000,25.8,25.8,23.9,24.5,9513,0
SONM.US,D,20191126,000000,24.1,24.7,21.9,22.7,13285,0
SONM.US,D,20191127,000000,22.8,24,22.8,23.5,6359,0
SONM.US,D,20191129,000000,23.5,28,23.2,27.8,16902,0
SONM.US,D,20191202,000000,27.9,27.9,24.2,24.8,12499,0
SONM.US,D,20191203,000000,24.6,25.2,23.8,24,3729,0
SONM.US,D,20191204,000000,24.1,26.4,22.5,24.3,11473,0
SONM.US,D,20191205,000000,24.4,25.1,22.9,23.3,8291,0
SONM.US,D,20191206,000000,23.7,23.9,23.45,23.6,12477,0
SONM.US,D,20191209,000000,23.5,24,22.3,22.7,13263,0
SONM.US,D,20191210,000000,22.7,23.9,22.3,23.3,8517,0
SONM.US,D,20191211,000000,23.3,23.8,22.8,22.9,5050,0
SONM.US,D,20191212,000000,22.8,24.5,22.8,24.2,51955,0
SONM.US,D,20191213,000000,24.1,25.5,23.41,24.6,24407,0
SONM.US,D,20191216,000000,24.2,27.9,24.2,27.5,38063,0
SONM.US,D,20191217,000000,28,28.4,26.39,27.9,7077,0
SONM.US,D,20191218,000000,27.9,29.299,27.7,28.4,9047,0
SONM.US,D,20191219,000000,28.4,31.1,26.463,30.6,16844,0
SONM.US,D,20191220,000000,30.6,31.5,27.5,29.8,74131,0
SONM.US,D,20191223,000000,30.2,33.8,29.8,33.3,22840,0
SONM.US,D,20191224,000000,34.799,34.799,32.5,33.3,5802,0
SONM.US,D,20191226,000000,33.6,36.7,31.6,35.9,11481,0
SONM.US,D,20191227,000000,36.5,37,35.5,36.7,16218,0
SONM.US,D,20191230,000000,36.3,39,36.3,38.7,21959,0
SONM.US,D,20191231,000000,39.1,39.1,35.5,36.3,19956,0
SONM.US,D,20200102,000000,36.5,36.5,34.65,35.2,5228,0
SONM.US,D,20200103,000000,34.9,35.2,32.3,33.9,5256,0
SONM.US,D,20200106,000000,33.8,36.6,33.4,36.3,9276,0
SONM.US,D,20200107,000000,36.7,36.8,35.7,36,1472,0
SONM.US,D,20200108,000000,36.4,36.4,35.2,36.1,3777,0
SONM.US,D,20200109,000000,36.4,36.5,34.2,35.6,8407,0
SONM.US,D,20200110,000000,35.6,36.8,34.1,36.1,3257,0
SONM.US,D,20200113,000000,36.4,38.4,36,37.8,7851,0
SONM.US,D,20200114,000000,36.2,37.5,35.9,36.6,4950,0
SONM.US,D,20200115,000000,36.7,38.4,36,36.3,2414,0
SONM.US,D,20200116,000000,36,39,34.5,38.5,9973,0
SONM.US,D,20200117,000000,38.4,39.2,36.3,36.9,4352,0
SONM.US,D,20200121,000000,37.2,37.2,35.5,36.6,3227,0
SONM.US,D,20200122,000000,36.8,37.2,36.3,36.6,3462,0
SONM.US,D,20200123,000000,36,36.4,34,35.8,3119,0
SONM.US,D,20200124,000000,35.5,35.9,32.805,34.8,6890,0
SONM.US,D,20200127,000000,34.2,36.4,34.2,35.4,5440,0
SONM.US,D,20200128,000000,35.1,36.5,34,35.2,7791,0
SONM.US,D,20200129,000000,35.4,35.6,33.816,34.3,6401,0
SONM.US,D,20200130,000000,34.3,34.5,32,32.9,20417,0
SONM.US,D,20200131,000000,32.9,33.8,31.7,32.1,13875,0
SONM.US,D,20200203,000000,32.2,33.6,31.5,32.4,2720,0
SONM.US,D,20200204,000000,32.9,32.9,31.124,32.3,3412,0
SONM.US,D,20200205,000000,32,35,32,34.6,6988,0
SONM.US,D,20200206,000000,34.3,35.8,34.3,34.7,2963,0
SONM.US,D,20200207,000000,35.028,35.3,34.55,34.9,645,0
SONM.US,D,20200210,000000,35,36,33.5,34.5,2769,0
SONM.US,D,20200211,000000,35.26,35.678,31.6,32.6,7711,0
SONM.US,D,20200212,000000,32.392,33.4,31.9,32.3,5779,0
SONM.US,D,20200213,000000,32.1,33.8,31.7,33.6,2150,0
SONM.US,D,20200214,000000,33.7,34.3,33,33.5,5575,0
SONM.US,D,20200218,000000,33.1,33.8,32,32.7,770,0
SONM.US,D,20200219,000000,32.323,32.929,32.1,32.3,2363,0
SONM.US,D,20200220,000000,32,33.058,31.45,31.5,7168,0
SONM.US,D,20200221,000000,32,32,31,31,1912,0
SONM.US,D,20200224,000000,30.1,33.5,30.1,32.2,3348,0
SONM.US,D,20200225,000000,32.866,33,30.6,31.9,1732,0
SONM.US,D,20200226,000000,31.826,31.9,30.5,30.6,1755,0
SONM.US,D,20200227,000000,30.5,31.7,30,30,7242,0
SONM.US,D,20200228,000000,30,30.15,28.5,29,13830,0
SONM.US,D,20200302,000000,29.1,30,28,28.3,13279,0
SONM.US,D,20200303,000000,28.8,29.3,26.8,27.4,14234,0
SONM.US,D,20200304,000000,27.2,28.3,25.9,27.5,48125,0
SONM.US,D,20200305,000000,27.12,27.5,26.1,26.2,7441,0
SONM.US,D,20200306,000000,26,26,24.5,24.7,5905,0
SONM.US,D,20200309,000000,22.4,23.7,19.45,19.7,7816,0
SONM.US,D,20200310,000000,21.764,21.764,18.8,19.3,3831,0
SONM.US,D,20200311,000000,18.6,18.6,7.65,9.221,39929,0
SONM.US,D,20200312,000000,8.2,8.4,6.953,6.953,10855,0
SONM.US,D,20200313,000000,8.343,9.1,5,6.345,15470,0
SONM.US,D,20200316,000000,5.53,7,5.22,5.949,8823,0
SONM.US,D,20200317,000000,5.98,7.6,5.98,6.9,11443,0
SONM.US,D,20200318,000000,6.9,7.855,6.3,6.844,5717,0
SONM.US,D,20200319,000000,7.186,7.3,5.5,7.297,6261,0
SONM.US,D,20200320,000000,7.227,19.7,5.6,5.6,79981,0
SONM.US,D,20200323,000000,6,7.89,6,6.332,16229,0
SONM.US,D,20200324,000000,7.106,7.6,6.5,7.319,16979,0
SONM.US,D,20200325,000000,7.549,10,7.3,9,19623,0
SONM.US,D,20200326,000000,9.45,11,9.022,10.1,14323,0
SONM.US,D,20200327,000000,10.5,10.553,7.2,8.401,9219,0
SONM.US,D,20200330,000000,8.45,8.9,7.501,8.204,5536,0
SONM.US,D,20200331,000000,7.4,8.2,7,7,13737,0
SONM.US,D,20200401,000000,10.1,13,7.5,8.542,198509,0
SONM.US,D,20200402,000000,8.9,10,7.75,8.4,38919,0
SONM.US,D,20200403,000000,9.2,9.3,7.5,7.565,21306,0
SONM.US,D,20200406,000000,8.6,8.8,8.001,8.4,7936,0
SONM.US,D,20200407,000000,9.396,9.399,7.61,7.9,22111,0
SONM.US,D,20200408,000000,8.185,8.499,7.532,8.1,12433,0
SONM.US,D,20200409,000000,8,8.5,7.701,8.153,13315,0
SONM.US,D,20200413,000000,8.399,8.399,7.951,8.201,11521,0
SONM.US,D,20200414,000000,8.2,8.3,7.9,7.9,14179,0
SONM.US,D,20200415,000000,7.9,8.083,7.5,7.7,12113,0
SONM.US,D,20200416,000000,7.9,8,7.5,7.873,6434,0
SONM.US,D,20200417,000000,8.5,8.5,7.7,8.2,18254,0
SONM.US,D,20200420,000000,8.4,8.5,7.8,8.38,15778,0
SONM.US,D,20200421,000000,8.4,8.4,7.828,7.9,10512,0
SONM.US,D,20200422,000000,8.295,19,8.295,9.478,799503,0
SONM.US,D,20200423,000000,8.4,9,8.2,8.4,64714,0
SONM.US,D,20200424,000000,8.8,8.8,8.25,8.45,25699,0
SONM.US,D,20200427,000000,8.753,9.371,8.6,9.256,76174,0
SONM.US,D,20200428,000000,9.35,9.6,8.401,9,82733,0
SONM.US,D,20200429,000000,9,9.199,8.6,8.79,59817,0
SONM.US,D,20200430,000000,9,10.8,8.627,9.8,307549,0
SONM.US,D,20200501,000000,9.6,10.4,8.8,9.786,93355,0
SONM.US,D,20200504,000000,9.606,10.3,8.503,9.5,67207,0
SONM.US,D,20200505,000000,9.5,10.7,9.303,10.6,83933,0
SONM.US,D,20200506,000000,11.4,11.6,9.7,9.968,138499,0
SONM.US,D,20200507,000000,10,10.7,9.3,9.361,69655,0
SONM.US,D,20200508,000000,9.721,10.2,9.3,10.1,54238,0
SONM.US,D,20200511,000000,10.3,10.3,9.711,9.843,37493,0
SONM.US,D,20200512,000000,10,10.3,9,9.131,67450,0
SONM.US,D,20200513,000000,9.2,9.2,7.5,8.161,78564,0
SONM.US,D,20200514,000000,8.301,8.7,7.9,8.3,65481,0
SONM.US,D,20200515,000000,7.9,8.2,7.5,7.755,48375,0
SONM.US,D,20200518,000000,7.955,8.5,7.6,8.5,51398,0
SONM.US,D,20200519,000000,8.4,9,8.016,8.667,40890,0
SONM.US,D,20200520,000000,8.8,9.3,8.5,9.205,40081,0
SONM.US,D,20200521,000000,13.2,15.7,10,10.6,2419981,0
SONM.US,D,20200522,000000,9.9,10.6,9.7,10.2,184157,0
SONM.US,D,20200526,000000,10.1,10.1,9.2209,9.759,92614,0
SONM.US,D,20200527,000000,9.421,9.799,8.9,9.299,103857,0
SONM.US,D,20200528,000000,9.298,9.298,8.2,8.251,84901,0
SONM.US,D,20200529,000000,8.2,8.698,8.001,8.3,126920,0
SONM.US,D,20200601,000000,8.82,9.5,8.5,9.04,102802,0
SONM.US,D,20200602,000000,8.5,9.1,8.2,8.569,92134,0
SONM.US,D,20200603,000000,8.399,8.8,8.111,8.33,123092,0
SONM.US,D,20200604,000000,8,9.3,7.8,8.843,339854,0
SONM.US,D,20200605,000000,8.8,9.413,8.396,9.017,452993,0
SONM.US,D,20200608,000000,9.2,10.7,9.101,10.2,324392,0
SONM.US,D,20200609,000000,10.5,10.5,9.7,9.94,123126,0
SONM.US,D,20200610,000000,10.8,10.8,9.12,9.488,127662,0
SONM.US,D,20200611,000000,9.4,9.6,8.4,8.7,167447,0
SONM.US,D,20200612,000000,9.3,9.4,8.647,8.905,95721,0
SONM.US,D,20200615,000000,9.618,9.896,8.6,9.5,121918,0
SONM.US,D,20200616,000000,9.752,9.9,9.5,9.7,64031,0
SONM.US,D,20200617,000000,9.6,9.649,9.1,9.413,45324,0
SONM.US,D,20200618,000000,9.413,9.413,8.815,9.187,39702,0
SONM.US,D,20200619,000000,9.3,9.3,8.8,8.972,37498,0
SONM.US,D,20200622,000000,9.031,9.4,8.75,9.289,64241,0
SONM.US,D,20200623,000000,9.602,9.699,8.8,8.9,106311,0
SONM.US,D,20200624,000000,8.8,8.9,8.5,8.783,62500,0
SONM.US,D,20200625,000000,8.66,8.691,8.2,8.382,51970,0
SONM.US,D,20200626,000000,8.1,8.599,8.014,8.172,156275,0
SONM.US,D,20200629,000000,8.4,8.4,7.74,8.01,66402,0
SONM.US,D,20200630,000000,8.05,8.399,7.65,8.009,63166,0
SONM.US,D,20200701,000000,8.2,8.25,7.9,8.041,34255,0
SONM.US,D,20200702,000000,8.1,8.3,8,8.214,43645,0
SONM.US,D,20200706,000000,8.4,8.4,7.911,8.104,41231,0
SONM.US,D,20200707,000000,8.029,8.2,7.901,8.002,21545,0
SONM.US,D,20200708,000000,8.022,8.3,7.95,8.211,31860,0
SONM.US,D,20200709,000000,8.3,8.395,7.9,8.01,36426,0
SONM.US,D,20200710,000000,8.05,8.1,7.821,7.95,50566,0
SONM.US,D,20200713,000000,8,8.198,7.741,7.939,40224,0
SONM.US,D,20200714,000000,7.85,8.3,7.82,7.951,49541,0
SONM.US,D,20200715,000000,8,8.34,7.925,8.254,53465,0
SONM.US,D,20200716,000000,8.191,8.62,8.011,8.403,42353,0
SONM.US,D,20200717,000000,8.5,8.827,8.201,8.578,69156,0
SONM.US,D,20200720,000000,8.62,8.973,8.3,8.795,131504,0
SONM.US,D,20200721,000000,8.9,9,8.612,8.891,74381,0
SONM.US,D,20200722,000000,9.11,10.1,8.9,9.469,450608,0
SONM.US,D,20200723,000000,9.3,9.3945,8.5,8.708,153267,0
SONM.US,D,20200724,000000,8.5,8.8,8.313,8.725,41270,0
SONM.US,D,20200727,000000,8.79,8.99,8.5,8.979,37568,0
SONM.US,D,20200728,000000,10.4,11.4,9.5,10.3,634215,0
SONM.US,D,20200729,000000,9.711,10,9.211,9.603,126585,0
SONM.US,D,20200730,000000,9.5,10.2,9.204,10.2,68129,0
SONM.US,D,20200731,000000,10.1,10.1,9.4,9.496,43510,0
SONM.US,D,20200803,000000,9.7,9.897,9.401,9.41,42305,0
SONM.US,D,20200804,000000,9.518,10.3,9.418,10,67603,0
SONM.US,D,20200805,000000,10.3,10.9,10.1,10.4,97737,0
SONM.US,D,20200806,000000,10.4,10.7,10.2,10.4,53933,0
SONM.US,D,20200807,000000,10.4,10.6,10.2,10.5,32596,0
SONM.US,D,20200810,000000,10.7,11.7,10.6,10.9,130975,0
SONM.US,D,20200811,000000,11.3,11.6,10,10.3,116344,0
SONM.US,D,20200812,000000,10.5,10.9,10.2,10.3,396032,0
SONM.US,D,20200813,000000,11,11.6,9.39,9.801,529887,0
SONM.US,D,20200814,000000,9.7,9.8,9.102,9.7,162488,0
SONM.US,D,20200817,000000,9.3,10.1,9.139,10.1,58232,0
SONM.US,D,20200818,000000,10.1,10.2,9.601,9.834,32201,0
SONM.US,D,20200819,000000,9.58,10.7,9.422,9.601,321420,0
SONM.US,D,20200820,000000,9.5,9.963,9.275,9.326,69586,0
SONM.US,D,20200821,000000,9.264,9.599,8.5,9.197,76806,0
SONM.US,D,20200824,000000,9.392,9.5,9,9.213,41035,0
SONM.US,D,20200825,000000,9.005,9.3,8.62,9.3,65994,0
SONM.US,D,20200826,000000,9.21,9.3,8.9,9.142,30939,0
SONM.US,D,20200827,000000,9,9.1,8.951,9.1,21937,0
SONM.US,D,20200828,000000,9.029,9.2,8.7,9.102,27394,0
SONM.US,D,20200831,000000,9.1,9.25,8.7,8.78,37592,0
SONM.US,D,20200901,000000,8.755,9.089,8.701,8.727,41008,0
SONM.US,D,20200902,000000,8.8,9.3,8.724,9.299,41831,0
SONM.US,D,20200903,000000,8.9,9.3,8.852,9.2,47182,0
SONM.US,D,20200904,000000,9.285,9.285,8.543,8.703,39377,0
SONM.US,D,20200908,000000,8.57,8.9,8.5,8.769,27620,0
SONM.US,D,20200909,000000,8.7,10.3,8.4091,8.824,305771,0
SONM.US,D,20200910,000000,8.55,9.3,8.55,8.805,37069,0
SONM.US,D,20200911,000000,8.604,9.067,8.551,8.668,29925,0
SONM.US,D,20200914,000000,8.8,9.09,8.7,8.731,33383,0
SONM.US,D,20200915,000000,8.823,9,8.553,8.578,27682,0
SONM.US,D,20200916,000000,8.701,8.899,8.505,8.511,58167,0
SONM.US,D,20200917,000000,8.5,8.606,8.4,8.428,41875,0
SONM.US,D,20200918,000000,8.5,8.7,8.15,8.15,97481,0
SONM.US,D,20200921,000000,8.313,8.4,8.209,8.294,27960,0
SONM.US,D,20200922,000000,8.3,8.404,8.21,8.3,17999,0
SONM.US,D,20200923,000000,8.3,8.329,7.75,7.9,44351,0
SONM.US,D,20200924,000000,7.908,8,7.1,7.7,82257,0
SONM.US,D,20200925,000000,7.705,7.918,7.5,7.605,55850,0
SONM.US,D,20200928,000000,7.729,8.098,7.663,7.751,35116,0
SONM.US,D,20200929,000000,7.954,7.974,7.525,7.6,25958,0
SONM.US,D,20200930,000000,7.7,7.914,7.7,7.76,33620,0
SONM.US,D,20201001,000000,7.9,7.985,7.406,7.471,45295,0
SONM.US,D,20201002,000000,7.5,7.5,7.026,7.12,62602,0
SONM.US,D,20201005,000000,7.1,7.1,6.918,7,41701,0
SONM.US,D,20201006,000000,7.022,7.205,7.022,7.051,26287,0
SONM.US,D,20201007,000000,7.067,7.11,7.009,7.061,47647,0
SONM.US,D,20201008,000000,7.15,7.151,7,7.04,36657,0
SONM.US,D,20201009,000000,7.081,7.197,6.9,6.903,40429,0
SONM.US,D,20201012,000000,7,7.003,6.67,6.851,44994,0
SONM.US,D,20201013,000000,6.803,7.07,6.5,6.682,286469,0
SONM.US,D,20201014,000000,6.602,6.703,6.35,6.401,119599,0
SONM.US,D,20201015,000000,6.4,6.502,5.9,5.95,184507,0
SONM.US,D,20201016,000000,6,6.198,5.85,5.9,144073,0
SONM.US,D,20201019,000000,5.99,6.349,5.9,6,89086,0
SONM.US,D,20201020,000000,6,6.1105,5.75,5.831,80737,0
SONM.US,D,20201021,000000,5.921,6.128,5.65,5.728,91311,0
SONM.US,D,20201022,000000,5.65,6,5.44,5.864,108268,0
SONM.US,D,20201023,000000,5.97,5.99,5.602,5.873,85690,0
SONM.US,D,20201026,000000,5.85,5.85,5.4725,5.532,111183,0
SONM.US,D,20201027,000000,5.741,5.85,5.3,5.698,136859,0
SONM.US,D,20201028,000000,5.521,5.7,5.05,5.07,139174,0
SONM.US,D,20201029,000000,5,5.05,4.652,4.654,117114,0
SONM.US,D,20201030,000000,4.7,4.7,4.201,4.41,157458,0
SONM.US,D,20201102,000000,4.5,5.734,4.41,5.078,207150,0
SONM.US,D,20201103,000000,5.4,5.4,4.81,4.905,68172,0
SONM.US,D,20201104,000000,4.97,5.1,4.751,4.873,49772,0
SONM.US,D,20201105,000000,4.97,5.851,4.824,5.73,86039,0
SONM.US,D,20201106,000000,5.899,5.899,5.233,5.378,51930,0
SONM.US,D,20201109,000000,5.452,5.8,5.4,5.767,89219,0
SONM.US,D,20201110,000000,5.793,5.9625,5.425,5.677,86956,0
SONM.US,D,20201111,000000,5.2,5.37,4.805,5.163,184356,0
SONM.US,D,20201112,000000,5.123,5.14,4.723,4.777,79033,0
SONM.US,D,20201113,000000,4.85,5.25,4.75,5.1,74863,0
SONM.US,D,20201116,000000,5.1,5.499,5,5.351,52465,0
SONM.US,D,20201117,000000,5.4,5.5,5.201,5.459,32159,0
SONM.US,D,20201118,000000,5.503,6.1964,5.402,5.844,128163,0
SONM.US,D,20201119,000000,5.9,5.9,5.5,5.77,48327,0
SONM.US,D,20201120,000000,6,6,5.601,5.868,43226,0
SONM.US,D,20201123,000000,6.15,6.15,5.55,5.85,60885,0
SONM.US,D,20201124,000000,5.94,6.3,5.653,6.182,76501,0
SONM.US,D,20201125,000000,6.19,6.19,5.803,5.882,60912,0
SONM.US,D,20201127,000000,6,6.189,5.78,6.158,57507,0
SONM.US,D,20201130,000000,6.15,6.4,5.91,6.388,92723,0
SONM.US,D,20201201,000000,6.68,6.68,6.1,6.335,75685,0
SONM.US,D,20201202,000000,6,6.199,5.95,6.125,36371,0
SONM.US,D,20201203,000000,6.1,6.35,6.03,6.248,32885,0
SONM.US,D,20201204,000000,6.312,6.32,6,6.1,30864,0
SONM.US,D,20201207,000000,6.2,6.292,5.916,6.144,53735,0
SONM.US,D,20201208,000000,6.252,7.35,6.199,6.4,718844,0
SONM.US,D,20201209,000000,6.484,6.5,6.103,6.323,152982,0
SONM.US,D,20201210,000000,6.3,6.45,6.1,6.402,111358,0
SONM.US,D,20201211,000000,6.4,6.4,6.187,6.39,71321,0
SONM.US,D,20201214,000000,6.352,6.388,6.1,6.3,76270,0
SONM.US,D,20201215,000000,6.2,6.299,6.053,6.196,90533,0
SONM.US,D,20201216,000000,6.152,6.152,6,6.087,44878,0
SONM.US,D,20201217,000000,6.19,6.239,6,6.145,75617,0
SONM.US,D,20201218,000000,6.25,6.25,6,6.209,69677,0
SONM.US,D,20201221,000000,6.1,6.195,5.94,6.021,66025,0
SONM.US,D,20201222,000000,6.16,6.25,6.1,6.135,61553,0
SONM.US,D,20201223,000000,6.135,6.498,6.135,6.36,98172,0
SONM.US,D,20201224,000000,6.497,6.679,6.355,6.474,45445,0
SONM.US,D,20201228,000000,6.8,7.331,6.501,6.92,228487,0
SONM.US,D,20201229,000000,7.294,7.36,7,7.18,195918,0
SONM.US,D,20201230,000000,7.3,7.498,7.25,7.3,162638,0
SONM.US,D,20201231,000000,7.448,7.448,7.15,7.24,122316,0
SONM.US,D,20210104,000000,7.5,7.5,7.101,7.41,85290,0
SONM.US,D,20210105,000000,7.5,7.7,7.4,7.671,127512,0
SONM.US,D,20210106,000000,7.77,7.77,7.509,7.509,139982,0
SONM.US,D,20210107,000000,7.7,7.777,7.52,7.774,83246,0
SONM.US,D,20210108,000000,7.8,7.8,7.502,7.533,75099,0
SONM.US,D,20210111,000000,7.7,7.89,7.6,7.8,107126,0
SONM.US,D,20210112,000000,7.986,8,7.8,7.914,83497,0
SONM.US,D,20210113,000000,8.1,8.999,8,8.7,595660,0
SONM.US,D,20210114,000000,8.898,9,8.5,8.645,171372,0
SONM.US,D,20210115,000000,8.849,9.25,8.011,8.8,465710,0
SONM.US,D,20210119,000000,9,9.1,8.59,8.701,209598,0
SONM.US,D,20210120,000000,8.8,8.85,8.254,8.399,415731,0
SONM.US,D,20210121,000000,9.1,9.6,8.728,9.233,465409,0
SONM.US,D,20210122,000000,9.2,9.4,8.734,9.4,201941,0
SONM.US,D,20210125,000000,10.9,11,10.1,10.2,824336,0
SONM.US,D,20210126,000000,10.5,11,9.735,10,427385,0
SONM.US,D,20210127,000000,9.1,10,8.3,9.401,287838,0
SONM.US,D,20210128,000000,9.1,9.8,8.751,9.131,499946,0
SONM.US,D,20210129,000000,8.953,9.048,8.309,8.515,290248,0
SONM.US,D,20210201,000000,8.7,8.7,8.111,8.515,271606,0
SONM.US,D,20210202,000000,8.761,9.572,8.6,9.403,264417,0
SONM.US,D,20210203,000000,9.321,10.1,9.013,9.997,375764,0
SONM.US,D,20210204,000000,10,10.5,9.66,9.85,168151,0
SONM.US,D,20210205,000000,9.9,10.6,9.604,10.3,236540,0
SONM.US,D,20210208,000000,10.7,12,10.7,11.8,514799,0
SONM.US,D,20210209,000000,12.2,13.4,12.1,12.25,668625,0
SONM.US,D,20210210,000000,13,13.4,10.5,12.3,372532,0
SONM.US,D,20210211,000000,12.5,12.6,11.3,11.9,241159,0
SONM.US,D,20210212,000000,12,12.2,11.1,11.8,174236,0
SONM.US,D,20210216,000000,12.6,17,12.3,15.6,1657209,0
SONM.US,D,20210217,000000,15,15.399,13,14.2,665751,0
SONM.US,D,20210218,000000,13.5,13.7,12.2,13,364773,0
SONM.US,D,20210219,000000,13.1,13.5,12.6,12.7,184726,0
SONM.US,D,20210222,000000,12.45,12.6,11.4,11.6,238047,0
SONM.US,D,20210223,000000,11,11.4,9.636,10.9,227448,0
SONM.US,D,20210224,000000,11,12.1,10.9,11.5,176186,0
SONM.US,D,20210225,000000,11.7,11.9,10.4,10.5,177615,0
SONM.US,D,20210226,000000,10.5,11,9.951,10.4,145485,0
SONM.US,D,20210301,000000,11,11.2,10.3,10.9,175516,0
SONM.US,D,20210302,000000,11.2,11.2,10,10.2,186446,0
SONM.US,D,20210303,000000,10.6,10.742,10,10.1,195006,0
SONM.US,D,20210304,000000,10,10,8.5,8.92,263924,0
SONM.US,D,20210305,000000,8.977,9.6,8.1,9.4,161816,0
SONM.US,D,20210308,000000,9.35,9.7,9.1,9.243,114981,0
SONM.US,D,20210309,000000,9.6,10.4,9.2701,10.4,134017,0
SONM.US,D,20210310,000000,10.5,10.7,10,10.2,148066,0
SONM.US,D,20210311,000000,11.5,11.5,9.948,10.1,996259,0
SONM.US,D,20210312,000000,9.572,10.2,9.5,10,305676,0
SONM.US,D,20210315,000000,9.8,10.4,9.703,10.2,246099,0
SONM.US,D,20210316,000000,10.173,10.3,9.402,9.639,264701,0
SONM.US,D,20210317,000000,9.7,9.9,9.228,9.9,133133,0
SONM.US,D,20210318,000000,9.65,10.1,9.4,9.441,152455,0
SONM.US,D,20210319,000000,9.398,9.78,9.1,9.78,195998,0
SONM.US,D,20210322,000000,9.6,9.7,9.21,9.37,130243,0
SONM.US,D,20210323,000000,9.25,9.3,8.825,8.911,131236,0
SONM.US,D,20210324,000000,8.95,8.997,8.005,8.074,176464,0
SONM.US,D,20210325,000000,7.8,8.588,7.6,8.556,130051,0
SONM.US,D,20210326,000000,8.7,8.801,8.23,8.501,95521,0
SONM.US,D,20210329,000000,8.524,8.65,8,8.041,97428,0
SONM.US,D,20210330,000000,7.951,8.4,7.713,8.369,70151,0
SONM.US,D,20210331,000000,8.4,8.699,8.051,8.199,66330,0
SONM.US,D,20210401,000000,8.3,8.8,8.215,8.51,74719,0
SONM.US,D,20210405,000000,8.98,8.98,8.3,8.53,83237,0
SONM.US,D,20210406,000000,8.5,8.5,8.302,8.35,50148,0
SONM.US,D,20210407,000000,8.19,8.399,8.013,8.1,80101,0
SONM.US,D,20210408,000000,8.101,8.3,7.61,7.751,133539,0
SONM.US,D,20210409,000000,7.71,8.164,7.542,7.556,68035,0
SONM.US,D,20210412,000000,7.654,7.78,6.8,6.828,158466,0
SONM.US,D,20210413,000000,6.8,6.9,6.504,6.561,117654,0
SONM.US,D,20210414,000000,6.642,7,6.615,6.825,115418,0
SONM.US,D,20210415,000000,7.171,7.315,6.2,6.231,329853,0
SONM.US,D,20210416,000000,6.146,6.342,5.9,6.102,115471,0
SONM.US,D,20210419,000000,6.4,6.699,6.051,6.39,140888,0
SONM.US,D,20210420,000000,6.699,6.699,6.212,6.24,93636,0
SONM.US,D,20210421,000000,6.3,6.65,6.246,6.594,88897,0
SONM.US,D,20210422,000000,7,7.028,6.5,6.649,85725,0
SONM.US,D,20210423,000000,6.52,6.897,6.51,6.844,67243,0
SONM.US,D,20210426,000000,7,7.499,6.7,7.1,306774,0
SONM.US,D,20210427,000000,7.2,7.299,6.75,6.791,93622,0
SONM.US,D,20210428,000000,6.7,7.299,6.693,6.979,113296,0
SONM.US,D,20210429,000000,7.2,7.2,6.6,6.73,99058,0
SONM.US,D,20210430,000000,6.7,6.949,6.45,6.55,74546,0
SONM.US,D,20210503,000000,6.6,6.689,6.401,6.679,75571,0
SONM.US,D,20210504,000000,6.6,6.6,6.15,6.21,103263,0
SONM.US,D,20210505,000000,6.55,6.55,6.2,6.3,51691,0
SONM.US,D,20210506,000000,6.3,6.3,5.801,5.9,129801,0
SONM.US,D,20210507,000000,6.1,6.354,5.91,6.354,50661,0
SONM.US,D,20210510,000000,6.4,6.461,5.871,5.985,80451,0
SONM.US,D,20210511,000000,6.25,6.3,5.9,6.2,275471,0
SONM.US,D,20210512,000000,5.167,5.197,4.551,4.789,1226312,0
SONM.US,D,20210513,000000,4.743,4.799,4.26,4.291,423660,0
SONM.US,D,20210514,000000,4.39,4.699,4.29,4.528,409729,0
SONM.US,D,20210517,000000,4.53,4.656,4.388,4.495,278815,0
SONM.US,D,20210518,000000,4.5,4.694,4.44,4.588,239910,0
SONM.US,D,20210519,000000,4.4,4.894,4.4,4.778,487314,0
SONM.US,D,20210520,000000,4.8,4.81,4.6,4.775,169412,0
SONM.US,D,20210521,000000,4.773,4.998,4.73,4.916,201999,0
SONM.US,D,20210524,000000,4.9,4.9,4.601,4.666,162062,0
SONM.US,D,20210525,000000,4.7,4.745,4.504,4.53,167623,0
SONM.US,D,20210526,000000,4.69,4.787,4.5,4.71,127528,0
SONM.US,D,20210527,000000,4.768,5.069,4.749,5.032,263010,0
SONM.US,D,20210528,000000,5.1,5.299,5.028,5.079,149333,0
SONM.US,D,20210601,000000,5.1,5.1,4.7,4.7,269532,0
SONM.US,D,20210602,000000,4.9,5.08,4.801,4.922,321862,0
SONM.US,D,20210603,000000,4.972,5.249,4.9,5,398003,0
SONM.US,D,20210604,000000,5.1,5.1,4.75,4.924,218271,0
SONM.US,D,20210607,000000,5.145,5.6,4.91,5.5,437722,0
SONM.US,D,20210608,000000,7.006,7.95,6.052,6.5,4736174,0
SONM.US,D,20210609,000000,6.194,6.78,6.1,6.558,771073,0
SONM.US,D,20210610,000000,6.396,6.556,6.02,6.319,360196,0
SONM.US,D,20210611,000000,6.375,6.65,6,6.216,292935,0
SONM.US,D,20210614,000000,6.209,6.4,6.09,6.22,236998,0
SONM.US,D,20210615,000000,6.28,6.28,5.632,5.725,337555,0
SONM.US,D,20210616,000000,5.629,5.898,5.502,5.814,212584,0
SONM.US,D,20210617,000000,5.703,5.984,5.703,5.901,156441,0
SONM.US,D,20210618,000000,5.8,5.973,5.71,5.971,166928,0
SONM.US,D,20210621,000000,5.98,6.052,5.9,5.95,158178,0
SONM.US,D,20210622,000000,5.917,5.99,5.606,5.63,104067,0
SONM.US,D,20210623,000000,5.635,5.798,5.61,5.78,74954,0
SONM.US,D,20210624,000000,5.79,5.97,5.78,5.9,80027,0
SONM.US,D,20210625,000000,5.86,6.25,5.85,6.098,122307,0
SONM.US,D,20210628,000000,6.279,6.4,6.086,6.284,171632,0
SONM.US,D,20210629,000000,6.5,6.5,6.07,6.091,241888,0
SONM.US,D,20210630,000000,5.96,6,5.506,5.58,520037,0
SONM.US,D,20210701,000000,5.851,5.9,5.3,5.429,476805,0
SONM.US,D,20210702,000000,5.37,5.381,5.05,5.06,418808,0
SONM.US,D,20210706,000000,5,5.4,4.805,4.883,1592304,0
SONM.US,D,20210707,000000,4.9,4.985,4.612,4.678,415512,0
SONM.US,D,20210708,000000,4.55,4.575,4.411,4.437,460090,0
SONM.US,D,20210709,000000,4.582,4.6,4.46,4.46,739852,0
SONM.US,D,20210712,000000,4.671,4.789,4.6,4.68,1255132,0
SONM.US,D,20210713,000000,4.718,4.79,4.333,4.34,873351,0
SONM.US,D,20210714,000000,4.359,4.449,3.951,4,1076657,0
SONM.US,D,20210715,000000,4.04,4.181,3.9,4.088,587957,0
SONM.US,D,20210716,000000,4.1,4.196,3.958,4.017,263661,0
SONM.US,D,20210719,000000,3.886,4.198,3.702,4.148,638922,0
SONM.US,D,20210720,000000,4.1,4.299,4,4.186,360470,0
SONM.US,D,20210721,000000,4.241,4.797,4.111,4.68,776864,0
SONM.US,D,20210722,000000,4.464,4.625,4.252,4.329,349223,0
SONM.US,D,20210723,000000,4.281,4.49,4.05,4.297,456779,0
SONM.US,D,20210726,000000,4.19,4.598,4.06,4.541,531799,0
SONM.US,D,20210727,000000,4.5,4.55,4.157,4.239,214061,0
SONM.US,D,20210728,000000,4.18,4.307,4.18,4.264,125980,0
SONM.US,D,20210729,000000,4.262,4.334,4.201,4.317,198045,0
SONM.US,D,20210730,000000,4.219,4.29,4.11,4.125,138559,0
SONM.US,D,20210802,000000,4.197,4.197,4.005,4.048,398403,0
SONM.US,D,20210803,000000,4.005,4.19,3.91,4.147,372103,0
SONM.US,D,20210804,000000,4.078,4.58,4.019,4.19,1108871,0
SONM.US,D,20210805,000000,4.19,4.679,4.12,4.5,1027882,0
SONM.US,D,20210806,000000,4.5,4.646,4.357,4.463,321097,0
SONM.US,D,20210809,000000,4.4,4.77,4.4,4.6,467507,0
SONM.US,D,20210810,000000,4.699,4.699,4.4,4.491,354601,0
SONM.US,D,20210811,000000,4.3,4.49,4.111,4.345,473954,0
SONM.US,D,20210812,000000,4.2,4.295,4.102,4.188,211416,0
SONM.US,D,20210813,000000,4.183,4.183,3.975,4.131,312095,0
SONM.US,D,20210816,000000,4.05,4.15,3.921,4.084,261430,0
SONM.US,D,20210817,000000,4.001,4.001,3.611,3.86,601710,0
SONM.US,D,20210818,000000,3.802,3.966,3.7,3.851,186199,0
SONM.US,D,20210819,000000,3.905,4.049,3.752,3.776,208206,0
SONM.US,D,20210820,000000,3.825,3.888,3.729,3.888,164821,0
SONM.US,D,20210823,000000,3.9,4.1,3.85,3.94,141487,0
SONM.US,D,20210824,000000,3.799,4.276,3.799,4.05,718331,0
SONM.US,D,20210825,000000,4.02,4.29,4.001,4.002,772201,0
SONM.US,D,20210826,000000,4.06,4.27,3.99,4.06,847064,0
SONM.US,D,20210827,000000,4.034,4.349,4.033,4.284,955496,0
SONM.US,D,20210830,000000,4.369,4.458,4.219,4.36,505615,0
SONM.US,D,20210831,000000,4.321,4.45,4.3,4.4,522406,0
SONM.US,D,20210901,000000,4.357,4.798,4.31,4.711,2177300,0
SONM.US,D,20210902,000000,4.8,5.1,4.8,4.911,1492580,0
SONM.US,D,20210903,000000,4.81,4.876,4.5,4.52,1019979,0
SONM.US,D,20210907,000000,4.38,5.1125,4.38,5.05,2360114,0
SONM.US,D,20210908,000000,5.025,5.486,4.84,4.86,3203802,0
SONM.US,D,20210909,000000,5.15,5.939,4.92,5.9,3653780,0
SONM.US,D,20210910,000000,6.669,7.346,6.01,6.12,8962256,0
SONM.US,D,20210913,000000,5.8,5.803,5.233,5.611,2365246,0
SONM.US,D,20210914,000000,5.65,5.96,5.2,5.23,2600780,0
SONM.US,D,20210915,000000,3.749,3.95,3.529,3.709,3105279,0
SONM.US,D,20210916,000000,3.49,3.8,3.29,3.72,3398638,0
SONM.US,D,20210917,000000,3.79,4.48,3.59,3.61,6525249,0
SONM.US,D,20210920,000000,3.42,3.4498,3.12,3.17,1777612,0
SONM.US,D,20210921,000000,3.2,3.43,3.1101,3.23,1440677,0
SONM.US,D,20210922,000000,3.21,3.34,3.07,3.27,2054133,0
SONM.US,D,20210923,000000,3.29,3.429,3.14,3.2,1481104,0
SONM.US,D,20210924,000000,3.1,3.31,3.07,3.12,2146905,0
SONM.US,D,20210927,000000,3.05,3.06,2.73,2.81,3370840,0
SONM.US,D,20210928,000000,2.8084,2.86,2.74,2.81,1671534,0
SONM.US,D,20210929,000000,2.91,2.96,2.72,2.78,2833286,0
SONM.US,D,20210930,000000,2.86,2.88,2.66,2.7,2157195,0
SONM.US,D,20211001,000000,2.73,2.739,2.51,2.54,1808136,0
SONM.US,D,20211004,000000,2.55,2.55,2.34,2.39,1561495,0
SONM.US,D,20211005,000000,2.41,2.41,2.2,2.21,4314676,0
SONM.US,D,20211006,000000,2.13,2.21,2.05,2.09,5792307,0
SONM.US,D,20211007,000000,2.14,2.2378,2.11,2.12,3124568,0
SONM.US,D,20211008,000000,2.12,2.13,2.02,2.07,2710132,0
SONM.US,D,20211011,000000,2.04,2.1,1.93,2.02,3553069,0
SONM.US,D,20211012,000000,2.01,2.08,1.99,2.03,1636470,0
SONM.US,D,20211013,000000,2.04,2.16,2,2.08,4097515,0
SONM.US,D,20211014,000000,2.08,2.08,2.02,2.03,2579128,0
SONM.US,D,20211015,000000,2.04,2.04,1.95,1.99,2249281,0
SONM.US,D,20211018,000000,1.99,2.04,1.95,2.01,1155016,0
SONM.US,D,20211019,000000,2,2.085,1.95,2,1876836,0
SONM.US,D,20211020,000000,2,2.07,1.96,2,1328422,0
SONM.US,D,20211021,000000,1.99,2.03,1.96,1.99,1053160,0
SONM.US,D,20211022,000000,1.95,1.96,1.78,1.87,8194207,0
SONM.US,D,20211025,000000,3.04,3.08,2.18,2.4,45238808,0
SONM.US,D,20211026,000000,2.15,2.34,2.05,2.28,6755380,0
SONM.US,D,20211027,000000,2.35,2.35,2.08,2.13,5129842,0
SONM.US,D,20211028,000000,2.1,2.4,2.09,2.28,4574644,0
SONM.US,D,20211029,000000,2.25,2.29,2.18,2.27,1605783,0
SONM.US,D,20211101,000000,2.28,2.41,2.17,2.25,2110871,0
SONM.US,D,20211102,000000,2.27,2.27,2.14,2.21,1412006,0
SONM.US,D,20211103,000000,2.22,2.24,2.15,2.22,1487885,0
SONM.US,D,20211104,000000,2.21,2.21,2.07,2.12,1700207,0
SONM.US,D,20211105,000000,2.09,2.11,1.975,2.04,1389119,0
SONM.US,D,20211108,000000,2.06,2.1552,1.99,2.03,1838545,0
SONM.US,D,20211109,000000,2.04,2.06,1.92,2,1356657,0
SONM.US,D,20211110,000000,2,2,1.91,1.94,1378515,0
SONM.US,D,20211111,000000,1.9,1.94,1.84,1.91,973041,0
SONM.US,D,20211112,000000,1.94,2.22,1.9,2.15,4688306,0
SONM.US,D,20211115,000000,2.2,2.21,1.96,2,5574390,0
SONM.US,D,20211116,000000,1.99,2.01,1.87,1.94,2497678,0
SONM.US,D,20211117,000000,1.91,1.92,1.79,1.81,1476239,0
SONM.US,D,20211118,000000,1.83,1.86,1.64,1.69,1768628,0
SONM.US,D,20211119,000000,1.7,1.74,1.625,1.67,1280474,0
SONM.US,D,20211122,000000,1.65,1.65,1.465,1.51,1697330,0
SONM.US,D,20211123,000000,1.48,1.55,1.47,1.54,587755,0
SONM.US,D,20211124,000000,1.54,1.61,1.47,1.56,463413,0
SONM.US,D,20211126,000000,1.46,1.52,1.46,1.51,667216,0
SONM.US,D,20211129,000000,1.51,1.55,1.46,1.47,467913,0
SONM.US,D,20211130,000000,1.47,1.48,1.36,1.44,756627,0
SONM.US,D,20211201,000000,1.45,1.51,1.34,1.37,723131,0
SONM.US,D,20211202,000000,1.35,1.39,1.3,1.37,530757,0
SONM.US,D,20211203,000000,1.36,1.37,1.25,1.29,594390,0
SONM.US,D,20211206,000000,1.28,1.28,1.15,1.25,973039,0
SONM.US,D,20211207,000000,1.28,1.37,1.2701,1.33,1048086,0
SONM.US,D,20211208,000000,1.3,1.34,1.28,1.32,648639,0
SONM.US,D,20211209,000000,1.33,1.34,1.24,1.25,670451,0
SONM.US,D,20211210,000000,1.25,1.27,1.21,1.22,569613,0
SONM.US,D,20211213,000000,1.22,1.22,1.13,1.13,1052166,0
SONM.US,D,20211214,000000,1.12,1.13,1.02,1.04,3595527,0
SONM.US,D,20211215,000000,1.03,1.06,0.9812,1.04,1432629,0
SONM.US,D,20211216,000000,1.04,1.06,0.987,1.01,1087876,0
SONM.US,D,20211217,000000,1,1.0791,0.96,0.9936,2167048,0
SONM.US,D,20211220,000000,0.9748,0.993,0.9346,0.947,1177809,0
SONM.US,D,20211221,000000,0.96,1.03,0.945,0.982,1308251,0
SONM.US,D,20211222,000000,0.9702,1.01,0.9546,0.9729,555561,0
SONM.US,D,20211223,000000,0.9782,1.0399,0.9756,1,1155429,0
SONM.US,D,20211227,000000,1,1.03,0.9566,0.9648,749177,0
SONM.US,D,20211228,000000,0.9619,0.99,0.931,0.9371,741178,0
SONM.US,D,20211229,000000,0.93,0.9849,0.87,0.893,1656597,0
SONM.US,D,20211230,000000,0.9,0.9436,0.9,0.933,576238,0
SONM.US,D,20211231,000000,0.9238,0.99,0.9214,0.9218,1280045,0
SONM.US,D,20220103,000000,0.9222,1.025,0.91,1.02,1054528,0
SONM.US,D,20220104,000000,1,1.0287,0.96,0.98,500657,0
SONM.US,D,20220105,000000,0.98,0.98,0.91,0.9168,400722,0
SONM.US,D,20220106,000000,0.9232,0.9232,0.8505,0.8734,558154,0
SONM.US,D,20220107,000000,0.8653,0.91,0.84,0.8576,351476,0
SONM.US,D,20220110,000000,0.85,0.85,0.791,0.822,698117,0
SONM.US,D,20220111,000000,0.8277,0.8734,0.8201,0.8595,270123,0
SONM.US,D,20220112,000000,0.87,0.92,0.8215,0.8321,436822,0
SONM.US,D,20220113,000000,0.84,0.8616,0.7901,0.8,284826,0
SONM.US,D,20220114,000000,0.79,0.8091,0.76,0.7883,429340,0
SONM.US,D,20220118,000000,0.78,0.78,0.75,0.7779,294374,0
SONM.US,D,20220119,000000,0.7529,0.7776,0.71,0.7111,558704,0
SONM.US,D,20220120,000000,0.7235,0.749899,0.69,0.6984,360841,0
SONM.US,D,20220121,000000,0.67,0.6901,0.6328,0.6411,402595,0
SONM.US,D,20220124,000000,0.6152,0.62,0.5502,0.62,804803,0
SONM.US,D,20220125,000000,0.6,0.6879,0.592371,0.65,272816,0
SONM.US,D,20220126,000000,0.6825,0.687499,0.621,0.6659,247316,0
SONM.US,D,20220127,000000,0.6637,0.674899,0.6,0.6112,417523,0
SONM.US,D,20220128,000000,0.6056,0.6523,0.5656,0.62,284895,0
SONM.US,D,20220131,000000,0.6217,0.659,0.6,0.639,638671,0
SONM.US,D,20220201,000000,0.6399,0.7197,0.6219,0.717,570769,0
SONM.US,D,20220202,000000,0.74,0.74,0.6601,0.6699,330574,0
SONM.US,D,20220203,000000,0.6695,0.6695,0.62,0.6299,330321,0
SONM.US,D,20220204,000000,0.63,0.6898,0.62,0.668,253081,0
SONM.US,D,20220207,000000,0.6613,0.7199,0.65,0.6712,278671,0
SONM.US,D,20220208,000000,0.6712,0.6857,0.6006,0.6236,875153,0
SONM.US,D,20220209,000000,0.62,0.6576,0.61,0.6213,958010,0
SONM.US,D,20220210,000000,0.62,0.67,0.615,0.6231,612853,0
SONM.US,D,20220211,000000,0.6263,0.65,0.5861,0.5979,458088,0
SONM.US,D,20220214,000000,0.59,0.619,0.5808,0.5809,260312,0
SONM.US,D,20220215,000000,0.6,0.63,0.581,0.6191,286494,0
SONM.US,D,20220216,000000,0.62,0.69,0.5955,0.65,655458,0
SONM.US,D,20220217,000000,0.6642,0.67,0.5921,0.5935,609410,0
SONM.US,D,20220218,000000,0.6098,0.6098,0.5701,0.5898,289165,0
SONM.US,D,20220222,000000,0.58,0.599099,0.5575,0.5625,235586,0
SONM.US,D,20220223,000000,0.57,0.5948,0.5157,0.52,407053,0
SONM.US,D,20220224,000000,0.49,0.549999,0.475,0.537,432733,0
SONM.US,D,20220225,000000,0.56,0.57,0.52,0.545,260060,0
SONM.US,D,20220228,000000,0.54,0.6075,0.54,0.602,301255,0
SONM.US,D,20220301,000000,0.6075,0.7199,0.6,0.668,1667018,0
SONM.US,D,20220302,000000,0.67,0.718,0.6025,0.6401,1056281,0
SONM.US,D,20220303,000000,0.6303,0.64,0.5708,0.5801,438124,0
SONM.US,D,20220304,000000,0.5801,0.618,0.577,0.6001,168888,0
SONM.US,D,20220307,000000,0.65,0.65,0.57,0.57,409277,0
SONM.US,D,20220308,000000,0.57,0.66,0.5228,0.6276,563588,0
SONM.US,D,20220309,000000,0.6156,0.68,0.5955,0.67,549815,0
SONM.US,D,20220310,000000,0.72,0.72,0.6173,0.6499,729600,0
SONM.US,D,20220311,000000,0.663,0.68,0.6014,0.6296,172279,0
SONM.US,D,20220314,000000,0.6272,0.63,0.5866,0.6,291511,0
SONM.US,D,20220315,000000,0.6299,1.32,0.595001,1.22,90386903,0
SONM.US,D,20220316,000000,0.9159,1.23,0.8701,1.22,25058251,0
SONM.US,D,20220317,000000,1.12,1.41,1.06,1.4,15628719,0
SONM.US,D,20220318,000000,1.41,1.58,1.2,1.29,13121046,0
SONM.US,D,20220321,000000,1.24,1.3,0.995,1.03,7161439,0
SONM.US,D,20220322,000000,1.06,1.065,1,1.02,2168601,0
SONM.US,D,20220323,000000,1.05,1.0599,0.9901,0.9998,1645954,0
SONM.US,D,20220324,000000,0.9556,1.0301,0.901,0.9402,3824931,0
SONM.US,D,20220325,000000,0.9018,0.92,0.8401,0.8499,1445301,0
SONM.US,D,20220328,000000,0.8561,0.89,0.7951,0.8482,872733,0
SONM.US,D,20220329,000000,0.8127,0.9449,0.811,0.852,1839762,0
SONM.US,D,20220330,000000,0.865,0.935,0.852,0.8837,1167463,0
SONM.US,D,20220331,000000,0.9,0.915,0.851,0.8559,861622,0
SONM.US,D,20220401,000000,0.861,0.89,0.8422,0.8562,414141,0
SONM.US,D,20220404,000000,0.868,0.87,0.83,0.8463,921523,0
SONM.US,D,20220405,000000,0.8318,0.8498,0.815,0.83,613529,0
SONM.US,D,20220406,000000,0.81,0.81,0.77,0.7893,767359,0
SONM.US,D,20220407,000000,0.75,0.8,0.7485,0.752,626198,0
SONM.US,D,20220408,000000,0.7662,0.811,0.75,0.7708,323812,0
SONM.US,D,20220411,000000,0.7701,0.7899,0.7,0.7033,492435,0
SONM.US,D,20220412,000000,0.7059,0.75,0.65,0.6617,549530,0
SONM.US,D,20220413,000000,0.6418,0.7041,0.640201,0.7,491263,0
SONM.US,D,20220414,000000,0.78,0.81,0.74,0.753,1747895,0
SONM.US,D,20220418,000000,0.7483,0.7499,0.6901,0.72,435539,0
SONM.US,D,20220419,000000,0.7,0.73,0.695,0.7146,215299,0
SONM.US,D,20220420,000000,0.7068,0.73,0.7,0.73,135861,0
SONM.US,D,20220421,000000,0.74,0.75,0.6625,0.698,512374,0
SONM.US,D,20220422,000000,0.66,0.698,0.6503,0.6653,149321,0
SONM.US,D,20220425,000000,0.65,0.65,0.611,0.625,255381,0
SONM.US,D,20220426,000000,0.63,0.63,0.55,0.5549,465047,0
SONM.US,D,20220427,000000,0.5549,0.62,0.5549,0.5968,364156,0
SONM.US,D,20220428,000000,0.5789,0.6074,0.55,0.5801,307788,0
SONM.US,D,20220429,000000,0.5898,0.617299,0.5798,0.5999,255581,0
SONM.US,D,20220502,000000,0.6,0.67,0.5763,0.6641,658402,0
SONM.US,D,20220503,000000,0.66,0.675,0.65,0.6698,200955,0
SONM.US,D,20220504,000000,0.6497,0.66,0.6212,0.6599,146802,0
SONM.US,D,20220505,000000,0.8306,0.88,0.732,0.7866,37700245,0
SONM.US,D,20220506,000000,0.662,0.79,0.66,0.7746,2698973,0
SONM.US,D,20220509,000000,0.66,0.7959,0.66,0.7704,1817074,0
SONM.US,D,20220510,000000,0.73,0.76,0.67,0.687,860025,0
SONM.US,D,20220511,000000,0.67,0.7,0.5529,0.565,922494,0
SONM.US,D,20220512,000000,0.55,0.6,0.55,0.5724,404835,0
SONM.US,D,20220513,000000,0.5811,0.63,0.57,0.5996,693465,0
SONM.US,D,20220516,000000,0.6,0.62,0.55,0.5525,565711,0
SONM.US,D,20220517,000000,0.56,0.58,0.53,0.539,738592,0
SONM.US,D,20220518,000000,0.5388,0.5689,0.534,0.5411,331136,0
SONM.US,D,20220519,000000,0.5203,0.55,0.50801,0.5159,517239,0
SONM.US,D,20220520,000000,0.53,0.54,0.483,0.511,532322,0
SONM.US,D,20220523,000000,0.5087,0.55,0.4966,0.525,1459904,0
SONM.US,D,20220524,000000,0.54,0.54,0.501,0.5179,161463,0
SONM.US,D,20220525,000000,0.518,0.5377,0.5,0.5377,276620,0
SONM.US,D,20220526,000000,0.538,0.5933,0.5324,0.564,232223,0
SONM.US,D,20220527,000000,0.59,0.59,0.5341,0.5584,195842,0
SONM.US,D,20220531,000000,0.56,0.6,0.535,0.5911,231927,0
SONM.US,D,20220601,000000,0.5911,0.6263,0.5882,0.6066,157339,0
SONM.US,D,20220602,000000,0.59,0.62,0.566693,0.58,279581,0
SONM.US,D,20220603,000000,0.58,0.6,0.5573,0.5879,95417,0
SONM.US,D,20220606,000000,0.603,0.603,0.57,0.584,132034,0
SONM.US,D,20220607,000000,0.6272,0.6272,0.5601,0.577,180330,0
SONM.US,D,20220608,000000,0.5571,0.6,0.55,0.5948,87910,0
SONM.US,D,20220609,000000,0.6,0.6396,0.58,0.6049,727660,0
SONM.US,D,20220610,000000,0.57,0.599499,0.5601,0.5801,98610,0
SONM.US,D,20220613,000000,0.5575,0.6111,0.5026,0.5196,257863,0
SONM.US,D,20220614,000000,0.6939,0.815,0.55,0.615,26026973,0
SONM.US,D,20220615,000000,0.56,0.63,0.54,0.586,1321152,0
SONM.US,D,20220616,000000,0.54,0.58,0.5299,0.56,529381,0
SONM.US,D,20220617,000000,0.57,0.584899,0.5401,0.55,422573,0
SONM.US,D,20220621,000000,0.54,0.5813,0.54,0.5644,346088,0
SONM.US,D,20220622,000000,0.55,0.57,0.5321,0.5544,290657,0
SONM.US,D,20220623,000000,0.5521,0.575,0.541,0.5604,263746,0
SONM.US,D,20220624,000000,0.57,0.6,0.5601,0.5901,374060,0
SONM.US,D,20220627,000000,0.5876,0.59,0.555,0.5641,163261,0
SONM.US,D,20220628,000000,0.5641,0.59,0.5406,0.5639,209632,0
SONM.US,D,20220629,000000,0.5667,0.5667,0.52,0.55,218375,0
SONM.US,D,20220630,000000,0.5335,0.5518,0.531,0.5468,146446,0
SONM.US,D,20220701,000000,0.5365,0.5499,0.52,0.5401,63611,0
SONM.US,D,20220705,000000,0.5341,0.57,0.5112,0.544,267734,0
SONM.US,D,20220706,000000,0.53,0.5599,0.53,0.5501,51665,0
SONM.US,D,20220707,000000,0.5501,0.5773,0.5364,0.57,199022,0
SONM.US,D,20220708,000000,0.5774,0.58,0.5533,0.5749,111722,0
SONM.US,D,20220711,000000,0.5734,0.5983,0.561,0.5695,267956,0
SONM.US,D,20220712,000000,0.5899,0.59,0.531,0.5422,75718,0
SONM.US,D,20220713,000000,0.5823,0.6731,0.54,0.6395,6383525,0
SONM.US,D,20220714,000000,0.5705,0.6186,0.5705,0.59,415886,0
SONM.US,D,20220715,000000,0.7501,0.805,0.651,0.6806,13025688,0
SONM.US,D,20220718,000000,0.6756,0.7267,0.61,0.6404,1704799,0
SONM.US,D,20220719,000000,0.62,0.66,0.61,0.6221,1049680,0
SONM.US,D,20220720,000000,0.648,0.685,0.633601,0.68,745209,0
SONM.US,D,20220721,000000,0.7,0.7424,0.651,0.7275,822547,0
SONM.US,D,20220722,000000,0.7275,0.742,0.670101,0.675,420770,0
SONM.US,D,20220725,000000,0.6802,0.74,0.65,0.73,760217,0
SONM.US,D,20220726,000000,0.7364,0.76,0.6851,0.745,325815,0
SONM.US,D,20220727,000000,0.7364,0.75,0.7,0.7196,253276,0
SONM.US,D,20220728,000000,0.69,0.727,0.69,0.714,197709,0
SONM.US,D,20220729,000000,0.6843,0.72,0.68,0.704,276687,0
SONM.US,D,20220801,000000,0.69,0.7,0.65,0.6708,270891,0
SONM.US,D,20220802,000000,0.651,0.689,0.64,0.6767,257910,0
SONM.US,D,20220803,000000,0.662,0.6875,0.6501,0.6774,214229,0
SONM.US,D,20220804,000000,0.6853,0.7,0.6662,0.6827,224681,0
SONM.US,D,20220805,000000,0.72,0.72,0.6771,0.7,198039,0
SONM.US,D,20220808,000000,0.72,0.76,0.6868,0.7344,409047,0
SONM.US,D,20220809,000000,0.707,0.74,0.68,0.6951,325218,0
SONM.US,D,20220810,000000,0.71,0.74,0.7,0.728,943658,0
SONM.US,D,20220811,000000,0.79,0.797,0.7302,0.7523,615075,0
SONM.US,D,20220812,000000,0.8,0.899,0.7825,0.8899,1259007,0
SONM.US,D,20220815,000000,0.89,0.92,0.87,0.8856,629262,0
SONM.US,D,20220816,000000,0.88,0.919,0.85,0.85,368746,0
SONM.US,D,20220817,000000,0.85,0.85,0.7601,0.8162,340210,0
SONM.US,D,20220818,000000,0.794,0.8425,0.7801,0.8075,104711,0
SONM.US,D,20220819,000000,0.82,0.82,0.7601,0.7996,270556,0
SONM.US,D,20220822,000000,0.79,0.79,0.7469,0.7691,202204,0
SONM.US,D,20220823,000000,0.75,0.84,0.73,0.8131,1008084,0
SONM.US,D,20220824,000000,0.814,0.8249,0.78,0.78,262010,0
SONM.US,D,20220825,000000,0.7833,0.85,0.7821,0.815,387318,0
SONM.US,D,20220826,000000,0.7857,0.8058,0.7397,0.7499,337133,0
SONM.US,D,20220829,000000,0.79,0.8149,0.7403,0.8139,220700,0
SONM.US,D,20220830,000000,0.7846,0.81,0.76,0.762,66340,0
SONM.US,D,20220831,000000,0.76,0.79,0.725,0.7653,137310,0
SONM.US,D,20220901,000000,0.75,0.785,0.733,0.745,86807,0
SONM.US,D,20220902,000000,0.7788,0.7788,0.735,0.743,86280,0
SONM.US,D,20220906,000000,0.77,0.7992,0.71,0.72,382998,0
SONM.US,D,20220907,000000,0.723,0.7599,0.71,0.7302,203202,0
SONM.US,D,20220908,000000,0.7,0.73,0.7,0.7088,175848,0
SONM.US,D,20220909,000000,0.715,0.725,0.7027,0.7152,147193,0
SONM.US,D,20220912,000000,0.7028,0.725,0.7022,0.72,130932,0
SONM.US,D,20220913,000000,0.7021,0.7299,0.68,0.6906,217942,0
SONM.US,D,20220914,000000,0.71,0.71,0.6811,0.682,110387,0
SONM.US,D,20220915,000000,0.68,0.707,0.68,0.6878,27239,0
SONM.US,D,20220916,000000,0.69,0.71,0.68,0.71,80092,0
SONM.US,D,20220919,000000,0.7,0.7271,0.68,0.7199,37147,0
SONM.US,D,20220920,000000,0.7199,0.7199,0.68,0.6891,49663,0
SONM.US,D,20220921,000000,0.68,0.715,0.68,0.6886,106579,0
SONM.US,D,20220922,000000,0.69,0.715,0.6201,0.655,275957,0
SONM.US,D,20220923,000000,0.6098,0.64,0.535101,0.546,442318,0
SONM.US,D,20220926,000000,0.5398,0.548,0.5125,0.5269,104034,0
SONM.US,D,20220927,000000,0.57,0.57,0.5205,0.5408,92704,0
SONM.US,D,20220928,000000,0.5565,0.5565,0.5374,0.5394,75702,0
SONM.US,D,20220929,000000,0.51,0.5356,0.483,0.5049,136026,0
SONM.US,D,20220930,000000,0.5251,0.5388,0.5,0.5,136206,0
SONM.US,D,20221003,000000,0.5321,0.5321,0.506,0.5266,34431,0
SONM.US,D,20221004,000000,0.526054,0.5296,0.483,0.5047,346424,0
SONM.US,D,20221005,000000,0.525,0.525,0.5,0.5033,98157,0
SONM.US,D,20221006,000000,0.476,0.52,0.476,0.4902,146284,0
SONM.US,D,20221007,000000,0.4902,0.5145,0.4837,0.485,80530,0
SONM.US,D,20221010,000000,0.48,0.4879,0.47,0.47,111620,0
SONM.US,D,20221011,000000,0.470301,0.5,0.46,0.4701,96378,0
SONM.US,D,20221012,000000,0.4701,0.4701,0.4401,0.4688,111459,0
SONM.US,D,20221013,000000,0.46,0.4872,0.4301,0.4666,213514,0
SONM.US,D,20221014,000000,0.4666,0.48,0.42,0.4214,160780,0
SONM.US,D,20221017,000000,0.45,0.454499,0.42,0.4374,113957,0
SONM.US,D,20221018,000000,0.4592,0.4592,0.41505,0.4346,98125,0
SONM.US,D,20221019,000000,0.44,0.44,0.4099,0.4143,42505,0
SONM.US,D,20221020,000000,0.42,0.4388,0.41,0.4209,58709,0
SONM.US,D,20221021,000000,0.4389,0.4399,0.412,0.4275,34769,0
SONM.US,D,20221024,000000,0.42,0.4242,0.4,0.4083,84662,0
SONM.US,D,20221025,000000,0.4,0.43,0.4,0.43,91944,0
SONM.US,D,20221026,000000,0.4101,0.428,0.4101,0.4188,37857,0
SONM.US,D,20221027,000000,0.42,0.42,0.404,0.42,64040,0
SONM.US,D,20221028,000000,0.42,0.42,0.4,0.4132,37077,0
SONM.US,D,20221031,000000,0.42,0.4374,0.404,0.43,57789,0
SONM.US,D,20221101,000000,0.45,0.45,0.4129,0.43,84678,0
SONM.US,D,20221102,000000,0.43,0.4761,0.4182,0.4489,113752,0
SONM.US,D,20221103,000000,0.45,0.4689,0.4385,0.4488,19499,0
SONM.US,D,20221104,000000,0.48,0.48,0.4218,0.4398,18777,0
SONM.US,D,20221107,000000,0.4617,0.4617,0.43,0.4318,37188,0
SONM.US,D,20221108,000000,0.45,0.463681,0.423293,0.434,32288,0
SONM.US,D,20221109,000000,0.43,0.445599,0.4,0.4227,103898,0
SONM.US,D,20221110,000000,0.4239,0.4399,0.4239,0.4378,34678,0
SONM.US,D,20221111,000000,0.43,0.4537,0.4183,0.4405,115099,0
SONM.US,D,20221114,000000,0.45,0.46,0.43,0.4403,134093,0
SONM.US,D,20221115,000000,0.45,0.46,0.433,0.4496,103586,0
SONM.US,D,20221116,000000,0.472,0.472,0.4421,0.4526,35756,0
SONM.US,D,20221117,000000,0.45,0.46,0.44,0.4487,36807,0
SONM.US,D,20221118,000000,0.449,0.45,0.44,0.449899,92345,0
SONM.US,D,20221121,000000,0.448,0.4499,0.4288,0.4348,114327,0
SONM.US,D,20221122,000000,0.4301,0.45,0.4155,0.4178,89216,0
SONM.US,D,20221123,000000,0.41,0.4498,0.41,0.4288,38182,0
SONM.US,D,20221125,000000,0.42,0.449799,0.42,0.4274,37885,0
SONM.US,D,20221128,000000,0.4367,0.4367,0.4,0.4099,152876,0
SONM.US,D,20221129,000000,0.4121,0.429999,0.41,0.4244,153612,0
SONM.US,D,20221130,000000,0.4299,0.4299,0.4,0.413,810144,0
SONM.US,D,20221201,000000,0.4865,0.55,0.455,0.5331,9492808,0
SONM.US,D,20221202,000000,0.494,0.519,0.4563,0.4843,781806,0
SONM.US,D,20221205,000000,0.48,0.5291,0.465,0.5162,904677,0
SONM.US,D,20221206,000000,0.515,0.57,0.4801,0.5477,797065,0
SONM.US,D,20221207,000000,0.55,0.5555,0.4625,0.4836,373457,0
SONM.US,D,20221208,000000,0.48,0.52,0.48,0.51,186569,0
SONM.US,D,20221209,000000,0.5,0.502,0.4801,0.49,149013,0
SONM.US,D,20221212,000000,0.4899,0.55,0.4709,0.5242,517987,0
SONM.US,D,20221213,000000,0.59,0.59,0.51,0.5151,433414,0
SONM.US,D,20221214,000000,0.515,0.5249,0.4801,0.4846,139349,0
SONM.US,D,20221215,000000,0.4998,0.52,0.48,0.5026,155650,0
SONM.US,D,20221216,000000,0.49,0.5026,0.49,0.49,131257,0
SONM.US,D,20221219,000000,0.5145,0.5145,0.4701,0.4867,146806,0
SONM.US,D,20221220,000000,0.48,0.48,0.4702,0.48,72576,0
SONM.US,D,20221221,000000,0.48,0.5,0.47,0.48,79556,0
SONM.US,D,20221222,000000,0.4671,0.476,0.45,0.4559,84675,0
SONM.US,D,20221223,000000,0.45,0.48,0.4299,0.44,110790,0
SONM.US,D,20221227,000000,0.43,0.4499,0.41,0.4401,235306,0
SONM.US,D,20221228,000000,0.415,0.457,0.4118,0.44,54090,0
SONM.US,D,20221229,000000,0.4491,0.45,0.44,0.447,101918,0
SONM.US,D,20221230,000000,0.41,0.453899,0.41,0.4248,120342,0
SONM.US,D,20230103,000000,0.44,0.476,0.4259,0.4301,75320,0
SONM.US,D,20230104,000000,0.444,0.4676,0.4313,0.465,77665,0
SONM.US,D,20230105,000000,0.4858,0.4858,0.4501,0.4848,96925,0
SONM.US,D,20230106,000000,0.4753,0.4896,0.466507,0.4846,74291,0
SONM.US,D,20230109,000000,0.47,0.506,0.47,0.497,74325,0
SONM.US,D,20230110,000000,0.4879,0.529971,0.4879,0.5109,59836,0
SONM.US,D,20230111,000000,0.5167,0.523,0.5002,0.5129,58054,0
SONM.US,D,20230112,000000,0.506,0.53,0.506,0.5106,313352,0
SONM.US,D,20230113,000000,0.509,0.54,0.5055,0.54,146516,0
SONM.US,D,20230117,000000,0.5451,0.5451,0.5176,0.527299,28300,0
SONM.US,D,20230118,000000,0.52,0.525551,0.47,0.509902,106801,0
SONM.US,D,20230119,000000,0.51,0.51,0.4902,0.509799,23353,0
SONM.US,D,20230120,000000,0.5072,0.5099,0.5,0.5002,56854,0
SONM.US,D,20230123,000000,0.51,0.52,0.495,0.517,49787,0
SONM.US,D,20230124,000000,0.5,0.525,0.5,0.511545,25247,0
SONM.US,D,20230125,000000,0.4957,0.515,0.4957,0.5,56910,0
SONM.US,D,20230126,000000,0.5424,0.545792,0.47,0.47,104701,0
SONM.US,D,20230127,000000,0.5,0.509899,0.47,0.494,66766,0
SONM.US,D,20230130,000000,0.5,0.5,0.4811,0.4811,39191,0
SONM.US,D,20230131,000000,0.52,0.52,0.47,0.49,102757,0
SONM.US,D,20230201,000000,0.5001,0.5063,0.495,0.4951,88855,0
SONM.US,D,20230202,000000,0.4962,0.54,0.4951,0.53,156448,0
SONM.US,D,20230203,000000,0.528,0.53,0.5023,0.5023,38520,0
SONM.US,D,20230206,000000,0.5,0.5198,0.5,0.513749,28838,0
SONM.US,D,20230207,000000,0.5012,0.5321,0.49,0.5101,65058,0
SONM.US,D,20230208,000000,0.5031,0.5249,0.49,0.5094,26924,0
SONM.US,D,20230209,000000,0.5,0.5157,0.4802,0.51,78032,0
SONM.US,D,20230210,000000,0.5016,0.5016,0.4796,0.4895,69307,0
SONM.US,D,20230213,000000,0.475,0.51,0.475,0.489201,20302,0
SONM.US,D,20230214,000000,0.48,0.490799,0.47,0.4726,47186,0
SONM.US,D,20230215,000000,0.487501,0.49,0.47,0.4852,39408,0
SONM.US,D,20230216,000000,0.48,0.5,0.47,0.48,58772,0
SONM.US,D,20230217,000000,0.4935,0.497399,0.4601,0.479,77507,0
SONM.US,D,20230221,000000,0.48,0.49,0.46,0.48,34329,0
SONM.US,D,20230222,000000,0.480101,0.4888,0.48,0.4808,42806,0
SONM.US,D,20230223,000000,0.5,0.5,0.4659,0.4739,24183,0
SONM.US,D,20230224,000000,0.4739,0.4739,0.4648,0.4669,12545,0
SONM.US,D,20230227,000000,0.47,0.4893,0.445,0.4694,68655,0
SONM.US,D,20230228,000000,0.45,0.45,0.4402,0.442,54163,0
SONM.US,D,20230301,000000,0.442,0.45,0.431,0.4324,24978,0
SONM.US,D,20230302,000000,0.45,0.45,0.431,0.4443,35597,0
SONM.US,D,20230303,000000,0.4505,0.4505,0.4443,0.4499,57903,0
SONM.US,D,20230306,000000,0.45,0.4626,0.445001,0.455,58447,0
SONM.US,D,20230307,000000,0.499,0.499,0.4521,0.46,95360,0
SONM.US,D,20230308,000000,0.447,0.482,0.446601,0.4552,54438,0
SONM.US,D,20230309,000000,0.45,0.47,0.425,0.43,49678,0
SONM.US,D,20230310,000000,0.4324,0.484,0.43,0.469,41358,0
SONM.US,D,20230313,000000,0.4623,0.4668,0.4392,0.4474,44422,0
SONM.US,D,20230314,000000,0.45,0.45,0.4351,0.4399,37069,0
SONM.US,D,20230315,000000,0.43,0.4599,0.43,0.43,41569,0
SONM.US,D,20230316,000000,0.43,0.47,0.405,0.4375,126561,0
SONM.US,D,20230317,000000,0.4397,0.449,0.407,0.42,186351,0
SONM.US,D,20230320,000000,0.47,0.58,0.4401,0.5218,932449,0
SONM.US,D,20230321,000000,0.5431,0.66,0.53,0.5917,550323,0
SONM.US,D,20230322,000000,0.62,0.65,0.58,0.61,162249,0
SONM.US,D,20230323,000000,0.6,0.6058,0.5099,0.5346,368652,0
SONM.US,D,20230324,000000,0.5264,0.699,0.5264,0.68,477304,0
SONM.US,D,20230327,000000,0.7,0.8255,0.64,0.8255,503175,0
SONM.US,D,20230328,000000,0.84,0.85,0.7,0.83,373134,0
SONM.US,D,20230329,000000,0.8125,0.89,0.7716,0.88,294033,0
SONM.US,D,20230330,000000,0.875,0.9149,0.85,0.88,312489,0
SONM.US,D,20230331,000000,0.89,1.02,0.88,1.01,790398,0
SONM.US,D,20230403,000000,1.01,1.05,0.9686,1.04,630950,0
SONM.US,D,20230404,000000,1.05,1.06,0.9414,1.03,255772,0
SONM.US,D,20230405,000000,1.05,1.05,0.91,1.02,181521,0
SONM.US,D,20230406,000000,0.97,1.02,0.94,1.02,387028,0
SONM.US,D,20230410,000000,0.9898,1.02,0.9537,1.02,433647,0
SONM.US,D,20230411,000000,0.99,1.02,0.98,1.01,362202,0
SONM.US,D,20230412,000000,0.99,1.01,0.97,1,264384,0
SONM.US,D,20230413,000000,1.01,1.05,0.9078,1.01,775899,0
SONM.US,D,20230414,000000,0.9911,1.01,0.9396,1,602218,0
SONM.US,D,20230417,000000,1.02,1.2,0.948,1.18,1464650,0
SONM.US,D,20230418,000000,1.21,1.24,1.12,1.23,848345,0
SONM.US,D,20230419,000000,1.19,1.27,1.15,1.25,587609,0
SONM.US,D,20230420,000000,1.24,1.26,1.18,1.2,401119,0
SONM.US,D,20230421,000000,1.183,1.22,1.02,1.21,855695,0
SONM.US,D,20230424,000000,1.19,1.2,1.13,1.17,338913,0
SONM.US,D,20230425,000000,1.15,1.1501,1.03,1.12,561315,0
SONM.US,D,20230426,000000,1.09,1.24,1.0771,1.17,252874,0
SONM.US,D,20230427,000000,1.17,1.22,1.14,1.15,203009,0
SONM.US,D,20230428,000000,1.15,1.21,1.105,1.16,278646,0
SONM.US,D,20230501,000000,1.17,1.175,1.13,1.16,133888,0
SONM.US,D,20230502,000000,1.13,1.14,0.9864,1,291148,0
SONM.US,D,20230503,000000,1,1.0595,1,1,70638,0
SONM.US,D,20230504,000000,0.98,0.9864,0.9,0.9095,107150,0
SONM.US,D,20230505,000000,0.89,0.9799,0.85,0.95,166544,0
SONM.US,D,20230508,000000,0.9432,0.979799,0.91,0.93,430545,0
SONM.US,D,20230509,000000,0.9121,0.98,0.9117,0.9414,168488,0
SONM.US,D,20230510,000000,0.948444,1.03,0.9441,0.9687,168364,0
SONM.US,D,20230511,000000,0.95,1,0.95,0.9752,46229,0
SONM.US,D,20230512,000000,1.01,1.17,0.9801,1.08,334007,0
SONM.US,D,20230515,000000,1.12,1.14,1.06,1.08,135130,0
SONM.US,D,20230516,000000,1.1,1.14,1.06,1.06,117042,0
SONM.US,D,20230517,000000,1.07,1.11,1.06,1.09,214589,0
SONM.US,D,20230518,000000,1.06,1.105,1.06,1.08,215621,0
SONM.US,D,20230519,000000,1.08,1.15,1.0153,1.06,224710,0
SONM.US,D,20230522,000000,1.05,1.1,1.0411,1.09,213752,0
SONM.US,D,20230523,000000,1.08,1.1,1.03,1.04,98158,0
SONM.US,D,20230524,000000,1.04,1.09,1.04,1.07,111879,0
SONM.US,D,20230525,000000,1.04,1.06,0.95,0.96,108724,0
SONM.US,D,20230526,000000,1,1,0.96,0.96,28611,0
SONM.US,D,20230530,000000,0.99,1.06,0.9758,1.05,40452,0
SONM.US,D,20230531,000000,1.05,1.055,1.02,1.03,47196,0
SONM.US,D,20230601,000000,1.05,1.05,1.0211,1.03,49170,0
SONM.US,D,20230602,000000,1.04,1.04,0.9672,1.04,118240,0
SONM.US,D,20230605,000000,1.03,1.16,1.03,1.1594,212760,0
SONM.US,D,20230606,000000,1.17,1.22,1.13,1.2083,196367,0
SONM.US,D,20230607,000000,1.17,1.22,1.13,1.13,96305,0
SONM.US,D,20230608,000000,1.18,1.21,1.14,1.2,99006,0
SONM.US,D,20230609,000000,1.18,1.2027,1.11,1.12,52747,0
SONM.US,D,20230612,000000,1.12,1.21,1.11,1.16,308633,0
SONM.US,D,20230613,000000,1.18,1.18,1.08,1.1,189481,0
SONM.US,D,20230614,000000,1.09,1.11,1.04,1.05,84955,0
SONM.US,D,20230615,000000,1.05,1.0854,0.9765,1.02,197392,0
SONM.US,D,20230616,000000,1,1.1716,1,1.17,299805,0
SONM.US,D,20230620,000000,1.14,1.17,1.02,1.16,312172,0
SONM.US,D,20230621,000000,1.13,1.3,1.0754,1.16,2899821,0
SONM.US,D,20230622,000000,1.19,1.19,1.1,1.16,150971,0
SONM.US,D,20230623,000000,1.16,1.185,1.1201,1.18,202448,0
SONM.US,D,20230626,000000,1.2,1.24,1.1,1.15,1114847,0
SONM.US,D,20230627,000000,1.1,1.15,1.1,1.14,89939,0
SONM.US,D,20230628,000000,1.18,1.18,1.13,1.14,194222,0
SONM.US,D,20230629,000000,1.14,1.15,1.11,1.15,73806,0
SONM.US,D,20230630,000000,1.12,1.15,1.12,1.15,81144,0
SONM.US,D,20230703,000000,1.17,1.18,1.12,1.18,70671,0
SONM.US,D,20230705,000000,1.18,1.18,1.1297,1.145,56195,0
SONM.US,D,20230706,000000,1.15,1.18,1.11,1.15,103517,0
SONM.US,D,20230707,000000,1.155,1.17,1.14,1.15,125350,0
SONM.US,D,20230710,000000,1.17,1.17,1.12,1.13,100665,0
SONM.US,D,20230711,000000,1.13,1.15,1.12,1.13,129375,0
SONM.US,D,20230712,000000,1.15,1.15,1.13,1.13,38574,0
SONM.US,D,20230713,000000,1.1494,1.19,1.13,1.13,174062,0
SONM.US,D,20230714,000000,1.14,1.15,1.12,1.125,44031,0
SONM.US,D,20230717,000000,1.12,1.12,1.1,1.1,93990,0
SONM.US,D,20230718,000000,1.09,1.1061,1.042,1.07,255308,0
SONM.US,D,20230719,000000,1.07,1.07,1.0404,1.06,61445,0
SONM.US,D,20230720,000000,1.07,1.08,1.0601,1.07,35900,0
SONM.US,D,20230721,000000,1.07,1.07,1.02,1.04,61147,0
SONM.US,D,20230724,000000,1.03,1.0599,0.985,1.01,163869,0
SONM.US,D,20230725,000000,1,1.01,1,1,108770,0
SONM.US,D,20230726,000000,0.98,1.01,0.98,1.01,45995,0
SONM.US,D,20230727,000000,1,1.1,1,1.04,222958,0
SONM.US,D,20230728,000000,1.0499,1.05,0.9684,1.02,99879,0
SONM.US,D,20230731,000000,1.02,1.03,1,1,57944,0
SONM.US,D,20230801,000000,0.99,1.05,0.9899,1.004,150654,0
SONM.US,D,20230802,000000,1.01,1.03,0.97,0.9792,54420,0
SONM.US,D,20230803,000000,0.97,0.993,0.57,0.7301,3268485,0
SONM.US,D,20230804,000000,0.73,0.73,0.5311,0.551,1952560,0
SONM.US,D,20230807,000000,0.5525,0.58,0.525,0.5415,758425,0
SONM.US,D,20230808,000000,0.535,0.56,0.53,0.5444,342656,0
SONM.US,D,20230809,000000,0.533,0.56,0.5301,0.54505,192240,0
SONM.US,D,20230810,000000,0.54,0.5599,0.53,0.537,211206,0
SONM.US,D,20230811,000000,0.5161,0.56,0.5161,0.548,237240,0
SONM.US,D,20230814,000000,0.549,0.557,0.52,0.5499,2890111,0
SONM.US,D,20230815,000000,0.631,0.656,0.5072,0.535,4740691,0
SONM.US,D,20230816,000000,0.504,0.53,0.47,0.4866,809487,0
SONM.US,D,20230817,000000,0.5133,0.5879,0.49,0.575,702089,0
SONM.US,D,20230818,000000,0.5691,0.575,0.53,0.561,164433,0
SONM.US,D,20230821,000000,0.5442,0.5624,0.53,0.552,113845,0
SONM.US,D,20230822,000000,0.57,0.57,0.53,0.5659,161476,0
SONM.US,D,20230823,000000,0.57,0.5767,0.542,0.5767,83447,0
SONM.US,D,20230824,000000,0.5772,0.5999,0.5603,0.58,140144,0
SONM.US,D,20230825,000000,0.581,0.637,0.581,0.6306,405446,0
SONM.US,D,20230828,000000,0.64,0.64,0.584,0.6177,186391,0
SONM.US,D,20230829,000000,0.62,0.6364,0.6,0.636,113502,0
SONM.US,D,20230830,000000,0.6219,0.71,0.6101,0.71,332186,0
SONM.US,D,20230831,000000,0.698,0.7199,0.669003,0.674,195354,0
SONM.US,D,20230901,000000,0.6699,0.7121,0.6201,0.6526,104163,0
SONM.US,D,20230905,000000,0.636,0.6606,0.6219,0.6441,54962,0
SONM.US,D,20230906,000000,0.6606,0.6606,0.6258,0.646,28398,0
SONM.US,D,20230907,000000,0.6359,0.6483,0.62,0.6294,41897,0
SONM.US,D,20230908,000000,0.6181,0.6261,0.56,0.5702,96774,0
SONM.US,D,20230911,000000,0.562,0.5909,0.553,0.561,46381,0
SONM.US,D,20230912,000000,0.5609,0.569,0.541,0.549,94942,0
SONM.US,D,20230913,000000,0.5985,0.5985,0.558,0.5604,141292,0
SONM.US,D,20230914,000000,0.58,0.6206,0.5487,0.615,244316,0
SONM.US,D,20230915,000000,0.62,0.7267,0.62,0.672,336882,0
SONM.US,D,20230918,000000,0.6518,0.68,0.6161,0.62,56373,0
SONM.US,D,20230919,000000,0.65,0.673,0.6132,0.67,34375,0
SONM.US,D,20230920,000000,0.69,0.717,0.6561,0.705,109403,0
SONM.US,D,20230921,000000,0.705,0.7199,0.6752,0.7,49451,0
SONM.US,D,20230922,000000,0.71,0.710028,0.6577,0.7095,51439,0
SONM.US,D,20230925,000000,0.68,0.7,0.66,0.6822,71399,0
SONM.US,D,20230926,000000,0.67,0.7,0.67,0.6839,29585,0
SONM.US,D,20230927,000000,0.6778,0.6982,0.6778,0.6898,22545,0
SONM.US,D,20230928,000000,0.686,0.69,0.67,0.6702,62248,0
SONM.US,D,20230929,000000,0.67,0.7,0.67,0.67,51333,0
SONM.US,D,20231002,000000,0.68,0.68,0.6231,0.6552,64282,0
SONM.US,D,20231003,000000,0.669,0.67,0.645,0.656,24820,0
SONM.US,D,20231004,000000,0.64,0.7,0.64,0.6916,56941,0
SONM.US,D,20231005,000000,0.69,0.69,0.6801,0.683,22329,0
SONM.US,D,20231006,000000,0.6801,0.7051,0.665,0.7,51971,0
SONM.US,D,20231009,000000,0.71,0.79,0.699899,0.79,206372,0
SONM.US,D,20231010,000000,0.79,0.82,0.7699,0.781,108423,0
SONM.US,D,20231011,000000,0.8048,0.805,0.7632,0.7737,26526,0
SONM.US,D,20231012,000000,0.7737,0.8084,0.76,0.7799,52164,0
SONM.US,D,20231013,000000,0.765,0.7699,0.715,0.7699,18602,0
SONM.US,D,20231016,000000,0.7401,0.83,0.7401,0.8031,94967,0
SONM.US,D,20231017,000000,0.81,0.87,0.81,0.86,363762,0
SONM.US,D,20231018,000000,0.9,0.9,0.8136,0.847,138894,0
SONM.US,D,20231019,000000,0.8615,0.9179,0.81,0.841,280836,0
SONM.US,D,20231020,000000,0.8912,0.8999,0.81031,0.86075,36531,0
SONM.US,D,20231023,000000,0.85,0.8842,0.81,0.84,570961,0
SONM.US,D,20231024,000000,0.8375,0.8852,0.8164,0.821,492072,0
SONM.US,D,20231025,000000,0.821,0.8505,0.7537,0.7864,262891,0
SONM.US,D,20231026,000000,0.786499,0.8348,0.773,0.829,290615,0
SONM.US,D,20231027,000000,0.8499,0.8499,0.81,0.845,310792,0
SONM.US,D,20231030,000000,0.8196,0.8525,0.809801,0.849,188465,0
SONM.US,D,20231031,000000,0.82,0.848,0.795,0.8101,68179,0
SONM.US,D,20231101,000000,0.8508,0.8508,0.7761,0.8132,313064,0
SONM.US,D,20231102,000000,0.8066,0.8133,0.7333,0.7451,401923,0
SONM.US,D,20231103,000000,0.75,0.7774,0.7099,0.7099,205516,0
SONM.US,D,20231106,000000,0.6986,0.71,0.6805,0.6902,52305,0
SONM.US,D,20231107,000000,0.69,0.717,0.675,0.685,162411,0
SONM.US,D,20231108,000000,0.7392,0.74,0.665,0.67,27772,0
SONM.US,D,20231109,000000,0.659,0.719299,0.6476,0.691749,95046,0
SONM.US,D,20231110,000000,0.72,0.7333,0.6717,0.689,33663,0
SONM.US,D,20231113,000000,0.69,0.71,0.6266,0.67,154550,0
SONM.US,D,20231114,000000,0.7,0.72,0.67,0.6839,120436,0
SONM.US,D,20231115,000000,0.695,0.7113,0.68,0.702,86552,0
SONM.US,D,20231116,000000,0.7,0.71,0.66,0.6789,18005,0
SONM.US,D,20231117,000000,0.6876,0.705,0.6612,0.7,76563,0
SONM.US,D,20231120,000000,0.68,0.71,0.67,0.71,100572,0
SONM.US,D,20231121,000000,0.71,0.71,0.6738,0.68,48351,0
SONM.US,D,20231122,000000,0.6799,0.68,0.6651,0.68,27963,0
SONM.US,D,20231124,000000,0.6799,0.7,0.67,0.7,63241,0
SONM.US,D,20231127,000000,0.667,0.7133,0.667,0.684,98511,0
SONM.US,D,20231128,000000,0.6876,0.7318,0.6876,0.7255,111416,0
SONM.US,D,20231129,000000,0.7137,0.7311,0.7098,0.7098,82344,0
SONM.US,D,20231130,000000,0.72,0.7294,0.69,0.71,90344,0
SONM.US,D,20231201,000000,0.7383,0.7383,0.72,0.7383,49476,0
SONM.US,D,20231204,000000,0.7383,0.76,0.7302,0.76,177784,0
SONM.US,D,20231205,000000,0.76,0.76,0.68,0.692149,199417,0
SONM.US,D,20231206,000000,0.6842,0.743,0.68,0.7099,162149,0
SONM.US,D,20231207,000000,0.73,0.73,0.68,0.718,77849,0
SONM.US,D,20231208,000000,0.735,0.735,0.7101,0.73,82612,0
SONM.US,D,20231211,000000,0.7,0.7399,0.691,0.72,182912,0
SONM.US,D,20231212,000000,0.6999,0.72,0.6981,0.715,43042,0
SONM.US,D,20231213,000000,0.6903,0.73,0.6903,0.7102,79791,0
SONM.US,D,20231214,000000,0.725,0.74,0.695,0.7373,189245,0
SONM.US,D,20231215,000000,0.7305,0.7599,0.7199,0.7199,78418,0
SONM.US,D,20231218,000000,0.72,0.74,0.72,0.7202,44652,0
SONM.US,D,20231219,000000,0.7202,0.739,0.6955,0.712,112126,0
SONM.US,D,20231220,000000,0.702,0.738,0.702,0.717,148928,0
SONM.US,D,20231221,000000,0.7028,0.7279,0.7028,0.7126,25206,0
SONM.US,D,20231222,000000,0.7199,0.72,0.7079,0.709,39026,0
SONM.US,D,20231226,000000,0.703,0.728,0.7029,0.7199,78652,0
SONM.US,D,20231227,000000,0.702,0.7616,0.702,0.7201,215296,0
SONM.US,D,20231228,000000,0.702,0.7581,0.702,0.7322,68932,0
SONM.US,D,20231229,000000,0.72,0.745,0.7198,0.7349,81614,0
SONM.US,D,20240102,000000,0.7278,0.754758,0.72,0.754758,90593,0
SONM.US,D,20240103,000000,0.76,0.78,0.74,0.7729,118182,0
SONM.US,D,20240104,000000,0.78,0.78,0.751201,0.7654,54930,0
SONM.US,D,20240105,000000,0.78,0.78,0.7604,0.7699,91103,0
SONM.US,D,20240108,000000,0.7616,0.779,0.76,0.764,31532,0
SONM.US,D,20240109,000000,0.7564,0.756899,0.7444,0.7499,35349,0
SONM.US,D,20240110,000000,0.75,0.7647,0.742,0.76,66463,0
SONM.US,D,20240111,000000,0.7376,0.76,0.7222,0.75,19843,0
SONM.US,D,20240112,000000,0.75,0.76,0.735,0.7367,9241,0
SONM.US,D,20240116,000000,0.767,0.78,0.7322,0.7458,83064,0
SONM.US,D,20240117,000000,0.75,0.76,0.7251,0.7599,37237,0
SONM.US,D,20240118,000000,0.7599,0.7599,0.71,0.71,104282,0
SONM.US,D,20240119,000000,0.71,0.73,0.7,0.715,50076,0
SONM.US,D,20240122,000000,0.72,0.7596,0.7102,0.722,37240,0
SONM.US,D,20240123,000000,0.72,0.74,0.71,0.726,32535,0
SONM.US,D,20240124,000000,0.73,0.7396,0.71,0.72,42350,0
SONM.US,D,20240125,000000,0.71,0.739699,0.71,0.712,83832,0
SONM.US,D,20240126,000000,0.7247,0.74,0.72,0.74,44857,0
SONM.US,D,20240129,000000,0.74,0.74,0.711,0.7202,46690,0
SONM.US,D,20240130,000000,0.712,0.7202,0.69,0.72,39210,0
SONM.US,D,20240131,000000,0.7101,0.7198,0.686,0.686,42753,0
SONM.US,D,20240201,000000,0.7178,0.7178,0.6351,0.659,105159,0
SONM.US,D,20240202,000000,0.69,0.69,0.6103,0.6269,83063,0
SONM.US,D,20240205,000000,0.58,0.6281,0.58,0.6174,185136,0
SONM.US,D,20240206,000000,0.62,0.64,0.62,0.62,28008,0
SONM.US,D,20240207,000000,0.62,0.62,0.6102,0.6102,12417,0
SONM.US,D,20240208,000000,0.62,0.63,0.6102,0.6102,33066,0
SONM.US,D,20240209,000000,0.64,0.645,0.6103,0.637,29039,0
SONM.US,D,20240212,000000,0.639,0.64,0.619,0.6204,47679,0
SONM.US,D,20240213,000000,0.6205,0.645,0.6102,0.6102,62784,0
SONM.US,D,20240214,000000,0.6102,0.645,0.5853,0.6,112649,0
SONM.US,D,20240215,000000,0.5954,0.637899,0.58,0.6299,35966,0
SONM.US,D,20240216,000000,0.6107,0.644899,0.6107,0.629999,11849,0
SONM.US,D,20240220,000000,0.63,0.64,0.6111,0.6152,34320,0
SONM.US,D,20240221,000000,0.63,0.7065,0.6201,0.679,190938,0
SONM.US,D,20240222,000000,0.74,0.74,0.68,0.699999,73680,0
SONM.US,D,20240223,000000,0.7132,0.7132,0.66,0.665,77968,0
SONM.US,D,20240226,000000,0.69,0.69,0.6512,0.6838,38145,0
SONM.US,D,20240227,000000,0.678,0.7157,0.6707,0.687,58863,0
SONM.US,D,20240228,000000,0.6863,0.7138,0.6589,0.68,65321,0
SONM.US,D,20240229,000000,0.69,0.7033,0.6699,0.6802,45771,0
SONM.US,D,20240301,000000,0.6899,0.6999,0.65,0.661,52231,0
SONM.US,D,20240304,000000,0.67,0.6899,0.66,0.6722,45291,0
SONM.US,D,20240305,000000,0.6799,0.6897,0.67,0.6788,24759,0
SONM.US,D,20240306,000000,0.6807,0.6807,0.6505,0.6601,119297,0
SONM.US,D,20240307,000000,0.67,0.69,0.6601,0.6611,33138,0
SONM.US,D,20240308,000000,0.662,0.678,0.66,0.67,14666,0
SONM.US,D,20240311,000000,0.675,0.7198,0.6665,0.7132,139951,0
SONM.US,D,20240312,000000,0.7018,0.71,0.6739,0.685,50592,0
SONM.US,D,20240313,000000,0.7,0.7,0.67,0.6715,52322,0
SONM.US,D,20240314,000000,0.68125,0.688,0.65,0.66,78889,0
SONM.US,D,20240315,000000,0.66,0.6799,0.643,0.643,71459,0
SONM.US,D,20240318,000000,0.68,0.69,0.6467,0.655,103711,0
SONM.US,D,20240319,000000,0.653,0.6699,0.643201,0.6581,73601,0
SONM.US,D,20240320,000000,0.66,0.6725,0.6526,0.6551,23309,0
SONM.US,D,20240321,000000,0.695,0.695,0.6598,0.675,130887,0
SONM.US,D,20240322,000000,0.68,0.68,0.6501,0.6799,46291,0
SONM.US,D,20240325,000000,0.695,0.695,0.66,0.67,23418,0
SONM.US,D,20240326,000000,0.67,0.6775,0.66,0.6725,27454,0
SONM.US,D,20240327,000000,0.6775,0.6775,0.65,0.6747,412225,0
SONM.US,D,20240328,000000,0.67,0.67,0.61,0.61,229218,0
SONM.US,D,20240401,000000,0.601,0.6088,0.57,0.5721,185678,0
SONM.US,D,20240402,000000,0.56,0.6205,0.5021,0.5974,247716,0
SONM.US,D,20240403,000000,0.59,0.615,0.551,0.5774,173930,0
SONM.US,D,20240404,000000,0.63,0.63,0.5765,0.592,37955,0
SONM.US,D,20240405,000000,0.5824,0.600001,0.5824,0.599999,36049,0
SONM.US,D,20240408,000000,0.6,0.618399,0.5738,0.6154,41845,0
SONM.US,D,20240409,000000,0.6092,0.6154,0.59,0.6047,43543,0
SONM.US,D,20240410,000000,0.487,0.5858,0.487,0.5792,270434,0
SONM.US,D,20240411,000000,0.5201,0.5624,0.5201,0.5301,378986,0
SONM.US,D,20240412,000000,0.5192,0.5301,0.5025,0.515,568565,0
SONM.US,D,20240415,000000,0.5,0.51,0.48,0.5092,389895,0
SONM.US,D,20240416,000000,0.514,0.514,0.4901,0.4985,60039,0
SONM.US,D,20240417,000000,0.4835,0.5397,0.4835,0.5227,65191,0
SONM.US,D,20240418,000000,0.5079,0.52,0.49935,0.5025,28092,0
SONM.US,D,20240419,000000,0.508,0.508,0.4767,0.484,41581,0
SONM.US,D,20240422,000000,0.4798,0.4995,0.4664,0.4854,83851,0
SONM.US,D,20240423,000000,0.4976,0.4976,0.4686,0.4775,32410,0
SONM.US,D,20240424,000000,0.4851,0.486742,0.44,0.4756,50515,0
SONM.US,D,20240425,000000,0.4612,0.48,0.461,0.4793,30562,0
SONM.US,D,20240426,000000,0.479,0.5198,0.475,0.4889,185824,0
SONM.US,D,20240429,000000,0.5024,0.5525,0.4951,0.5103,835630,0
SONM.US,D,20240430,000000,0.5016,0.5393,0.5016,0.527,103179,0
SONM.US,D,20240501,000000,0.5112,0.5618,0.5112,0.5232,69284,0
SONM.US,D,20240502,000000,0.5,0.55,0.5,0.545,58838,0
SONM.US,D,20240503,000000,0.5385,0.5585,0.5351,0.541,30693,0
SONM.US,D,20240506,000000,0.53,0.5898,0.53,0.5601,74225,0
SONM.US,D,20240507,000000,0.56,0.57,0.5369,0.544,76778,0
SONM.US,D,20240508,000000,0.54,0.6108,0.54,0.5793,436708,0
SONM.US,D,20240509,000000,0.563,0.59,0.56,0.564,31827,0
SONM.US,D,20240510,000000,0.5779,0.58,0.5506,0.58,100049,0
SONM.US,D,20240513,000000,0.58,0.5947,0.5595,0.585,33086,0
SONM.US,D,20240514,000000,0.57,0.5919,0.561101,0.58,49963,0
SONM.US,D,20240515,000000,0.5205,0.6187,0.48,0.5025,398497,0
SONM.US,D,20240516,000000,0.5,0.52,0.48,0.504,126302,0
SONM.US,D,20240517,000000,0.51,0.5198,0.5,0.51,77716,0
SONM.US,D,20240520,000000,0.509,0.534,0.5,0.5323,36924,0
SONM.US,D,20240521,000000,0.528,0.534,0.5147,0.5182,18957,0
SONM.US,D,20240522,000000,0.517,0.5256,0.5,0.5114,73549,0
SONM.US,D,20240523,000000,0.5098,0.5209,0.5,0.51,111625,0
SONM.US,D,20240524,000000,0.5355,0.5355,0.5,0.519,28406,0
SONM.US,D,20240528,000000,0.51,0.52,0.501,0.5099,26981,0
SONM.US,D,20240529,000000,0.51,0.5389,0.51,0.5382,137027,0
SONM.US,D,20240530,000000,0.5522,0.7195,0.5447,0.564,2729507,0
SONM.US,D,20240531,000000,0.58,0.6527,0.58,0.6199,188480,0
SONM.US,D,20240603,000000,0.6001,0.650899,0.6001,0.627,138344,0
SONM.US,D,20240604,000000,0.6082,0.62,0.522,0.56,95521,0
SONM.US,D,20240605,000000,0.56,0.56,0.467,0.4799,430913,0
SONM.US,D,20240606,000000,0.4996,0.5898,0.4612,0.535,1077769,0
SONM.US,D,20240607,000000,0.501,0.5726,0.48,0.53,531541,0
SONM.US,D,20240610,000000,0.525,0.59,0.492,0.5501,580527,0
SONM.US,D,20240611,000000,0.532,0.6593,0.531999,0.6278,637529,0
SONM.US,D,20240612,000000,0.609,0.738,0.609,0.704,742271,0
SONM.US,D,20240613,000000,0.682,0.7651,0.682,0.738,477855,0
SONM.US,D,20240614,000000,0.738,0.86,0.6772,0.81,936910,0
SONM.US,D,20240617,000000,0.81,0.91,0.78,0.87,803747,0
SONM.US,D,20240618,000000,0.88,0.88,0.77,0.8,267813,0
SONM.US,D,20240620,000000,0.8,0.802,0.75,0.76,108030,0
SONM.US,D,20240621,000000,0.688,0.829899,0.688,0.785,404776,0
SONM.US,D,20240624,000000,0.7757,0.98,0.7212,0.96,982406,0
SONM.US,D,20240625,000000,0.94,1.07,0.91,1.04,1183882,0
SONM.US,D,20240626,000000,1.05,1.07,1.03,1.04,311331,0
SONM.US,D,20240627,000000,1.04,1.05,1.01,1.025,410307,0
SONM.US,D,20240628,000000,1.03,1.045,1,1,375773,0
SONM.US,D,20240701,000000,1.02,1.0499,0.9888,0.99,450932,0
SONM.US,D,20240702,000000,0.98,1.0165,0.955,0.955,381889,0
SONM.US,D,20240703,000000,0.91,0.9206,0.5502,0.5507,1465330,0
SONM.US,D,20240705,000000,0.56,0.574,0.552,0.567,730905,0
SONM.US,D,20240708,000000,0.57,0.6399,0.5456,0.5549,1093006,0
SONM.US,D,20240709,000000,0.55,0.5995,0.532,0.54,423234,0
SONM.US,D,20240710,000000,0.524,0.545,0.485,0.5021,528871,0
SONM.US,D,20240711,000000,0.5024,0.543,0.5024,0.511,312691,0
SONM.US,D,20240712,000000,0.5175,0.5587,0.5135,0.551,129773,0
SONM.US,D,20240715,000000,0.5491,0.5491,0.5241,0.5375,85643,0
SONM.US,D,20240716,000000,0.5179,0.5291,0.4583,0.5061,1054006,0
SONM.US,D,20240717,000000,0.4901,0.4901,0.3513,0.4141,3674543,0
SONM.US,D,20240718,000000,3.67,4.55,3.61,3.91,200526,0
SONM.US,D,20240719,000000,3.67,3.8917,3.3026,3.47,63081,0
SONM.US,D,20240722,000000,3.41,3.45,3.25,3.39,74719,0
SONM.US,D,20240723,000000,3.26,4.73,3.26,3.61,354996,0
SONM.US,D,20240724,000000,3.33,3.4899,3.24,3.27,128486,0
SONM.US,D,20240725,000000,3.28,3.5355,3.25,3.38,47825,0
SONM.US,D,20240726,000000,3.44,3.4968,3.3701,3.45,13150,0
SONM.US,D,20240729,000000,3.38,3.54,3.2984,3.49,24948,0
SONM.US,D,20240730,000000,3.45,3.7574,3.45,3.69,43714,0
SONM.US,D,20240731,000000,3.76,3.78,3.5621,3.76,13283,0
SONM.US,D,20240801,000000,3.66,3.7178,3.32,3.43,59251,0
SONM.US,D,20240802,000000,3.31,3.39,3.31,3.35,27828,0
SONM.US,D,20240805,000000,3.21,3.2519,3.0777,3.12,26504,0
SONM.US,D,20240806,000000,3.1,3.15,2.97,2.99,17588,0
SONM.US,D,20240807,000000,2.98,2.98,2.84,2.87,26039,0
SONM.US,D,20240808,000000,2.79,2.93,2.7611,2.9,15015,0
SONM.US,D,20240809,000000,2.9,2.95,2.8112,2.95,5405,0
SONM.US,D,20240812,000000,2.92,3.2,2.92,3.12,16349,0
SONM.US,D,20240813,000000,3.09,3.42,3.09,3.3001,10784,0
SONM.US,D,20240814,000000,3.27,3.2927,3.06,3.2,14511,0
SONM.US,D,20240815,000000,3.1482,3.27,3.1001,3.2,23918,0
SONM.US,D,20240816,000000,3.18,3.31,2.86,2.95,88961,0
SONM.US,D,20240819,000000,2.81,3.05,2.6201,2.745,57456,0
SONM.US,D,20240820,000000,2.71,2.79,2.46,2.46,18917,0
SONM.US,D,20240821,000000,2.5,2.568,2.4046,2.5556,24379,0
SONM.US,D,20240822,000000,2.56,2.6899,2.41,2.5,18857,0
SONM.US,D,20240823,000000,2.62,2.69,2.34,2.5,37729,0
SONM.US,D,20240826,000000,2.52,2.79,2.41,2.49,13408,0
SONM.US,D,20240827,000000,2.4901,2.64,2.4,2.4,11932,0
SONM.US,D,20240828,000000,2.4201,2.86,2.4201,2.49,300074,0
SONM.US,D,20240829,000000,2.47,2.64,2.47,2.59,27561,0
SONM.US,D,20240830,000000,2.65,2.7217,2.51,2.58,21059,0
SONM.US,D,20240903,000000,2.55,2.55,2.42,2.45,7853,0
SONM.US,D,20240904,000000,2.43,2.4559,2.42,2.4559,18419,0
SONM.US,D,20240905,000000,2.43,2.4826,2.42,2.43,16944,0
SONM.US,D,20240906,000000,2.5,2.53,2.42,2.43,6254,0
SONM.US,D,20240909,000000,2.32,2.4714,2.32,2.429,4499,0
SONM.US,D,20240910,000000,2.45,2.45,2.36,2.43,2019,0
SONM.US,D,20240911,000000,2.35,2.57,2.33,2.57,59159,0
SONM.US,D,20240912,000000,2.54,2.7499,2.39,2.62,22475,0
SONM.US,D,20240913,000000,2.69,2.795,2.59,2.71,16858,0
SONM.US,D,20240916,000000,2.71,2.83,2.65,2.72,9857,0
SONM.US,D,20240917,000000,2.7,2.7,2.6039,2.65,3292,0
SONM.US,D,20240918,000000,2.645,2.7,2.6,2.6,2628,0
SONM.US,D,20240919,000000,2.71,2.71,2.63,2.6611,17221,0
SONM.US,D,20240920,000000,2.64,2.7,2.58,2.62,7979,0
SONM.US,D,20240923,000000,2.69,3.4999,2.6,3.11,108738,0
SONM.US,D,20240924,000000,3.1,3.4759,2.88,2.93,69682,0
SONM.US,D,20240925,000000,2.96,3.0287,2.63,2.7,11836,0
SONM.US,D,20240926,000000,2.77,2.98,2.6301,2.97,14345,0
SONM.US,D,20240927,000000,3.01,3.105,2.8046,2.94,13347,0
SONM.US,D,20240930,000000,3.08,3.08,2.79,2.895,4184,0
SONM.US,D,20241001,000000,3,3.0515,2.81,2.81,10560,0
SONM.US,D,20241002,000000,2.74,2.8,2.6709,2.8,5466,0
SONM.US,D,20241003,000000,2.78,2.78,2.78,2.78,606,0
SONM.US,D,20241004,000000,2.75,2.95,2.75,2.83,3494,0
SONM.US,D,20241007,000000,2.85,2.9426,2.75,2.81,13546,0
SONM.US,D,20241008,000000,2.9113,2.92,2.84,2.84,9295,0
SONM.US,D,20241009,000000,2.8391,3.0499,2.8391,2.97,20822,0
SONM.US,D,20241010,000000,2.87,2.96,2.87,2.96,3901,0
SONM.US,D,20241011,000000,2.8742,2.9259,2.8742,2.9259,950,0
SONM.US,D,20241014,000000,2.9921,3.165,2.9089,3.15,5386,0
SONM.US,D,20241015,000000,3.03,3.24,3.0201,3.22,2147,0
SONM.US,D,20241016,000000,3.11,3.55,3.069,3.28,22614,0
SONM.US,D,20241017,000000,3.26,3.37,3.26,3.27,7138,0
SONM.US,D,20241018,000000,3.35,3.59,3.35,3.53,14501,0
SONM.US,D,20241021,000000,3.53,3.79,3.53,3.79,18381,0
SONM.US,D,20241022,000000,3.9499,4.1,3.84,3.88,31394,0
SONM.US,D,20241023,000000,3.76,3.9301,3.67,3.736,13250,0
SONM.US,D,20241024,000000,3.75,3.8755,3.54,3.7,17243,0
SONM.US,D,20241025,000000,3.66,3.71,3.5201,3.65,13917,0
SONM.US,D,20241028,000000,3.69,3.7807,3.5601,3.66,3542,0
SONM.US,D,20241029,000000,3.65,3.74,3.55,3.69,1120,0
