<TICKER>,<PER>,<DATE>,<TIME>,<OPEN>,<HIGH>,<LOW>,<CLOSE>,<VOL>,<OPENINT>
SVMHW.US,D,20231212,000000,0.02,0.0299,0.0151,0.0299,24167,0
SVMHW.US,D,20231213,000000,0.021,0.021,0.015,0.016,12600,0
SVMHW.US,D,20231214,000000,0.03,0.03,0.0162,0.0201,188322,0
SVMHW.US,D,20231215,000000,0.029899,0.029899,0.025,0.025,1700,0
SVMHW.US,D,20231218,000000,0.0251,0.0251,0.021,0.021,300,0
SVMHW.US,D,20231219,000000,0.02,0.0294,0.015,0.02,81543,0
SVMHW.US,D,20231220,000000,0.0202,0.0202,0.015,0.0151,13606,0
SVMHW.US,D,20231221,000000,0.0155,0.0165,0.015,0.015,7833,0
SVMHW.US,D,20231222,000000,0.015,0.0151,0.015,0.015,9607,0
SVMHW.US,D,20231226,000000,0.0198,0.0223,0.0071,0.0073,143219,0
SVMHW.US,D,20231227,000000,0.0073,0.0112,0.0073,0.0112,2023,0
SVMHW.US,D,20240102,000000,0.0076,0.0285,0.0076,0.025,10964,0
SVMHW.US,D,20240103,000000,0.0248,0.0248,0.0248,0.0248,133,0
SVMHW.US,D,20240110,000000,0.024,0.024,0.0081,0.01,15822,0
SVMHW.US,D,20240111,000000,0.019451,0.019451,0.015,0.015,3617,0
SVMHW.US,D,20240112,000000,0.0185,0.024,0.0185,0.0201,117738,0
SVMHW.US,D,20240117,000000,0.0202,0.0202,0.0105,0.019,981,0
SVMHW.US,D,20240118,000000,0.0189,0.019969,0.0168,0.0169,51298,0
SVMHW.US,D,20240122,000000,0.0138,0.0275,0.0138,0.0275,647,0
SVMHW.US,D,20240123,000000,0.0222,0.0222,0.0222,0.0222,536,0
SVMHW.US,D,20240124,000000,0.021501,0.024,0.0105,0.024,3558,0
SVMHW.US,D,20240130,000000,0.0222,0.0222,0.0222,0.0222,139,0
SVMHW.US,D,20240131,000000,0.0218,0.022,0.0218,0.0218,3280,0
SVMHW.US,D,20240201,000000,0.0212,0.0212,0.0184,0.0184,13408,0
SVMHW.US,D,20240202,000000,0.0111,0.0212,0.0111,0.0212,2216,0
SVMHW.US,D,20240208,000000,0.021,0.021,0.02,0.02,3045,0
SVMHW.US,D,20240209,000000,0.019953,0.019953,0.019953,0.019953,500,0
SVMHW.US,D,20240212,000000,0.02,0.025,0.0119,0.0121,45214,0
SVMHW.US,D,20240213,000000,0.0219,0.0219,0.0125,0.0125,2200,0
SVMHW.US,D,20240214,000000,0.0199,0.0199,0.0183,0.0183,778,0
SVMHW.US,D,20240215,000000,0.02,0.0248,0.0199,0.0247,91743,0
SVMHW.US,D,20240216,000000,0.02,0.0246,0.02,0.0246,4729,0
SVMHW.US,D,20240220,000000,0.024,0.03,0.0153,0.03,31011,0
SVMHW.US,D,20240221,000000,0.02,0.02,0.02,0.02,100,0
SVMHW.US,D,20240222,000000,0.028,0.028,0.028,0.028,4546,0
SVMHW.US,D,20240223,000000,0.0294,0.0294,0.0294,0.0294,2149,0
SVMHW.US,D,20240228,000000,0.0295,0.03,0.0213,0.03,22629,0
SVMHW.US,D,20240229,000000,0.03,0.03,0.0213,0.0277,4928,0
SVMHW.US,D,20240301,000000,0.0213,0.0213,0.0213,0.0213,118,0
SVMHW.US,D,20240304,000000,0.03,0.0453,0.03,0.04,45783,0
SVMHW.US,D,20240305,000000,0.0307,0.045,0.0307,0.0447,10222,0
SVMHW.US,D,20240306,000000,0.04,0.045,0.031,0.0449,42215,0
SVMHW.US,D,20240308,000000,0.0312,0.0312,0.03,0.03,23525,0
SVMHW.US,D,20240311,000000,0.025,0.025,0.0153,0.02,64625,0
SVMHW.US,D,20240312,000000,0.02,0.02,0.02,0.02,450,0
SVMHW.US,D,20240315,000000,0.0248,0.0248,0.02,0.02,11545,0
SVMHW.US,D,20240318,000000,0.02,0.0219,0.0155,0.0156,206349,0
SVMHW.US,D,20240320,000000,0.02,0.02,0.02,0.02,300,0
SVMHW.US,D,20240321,000000,0.02,0.02,0.0157,0.02,22000,0
SVMHW.US,D,20240322,000000,0.02,0.02,0.02,0.02,300,0
SVMHW.US,D,20240325,000000,0.02,0.023,0.0183,0.0186,567268,0
SVMHW.US,D,20240326,000000,0.02,0.0209,0.0183,0.0184,29869,0
SVMHW.US,D,20240328,000000,0.02,0.02,0.0157,0.0158,52673,0
SVMHW.US,D,20240401,000000,0.02,0.021,0.0158,0.0158,84414,0
SVMHW.US,D,20240403,000000,0.02,0.02,0.02,0.02,64776,0
SVMHW.US,D,20240409,000000,0.0169,0.0209,0.0169,0.0169,76865,0
SVMHW.US,D,20240410,000000,0.019899,0.0208,0.019899,0.0205,71750,0
SVMHW.US,D,20240411,000000,0.018099,0.018099,0.018099,0.018099,500,0
SVMHW.US,D,20240423,000000,0.0199,0.02,0.016,0.016,15676,0
SVMHW.US,D,20240424,000000,0.016,0.0183,0.0142,0.0142,174748,0
SVMHW.US,D,20240426,000000,0.0142,0.02,0.0142,0.0142,80383,0
SVMHW.US,D,20240429,000000,0.0189,0.02,0.014258,0.014258,45000,0
SVMHW.US,D,20240501,000000,0.0143,0.014605,0.0082,0.0085,302438,0
SVMHW.US,D,20240502,000000,0.01,0.013,0.0085,0.013,60000,0
SVMHW.US,D,20240503,000000,0.0199,0.0199,0.0091,0.0091,200,0
SVMHW.US,D,20240506,000000,0.0197,0.02,0.0099,0.01,417802,0
SVMHW.US,D,20240507,000000,0.0197,0.0199,0.0197,0.0198,26654,0
SVMHW.US,D,20240509,000000,0.0198,0.0198,0.018,0.018,3266,0
SVMHW.US,D,20240510,000000,0.0197,0.02,0.0197,0.02,25000,0
SVMHW.US,D,20240513,000000,0.02,0.02,0.0175,0.02,25547,0
SVMHW.US,D,20240514,000000,0.02,0.02,0.016605,0.0198,3217,0
SVMHW.US,D,20240515,000000,0.0197,0.0197,0.015,0.015,2600,0
SVMHW.US,D,20240516,000000,0.0198,0.02,0.0131,0.0131,11414,0
SVMHW.US,D,20240517,000000,0.019899,0.019899,0.013,0.0131,3166,0
SVMHW.US,D,20240520,000000,0.02,0.02,0.02,0.02,10000,0
SVMHW.US,D,20240521,000000,0.02,0.02,0.0133,0.0133,1112,0
SVMHW.US,D,20240523,000000,0.0188,0.0195,0.0165,0.0165,21393,0
SVMHW.US,D,20240524,000000,0.0131,0.0193,0.0131,0.0193,12700,0
SVMHW.US,D,20240531,000000,0.0181,0.0181,0.0181,0.0181,331,0
SVMHW.US,D,20240604,000000,0.0132,0.014,0.012,0.012,102285,0
SVMHW.US,D,20240605,000000,0.012,0.018899,0.0117,0.0188,53080,0
SVMHW.US,D,20240606,000000,0.0188,0.0189,0.0117,0.0117,1192,0
SVMHW.US,D,20240610,000000,0.012,0.012,0.0117,0.0117,18309,0
SVMHW.US,D,20240611,000000,0.0117,0.0117,0.0095,0.0095,39475,0
SVMHW.US,D,20240612,000000,0.0095,0.0095,0.0081,0.009,42994,0
SVMHW.US,D,20240613,000000,0.009,0.0104,0.0051,0.0056,834206,0
SVMHW.US,D,20240614,000000,0.012,0.02,0.0101,0.0162,430290,0
SVMHW.US,D,20240617,000000,0.012,0.0169,0.0103,0.0105,110795,0
SVMHW.US,D,20240618,000000,0.0169,0.0169,0.0106,0.016,21042,0
SVMHW.US,D,20240620,000000,0.012,0.0155,0.0102,0.0155,18022,0
SVMHW.US,D,20240624,000000,0.014,0.014,0.01,0.0101,15098,0
SVMHW.US,D,20240625,000000,0.0139,0.0185,0.0101,0.0185,159995,0
SVMHW.US,D,20240626,000000,0.0103,0.016899,0.0103,0.016899,17194,0
SVMHW.US,D,20240627,000000,0.0107,0.0147,0.0105,0.014,9894,0
SVMHW.US,D,20240628,000000,0.0103,0.012001,0.0103,0.0103,2825,0
SVMHW.US,D,20240701,000000,0.0103,0.0165,0.009,0.0164,65095,0
SVMHW.US,D,20240702,000000,0.016,0.0165,0.0145,0.0145,20577,0
SVMHW.US,D,20240703,000000,0.0164,0.0164,0.0164,0.0164,3048,0
SVMHW.US,D,20240708,000000,0.015,0.0162,0.0111,0.0162,15050,0
SVMHW.US,D,20240709,000000,0.0165,0.0165,0.0128,0.0165,24589,0
SVMHW.US,D,20240710,000000,0.0165,0.02,0.0112,0.012,199088,0
SVMHW.US,D,20240711,000000,0.0115,0.0186,0.0112,0.0185,25708,0
SVMHW.US,D,20240712,000000,0.0115,0.0184,0.0112,0.0184,43503,0
SVMHW.US,D,20240715,000000,0.015,0.015,0.015,0.015,1050,0
SVMHW.US,D,20240716,000000,0.012,0.01495,0.012,0.01495,12614,0
SVMHW.US,D,20240717,000000,0.0148,0.0148,0.0148,0.0148,486,0
SVMHW.US,D,20240718,000000,0.015029,0.015029,0.0118,0.0118,25511,0
SVMHW.US,D,20240719,000000,0.01,0.0129,0.0091,0.0091,16324,0
SVMHW.US,D,20240723,000000,0.0148,0.0148,0.0091,0.0091,3394,0
SVMHW.US,D,20240724,000000,0.009,0.0118,0.009,0.009,28218,0
SVMHW.US,D,20240725,000000,0.009,0.009,0.009,0.009,17216,0
SVMHW.US,D,20240726,000000,0.009,0.009,0.0081,0.0081,1676,0
SVMHW.US,D,20240729,000000,0.0082,0.0082,0.0082,0.0082,318,0
SVMHW.US,D,20240730,000000,0.009,0.009,0.0075,0.0075,8882,0
SVMHW.US,D,20240731,000000,0.0075,0.008,0.006,0.006,39713,0
SVMHW.US,D,20240801,000000,0.0056,0.006,0.0056,0.006,59519,0
SVMHW.US,D,20240805,000000,0.006,0.00604,0.006,0.006,22169,0
SVMHW.US,D,20240807,000000,0.0099,0.0099,0.0057,0.0057,114329,0
SVMHW.US,D,20240808,000000,0.0057,0.0057,0.0057,0.0057,150,0
SVMHW.US,D,20240809,000000,0.0057,0.0057,0.0056,0.0056,6342,0
SVMHW.US,D,20240813,000000,0.0056,0.0056,0.0056,0.0056,15250,0
SVMHW.US,D,20240815,000000,0.0055,0.0055,0.0055,0.0055,2900,0
SVMHW.US,D,20240816,000000,0.009,0.0098,0.0055,0.0098,167586,0
SVMHW.US,D,20240819,000000,0.0055,0.0097,0.0055,0.0096,48494,0
SVMHW.US,D,20240822,000000,0.0098,0.0098,0.0069,0.0098,55841,0
SVMHW.US,D,20240823,000000,0.01,0.01,0.007,0.007,23149,0
SVMHW.US,D,20240827,000000,0.0095,0.0099,0.0095,0.0095,1676,0
SVMHW.US,D,20240903,000000,0.0095,0.0095,0.0095,0.0095,100,0
SVMHW.US,D,20240904,000000,0.0063,0.009,0.0056,0.0089,211646,0
SVMHW.US,D,20240905,000000,0.0089,0.0089,0.0087,0.0087,22020,0
SVMHW.US,D,20240906,000000,0.0083,0.0099,0.0055,0.0095,397154,0
SVMHW.US,D,20240910,000000,0.006,0.01,0.006,0.01,101144,0
SVMHW.US,D,20240911,000000,0.01,0.01,0.006,0.0077,107847,0
SVMHW.US,D,20240912,000000,0.01,0.0125,0.007,0.0099,133185,0
SVMHW.US,D,20240913,000000,0.0146,0.016,0.0085,0.0158,26155,0
SVMHW.US,D,20240916,000000,0.0134,0.0134,0.010699,0.0133,55548,0
SVMHW.US,D,20240918,000000,0.0134,0.0134,0.008,0.0099,4800,0
SVMHW.US,D,20240919,000000,0.010749,0.0134,0.0084,0.0124,21744,0
SVMHW.US,D,20240920,000000,0.0158,0.0158,0.0061,0.008,65087,0
SVMHW.US,D,20240923,000000,0.0082,0.0133,0.008,0.0106,70707,0
SVMHW.US,D,20240924,000000,0.016,0.016,0.008,0.008,1500,0
SVMHW.US,D,20240925,000000,0.0088,0.015,0.008,0.0149,34111,0
SVMHW.US,D,20240926,000000,0.0065,0.0149,0.006,0.0101,12860,0
SVMHW.US,D,20240927,000000,0.0132,0.015,0.01,0.015,20444,0
SVMHW.US,D,20240930,000000,0.015,0.015,0.015,0.015,1353,0
SVMHW.US,D,20241002,000000,0.015,0.015,0.007,0.0072,111162,0
SVMHW.US,D,20241003,000000,0.0071,0.014,0.0071,0.0083,19663,0
SVMHW.US,D,20241004,000000,0.0128,0.0138,0.0074,0.0118,11739,0
SVMHW.US,D,20241007,000000,0.0118,0.0118,0.0118,0.0118,104,0
SVMHW.US,D,20241008,000000,0.0081,0.014,0.008,0.0081,9493,0
SVMHW.US,D,20241009,000000,0.0085,0.0133,0.0085,0.0085,9638,0
SVMHW.US,D,20241010,000000,0.011899,0.014,0.0097,0.0097,11112,0
SVMHW.US,D,20241011,000000,0.0138,0.0139,0.01,0.010101,3925,0
SVMHW.US,D,20241014,000000,0.007,0.014,0.007,0.0101,5552,0
SVMHW.US,D,20241015,000000,0.0101,0.013,0.007,0.0083,40257,0
SVMHW.US,D,20241016,000000,0.013,0.0131,0.0083,0.0083,9710,0
SVMHW.US,D,20241017,000000,0.0073,0.014,0.0073,0.0081,5454,0
SVMHW.US,D,20241021,000000,0.0138,0.0138,0.0138,0.0138,1083,0
SVMHW.US,D,20241022,000000,0.0139,0.0139,0.01,0.0119,3459,0
SVMHW.US,D,20241023,000000,0.0101,0.01195,0.0075,0.0075,41480,0
SVMHW.US,D,20241024,000000,0.0137,0.0138,0.0075,0.0075,9256,0
SVMHW.US,D,20241025,000000,0.01,0.0107,0.0078,0.0106,5484,0
SVMHW.US,D,20241028,000000,0.0125,0.0125,0.0077,0.0078,39627,0
SVMHW.US,D,20241029,000000,0.0135,0.0135,0.0078,0.0078,5600,0
