<TICKER>,<PER>,<DATE>,<TIME>,<OPEN>,<HIGH>,<LOW>,<CLOSE>,<VOL>,<OPENINT>
TBIO.US,D,20210618,000000,360,391.5,308.34,333,217045.6668403032,0
TBIO.US,D,20210621,000000,334.8,367.918,333,358.92,21106.2777946628,0
TBIO.US,D,20210622,000000,351,377.82,340.02,368.28,8992.6111183052,0
TBIO.US,D,20210623,000000,376.2,379.62,352.98,364.5,21340.611128183602,0
TBIO.US,D,20210624,000000,367.2,376.018,324,349.2,11397.7222313404,0
TBIO.US,D,20210625,000000,352.08,359.82,315,319.68,9020.0555627716,0
TBIO.US,D,20210628,000000,315.72,352.08,315.72,332.1,4972.5555595336,0
TBIO.US,D,20210629,000000,342,363.96,333,359.82,13861.0555666444,0
TBIO.US,D,20210630,000000,348.48,462.6,325.08,396,18564.9444592964,0
TBIO.US,D,20210701,000000,388.26,388.26,341.014,344.7,9527.0555631772,0
TBIO.US,D,20210702,000000,348.66,369.657,340.547,357.84,2842.2777800516,0
TBIO.US,D,20210706,000000,355.14,355.14,328.5,334.8,3784.6666696944,0
TBIO.US,D,20210707,000000,341.64,345.06,324.18,331.02,3061.7777802272,0
TBIO.US,D,20210708,000000,323.64,332.1,308.7,308.88,5968.6666714416,0
TBIO.US,D,20210709,000000,318.515,325.08,297,311.94,4386.3333368424,0
TBIO.US,D,20210712,000000,307.8,311.04,297.362,298.26,6857.4444499304,0
TBIO.US,D,20210713,000000,312.48,321.39,263.7,274.68,14902.0000119216,0
TBIO.US,D,20210714,000000,275.04,278.46,245.7,262.62,15675.8889014296,0
TBIO.US,D,20210715,000000,256.5,275.76,256.5,271.8,4716.2222259952005,0
TBIO.US,D,20210716,000000,270.54,286.2,265.68,272.88,2565.1666687188,0
TBIO.US,D,20210719,000000,267.3,282.24,257.4,270,3072.777780236,0
TBIO.US,D,20210720,000000,294.12,305.098,282.6,285.3,12387.0000099096,0
TBIO.US,D,20210721,000000,315.36,331.74,297,303.66,9641.2222299352,0
TBIO.US,D,20210722,000000,306.18,323.82,306,311.4,5082.6111151772,0
TBIO.US,D,20210723,000000,317.88,332.1,297,302.94,6722.777783156,0
TBIO.US,D,20210726,000000,301.32,315.792,298.8,307.26,1565.7777790304,0
TBIO.US,D,20210727,000000,306,319.95,287.671,291.6,3631.0555584604,0
TBIO.US,D,20210728,000000,291.6,297,271.8,278.82,5910.7777825064,0
TBIO.US,D,20210729,000000,279,286.2,278.19,280.8,4415.833336866,0
TBIO.US,D,20210730,000000,280.8,293.58,271.98,284.22,5109.2222263096,0
TBIO.US,D,20210802,000000,289.08,299.16,270.9,278.82,7754.444450648,0
TBIO.US,D,20210803,000000,273.78,286.38,267.66,284.76,6157.2222271480005,0
TBIO.US,D,20210804,000000,285.3,285.3,264.42,275.76,9511.944452054,0
TBIO.US,D,20210805,000000,279.36,286.213,267.84,278.46,7073.2222278808,0
TBIO.US,D,20210806,000000,279.54,285.21,276.3,280.8,1532.0555567812,0
TBIO.US,D,20210809,000000,277.92,285.84,268.65,269.46,10100.7222303028,0
TBIO.US,D,20210810,000000,273.24,283.95,261.36,261.9,8244.3333399288,0
TBIO.US,D,20210811,000000,268.02,269.1,239.4,244.8,6521.2777829948,0
TBIO.US,D,20210812,000000,244.62,250.02,223.2,224.82,8169.8888954248005,0
TBIO.US,D,20210813,000000,226.26,254.52,223.646,246.96,4796.666670504,0
TBIO.US,D,20210816,000000,247.14,252.9,238.001,246.6,2765.6111133236,0
TBIO.US,D,20210817,000000,245.88,247.439,225.54,231.84,3750.1111141112,0
TBIO.US,D,20210818,000000,231.66,243.81,227.25,233.46,2876.5000023012,0
TBIO.US,D,20210819,000000,233.1,240.21,202.68,211.86,6892.222227736,0
TBIO.US,D,20210820,000000,212.4,230.58,212.4,225.36,3395.000002716,0
TBIO.US,D,20210823,000000,229.32,231.84,213.84,217.44,6005.5000048044,0
TBIO.US,D,20210824,000000,216.18,238.59,216.18,229.68,8613.5000068908,0
TBIO.US,D,20210825,000000,229.14,230.31,208.8,219.6,6179.8333382772,0
TBIO.US,D,20210826,000000,216,224.91,207.9,210.78,6268.8333383484005,0
TBIO.US,D,20210827,000000,211.5,221.22,208.89,211.5,9258.055562962,0
TBIO.US,D,20210830,000000,212.94,250.02,206.55,244.98,10238.1111193016,0
TBIO.US,D,20210831,000000,241.2,247.05,225,233.46,4500.6111147116,0
TBIO.US,D,20210901,000000,237.96,251.82,231.3,248.22,4930.9444483892,0
TBIO.US,D,20210902,000000,252.36,269.82,252.36,261.54,7107.1666723524,0
TBIO.US,D,20210903,000000,261.36,269.1,252.18,252.72,6393.2222273368,0
TBIO.US,D,20210907,000000,256.5,259.74,234.36,243,4813.6666705176,0
TBIO.US,D,20210908,000000,243.9,243.9,227.88,229.86,3371.8333360308,0
TBIO.US,D,20210909,000000,231.12,241.245,228.42,230.4,4037.222225452,0
TBIO.US,D,20210910,000000,232.38,238.32,221.683,232.92,3970.1111142872,0
TBIO.US,D,20210913,000000,234,234,217.26,224.1,2377.222224124,0
TBIO.US,D,20210914,000000,228.96,233.82,218.41,229.68,2823.1666689252,0
TBIO.US,D,20210915,000000,235.706,235.706,222.66,229.86,6808.6111165580005,0
TBIO.US,D,20210916,000000,229.86,239.22,221.04,239.04,8532.4444512704,0
TBIO.US,D,20210917,000000,234.54,243.9,211.59,215.64,53455.6667094312,0
TBIO.US,D,20210920,000000,215.64,223.38,172.89,182.7,27122.5555772536,0
TBIO.US,D,20210921,000000,180.9,193.14,171.54,189.54,16172.6666796048,0
TBIO.US,D,20210922,000000,186.84,212.49,184.14,201.42,4711.388892658,0
TBIO.US,D,20210923,000000,203.76,208.8,186.66,188.82,3911.8888920184,0
TBIO.US,D,20210924,000000,189.9,207,189.18,198.9,2449.8888908488,0
TBIO.US,D,20210927,000000,197.64,202.399,190.62,196.38,1905.6666681912,0
TBIO.US,D,20210928,000000,193.86,199.62,189.243,197.64,2948.9444468036,0
TBIO.US,D,20210929,000000,197.64,205.29,197.64,201.78,1217.9444454188001,0
TBIO.US,D,20210930,000000,204.3,204.3,198.18,200.34,2415.1666685988002,0
TBIO.US,D,20211001,000000,199.62,217.26,194.4,215.28,2879.16666897,0
TBIO.US,D,20211004,000000,215.28,217.08,207,211.5,4410.3333368616,0
TBIO.US,D,20211005,000000,210.96,213.12,201.6,211.5,3484.1111138984,0
TBIO.US,D,20211006,000000,209.16,209.16,200.07,201.42,6432.4444495904,0
TBIO.US,D,20211007,000000,202.5,207.77,194.94,196.2,4450.6666702272005,0
TBIO.US,D,20211008,000000,196.2,196.2,172.8,183.24,8553.611117954,0
TBIO.US,D,20211011,000000,184.68,192.24,181.8,192.06,1190.833334286,0
TBIO.US,D,20211012,000000,192.06,202.5,185.942,194.4,3036.5000024292,0
TBIO.US,D,20211013,000000,195.48,209.34,187.38,194.22,2170.7777795144,0
TBIO.US,D,20211014,000000,195.12,196.47,189,191.52,1972.3888904668,0
TBIO.US,D,20211015,000000,194.76,201.78,187.38,195.66,2543.9444464796,0
TBIO.US,D,20211018,000000,195.66,198.36,192.24,195.84,2823.6666689256,0
TBIO.US,D,20211019,000000,195.3,195.48,173.16,176.94,4660.6666703952,0
TBIO.US,D,20211020,000000,175.86,179.705,174.78,176.94,1756.388890294,0
TBIO.US,D,20211021,000000,176.4,184.14,176.22,178.02,2498.3888908876,0
TBIO.US,D,20211022,000000,177.66,179.64,171,171.9,3896.944447562,0
TBIO.US,D,20211025,000000,172.08,172.08,163.08,164.52,2572.500002058,0
TBIO.US,D,20211026,000000,164.52,174.96,162.9,172.8,1843.5000014748,0
TBIO.US,D,20211027,000000,172.62,172.62,168.48,170.46,2290.555557388,0
TBIO.US,D,20211028,000000,172.08,174.78,169.74,173.7,2411.5000019292,0
TBIO.US,D,20211029,000000,173.52,173.52,165.6,166.32,1994.7777793736,0
TBIO.US,D,20211101,000000,163.8,171,163.8,170.1,1344.0555566308,0
TBIO.US,D,20211102,000000,172.44,174.06,168.572,174.06,1206.94444541,0
TBIO.US,D,20211103,000000,175.14,184.32,174.942,183.96,983.2777785644,0
TBIO.US,D,20211104,000000,182.16,199.89,181.26,192.06,2510.8888908976,0
TBIO.US,D,20211105,000000,195.12,197.1,180.36,187.74,1556.6111123564,0
TBIO.US,D,20211108,000000,187.92,196.2,177.12,181.08,5941.111115864,0
TBIO.US,D,20211109,000000,180.9,182.52,164.88,167.22,4571.8333369908005,0
TBIO.US,D,20211110,000000,165.96,167.67,151.2,154.62,8764.0555625668,0
TBIO.US,D,20211111,000000,155.88,156.884,143.1,145.26,4090.1111143832,0
TBIO.US,D,20211112,000000,147.24,151.38,138.96,149.22,4430.1111146552,0
TBIO.US,D,20211115,000000,151.38,151.454,140.76,146.34,2994.2777801732,0
TBIO.US,D,20211116,000000,147.6,149.022,145.415,147.78,4794.6666705024,0
TBIO.US,D,20211117,000000,147.24,149.4,137.7,140.4,3409.3888916164,0
TBIO.US,D,20211118,000000,139.68,140.4,129.24,135.18,4297.9444478828,0
TBIO.US,D,20211119,000000,135,138.116,126.54,127.44,2337.4444463144,0
TBIO.US,D,20211122,000000,126.72,131.22,120.78,127.44,4668.0000037344,0
TBIO.US,D,20211123,000000,129.06,131.22,118.08,122.4,3833.2222252888,0
TBIO.US,D,20211124,000000,121.68,123.84,116.64,121.32,55828.1111557736,0
TBIO.US,D,20211126,000000,122.94,127.98,118.98,122.4,4056.94444769,0
TBIO.US,D,20211129,000000,125.64,127.438,115.56,118.8,3265.4444470568,0
TBIO.US,D,20211130,000000,118.08,124.738,113.58,123.12,3663.055558486,0
TBIO.US,D,20211201,000000,125.64,135.151,119.34,120.96,4671.7777815152,0
TBIO.US,D,20211202,000000,122.22,130.68,119.88,130.14,4658.4444481712,0
TBIO.US,D,20211203,000000,129.24,131.76,114.84,115.56,5550.0555599956,0
TBIO.US,D,20211206,000000,115.56,116.82,111.892,115.38,1837.4444459144,0
TBIO.US,D,20211207,000000,115.02,127.71,115.02,124.38,3416.0000027328,0
TBIO.US,D,20211208,000000,123.66,136.802,123.66,132.12,3864.2777808692,0
TBIO.US,D,20211209,000000,131.4,131.58,120.78,125.82,2380.6666685712,0
TBIO.US,D,20211210,000000,126.36,128.88,122.58,125.64,1805.3333347776,0
TBIO.US,D,20211213,000000,125.28,131.04,112.14,117.9,2884.1111134184002,0
TBIO.US,D,20211214,000000,120.96,120.96,115.02,115.74,2346.5555574328,0
TBIO.US,D,20211215,000000,115.92,126,112.14,120.6,5030.6666706912,0
TBIO.US,D,20211216,000000,122.58,128.88,118.8,128.88,4335.9444479132,0
TBIO.US,D,20211217,000000,126.54,129.42,118.103,127.8,11705.6111204756,0
TBIO.US,D,20211220,000000,123.48,128.7,121.68,124.2,3734.6666696544003,0
TBIO.US,D,20211221,000000,123.12,124.38,117.36,120.06,2154.0555572788,0
TBIO.US,D,20211222,000000,121.14,140.22,121.14,132.66,12070.000009656,0
TBIO.US,D,20211223,000000,131.76,133.38,111.96,113.58,13078.5555660184,0
TBIO.US,D,20211227,000000,113.58,124.74,110.826,117,16054.7777906216,0
TBIO.US,D,20211228,000000,115.38,130.86,114.302,120.78,16587.5555688256,0
TBIO.US,D,20211229,000000,135,172.62,125.28,167.94,323933.7780369248,0
TBIO.US,D,20211230,000000,184.14,200.16,174.06,197.64,678503.9449872476,0
TBIO.US,D,20211231,000000,196.137,197.28,176.4,194.4,136148.2223311408,0
TBIO.US,D,20220103,000000,189,203.76,169.2,174.6,69959.6111670788,0
TBIO.US,D,20220104,000000,173.34,174.42,154.62,165.42,32685.9444705932,0
TBIO.US,D,20220105,000000,162,167.22,157.68,166.32,13457.5555663216,0
TBIO.US,D,20220106,000000,163.98,179.982,160.2,176.94,27847.0000222776,0
TBIO.US,D,20220107,000000,176.94,182.461,163.98,168.66,24273.333352752,0
TBIO.US,D,20220110,000000,177.48,192.598,172.26,176.76,154103.3890121716,0
TBIO.US,D,20220111,000000,171.9,178.02,171,174.78,22168.8333510684,0
TBIO.US,D,20220112,000000,175.32,176.58,171.54,174.42,18789.7777928096,0
TBIO.US,D,20220113,000000,174.96,186.48,154.98,155.16,25342.6111313852,0
TBIO.US,D,20220114,000000,153.72,155.88,131.042,135.72,29095.4444677208,0
TBIO.US,D,20220118,000000,133.38,135.538,123.12,126.36,23948.833352492402,0
TBIO.US,D,20220119,000000,126.36,129.42,119.34,125.82,18581.7777926432,0
TBIO.US,D,20220120,000000,125.46,144.72,125.28,128.34,16764.5000134116,0
TBIO.US,D,20220121,000000,125.46,133.02,123.48,130.68,15621.444456941601,0
TBIO.US,D,20220124,000000,127.44,128.176,119.16,125.1,24452.0000195616,0
TBIO.US,D,20220125,000000,121.86,125.1,117,123.12,13170.7222327588,0
TBIO.US,D,20220126,000000,125.46,129.78,122.4,123.48,9100.00000728,0
TBIO.US,D,20220127,000000,125.46,130.32,122.04,123.48,9074.2777850372,0
TBIO.US,D,20220128,000000,126.18,133.38,123.3,131.4,8155.0555620796,0
TBIO.US,D,20220131,000000,134.28,147.42,132.3,141.12,13046.6111215484,0
TBIO.US,D,20220201,000000,145.44,145.44,129.78,132.84,13665.555566488,0
TBIO.US,D,20220202,000000,133.2,135.9,127.26,133.2,6795.7222276588,0
TBIO.US,D,20220203,000000,129.78,137.52,129.78,134.1,6040.7777826104,0
TBIO.US,D,20220204,000000,133.56,138.87,129.96,136.98,5927.6111158532,0
TBIO.US,D,20220207,000000,138.96,169.74,138.96,161.28,31867.4444699384,0
TBIO.US,D,20220208,000000,161.28,165.236,153.36,158.76,18184.72223677,0
TBIO.US,D,20220209,000000,161.46,179.64,156.215,177.66,20954.2222389856,0
TBIO.US,D,20220210,000000,173.52,188.617,173.52,179.64,22168.888906624,0
TBIO.US,D,20220211,000000,181.26,187.92,177.3,181.26,9722.500007778,0
TBIO.US,D,20220214,000000,180.54,182.52,167.85,169.56,17151.666680388,0
TBIO.US,D,20220215,000000,174.42,179.1,168.66,174.06,10916.3333420664,0
TBIO.US,D,20220216,000000,174.42,185.4,169.2,183.6,13863.88889998,0
TBIO.US,D,20220217,000000,181.8,182.7,176.4,176.58,9255.1666740708,0
TBIO.US,D,20220218,000000,175.14,179.64,170.64,171.72,8919.1111182464,0
TBIO.US,D,20220222,000000,170.1,170.638,150.122,152.82,17052.8333469756,0
TBIO.US,D,20220223,000000,154.08,160.38,149.4,149.76,7009.9444500524005,0
TBIO.US,D,20220224,000000,144,168.3,144,161.1,10379.3333416368,0
TBIO.US,D,20220225,000000,162.18,180.18,160.2,180.18,7972.9444508228,0
TBIO.US,D,20220228,000000,177.12,189,174.42,183.6,10309.2777860252,0
TBIO.US,D,20220301,000000,182.52,187.56,172.901,173.7,7465.27778375,0
TBIO.US,D,20220302,000000,175.5,186.84,170.82,181.8,9239.3888962804,0
TBIO.US,D,20220303,000000,184.5,184.5,171.9,174.42,5432.2777821236,0
TBIO.US,D,20220304,000000,169.92,175.32,162.18,164.34,10711.388897458,0
TBIO.US,D,20220307,000000,164.16,168.12,145.62,149.76,8599.777784657601,0
TBIO.US,D,20220308,000000,149.58,169.56,145.8,165.06,9086.1666739356,0
TBIO.US,D,20220309,000000,168.66,181.8,168.66,178.2,11212.2777867476,0
TBIO.US,D,20220310,000000,172.8,172.8,164.522,167.76,4659.6111148388,0
TBIO.US,D,20220311,000000,169.02,170.1,164.88,165.6,3777.8333363556,0
TBIO.US,D,20220314,000000,167.94,175.5,154.8,165.6,11920.5000095364,0
TBIO.US,D,20220315,000000,166.5,170.28,163.17,165.78,7073.5000056588,0
TBIO.US,D,20220316,000000,170.28,180,168.48,178.56,6331.5555606208,0
TBIO.US,D,20220317,000000,178.56,198.36,178.02,179.82,15491.5555679488,0
TBIO.US,D,20220318,000000,175.68,196.36,161.46,186.48,44385.7222577308,0
TBIO.US,D,20220321,000000,189.72,193.05,156.51,158.94,28794.5555785912,0
TBIO.US,D,20220322,000000,158.94,176.4,154.321,165.6,11025.0555643756,0
TBIO.US,D,20220323,000000,156.96,157.5,108,109.08,104919.5556394912,0
TBIO.US,D,20220324,000000,112.5,113.58,94.5,95.4,65928.888941632,0
TBIO.US,D,20220325,000000,95.22,95.4,82.98,83.16,49570.1667063228,0
TBIO.US,D,20220328,000000,84.06,87.66,73.89,74.16,47598.8333714124,0
TBIO.US,D,20220329,000000,75.96,88.92,75.6216,85.68,36238.9444734356,0
TBIO.US,D,20220330,000000,86.4,95.4,86.4,88.74,29642.722245936402,0
TBIO.US,D,20220331,000000,89.82,97.56,87.3,96.66,20796.3333499704,0
TBIO.US,D,20220401,000000,98.82,105.39,97.2,102.24,16306.6111241564,0
TBIO.US,D,20220404,000000,101.7,110.88,101.7,106.02,20869.0000166952,0
TBIO.US,D,20220405,000000,106.74,117,106.74,116.1,16694.166680022,0
TBIO.US,D,20220406,000000,113.22,113.4,95.4,96.48,32002.77780338,0
TBIO.US,D,20220407,000000,97.56,99,96.84,97.56,25186.5000201492,0
TBIO.US,D,20220408,000000,98.1,99,90.18,91.98,12636.8888989984,0
TBIO.US,D,20220411,000000,91.62,92.16,87.3,88.2,27823.055577814,0
TBIO.US,D,20220412,000000,91.62,91.62,79.38,80.1,30575.0555800156,0
TBIO.US,D,20220413,000000,77.652,82.62,77.652,81.36,20016.7777937912,0
TBIO.US,D,20220414,000000,81,82.8,77.94,82.26,16707.777791144,0
TBIO.US,D,20220418,000000,81.18,83.07,72.54,72.9,63364.8333840252,0
TBIO.US,D,20220419,000000,73.8,75.33,70.83,73.98,16389.8333464452,0
TBIO.US,D,20220420,000000,75.06,79.56,72.72,76.5,27750.7222444228,0
TBIO.US,D,20220421,000000,78.66,83.8764,76.32,76.68,9974.6111190908,0
TBIO.US,D,20220422,000000,76.86,77.04,71.28,74.34,10602.77778626,0
TBIO.US,D,20220425,000000,73.62,79.2,73.62,78.3,4263.7777811888,0
TBIO.US,D,20220426,000000,77.4,80.4582,70.83,72.18,6197.8333382916,0
TBIO.US,D,20220427,000000,73.62,74.88,71.46,73.08,4799.1111149504,0
TBIO.US,D,20220428,000000,73.8,74.7,69.84,70.2,6995.277783374,0
TBIO.US,D,20220429,000000,70.92,71.46,66.06,66.6,10518.5000084148,0
TBIO.US,D,20220502,000000,65.88,75.06,65.88,74.7,5788.333337964,0
TBIO.US,D,20220503,000000,74.16,78.75,73.62,74.7,7166.0555612884,0
TBIO.US,D,20220504,000000,77.22,78.48,70.2,78.3,4764.6111149228,0
TBIO.US,D,20220505,000000,75.96,76.41,70.92,72.18,5333.4444487112005,0
TBIO.US,D,20220506,000000,73.44,75.6,68.04,72.72,4622.6111148092,0
TBIO.US,D,20220509,000000,72.72,72.72,66.6,67.5,6724.0000053792,0
TBIO.US,D,20220510,000000,71.1,71.82,67.68,71.82,6019.8888937048005,0
TBIO.US,D,20220511,000000,75.96,78.66,61.74,62.1,10634.555564063201,0
TBIO.US,D,20220512,000000,63.54,67.5,62.1,66.6,5631.7777822832,0
TBIO.US,D,20220513,000000,67.86,71.37,63.18,68.58,6670.3888942252,0
TBIO.US,D,20220516,000000,68.4,76.5,68.4,74.52,5166.7777819112,0
TBIO.US,D,20220517,000000,76.86,80.9154,73.6326,79.92,5406.8333376588,0
TBIO.US,D,20220518,000000,78.3,79.56,73.98,77.76,4337.222225692,0
TBIO.US,D,20220519,000000,75.96,82.62,75.96,79.74,3447.777780536,0
TBIO.US,D,20220520,000000,80.28,80.28,72.9,75.06,3635.5000029084,0
TBIO.US,D,20220523,000000,75.24,84.24,73.26,83.7,4658.33333706,0
TBIO.US,D,20220524,000000,83.34,84.96,76.86,80.82,4140.0555588676,0
TBIO.US,D,20220525,000000,79.92,82.7982,73.98,75.06,5268.6666708816,0
TBIO.US,D,20220526,000000,74.52,78.84,74.34,74.52,3140.8888914016,0
TBIO.US,D,20220527,000000,74.16,79.92,73.44,74.7,8652.7777847,0
TBIO.US,D,20220531,000000,77.94,77.94,70.56,71.64,5042.1111151448,0
TBIO.US,D,20220601,000000,71.46,78.0984,62.64,63,7056.7222278676,0
TBIO.US,D,20220602,000000,66.42,67.68,62.28,64.44,6848.7777832568,0
TBIO.US,D,20220603,000000,63.54,65.7,61.38,65.34,5705.833337898,0
TBIO.US,D,20220606,000000,65.7,67.0104,62.1,63.9,4969.7777817536,0
TBIO.US,D,20220607,000000,63,68.76,62.658,66.42,6870.9444499412,0
TBIO.US,D,20220608,000000,65.34,68.94,64.44,64.98,4901.3888928100005,0
TBIO.US,D,20220609,000000,64.08,64.71,61.56,62.82,4052.3888921308,0
TBIO.US,D,20220610,000000,62.64,67.7034,54.54,56.88,11230.55556454,0
TBIO.US,D,20220613,000000,55.26,55.53,51.84,52.92,5767.5555601696,0
TBIO.US,D,20220614,000000,52.92,55.8,46.98,48.42,7048.8333389724,0
TBIO.US,D,20220615,000000,49.32,49.86,46.08,48.78,7398.0000059184,0
TBIO.US,D,20220616,000000,49.14,49.14,41.76,43.74,10027.1666746884,0
TBIO.US,D,20220617,000000,44.64,45,40.5018,42.84,10540.555563988,0
TBIO.US,D,20220621,000000,44.1,44.82,37.98,38.52,13257.5555661616,0
TBIO.US,D,20220622,000000,48.78,52.2,36.9,37.08,679355.833876818,0
TBIO.US,D,20220623,000000,36.72,37.08,33.66,36,98963.4445236152,0
TBIO.US,D,20220624,000000,36.36,39.78,34.38,38.34,95384.7778540856,0
TBIO.US,D,20220627,000000,37.98,45.9,37.8,44.1,133693.05566251,0
TBIO.US,D,20220628,000000,43.38,43.38,38.7,41.22,17211.5000137692,0
TBIO.US,D,20220629,000000,41.22,41.76,34.38,34.56,43545.6667015032,0
TBIO.US,D,20220630,000000,37.8,38.16,31.86,32.4,229046.2779610148,0
TBIO.US,D,20220701,000000,33.3,35.1,31.1616,33.48,42246.944478242,0
TBIO.US,D,20220705,000000,32.22,36.18,31.86,35.46,36894.6666961824,0
TBIO.US,D,20220706,000000,35.28,36.54,34.02,35.82,19473.3889044676,0
TBIO.US,D,20220707,000000,35.28,36.9,34.9524,36.72,15931.7777905232,0
TBIO.US,D,20220708,000000,36.36,37.7298,36.18,37.26,8243.5555621504,0
TBIO.US,D,20220711,000000,34.74,37.0782,32.76,33.3,16068.0000128544,0
TBIO.US,D,20220712,000000,32.94,33.84,31.5,32.58,8914.5555626872,0
TBIO.US,D,20220713,000000,31.68,33.12,31.68,33.12,4619.9444481404,0
TBIO.US,D,20220714,000000,32.58,33.84,31.5,33.12,7286.3333391624,0
TBIO.US,D,20220715,000000,32.76,32.76,30.6,30.6,18401.8889036104,0
TBIO.US,D,20220718,000000,30.6,31.3182,30.06,30.6,10999.5555643552,0
TBIO.US,D,20220719,000000,30.78,32.4,30.6,31.32,11639.8888982008,0
TBIO.US,D,20220720,000000,31.14,35.9892,31.14,34.74,12836.7222324916,0
TBIO.US,D,20220721,000000,33.66,35.82,32.535,35.28,62712.4444946144,0
TBIO.US,D,20220722,000000,33.48,35.28,32.94,34.38,13937.0555667052,0
TBIO.US,D,20220725,000000,33.48,35.1,31.5,33.84,19334.7777932456,0
TBIO.US,D,20220726,000000,34.02,35.1,32.22,34.2,8866.0000070928,0
TBIO.US,D,20220727,000000,32.58,36,32.58,35.28,12496.8333433308,0
TBIO.US,D,20220728,000000,34.38,35.28,33.84,34.56,7086.7222278916,0
TBIO.US,D,20220729,000000,34.56,35.28,32.76,34.38,5519.1111155264,0
TBIO.US,D,20220801,000000,34.2,35.0982,32.76,34.02,6652.8888942112,0
TBIO.US,D,20220802,000000,34.2,36.54,33.12,36,10303.1666749092,0
TBIO.US,D,20220803,000000,36,39.96,35.1,37.08,15238.88890108,0
TBIO.US,D,20220804,000000,36.36,38.16,35.28,37.44,6557.6111163572,0
TBIO.US,D,20220805,000000,37.26,40.86,36.72,39.96,13881.111122216,0
TBIO.US,D,20220808,000000,40.68,44.0496,39.96,41.4,66023.888941708,0
TBIO.US,D,20220809,000000,40.68,41.31,35.64,35.64,7862.3333396232,0
TBIO.US,D,20220810,000000,37.98,43.668,36.36,40.68,30030.8889129136,0
TBIO.US,D,20220811,000000,41.4,44.64,37.8,39.78,39497.500031598,0
TBIO.US,D,20220812,000000,41.22,46.8,39.96,42.48,39560.0555872036,0
TBIO.US,D,20220815,000000,42.3,45.18,41.4,42.48,48319.2778164332,0
TBIO.US,D,20220816,000000,42.3,42.57,38.79,40.68,13766.111122124,0
TBIO.US,D,20220817,000000,39.96,40.05,37.26,37.98,4663.5555592864,0
TBIO.US,D,20220818,000000,38.52,39.51,37.476,38.88,4016.2222254352,0
TBIO.US,D,20220819,000000,38.52,39.06,36.18,36.9,7449.3888948484,0
TBIO.US,D,20220822,000000,36.9,37.44,36.18,37.08,3664.722225154,0
TBIO.US,D,20220823,000000,37.26,37.62,34.92,35.28,8143.0000065144,0
TBIO.US,D,20220824,000000,34.56,35.64,34.2,34.74,3029.0555579788,0
TBIO.US,D,20220825,000000,35.7336,35.7336,34.02,35.28,2686.0000021488,0
TBIO.US,D,20220826,000000,36.72,40.122,32.85,35.46,12535.6111211396,0
TBIO.US,D,20220829,000000,34.56,35.8056,33.57,34.56,2449.2222241816,0
TBIO.US,D,20220830,000000,34.56,37.08,34.2,36.18,4808.2222260688,0
TBIO.US,D,20220831,000000,36.18,36.36,34.56,34.56,2119.3333350288,0
TBIO.US,D,20220901,000000,35.1,35.1,32.4,33.48,2852.8888911712,0
TBIO.US,D,20220902,000000,34.2,34.2,32.58,33.3,1046.944445282,0
TBIO.US,D,20220906,000000,33.3,34.2,31.68,31.68,4749.722226022,0
TBIO.US,D,20220907,000000,32.58,34.56,31.68,34.02,2034.3888905164001,0
TBIO.US,D,20220908,000000,32.04,34.56,32.04,33.66,1858.6666681536,0
TBIO.US,D,20220909,000000,34.56,36,33.66,34.56,2323.6111129700002,0
TBIO.US,D,20220912,000000,36,36.54,34.56,35.82,2098.3888905676,0
TBIO.US,D,20220913,000000,35.64,37.08,34.38,36.54,3070.1666691228,0
TBIO.US,D,20220914,000000,36,38.34,35.82,37.8,2802.2777800196,0
TBIO.US,D,20220915,000000,37.44,38.52,36,38.16,1570.3888901452,0
TBIO.US,D,20220916,000000,37.08,40.68,34.38,35.1,7550.6111171516,0
TBIO.US,D,20220919,000000,33.66,36.36,33.66,34.2,2920.7222245588,0
TBIO.US,D,20220920,000000,32.4,34.38,32.4,33.48,2572.6666687248,0
TBIO.US,D,20220921,000000,34.2,34.38,32.76,33.3,2337.6666685368,0
TBIO.US,D,20220922,000000,32.76,36,32.3532,35.64,6613.4444497352,0
TBIO.US,D,20220923,000000,35.82,35.82,32.04,33.12,2188.2777795284,0
TBIO.US,D,20220926,000000,31.86,33.84,30.06,30.6,4706.388892654,0
TBIO.US,D,20220927,000000,31.68,31.68,29.7,30.78,1581.1666679316,0
TBIO.US,D,20220928,000000,30.42,32.58,30.06,32.04,681.0000005448001,0
TBIO.US,D,20220929,000000,30.96,33.3,30.24,31.14,1421.5000011372001,0
TBIO.US,D,20220930,000000,30.6,31.5738,29.88,29.88,3019.44444686,0
TBIO.US,D,20221003,000000,30.24,30.6,27.9018,28.98,3762.8888918992,0
TBIO.US,D,20221004,000000,28.8,31.68,28.8,30.42,5132.3888929948,0
TBIO.US,D,20221005,000000,29.52,32.2632,29.52,30.24,1080.7777786424,0
TBIO.US,D,20221006,000000,29.34,30.96,29.34,30.42,1425.2222233624,0
TBIO.US,D,20221007,000000,29.7,30.24,27.9,27.9,2200.0555573156,0
TBIO.US,D,20221010,000000,28.08,30.42,27.9,29.52,5655.55556008,0
TBIO.US,D,20221011,000000,28.98,32.4,28.98,30.24,3995.1666698628,0
TBIO.US,D,20221012,000000,29.7,32.76,29.16,31.86,3352.500002682,0
TBIO.US,D,20221013,000000,31.5,33.84,31.5,33.84,1670.4444457808,0
TBIO.US,D,20221014,000000,35.1,35.1,32.04,33.84,931.6111118564,0
TBIO.US,D,20221017,000000,34.2,36,32.76,34.56,1289.0555565868,0
TBIO.US,D,20221018,000000,35.1,36,33.66,34.02,2040.4444460768,0
TBIO.US,D,20221019,000000,33.48,34.6302,31.95,32.76,1519.2777789932,0
TBIO.US,D,20221020,000000,33.84,36.18,32.94,33.48,5200.9444486052,0
TBIO.US,D,20221021,000000,33.2892,34.92,32.5818,34.74,2082.8888905552,0
TBIO.US,D,20221024,000000,34.56,36.72,32.2218,33.48,3356.1666693516,0
TBIO.US,D,20221025,000000,33.3,35.235,33.3,34.38,3161.7222247516,0
TBIO.US,D,20221026,000000,34.38,35.82,31.68,32.22,2547.22222426,0
TBIO.US,D,20221027,000000,32.22,33.48,30.06,30.96,7115.6666723592,0
TBIO.US,D,20221028,000000,31.14,31.14,30.06,30.42,5082.8888929552,0
TBIO.US,D,20221031,000000,30.24,30.96,28.98,29.16,4593.6666703416,0
TBIO.US,D,20221101,000000,30.06,30.6,28.26,28.62,3341.6111137844,0
TBIO.US,D,20221102,000000,29.52,29.88,27.36,27.9,6840.7777832504,0
TBIO.US,D,20221103,000000,27.9,29.88,26.28,27.9,12509.72223223,0
TBIO.US,D,20221104,000000,27.81,29.16,27.36,27.54,1570.2222234784,0
TBIO.US,D,20221107,000000,27.54,29.34,27.54,28.8,924.5000007396,0
TBIO.US,D,20221108,000000,30.51,30.6,28.8,30.06,5179.2222263656,0
TBIO.US,D,20221109,000000,34.56,34.56,24.84,26.1,19394.3333488488,0
TBIO.US,D,20221110,000000,27,28.62,25.74,26.64,6811.7222276716,0
TBIO.US,D,20221111,000000,28.26,29.34,26.64,28.62,14282.6666780928,0
TBIO.US,D,20221114,000000,28.8,29.79,26.1,28.8,9085.0555628236,0
TBIO.US,D,20221115,000000,31.14,32.49,28.2582,30.06,13809.8333443812,0
TBIO.US,D,20221116,000000,29.7,30.96,28.98,30.06,2225.4444462248002,0
TBIO.US,D,20221117,000000,29.7,30.6,26.1,29.52,4146.0555588724,0
TBIO.US,D,20221118,000000,29.34,29.7,28.44,28.98,2044.0555571908,0
TBIO.US,D,20221121,000000,27.9,28.89,26.1,26.82,2677.77777992,0
TBIO.US,D,20221122,000000,28.602,28.602,25.92,26.82,2412.0555574852,0
TBIO.US,D,20221123,000000,26.82,27.18,25.74,27,2856.94444673,0
TBIO.US,D,20221125,000000,26.46,27.54,26.46,27.36,1371.8333344308,0
TBIO.US,D,20221128,000000,27.54,27.54,25.2,25.56,2647.0000021176,0
TBIO.US,D,20221129,000000,25.56,25.74,24.84,25.2,1968.7222237972,0
TBIO.US,D,20221130,000000,24.84,26.1,24.3,26.1,4243.0000033944,0
TBIO.US,D,20221201,000000,25.56,26.1378,24.39,24.48,3872.8333364316,0
TBIO.US,D,20221202,000000,24.84,25.02,24.3,24.84,2821.2777800348,0
TBIO.US,D,20221205,000000,25.74,25.74,24.12,24.12,3760.000003008,0
TBIO.US,D,20221206,000000,24.12,25.02,21.8358,21.96,6752.4444498464,0
TBIO.US,D,20221207,000000,22.32,22.32,19.4418,20.34,12300.333343173601,0
TBIO.US,D,20221208,000000,21.06,21.96,19.8018,21.6,2414.6111130428,0
TBIO.US,D,20221209,000000,22.5,22.5,20.7,21.24,4035.7777810064,0
TBIO.US,D,20221212,000000,21.6,22.68,20.52,22.14,3884.5555586632,0
TBIO.US,D,20221213,000000,21.96,23.4,21.96,22.68,1991.1666682596,0
TBIO.US,D,20221214,000000,22.5,23.04,21.4218,21.78,2727.5555577376,0
TBIO.US,D,20221215,000000,21.24,22.32,21.24,21.6,1052.3888897308,0
TBIO.US,D,20221216,000000,23.58,23.58,21.6,21.78,11495.3333425296,0
TBIO.US,D,20221219,000000,23.22,23.22,20.34,20.7,1588.5000012708,0
TBIO.US,D,20221220,000000,21.42,21.87,19.8,20.16,2119.8333350292,0
TBIO.US,D,20221221,000000,20.097,21.2796,19.98,21.06,1412.1111122408,0
TBIO.US,D,20221222,000000,21.06,21.06,19.8,20.88,720.8888894656,0
TBIO.US,D,20221223,000000,20.214,22.68,20.214,22.32,2733.055557742,0
TBIO.US,D,20221227,000000,23.58,23.58,20.52,21.42,2356.4444463296,0
TBIO.US,D,20221228,000000,21.24,22.14,20.5218,21.78,1355.5000010844,0
TBIO.US,D,20221229,000000,22.5,22.86,21.132,22.1724,2141.8333350468,0
TBIO.US,D,20221230,000000,22.14,23.58,21.06,21.6,4631.0000037048,0
TBIO.US,D,20230103,000000,21.6,23.5674,21.6,23.4,1108.6666675536,0
TBIO.US,D,20230104,000000,23.4,25.02,23.4,24.48,1022.22222304,0
TBIO.US,D,20230105,000000,24.12,25.92,23.7528,25.2,2016.66666828,0
TBIO.US,D,20230106,000000,26.1,28.62,25.29,26.64,3638.8888918000002,0
TBIO.US,D,20230109,000000,28.8,34.02,28.8,29.7,15688.888901440001,0
TBIO.US,D,20230110,000000,29.16,33.66,28.8,30.96,9561.11111876,0
TBIO.US,D,20230111,000000,31.68,37.2402,29.61,30.06,11672.22223156,0
TBIO.US,D,20230112,000000,30.96,36.72,30.06,36.72,4072.22222548,0
TBIO.US,D,20230113,000000,40.5,40.5,37.8,38.7,4738.88889268,0
TBIO.US,D,20230117,000000,38.52,40.1346,33.84,35.28,4366.66667016,0
TBIO.US,D,20230118,000000,34.2,36.1764,33.21,33.3,1461.11111228,0
TBIO.US,D,20230119,000000,34.38,35.82,33.3,35.64,2633.33333544,0
TBIO.US,D,20230120,000000,36,36,34.02,34.92,1738.88889028,0
TBIO.US,D,20230123,000000,34.92,35.28,33.2226,34.02,1153.5000009228,0
TBIO.US,D,20230124,000000,35.82,35.82,33.84,33.84,451.944444806,0
TBIO.US,D,20230125,000000,35.46,35.64,30.6,31.68,2959.2222245896,0
TBIO.US,D,20230126,000000,31.5,33.66,31.5,33.66,494.8333337292,0
TBIO.US,D,20230127,000000,33.48,34.92,32.58,34.02,1141.944445358,0
TBIO.US,D,20230130,000000,34.38,34.56,31.68,32.76,1145.6111120276,0
TBIO.US,D,20230131,000000,32.58,34.38,31.5,33.12,2237.0555573452,0
TBIO.US,D,20230201,000000,34.5294,34.5294,30.96,30.96,5383.7777820848005,0
TBIO.US,D,20230202,000000,34.2396,34.38,32.04,33.66,8027.3888953108,0
TBIO.US,D,20230203,000000,34.56,36.54,33.6618,36.54,4504.3888924924,0
TBIO.US,D,20230206,000000,36.9,37.08,35.82,37.08,1189.7777787296,0
TBIO.US,D,20230207,000000,37.98,37.98,35.28,35.46,1007.7222230284,0
TBIO.US,D,20230208,000000,36.54,36.54,32.4,33.12,1315.555556608,0
TBIO.US,D,20230209,000000,32.76,33.12,31.86,31.86,1629.5000013036001,0
TBIO.US,D,20230210,000000,30.6,32.94,30.6,32.94,2175.8888906296,0
TBIO.US,D,20230213,000000,32.76,33.3,32.04,32.4,1052.0555563972,0
TBIO.US,D,20230214,000000,31.5,33.39,31.5,32.76,1009.1111119184,0
TBIO.US,D,20230215,000000,32.85,32.94,31.8618,32.94,651.944444966,0
TBIO.US,D,20230216,000000,31.68,37.62,31.68,35.28,9445.1111186672,0
TBIO.US,D,20230217,000000,37.08,37.08,34.92,35.28,2235.1666684548,0
TBIO.US,D,20230221,000000,34.02,34.3926,29.7,31.32,3426.2222249632,0
TBIO.US,D,20230222,000000,30.78,32.3982,30.06,30.96,1336.1666677356,0
TBIO.US,D,20230223,000000,32.859,32.859,30.42,31.14,754.0000006032,0
TBIO.US,D,20230224,000000,31.23,31.23,28.89,29.34,2149.722223942,0
TBIO.US,D,20230227,000000,33.588,33.588,29.88,31.32,701.111111672,0
TBIO.US,D,20230228,000000,30.78,32.4,30.78,32.22,676.8333338748,0
TBIO.US,D,20230301,000000,30.78,32.4,30.78,32.04,1999.166668266,0
TBIO.US,D,20230302,000000,31.0716,31.6962,30.78,31.5,939.0555563068,0
TBIO.US,D,20230303,000000,30.78,32.04,29.7,29.88,2522.1666686844,0
TBIO.US,D,20230306,000000,29.16,35.1576,29.16,33.3,2764.5555577672,0
TBIO.US,D,20230307,000000,33.12,36.45,32.7654,36,7182.8888946352,0
TBIO.US,D,20230308,000000,34.8516,36.54,32.4,34.38,5839.8333380052,0
TBIO.US,D,20230309,000000,35.64,37.62,32.76,37.548,2919.722224558,0
TBIO.US,D,20230310,000000,36.54,36.9,33.48,35.64,5764.2777823892,0
TBIO.US,D,20230313,000000,36,41.76,35.1,39.24,5205.1111152752,0
TBIO.US,D,20230314,000000,41.58,43.2,39.96,42.48,8625.833340234,0
TBIO.US,D,20230315,000000,39.96,41.76,37.44,40.5,3022.5555579736,0
TBIO.US,D,20230316,000000,39.6,41.1696,39.24,39.96,1289.444445476,0
TBIO.US,D,20230317,000000,42.12,42.12,39.24,39.78,2525.833335354,0
TBIO.US,D,20230320,000000,39.06,39.4794,35.82,37.62,4051.2777810188,0
TBIO.US,D,20230321,000000,37.26,40.14,37.26,39.78,3627.1111140128,0
TBIO.US,D,20230322,000000,42.48,59.76,34.2,35.82,349979.3336133168,0
TBIO.US,D,20230323,000000,37.08,45.54,34.38,40.32,74255.7778371824,0
TBIO.US,D,20230324,000000,37.44,50.4,37.44,43.92,25313.8333535844,0
TBIO.US,D,20230327,000000,45.36,52.2,43.047,51.84,26636.4444657536,0
TBIO.US,D,20230328,000000,52.2,52.2,45.18,49.68,12957.6111214772,0
TBIO.US,D,20230329,000000,47.52,50.04,45.9018,50.04,10360.777786066401,0
TBIO.US,D,20230330,000000,48.96,54,48.42,53.1,8965.8888960616,0
TBIO.US,D,20230331,000000,53.64,59.7582,52.38,55.8,11169.44445338,0
TBIO.US,D,20230403,000000,57.06,59.04,50.4,54.36,9245.2222296184,0
TBIO.US,D,20230404,000000,53.46,55.98,52.5618,52.92,4022.3888921068,0
TBIO.US,D,20230405,000000,50.49,54,48.42,49.86,3288.0000026304,0
TBIO.US,D,20230406,000000,49.32,52.1064,47.97,49.86,2198.2222239808,0
TBIO.US,D,20230410,000000,48.78,48.78,44.1,45,12465.7222321948,0
TBIO.US,D,20230411,000000,44.46,53.1,44.46,48.06,5472.777782156,0
TBIO.US,D,20230412,000000,47.7,49.68,46.0728,49.5,837.1666673364,0
TBIO.US,D,20230413,000000,49.5,52.0182,48.87,50.13,2725.7777799584,0
TBIO.US,D,20230414,000000,48.96,57.42,48.96,55.08,12363.7222321132,0
TBIO.US,D,20230417,000000,54.36,56.52,53.82,53.82,3992.1666698604,0
TBIO.US,D,20230418,000000,53.1,53.82,50.4,53.64,1256.94444545,0
TBIO.US,D,20230419,000000,52.2216,53.1,47.52,49.14,3746.1666696636003,0
TBIO.US,D,20230420,000000,47.88,51.21,45.54,50.76,5881.5000047052,0
TBIO.US,D,20230421,000000,49.5,51.48,45.72,46.08,3464.722224994,0
TBIO.US,D,20230424,000000,47.52,47.88,44.82,46.44,4082.6666699328002,0
TBIO.US,D,20230425,000000,49.14,49.14,41.58,43.74,4507.2777813836,0
TBIO.US,D,20230426,000000,41.94,43.7994,41.94,42.84,2086.7222238916,0
TBIO.US,D,20230427,000000,42.48,46.0782,42.48,43.2,1282.1111121368,0
TBIO.US,D,20230428,000000,41.76,48.24,41.58,46.62,1925.277779318,0
TBIO.US,D,20230501,000000,46.62,47.6982,45,46.08,625.8888893896,0
TBIO.US,D,20230502,000000,45.18,49.3542,45.0018,46.8,2010.1111127192,0
TBIO.US,D,20230503,000000,45.54,51.84,45.54,50.4,3924.5000031396003,0
TBIO.US,D,20230504,000000,51.66,53.4582,49.5,49.5,3335.9444471132,0
TBIO.US,D,20230505,000000,52.938,52.938,49.86,51.48,1173.888889828,0
TBIO.US,D,20230508,000000,54.18,54.18,49.32,49.32,1007.4444452504,0
TBIO.US,D,20230509,000000,51.48,52.38,47.7,49.14,2197.500001758,0
TBIO.US,D,20230510,000000,48.78,53.82,48.78,51.48,1802.0000014416,0
TBIO.US,D,20230511,000000,52.38,52.56,45.9,51.84,3726.7777807592,0
TBIO.US,D,20230512,000000,41.94,46.62,41.04,45.54,8650.833340254,0
TBIO.US,D,20230515,000000,45.9,46.44,40.14,41.22,9335.6111185796,0
TBIO.US,D,20230516,000000,40.8636,40.8636,34.38,36.18,9258.5555629624,0
TBIO.US,D,20230517,000000,36.18,38.16,34.2,36.54,2355.000001884,0
TBIO.US,D,20230518,000000,35.82,39.6558,35.28,36.9,1766.944445858,0
TBIO.US,D,20230519,000000,37.44,41.0256,37.44,38.34,881.1666673716,0
TBIO.US,D,20230522,000000,40.86,43.02,38.52,38.7,3410.1666693948,0
TBIO.US,D,20230523,000000,37.98,41.04,37.98,40.14,605.1666671508,0
TBIO.US,D,20230524,000000,39.6,39.7602,36.9,36.9,924.8888896288,0
TBIO.US,D,20230525,000000,37.08,40.1382,33.48,34.56,5668.1666712012,0
TBIO.US,D,20230526,000000,35.64,35.64,32.4,33.3,2400.4444463648,0
TBIO.US,D,20230530,000000,33.3,34.74,28.8,29.7,9874.6666745664,0
TBIO.US,D,20230531,000000,31.32,31.86,28.08,28.8,2100.5000016804,0
TBIO.US,D,20230601,000000,28.8,30.24,26.64,27.36,6788.3333387640005,0
TBIO.US,D,20230602,000000,27.9,29.4246,26.1,26.1,3594.0000028752,0
TBIO.US,D,20230605,000000,25.74,26.9982,23.58,24.516,5810.5000046484,0
TBIO.US,D,20230606,000000,24.48,25.02,23.22,23.94,5133.1111152176,0
TBIO.US,D,20230607,000000,23.4,25.2648,23.4,24.84,1769.7777791936,0
TBIO.US,D,20230608,000000,26.1,27,25.2,25.2,1290.6111121436,0
TBIO.US,D,20230609,000000,24.66,28.2474,24.66,27,4529.0000036232,0
TBIO.US,D,20230612,000000,30.6,30.6756,26.82,27.36,5823.1666713252,0
TBIO.US,D,20230613,000000,27.18,30.42,27.18,29.16,4463.2222257928,0
TBIO.US,D,20230614,000000,28.8,34.38,28.8,34.2,5916.7777825112,0
TBIO.US,D,20230615,000000,35.1,37.08,32.58,36.72,5251.6111153124,0
TBIO.US,D,20230616,000000,37.26,38.16,33.48,38.16,4634.72222593,0
TBIO.US,D,20230620,000000,37.08,39.24,35.82,36,4424.444447984,0
TBIO.US,D,20230621,000000,35.46,36.3222,32.4,33.66,2626.7222243236,0
TBIO.US,D,20230622,000000,32.58,33.4782,29.88,29.88,4627.3888925908,0
TBIO.US,D,20230623,000000,30.24,31.5162,29.16,29.16,659.7777783056,0
TBIO.US,D,20230626,000000,29.16,31.2084,29.16,30.96,1063.0000008504,0
TBIO.US,D,20230627,000000,31.5,32.22,28.98,29.7,1390.9444455572,0
TBIO.US,D,20230628,000000,30.96,30.96,28.9728,30.24,832.0555562212,0
TBIO.US,D,20230629,000000,30.42,30.6,28.08,28.26,2559.8888909368,0
TBIO.US,D,20230630,000000,27.72,28.98,27.72,28.44,2561.1666687156,0
TBIO.US,D,20230703,000000,28.62,28.71,27.9,28.08,586.7222226916,0
TBIO.US,D,20230705,000000,28.08,29.34,27,28.08,2689.5000021516,0
TBIO.US,D,20230706,000000,28.44,28.44,27,27.72,1623.9444457436,0
TBIO.US,D,20230707,000000,28.08,28.8,26.64,28.62,3370.0555582516,0
TBIO.US,D,20230710,000000,28.62,29.7,27.36,29.52,2177.500001742,0
TBIO.US,D,20230711,000000,29.25,30.78,28.98,30.42,1102.8333342156,0
TBIO.US,D,20230712,000000,31.5,31.5,29.4984,30.96,974.8888896688001,0
TBIO.US,D,20230713,000000,29.8818,30.3066,28.2618,29.88,1868.8333348284,0
TBIO.US,D,20230714,000000,30.0492,30.0492,28.8,29.16,539.0000004312,0
TBIO.US,D,20230717,000000,29.1762,29.34,28.26,29.34,1644.2222235376,0
TBIO.US,D,20230718,000000,28.1394,28.98,25.7526,27,11313.2222312728,0
TBIO.US,D,20230719,000000,26.64,27.54,25.38,26.46,2062.9444460948002,0
TBIO.US,D,20230720,000000,25.92,27.18,25.02,25.56,6056.5000048452,0
TBIO.US,D,20230721,000000,26.46,26.46,23.94,24.3,6606.666671952,0
TBIO.US,D,20230724,000000,25.02,25.02,23.5818,24.66,2124.3333350328,0
TBIO.US,D,20230725,000000,24.3,27.36,24.3,25.74,3705.833336298,0
TBIO.US,D,20230726,000000,25.56,28.26,25.56,28.26,6830.000005464,0
TBIO.US,D,20230727,000000,27.36,29.16,24.84,29.16,8859.0000070872,0
TBIO.US,D,20230728,000000,28.44,29.34,26.46,27.36,5412.50000433,0
TBIO.US,D,20230731,000000,27.18,28.8,26.46,28.08,2433.7777797248,0
TBIO.US,D,20230801,000000,27.8244,28.62,27.36,27.72,598.7222227012,0
TBIO.US,D,20230802,000000,27.54,27.54,25.74,26.46,664.6666671984,0
TBIO.US,D,20230803,000000,25.56,26.46,24.3,25.02,6493.1111163056,0
TBIO.US,D,20230804,000000,24.84,25.8318,23.58,24.66,3442.8888916432,0
TBIO.US,D,20230807,000000,23.58,25.74,22.14,22.68,16278.888901912,0
TBIO.US,D,20230808,000000,23.4,24.66,22.32,23.58,3477.1666694484,0
TBIO.US,D,20230809,000000,24.3,25.2,23.661,24.3,3703.3888918516,0
TBIO.US,D,20230810,000000,24.84,25.8192,24.12,25.02,5273.6666708856,0
TBIO.US,D,20230811,000000,24.3,25.56,23.2218,23.58,5735.8888934776005,0
TBIO.US,D,20230814,000000,22.86,23.22,21.618,22.14,3267.777780392,0
TBIO.US,D,20230815,000000,21.6,22.14,20.7,21.42,6530.4444496688,0
TBIO.US,D,20230816,000000,21.78,21.78,20.16,20.52,2358.2777796644,0
TBIO.US,D,20230817,000000,20.7,22.14,20.34,21.618,2381.6111130164,0
TBIO.US,D,20230818,000000,21.69,23.4,20.97,23.4,1984.3888904764,0
TBIO.US,D,20230821,000000,23.22,25.74,22.5,25.38,6015.3888937012,0
TBIO.US,D,20230822,000000,25.02,25.92,24.12,25.56,3379.2222249256,0
TBIO.US,D,20230823,000000,24.723,24.84,24.3,24.66,796.4444450816,0
TBIO.US,D,20230824,000000,24.48,24.48,23.4,23.58,549.1111115504,0
TBIO.US,D,20230825,000000,23.6952,23.7582,18.9,19.8,14660.0555672836,0
TBIO.US,D,20230828,000000,19.8,21.06,19.62,21.06,963.8333341044,0
TBIO.US,D,20230829,000000,20.34,21.9582,19.08,21.42,1684.5555569032,0
TBIO.US,D,20230830,000000,21.24,22.86,21.24,22.68,1995.0555571516,0
TBIO.US,D,20230831,000000,22.14,24.39,21.6,23.4,2320.555557412,0
TBIO.US,D,20230901,000000,22.86,23.94,22.86,23.22,406.6111114364,0
TBIO.US,D,20230905,000000,25.2,25.2,23.04,23.76,1421.3333344704,0
TBIO.US,D,20230906,000000,23.04,24.2514,22.14,22.32,846.666667344,0
TBIO.US,D,20230907,000000,21.6,22.23,20.8818,21.96,1144.7222231380001,0
TBIO.US,D,20230908,000000,21.87,22.32,21.0474,22.1256,555.4444448888,0
TBIO.US,D,20230911,000000,21.78,23.58,21.78,22.5,1307.0555566012001,0
TBIO.US,D,20230912,000000,22.95,24.3702,21.96,21.96,1849.722223702,0
TBIO.US,D,20230913,000000,22.14,22.32,21.42,21.78,1362.3333344232,0
TBIO.US,D,20230914,000000,22.32,23.22,21.96,23.22,256.0555557604,0
TBIO.US,D,20230915,000000,23.04,24.48,20.8818,23.58,2444.6666686224,0
TBIO.US,D,20230918,000000,22.14,23.22,22.14,22.68,185.555555704,0
TBIO.US,D,20230919,000000,22.5,23.4594,21.6,22.86,568.1111115656,0
TBIO.US,D,20230920,000000,22.194,23.22,21.24,21.42,605.5000004844001,0
TBIO.US,D,20230921,000000,21.96,22.14,20.34,22.14,377.0555558572,0
TBIO.US,D,20230922,000000,21.78,22.4046,20.25,21.6,249.5000001996,0
TBIO.US,D,20230925,000000,21.726,22.14,19.9818,21.06,231.2777779628,0
TBIO.US,D,20230926,000000,19.9818,21.6504,19.8,20.16,937.50000075,0
TBIO.US,D,20230927,000000,20.34,21.1896,18.72,19.44,7616.3333394264,0
TBIO.US,D,20230928,000000,19.44,20.3688,18,18.7218,5437.0000043496,0
TBIO.US,D,20230929,000000,19.44,19.44,18.0126,18.72,2410.9444463732,0
TBIO.US,D,20231002,000000,21.06,21.06,18,18.63,3019.2777801932,0
TBIO.US,D,20231003,000000,18,18,17.1,17.64,2242.222224016,0
TBIO.US,D,20231004,000000,17.64,18,16.74,17.46,3016.0000024128,0
TBIO.US,D,20231005,000000,17.64,17.64,16.83,17.64,652.222222744,0
TBIO.US,D,20231006,000000,17.1,19.44,17.1,18.18,2593.3888909636,0
TBIO.US,D,20231009,000000,17.64,17.82,17.2872,17.82,183.888889036,0
TBIO.US,D,20231010,000000,18,19.62,17.6418,18.72,812.8333339836,0
TBIO.US,D,20231011,000000,18.27,18.72,17.82,18.18,3225.8888914696,0
TBIO.US,D,20231012,000000,18.54,18.54,17.1,17.1,609.9444449324,0
TBIO.US,D,20231013,000000,17.55,17.55,16.7364,16.7364,455.1111114752,0
TBIO.US,D,20231016,000000,18.36,18.36,16.74,16.92,449.5555559152,0
TBIO.US,D,20231017,000000,16.56,17.28,16.02,17.1,1013.2222230328,0
TBIO.US,D,20231018,000000,17.1,18,16.5546,16.92,247.3888890868,0
TBIO.US,D,20231019,000000,16.92,18,16.2,17.0982,1636.944445754,0
TBIO.US,D,20231020,000000,16.56,17.1,16.0218,16.1352,1868.0000014944,0
TBIO.US,D,20231023,000000,16.02,16.2,15.3,15.3756,494.8333337292,0
TBIO.US,D,20231024,000000,15.66,15.66,14.58,14.634,685.1666672148,0
TBIO.US,D,20231025,000000,14.76,15.48,13.149,13.149,2169.5000017356,0
TBIO.US,D,20231026,000000,13.518,14.4,13.194,13.455,966.2222229952,0
TBIO.US,D,20231027,000000,13.5,13.5,13.32,13.32,609.1111115984,0
TBIO.US,D,20231030,000000,14.04,14.04,13.3182,13.3182,444.8888892448,0
TBIO.US,D,20231031,000000,13.5945,13.725,13.149,13.158,537.6666670968,0
TBIO.US,D,20231101,000000,13.149,13.725,12.96,13.68,2519.1111131264,0
TBIO.US,D,20231102,000000,13.6782,13.68,12.96,13.5,762.0000006096,0
TBIO.US,D,20231103,000000,13.68,14.58,13.14,14.4,3048.0000024384,0
TBIO.US,D,20231106,000000,14.076,14.4018,13.5126,13.9482,1260.6666676752,0
TBIO.US,D,20231107,000000,13.95,14.76,13.4514,14.58,3072.0000024576,0
TBIO.US,D,20231108,000000,14.58,14.58,13.806,13.806,759.2222228296,0
TBIO.US,D,20231109,000000,14.202,14.31,11.88,12.258,2730.5000021844,0
TBIO.US,D,20231110,000000,12.42,12.4218,9,9.5022,5926.7777825192,0
TBIO.US,D,20231113,000000,10.0296,10.4418,9,9.0018,2983.2222246088,0
TBIO.US,D,20231114,000000,9,10.7982,7.8516,8.9784,12865.4444547368,0
TBIO.US,D,20231115,000000,8.982,9.35102,7.74,8.1,5458.6666710336,0
TBIO.US,D,20231116,000000,7.74,8.55,7.3998,7.56,2633.4444465512,0
TBIO.US,D,20231117,000000,7.3818,8.9982,6.66,6.66,44918.888924824,0
TBIO.US,D,20231120,000000,7.2,7.2,5.58,5.58,21331.94446151,0
TBIO.US,D,20231121,000000,5.94,5.94,5.4,5.4018,7440.1111170632,0
TBIO.US,D,20231122,000000,5.4018,7.326,5.4018,7.1982,143429.2223369656,0
TBIO.US,D,20231124,000000,9.1314,9.18,6.498,7.29,308102.0002464816,0
TBIO.US,D,20231127,000000,6.6006,6.714,5.67,6.1794,77754.2222844256,0
TBIO.US,D,20231128,000000,5.7042,8.028,5.5836,7.2648,48311.5555942048,0
TBIO.US,D,20231129,000000,8.082,8.1,6.66,7.74,23376.666685368,0
TBIO.US,D,20231130,000000,7.6356,8.1,7.2756,7.5366,13466.2222329952,0
TBIO.US,D,20231201,000000,7.4898,8.0964,7.2,7.9002,5823.0000046584,0
TBIO.US,D,20231204,000000,7.6572,7.74,7.47,7.6536,5678.1111156536,0
TBIO.US,D,20231205,000000,7.56,7.7382,7.2,7.2018,7793.888895124,0
TBIO.US,D,20231206,000000,7.578,7.7886,7.2,7.4646,4879.8888927928,0
TBIO.US,D,20231207,000000,7.56,7.56,5.94,6.975,8065.1111175632,0
TBIO.US,D,20231208,000000,6.7662,7.1568,6.642,6.7662,2391.0555574684,0
TBIO.US,D,20231211,000000,6.48182,7.0002,6.48,6.642,6519.0555607708,0
TBIO.US,D,20231212,000000,6.642,6.642,5.9634,6.3072,6976.6111166924,0
TBIO.US,D,20231213,000000,6.57,6.66,6.3,6.66,3507.6111139172,0
TBIO.US,D,20231214,000000,6.7536,7.731,6.3702,7.02,19122.4444597424,0
TBIO.US,D,20231215,000000,6.741,8.1,6.40458,7.182,7069.1111167664,0
TBIO.US,D,20231218,000000,7.362,7.56,7.02,7.146,2109.0000016872,0
TBIO.US,D,20231219,000000,7.056,7.542,7.056,7.2,2334.6111129788,0
TBIO.US,D,20231220,000000,7.056,7.56,6.3,6.3,6741.388894282,0
TBIO.US,D,20231221,000000,6.678,6.8364,6.444,6.8346,3356.388891574,0
TBIO.US,D,20231222,000000,6.6618,7.182,6.6618,7.02,4251.7777811792,0
TBIO.US,D,20231226,000000,7.02,7.2,6.66,7.101,6888.0000055104,0
TBIO.US,D,20231227,000000,7.56,7.56,6.696,7.002,11736.8333427228,0
TBIO.US,D,20231228,000000,7.5492,7.5492,6.8436,7.2,3679.0555584988,0
TBIO.US,D,20231229,000000,7.38,7.4268,6.84,7.182,3620.7222251188,0
TBIO.US,D,20240102,000000,6.993,7.2,6.993,7.0884,1955.3888904532,0
TBIO.US,D,20240103,000000,7.0416,7.0416,6.84,6.8418,344.2777780532,0
TBIO.US,D,20240104,000000,6.858,7.11,6.8256,6.9696,2165.3333350656,0
TBIO.US,D,20240105,000000,7.2,7.3782,6.48,6.498,2471.1666686436,0
TBIO.US,D,20240108,000000,7.326,7.38,6.4998,6.8814,4615.5000036924,0
TBIO.US,D,20240109,000000,7.02,7.2,6.7086,6.7194,8327.5555622176,0
TBIO.US,D,20240110,000000,7.1892,7.1892,6.678,6.75,1293.3333343680001,0
TBIO.US,D,20240111,000000,6.84,7.02,6.345,6.4404,2680.6111132556002,0
TBIO.US,D,20240112,000000,6.4422,6.4422,6.12,6.2946,1341.1666677396,0
TBIO.US,D,20240116,000000,6.2748,6.84,6.12002,6.1389,560.9444448932001,0
TBIO.US,D,20240117,000000,6.012,6.4458,5.4342,5.6376,5934.6666714144,0
TBIO.US,D,20240118,000000,6.03,6.03,5.418,5.6322,2041.388890522,0
TBIO.US,D,20240119,000000,5.76,5.76,5.5818,5.7114,1096.7777786552,0
TBIO.US,D,20240122,000000,5.868,6.3261,5.868,5.868,574.1111115704,0
TBIO.US,D,20240123,000000,6.12,6.2964,5.6034,5.6034,3266.944447058,0
TBIO.US,D,20240124,000000,6.2154,8.28,5.7204,7.05744,45270.5000362164,0
TBIO.US,D,20240125,000000,7.3584,7.3584,6.07518,6.12,26650.2222435424,0
TBIO.US,D,20240126,000000,6.336,6.66,6.12,6.12,5203.4444486072,0
TBIO.US,D,20240129,000000,6.3,6.66,5.7834,6.246,5407.5555598816,0
TBIO.US,D,20240130,000000,5.9418,6.4602,5.7618,5.7762,3475.3333361136,0
TBIO.US,D,20240131,000000,6.21,6.21882,5.76,5.958,1488.4444456352,0
TBIO.US,D,20240201,000000,5.7906,6.2775,5.7906,5.868,1102.3888897708,0
TBIO.US,D,20240202,000000,5.868,6.21,5.868,5.9994,2412.9444463748,0
TBIO.US,D,20240205,000000,6.2082,6.5268,5.76,5.949,1349.8888899688,0
TBIO.US,D,20240206,000000,6.3,6.3,5.76,5.8662,1686.11111246,0
TBIO.US,D,20240207,000000,5.94,6.1164,5.76,5.778,1364.6111122028,0
TBIO.US,D,20240208,000000,5.83652,5.8968,5.778,5.796,1024.0555563748,0
TBIO.US,D,20240209,000000,5.8104,5.9256,5.7798,5.8464,1049.2777786172,0
TBIO.US,D,20240212,000000,5.778,6.03,5.67,5.94,2629.6666687704,0
TBIO.US,D,20240213,000000,5.94,5.94,5.58,5.6322,4171.7777811152,0
TBIO.US,D,20240214,000000,5.7618,5.922,5.7564,5.922,1244.5000009956,0
TBIO.US,D,20240215,000000,5.58,5.94,5.58,5.6736,3182.8333358796,0
TBIO.US,D,20240216,000000,5.83382,5.88512,5.58,5.6862,4739.722226014,0
TBIO.US,D,20240220,000000,5.8086,5.904,5.58,5.6736,2047.9444460828,0
TBIO.US,D,20240221,000000,5.85,6.66,5.598,6.336,9405.7777853024,0
TBIO.US,D,20240222,000000,6.39,8.46,5.796,8.2458,1001955.8896904537,0
TBIO.US,D,20240223,000000,12.6,15.462,8.2458,14.04,1192787.4453986743,0
TBIO.US,D,20240226,000000,11.7684,13.662,10.8,11.88,76212.777838748,0
TBIO.US,D,20240227,000000,10.89,10.944,9.0198,10.3914,40692.3889214428,0
TBIO.US,D,20240228,000000,9.36,10.0782,9.18,10.0782,32001.6111367124,0
TBIO.US,D,20240229,000000,9.6984,10.08,8.1,10.053,19578.9444601076,0
TBIO.US,D,20240301,000000,10.0494,10.2204,9.1512,9.5184,8660.2222291504,0
TBIO.US,D,20240304,000000,9.36,9.7002,8.4582,8.667,12462.777787748,0
TBIO.US,D,20240305,000000,8.5572,9.36,8.46,9.324,18090.1111255832,0
TBIO.US,D,20240306,000000,9.1206,9.45,8.748,8.82,11433.7222313692,0
TBIO.US,D,20240307,000000,9,9.3834,8.5104,9.18,4163.5000033308,0
TBIO.US,D,20240308,000000,9.3762,10.08,9.2448,9.882,9803.1666745092,0
TBIO.US,D,20240311,000000,10.062,10.152,9.4176,9.576,4072.6111143692,0
TBIO.US,D,20240312,000000,9.5328,10.6182,9.4158,9.774,8243.0000065944,0
TBIO.US,D,20240313,000000,10.08,10.422,9.7218,9.7794,3356.94444713,0
TBIO.US,D,20240314,000000,10.08,10.17,9.036,9.2556,3672.3333362712,0
TBIO.US,D,20240315,000000,9.405,9.4698,8.37,9.342,6401.0555606764,0
TBIO.US,D,20240318,000000,9.18,10.062,9.0054,9.72,4325.3888923492,0
TBIO.US,D,20240319,000000,9.936,9.936,9.018,9.702,2196.8888906464,0
TBIO.US,D,20240320,000000,9.6012,9.6012,6.4818,8.154,23791.944463478,0
TBIO.US,D,20240321,000000,8.0892,8.64,7.02,8.3826,6603.2222275048,0
TBIO.US,D,20240322,000000,8.82,8.82,7.56362,8.01,2875.5000023004,0
TBIO.US,D,20240325,000000,7.668,8.8182,7.668,8.1,4025.833336554,0
TBIO.US,D,20240326,000000,8.1342,8.532,7.6698,7.884,3038.4444468752,0
TBIO.US,D,20240327,000000,7.8984,8.1,7.7076,8.1,4439.9444479964,0
TBIO.US,D,20240328,000000,7.785,8.1,7.785,7.92,2367.0555574492,0
TBIO.US,D,20240401,000000,7.74,8.2476,7.4484,7.8408,3640.7777806904,0
TBIO.US,D,20240402,000000,7.74,8.064,7.74,7.893,1291.1666676996,0
TBIO.US,D,20240403,000000,7.92,8.613,7.4862,8.586,2202.0555573172,0
TBIO.US,D,20240404,000000,8.442,8.442,7.92,8.298,1990.27777937,0
TBIO.US,D,20240405,000000,8.109,8.4204,7.92,7.92,1051.944445286,0
TBIO.US,D,20240408,000000,8.154,8.316,7.605,7.7526,828.7777784408,0
TBIO.US,D,20240409,000000,7.7652,8.3196,7.6032,7.7418,2108.1666683532,0
TBIO.US,D,20240410,000000,7.74,8.2206,7.6536,7.677,1350.7777788584,0
TBIO.US,D,20240411,000000,7.74,8.19,7.605,7.8516,1605.9444457292,0
TBIO.US,D,20240412,000000,7.65,7.74,7.3602,7.38,1769.8333347492,0
TBIO.US,D,20240415,000000,6.9318,7.5078,6.48,6.7986,1804.0555569988,0
TBIO.US,D,20240416,000000,6.588,7.4844,6.3,6.615,2985.0555579436,0
TBIO.US,D,20240417,000000,6.84002,7.2,6.39,6.84,1385.6666677752,0
TBIO.US,D,20240418,000000,6.8832,8.3538,5.6088,5.958,14810.3889007372,0
TBIO.US,D,20240419,000000,5.76,6.3,5.4,5.562,8987.4444516344,0
TBIO.US,D,20240422,000000,5.3946,6.0084,5.3946,5.6736,3908.1111142376,0
TBIO.US,D,20240423,000000,6.102,6.102,5.58,5.823,7796.6111173484005,0
TBIO.US,D,20240424,000000,5.418,6.3,5.418,5.7834,7097.6666723448,0
TBIO.US,D,20240425,000000,5.913,6.12,5.6178,5.7852,1494.8888900848,0
TBIO.US,D,20240426,000000,5.7132,5.7312,5.5404,5.7312,1474.3333345128,0
TBIO.US,D,20240429,000000,6.3,6.3,5.94,6.111,1419.5555566912,0
TBIO.US,D,20240430,000000,6.12,6.84,6.12,6.498,9082.166673932401,0
TBIO.US,D,20240501,000000,6.3036,6.48,5.589,6.4026,7907.3333396592,0
TBIO.US,D,20240502,000000,6.21,6.48,5.7942,6.3756,1078.7777786408,0
TBIO.US,D,20240503,000000,6.048,6.4638,5.6916,5.94,8149.5000065196,0
TBIO.US,D,20240506,000000,6.03,6.12,5.7726,6.1182,2376.7777796792,0
TBIO.US,D,20240507,000000,5.742,5.76,5.04,5.508,45159.3333694608,0
TBIO.US,D,20240508,000000,5.7438,7.2882,5.4,5.742,74456.5556151208,0
TBIO.US,D,20240509,000000,5.59,6.4,4.85,6.038,262370,0
TBIO.US,D,20240510,000000,5.42,5.7,5.0414,5.12,81609,0
TBIO.US,D,20240513,000000,4.51,4.53,4.02,4.15,82966,0
TBIO.US,D,20240514,000000,3.97,4.45,3.9601,4.215,57209,0
TBIO.US,D,20240515,000000,4.16,4.69,4.16,4.6225,85214,0
TBIO.US,D,20240516,000000,4.48,4.6301,4.31,4.35,16629,0
TBIO.US,D,20240517,000000,4.37,4.58,4.36,4.5,20569,0
TBIO.US,D,20240520,000000,4.42,4.69,4.36,4.51,11427,0
TBIO.US,D,20240521,000000,4.48,4.59,4.27,4.27,17878,0
TBIO.US,D,20240522,000000,4.2,4.2368,3.8301,3.86,54196,0
TBIO.US,D,20240523,000000,3.84,4.1,3.35,3.54,31746,0
TBIO.US,D,20240524,000000,3.65,3.683,3.45,3.45,22132,0
TBIO.US,D,20240528,000000,3.45,3.73,3.33,3.5669,35026,0
TBIO.US,D,20240529,000000,3.53,3.75,3.53,3.699,11025,0
TBIO.US,D,20240530,000000,3.63,3.7,3.58,3.665,12745,0
TBIO.US,D,20240531,000000,3.65,4.3697,3.65,4.08,68085,0
TBIO.US,D,20240603,000000,4.08,4.3199,3.65,4.02,39289,0
TBIO.US,D,20240604,000000,3.9,4.1299,3.7805,4.1299,6690,0
TBIO.US,D,20240605,000000,4.12,4.2299,3.73,3.77,19397,0
TBIO.US,D,20240606,000000,3.95,3.95,3.72,3.8,4417,0
TBIO.US,D,20240607,000000,3.64,4.02,3.41,3.8,35106,0
TBIO.US,D,20240610,000000,3.7,4.0222,3.03,3.03,26656,0
TBIO.US,D,20240611,000000,3.17,3.3199,3.025,3.15,22376,0
TBIO.US,D,20240612,000000,3.4,4.55,3.2079,4.34,212225,0
TBIO.US,D,20240613,000000,4.27,4.67,4.105,4.4,46819,0
TBIO.US,D,20240614,000000,4.9,5,4.3,4.99,31037,0
TBIO.US,D,20240617,000000,5.38,5.4,3.45,3.71,87568,0
TBIO.US,D,20240618,000000,3.65,3.92,3.55,3.79,18767,0
TBIO.US,D,20240620,000000,3.62,3.73,3.48,3.63,8828,0
TBIO.US,D,20240621,000000,3.54,3.71,3.45,3.45,26424,0
TBIO.US,D,20240624,000000,3.45,3.74,3.45,3.71,10409,0
TBIO.US,D,20240625,000000,3.58,3.79,3.5101,3.7,23623,0
TBIO.US,D,20240626,000000,3.6899,4.2499,3.59,3.87,20473,0
TBIO.US,D,20240627,000000,4.0234,4.3999,3.79,3.98,52445,0
TBIO.US,D,20240628,000000,3.98,4.29,3.65,3.65,25264,0
TBIO.US,D,20240701,000000,3.58,4.36,3.58,3.86,15855,0
TBIO.US,D,20240702,000000,3.8,3.8899,3.55,3.7399,29341,0
TBIO.US,D,20240703,000000,3.67,3.78,3.5801,3.78,1440,0
TBIO.US,D,20240705,000000,3.67,3.76,3.5301,3.62,8638,0
TBIO.US,D,20240708,000000,3.67,3.98,3.54,3.98,14300,0
TBIO.US,D,20240709,000000,3.86,4.06,3.78,3.83,8959,0
TBIO.US,D,20240710,000000,3.83,4.6599,3.83,4.3792,115367,0
TBIO.US,D,20240711,000000,3.7,3.9247,3.5,3.7,611490,0
TBIO.US,D,20240712,000000,3.51,3.69,3.5,3.67,27918,0
TBIO.US,D,20240715,000000,3.6,4,3.325,3.36,105391,0
TBIO.US,D,20240716,000000,3.3,3.85,3.3,3.8497,48040,0
TBIO.US,D,20240717,000000,3.6382,4.1,3.62,3.89,21452,0
TBIO.US,D,20240718,000000,4.17,4.36,3.94,4.185,41963,0
TBIO.US,D,20240719,000000,4.07,4.16,3.9,4,11593,0
TBIO.US,D,20240722,000000,4.18,4.1952,3.84,4.12,20723,0
TBIO.US,D,20240723,000000,4.13,4.2499,3.8501,4.095,7845,0
TBIO.US,D,20240724,000000,3.69,4.1499,3.69,4.1,11932,0
TBIO.US,D,20240725,000000,4.05,4.0799,3.9101,3.9201,2754,0
TBIO.US,D,20240726,000000,4.07,4.0999,3.98,4.0999,3774,0
TBIO.US,D,20240729,000000,4,4.23,3.931,4.21,22206,0
TBIO.US,D,20240730,000000,4.2,4.2,3.95,3.95,40754,0
TBIO.US,D,20240731,000000,3.78,6.06,3.46,3.92,1781532,0
TBIO.US,D,20240801,000000,3.52,4.4,3.37,4.22,242553,0
TBIO.US,D,20240802,000000,5.31,6.17,3.67,5.5,2956519,0
TBIO.US,D,20240805,000000,5,5.45,4.17,4.17,263554,0
TBIO.US,D,20240806,000000,4.29,4.8501,4.16,4.4,80105,0
TBIO.US,D,20240807,000000,4.29,4.64,4.03,4.25,70665,0
TBIO.US,D,20240808,000000,4.2,4.59,3.61,3.64,120231,0
TBIO.US,D,20240809,000000,3.87,4.23,3.61,3.67,77625,0
TBIO.US,D,20240812,000000,3.58,3.6963,3.31,3.31,37834,0
TBIO.US,D,20240813,000000,3.45,3.6,3.35,3.45,57722,0
TBIO.US,D,20240814,000000,3.4,3.73,3.36,3.541,36010,0
TBIO.US,D,20240815,000000,3.71,3.91,3.56,3.62,20471,0
TBIO.US,D,20240816,000000,3.56,3.705,3.44,3.6799,52543,0
TBIO.US,D,20240819,000000,3.62,3.68,3.56,3.56,73751,0
TBIO.US,D,20240820,000000,3.54,3.7299,3.4319,3.45,13585,0
TBIO.US,D,20240821,000000,3.57,3.7408,3.43,3.6301,11379,0
TBIO.US,D,20240822,000000,3.73,3.73,3.63,3.7,6260,0
TBIO.US,D,20240823,000000,3.685,3.74,3.44,3.44,50726,0
TBIO.US,D,20240826,000000,3.57,3.6999,3.37,3.4,24840,0
TBIO.US,D,20240827,000000,3.52,3.57,3.34,3.43,9393,0
TBIO.US,D,20240828,000000,3.56,3.56,3.37,3.38,3187,0
TBIO.US,D,20240829,000000,3.35,3.5,3.35,3.36,6850,0
TBIO.US,D,20240830,000000,3.43,3.56,3.36,3.42,42537,0
TBIO.US,D,20240903,000000,3.47,3.6019,3.3501,3.42,79912,0
TBIO.US,D,20240904,000000,3.46,3.652,3.38,3.55,38796,0
TBIO.US,D,20240905,000000,3.6227,4.07,3.575,4.07,37332,0
TBIO.US,D,20240906,000000,4.18,4.18,3.7601,3.83,13303,0
TBIO.US,D,20240909,000000,3.955,4.0799,3.81,3.93,15486,0
TBIO.US,D,20240910,000000,3.81,3.9758,3.78,3.8,61901,0
TBIO.US,D,20240911,000000,1.65,1.7,1.45,1.7,245812,0
TBIO.US,D,20240912,000000,1.65,2.05,1.6301,1.81,476970,0
TBIO.US,D,20240913,000000,1.55,1.74,1.55,1.6,239985,0
TBIO.US,D,20240916,000000,1.55,1.68,1.48,1.55,45905,0
TBIO.US,D,20240917,000000,1.5514,1.62,1.27,1.4,116196,0
TBIO.US,D,20240918,000000,1.43,1.4502,1.33,1.36,834244,0
TBIO.US,D,20240919,000000,4.13,5.17,2.34,2.93,53735433,0
TBIO.US,D,20240920,000000,2.96,3.18,2.61,3.09,702950,0
TBIO.US,D,20240923,000000,2.99,3.82,2.96,3.57,602550,0
TBIO.US,D,20240924,000000,3.56,3.56,2.71,2.71,199360,0
TBIO.US,D,20240925,000000,2.75,2.75,2.18,2.32,3191325,0
TBIO.US,D,20240926,000000,4.86,5.08,3.12,3.99,25894218,0
TBIO.US,D,20240927,000000,3.21,3.6168,2.8556,3.23,1913748,0
