<TICKER>,<PER>,<DATE>,<TIME>,<OPEN>,<HIGH>,<LOW>,<CLOSE>,<VOL>,<OPENINT>
TFFP.US,D,20191025,000000,129.75,131,122.5,126.75,18694.04,0
TFFP.US,D,20191028,000000,125.485,126.465,125.25,126,4470.52,0
TFFP.US,D,20191029,000000,125.5,126,125,125.25,2526.2,0
TFFP.US,D,20191030,000000,125.75,126,125.25,125.25,1131.76,0
TFFP.US,D,20191031,000000,125.75,127.5,125,127.25,2926.2,0
TFFP.US,D,20191101,000000,129.75,131.25,126.25,131.25,632,0
TFFP.US,D,20191104,000000,131.25,131.25,125.25,128.513,1642.36,0
TFFP.US,D,20191105,000000,130.5,132.5,129.25,131,743,0
TFFP.US,D,20191106,000000,132,133.5,128.75,131.25,804.88,0
TFFP.US,D,20191107,000000,130.25,132.25,130.25,131.75,460.92,0
TFFP.US,D,20191108,000000,130.5,138.75,130.5,135,4169.88,0
TFFP.US,D,20191111,000000,136,136,125.75,127.5,1568.72,0
TFFP.US,D,20191112,000000,130.865,133.5,128.75,131,419.24,0
TFFP.US,D,20191113,000000,132,132.75,126.25,126.75,1329.04,0
TFFP.US,D,20191114,000000,126.25,129,126.25,127.5,512.76,0
TFFP.US,D,20191115,000000,129.75,129.75,125.75,126.5,1032.64,0
TFFP.US,D,20191118,000000,128.248,128.5,125.25,125.25,1015.36,0
TFFP.US,D,20191119,000000,127.5,128.5,125.25,125.25,632.04,0
TFFP.US,D,20191120,000000,127.25,127.5,126.25,127.5,25.32,0
TFFP.US,D,20191121,000000,127.05,128.5,126.75,128.5,552.04,0
TFFP.US,D,20191122,000000,128.5,128.5,127.258,128.5,152.72,0
TFFP.US,D,20191125,000000,128.5,128.5,126.25,127,179.6,0
TFFP.US,D,20191126,000000,127.5,128.5,127,127.5,1828.44,0
TFFP.US,D,20191127,000000,127.75,129,127.25,128.5,2795.16,0
TFFP.US,D,20191129,000000,127,131.5,127,131.5,2687.24,0
TFFP.US,D,20191202,000000,131.5,131.5,128.742,131.5,702.32,0
TFFP.US,D,20191203,000000,129.5,131.75,128.035,128.75,1621.52,0
TFFP.US,D,20191204,000000,129.5,131.25,127,128.25,3831.2,0
TFFP.US,D,20191205,000000,127.382,131.75,127.382,131.25,2963.76,0
TFFP.US,D,20191206,000000,131.25,131.25,127.5,129.25,577.76,0
TFFP.US,D,20191209,000000,130,130,127.005,128.75,588.96,0
TFFP.US,D,20191210,000000,129.5,129.5,125.75,128.25,1459.68,0
TFFP.US,D,20191211,000000,129.25,129.25,126.25,127,400.76,0
TFFP.US,D,20191212,000000,128.25,129.75,126.25,127,1098.6,0
TFFP.US,D,20191213,000000,128.25,129.75,126.795,128.5,1243.04,0
TFFP.US,D,20191216,000000,129.75,133.75,127.5,127.75,5353.36,0
TFFP.US,D,20191217,000000,129.75,132.5,128,128,2845.12,0
TFFP.US,D,20191218,000000,128.5,131,126.75,126.75,2594.04,0
TFFP.US,D,20191219,000000,129,131,128,128.25,2848.8,0
TFFP.US,D,20191220,000000,130.75,132.038,113,117.75,8302.72,0
TFFP.US,D,20191223,000000,125,128,125,127.75,2353.24,0
TFFP.US,D,20191224,000000,126.75,130,125.25,128.25,3888.52,0
TFFP.US,D,20191226,000000,127.25,129.75,127.25,129.25,899.16,0
TFFP.US,D,20191227,000000,129.25,129.5,126.415,129.5,325.68,0
TFFP.US,D,20191230,000000,128.25,131,127.75,129.25,598.88,0
TFFP.US,D,20191231,000000,130.25,134,128.75,133.75,3586.24,0
TFFP.US,D,20200102,000000,133.75,135,131.5,133.75,2694.2,0
TFFP.US,D,20200103,000000,133.25,137.5,129.75,130,4602.6,0
TFFP.US,D,20200106,000000,131.25,133.75,127.5,128.75,2453.68,0
TFFP.US,D,20200107,000000,128.65,130,128.5,129.25,1209.68,0
TFFP.US,D,20200108,000000,129.575,130,125.75,127.25,4020.12,0
TFFP.US,D,20200109,000000,127.825,131.5,127.5,131.5,965.08,0
TFFP.US,D,20200110,000000,130.5,131.115,127.5,128.75,700.28,0
TFFP.US,D,20200113,000000,131.5,131.75,130.86,131,59.88,0
TFFP.US,D,20200114,000000,128.75,132.5,127.752,131,1179.24,0
TFFP.US,D,20200115,000000,130.5,132.218,127.75,132.218,528.48,0
TFFP.US,D,20200116,000000,132,132,127.5,131.25,385.04,0
TFFP.US,D,20200117,000000,130,132,128.752,130,692.48,0
TFFP.US,D,20200121,000000,130,130,127.5,128,506.32,0
TFFP.US,D,20200122,000000,127.752,128.75,127.5,128.75,656.84,0
TFFP.US,D,20200123,000000,127.5,131,127.25,129.5,937.32,0
TFFP.US,D,20200124,000000,128,128,126.81,126.81,75.28,0
TFFP.US,D,20200127,000000,127.625,129.5,125.5,125.5,205.16,0
TFFP.US,D,20200128,000000,129.105,140,128,134,4590.28,0
TFFP.US,D,20200129,000000,133.75,134.498,130,130,1927.8,0
TFFP.US,D,20200130,000000,130.002,131.25,130.002,130.462,243.6,0
TFFP.US,D,20200131,000000,131,132.5,126.25,131.25,1880.72,0
TFFP.US,D,20200203,000000,130.25,132.352,128,128.75,1084,0
TFFP.US,D,20200204,000000,126.337,128.125,126.25,126.568,750.72,0
TFFP.US,D,20200205,000000,126.57,127.41,126.25,126.625,407.48,0
TFFP.US,D,20200206,000000,125.925,126.825,122.522,125,560.56,0
TFFP.US,D,20200207,000000,126.083,127.008,125.75,126.375,515.56,0
TFFP.US,D,20200210,000000,125.25,126.458,125.25,126.458,207.8,0
TFFP.US,D,20200211,000000,126.25,127.5,125.25,126.778,882.52,0
TFFP.US,D,20200212,000000,127.5,127.5,125.25,125.5,311.48,0
TFFP.US,D,20200213,000000,125.25,127,123.75,126.512,419.68,0
TFFP.US,D,20200214,000000,126,126,124.625,125,266.2,0
TFFP.US,D,20200218,000000,127.238,127.238,127,127,33.08,0
TFFP.US,D,20200219,000000,126.112,126.112,124.25,124.25,377.48,0
TFFP.US,D,20200220,000000,125,127.25,123.875,125,832.08,0
TFFP.US,D,20200221,000000,125.08,126.295,124.75,125.5,537.76,0
TFFP.US,D,20200224,000000,124.732,124.732,121.63,121.75,281.64,0
TFFP.US,D,20200225,000000,125,125,122.5,124.375,292.4,0
TFFP.US,D,20200226,000000,121.062,123.985,114.875,121.5,434.56,0
TFFP.US,D,20200227,000000,120,121.25,113.188,121.25,550.68,0
TFFP.US,D,20200228,000000,125,125,121.5,121.75,374.88,0
TFFP.US,D,20200302,000000,120,125,118.982,120,713.2,0
TFFP.US,D,20200303,000000,120.94,120.94,116,118.75,626.32,0
TFFP.US,D,20200304,000000,118.75,124.75,116.932,124.75,856.12,0
TFFP.US,D,20200305,000000,119.75,122.25,118.375,122,275.28,0
TFFP.US,D,20200306,000000,117,125.25,116.925,121.25,109.48,0
TFFP.US,D,20200309,000000,120,120,107.5,107.75,1066,0
TFFP.US,D,20200310,000000,106.25,116.5,100.747,101,489.96,0
TFFP.US,D,20200311,000000,100,100.762,98.315,100,1393.64,0
TFFP.US,D,20200312,000000,96.75,105.997,90.25,100,570.76,0
TFFP.US,D,20200313,000000,86.25,105,86.25,100.25,1291.56,0
TFFP.US,D,20200316,000000,86.25,100,86.25,95,466.8,0
TFFP.US,D,20200317,000000,94.75,95,91.1075,95,113.64,0
TFFP.US,D,20200318,000000,94.75,95,91.75,93,232.88,0
TFFP.US,D,20200319,000000,93.75,100,90.5,97,254.08,0
TFFP.US,D,20200320,000000,96.7475,108.5,93.7825,108.5,295.84,0
TFFP.US,D,20200323,000000,103.75,108.5,91,100,551.48,0
TFFP.US,D,20200324,000000,91.7325,106,91.7325,105,448.48,0
TFFP.US,D,20200325,000000,100.355,107.75,94.75,100,735.12,0
TFFP.US,D,20200326,000000,99.5,101.25,86,87.75,842.96,0
TFFP.US,D,20200327,000000,97.9075,98,86,90,1029.64,0
TFFP.US,D,20200330,000000,91.25,91.25,87.5,88.335,1465.12,0
TFFP.US,D,20200331,000000,92.5,106.25,92.5,96,410.64,0
TFFP.US,D,20200401,000000,95,95,87.5,94.75,447.92,0
TFFP.US,D,20200402,000000,94.7475,97,87.5,97,245,0
TFFP.US,D,20200403,000000,97.75,106,95,105,1083.96,0
TFFP.US,D,20200406,000000,106,115.1,98.75,114.875,793.76,0
TFFP.US,D,20200407,000000,123,125,112.75,112.75,2381.28,0
TFFP.US,D,20200408,000000,115.75,125.25,115.75,124.5,1542.16,0
TFFP.US,D,20200409,000000,125.25,134.452,119.25,121.25,2781.64,0
TFFP.US,D,20200413,000000,119.5,120,109.75,117.5,972.32,0
TFFP.US,D,20200414,000000,108.75,123.852,108.75,116.057,623.36,0
TFFP.US,D,20200415,000000,117.5,133.75,116.25,126.25,11084.48,0
TFFP.US,D,20200416,000000,122.678,124.402,107.75,115,1934.96,0
TFFP.US,D,20200417,000000,113.335,121.25,107,112.75,1221.56,0
TFFP.US,D,20200420,000000,108.923,117.08,108.923,114.75,756.04,0
TFFP.US,D,20200421,000000,112.75,115,105,108,1571.4,0
TFFP.US,D,20200422,000000,111,120,107.525,116,3355.92,0
TFFP.US,D,20200423,000000,115.25,121,112.5,119.75,2200.12,0
TFFP.US,D,20200424,000000,118.75,122,115.75,119.25,1681.12,0
TFFP.US,D,20200427,000000,123.5,124.198,117.5,122.25,2476.12,0
TFFP.US,D,20200428,000000,115.502,126,115.502,122.5,6418.96,0
TFFP.US,D,20200429,000000,121.25,124.25,116.5,124.25,3707.76,0
TFFP.US,D,20200430,000000,120.5,129.25,120.5,127.75,9870.24,0
TFFP.US,D,20200501,000000,125.25,132.25,123.25,125,4414.76,0
TFFP.US,D,20200504,000000,125,125,119.25,121,2409.44,0
TFFP.US,D,20200505,000000,121,122,117.748,121.5,2183.12,0
TFFP.US,D,20200506,000000,121.25,121.5,117.375,120,1203.68,0
TFFP.US,D,20200507,000000,119.5,129.422,117.625,123,2198.08,0
TFFP.US,D,20200508,000000,120.5,121.625,118.75,120,1340.96,0
TFFP.US,D,20200511,000000,117.5,122.5,116.75,119.25,1483.56,0
TFFP.US,D,20200512,000000,119.75,119.75,115,118.25,1900.64,0
TFFP.US,D,20200513,000000,116.25,116.5,111,112.75,1002.24,0
TFFP.US,D,20200514,000000,109.5,119.5,107.87,117.5,1654.92,0
TFFP.US,D,20200515,000000,125,128.5,116.25,124.75,3494.76,0
TFFP.US,D,20200518,000000,127.25,132,118.5,130.25,5080.48,0
TFFP.US,D,20200519,000000,131.75,131.75,115,122.25,4778.32,0
TFFP.US,D,20200520,000000,123,123,117,119.75,1428.28,0
TFFP.US,D,20200521,000000,119.887,131,118.75,121.75,3119.2,0
TFFP.US,D,20200522,000000,123.25,127.5,118.75,121.5,1559.84,0
TFFP.US,D,20200526,000000,125,128.75,121.5,122,7153.64,0
TFFP.US,D,20200527,000000,128.5,128.75,125,128,5733.92,0
TFFP.US,D,20200528,000000,128.25,131.25,124.375,128.75,12965,0
TFFP.US,D,20200529,000000,129.25,139,129.25,133.25,9519.6,0
TFFP.US,D,20200601,000000,137,153.5,134.758,145,9475.76,0
TFFP.US,D,20200602,000000,147.25,149.5,135.5,144.75,2881.96,0
TFFP.US,D,20200603,000000,146,146.25,137.525,141,1815.52,0
TFFP.US,D,20200604,000000,142.5,146,134,135.5,1468.64,0
TFFP.US,D,20200605,000000,137.5,138.75,129.75,136.5,3998.96,0
TFFP.US,D,20200608,000000,133.75,138.748,129.75,131.25,2714.72,0
TFFP.US,D,20200609,000000,131.25,135.5,129.252,133.75,2218.4,0
TFFP.US,D,20200610,000000,133.75,142.125,130.75,134.75,4830.48,0
TFFP.US,D,20200611,000000,133.75,136.25,131.25,131.75,1831.24,0
TFFP.US,D,20200612,000000,131.25,134.5,128.75,131.25,2125.56,0
TFFP.US,D,20200615,000000,129,137.247,128.75,133.25,1727.96,0
TFFP.US,D,20200616,000000,133,137,131.375,134.25,1645.08,0
TFFP.US,D,20200617,000000,135.75,153.75,132.158,152,18787.44,0
TFFP.US,D,20200618,000000,152.5,156,147.75,150.5,6739.28,0
TFFP.US,D,20200619,000000,150.5,150.5,140.228,142,6003.64,0
TFFP.US,D,20200622,000000,143,147.75,138.75,144,4265.56,0
TFFP.US,D,20200623,000000,143.75,150,142.25,143.5,2569.8,0
TFFP.US,D,20200624,000000,142.75,145.748,134.5,141.25,2610.68,0
TFFP.US,D,20200625,000000,140.5,150,140.5,147.5,5974.8,0
TFFP.US,D,20200626,000000,147.75,150,138.75,143.25,6307.52,0
TFFP.US,D,20200629,000000,146.625,149.75,142.5,142.5,3633.4,0
TFFP.US,D,20200630,000000,141.75,145.912,141.75,144,1036.08,0
TFFP.US,D,20200701,000000,145,148.5,142.5,146.5,2193.52,0
TFFP.US,D,20200702,000000,147,156.25,146.75,154.75,6469.56,0
TFFP.US,D,20200706,000000,156.25,173,156.005,160,10106,0
TFFP.US,D,20200707,000000,160.75,160.75,151.25,155.5,2988,0
TFFP.US,D,20200708,000000,167.5,167.5,154.5,155,4126.16,0
TFFP.US,D,20200709,000000,155,157.248,150,154.625,2789.44,0
TFFP.US,D,20200710,000000,155.75,162,150,161,4138.72,0
TFFP.US,D,20200713,000000,162.5,180,153.525,167.25,21599.48,0
TFFP.US,D,20200714,000000,168.75,177.25,159,161.25,10287.6,0
TFFP.US,D,20200715,000000,166.5,170.5,159.5,168.75,8255.96,0
TFFP.US,D,20200716,000000,168.25,169.75,160,162.5,5687.32,0
TFFP.US,D,20200717,000000,162.5,175,159.252,170,3989.68,0
TFFP.US,D,20200720,000000,170,170,153,161.5,4562.4,0
TFFP.US,D,20200721,000000,161.5,163.748,154.93,160,2102.04,0
TFFP.US,D,20200722,000000,160,187.5,158.75,177.25,24929.08,0
TFFP.US,D,20200723,000000,184.75,184.75,170.002,175,10450.28,0
TFFP.US,D,20200724,000000,175,177.465,168.5,168.5,2472.04,0
TFFP.US,D,20200727,000000,170.75,171.822,165,168.5,3230.84,0
TFFP.US,D,20200728,000000,172,256.25,172,190.25,166438.08,0
TFFP.US,D,20200729,000000,190,212.25,187.5,202,44226.4,0
TFFP.US,D,20200730,000000,205.25,237.5,202.502,226,45911.92,0
TFFP.US,D,20200731,000000,229.5,236.25,216.25,227.25,20043.44,0
TFFP.US,D,20200803,000000,226.5,237.5,201.75,226.5,21170.32,0
TFFP.US,D,20200804,000000,225.25,227.25,207.5,213.25,6596.52,0
TFFP.US,D,20200805,000000,213,220.625,207.75,218,8729.64,0
TFFP.US,D,20200806,000000,221.25,224.25,210,217.5,7693.76,0
TFFP.US,D,20200807,000000,216,232,214.162,228.75,17479.36,0
TFFP.US,D,20200810,000000,231.25,251.25,227,244.5,31872.12,0
TFFP.US,D,20200811,000000,238.75,250,225,229.75,27723.2,0
TFFP.US,D,20200812,000000,230,250,230,236.5,13054.44,0
TFFP.US,D,20200813,000000,239.25,262.5,230.502,257,70792.08,0
TFFP.US,D,20200814,000000,312.5,329.5,282.002,288.75,139223.56,0
TFFP.US,D,20200817,000000,295.25,352.5,287,351.5,62658.64,0
TFFP.US,D,20200818,000000,347,347,317,332,31906.88,0
TFFP.US,D,20200819,000000,329.5,356.25,322.5,348.75,30754.64,0
TFFP.US,D,20200820,000000,343.25,348.75,327.5,342.25,21971.76,0
TFFP.US,D,20200821,000000,337.5,363.25,337.5,346.5,25244.04,0
TFFP.US,D,20200824,000000,350,359.75,322.5,336.75,32555.36,0
TFFP.US,D,20200825,000000,331.25,332.497,302.5,324.5,21356.36,0
TFFP.US,D,20200826,000000,319,346.625,312.75,339.25,22809.4,0
TFFP.US,D,20200827,000000,341.5,396.25,339,383.5,42233.92,0
TFFP.US,D,20200828,000000,380.875,406.5,365,400.5,18098,0
TFFP.US,D,20200831,000000,397.5,397.5,365.25,378.5,17298.48,0
TFFP.US,D,20200901,000000,372.75,381.25,351.5,373.75,11488.6,0
TFFP.US,D,20200902,000000,368.75,369.375,337.75,345.75,11857.2,0
TFFP.US,D,20200903,000000,337.5,348.748,301.25,316.5,23601.08,0
TFFP.US,D,20200904,000000,308.5,320,278.75,316.5,13066.68,0
TFFP.US,D,20200908,000000,301,331.248,285.25,323,11293,0
TFFP.US,D,20200909,000000,317,337.5,313,334.5,12218.12,0
TFFP.US,D,20200910,000000,327.75,359.75,327.75,341.5,16132.96,0
TFFP.US,D,20200911,000000,343,362,341.25,349.5,9886.2,0
TFFP.US,D,20200914,000000,352.25,375.75,347.25,363.5,9640.04,0
TFFP.US,D,20200915,000000,375.25,385,362.525,374.25,11491.2,0
TFFP.US,D,20200916,000000,369.75,386.75,361.25,381.75,9751.92,0
TFFP.US,D,20200917,000000,381.25,390,367.95,389.5,11026.32,0
TFFP.US,D,20200918,000000,380.5,412.75,380.5,412.75,27377.96,0
TFFP.US,D,20200921,000000,408.75,425,396.25,421,17473.96,0
TFFP.US,D,20200922,000000,424.5,430,397.75,429.75,15956,0
TFFP.US,D,20200923,000000,433.5,470.5,400,410.75,24511.64,0
TFFP.US,D,20200924,000000,410.235,424.25,384.9,405,8925.76,0
TFFP.US,D,20200925,000000,405.25,439,405.25,438.25,9781.12,0
TFFP.US,D,20200928,000000,441.5,444.5,419.25,424.75,6600.48,0
TFFP.US,D,20200929,000000,431.25,432,414,430.25,4536.52,0
TFFP.US,D,20200930,000000,428.75,467.5,420.645,461.75,20423.56,0
TFFP.US,D,20201001,000000,466.75,467.25,450.5,462,6904.32,0
TFFP.US,D,20201002,000000,445.75,456.5,442.25,444.25,6551.8,0
TFFP.US,D,20201005,000000,448.5,450,438,442.5,4485.8,0
TFFP.US,D,20201006,000000,443.75,454.5,435,446.5,6219.52,0
TFFP.US,D,20201007,000000,450,450,442,450,4127.44,0
TFFP.US,D,20201008,000000,449.75,462.25,444.75,462.25,5691.56,0
TFFP.US,D,20201009,000000,462.5,475,453.75,458.5,8475.48,0
TFFP.US,D,20201012,000000,463,463,363,381.75,39707.12,0
TFFP.US,D,20201013,000000,382.5,410,378.75,396.25,12684.84,0
TFFP.US,D,20201014,000000,398.25,402.25,357.5,382.75,13838.28,0
TFFP.US,D,20201015,000000,371.75,409.25,367,408.25,10416.56,0
TFFP.US,D,20201016,000000,407.25,416,397.752,413.5,8412.48,0
TFFP.US,D,20201019,000000,416,417,374,375.5,7427.52,0
TFFP.US,D,20201020,000000,378.875,388.5,356.24,361.25,12633.76,0
TFFP.US,D,20201021,000000,359,376.832,353.805,368.75,9157.72,0
TFFP.US,D,20201022,000000,370,381.425,360.5,379.75,6494.92,0
TFFP.US,D,20201023,000000,380.25,387.5,370,380,4657.16,0
TFFP.US,D,20201026,000000,378.75,387.25,342,359.5,9782.84,0
TFFP.US,D,20201027,000000,368.75,383.472,350.5,357,17929.72,0
TFFP.US,D,20201028,000000,347.5,349.5,324,334.25,12573.88,0
TFFP.US,D,20201029,000000,333.5,342.5,329.25,337.5,4791.56,0
TFFP.US,D,20201030,000000,337.5,339.25,313.25,318.5,9901.88,0
TFFP.US,D,20201102,000000,321.25,343.5,321.25,339.25,6545.92,0
TFFP.US,D,20201103,000000,344.75,353.5,336.25,351.5,3069.76,0
TFFP.US,D,20201104,000000,353.75,367.75,351.25,367.5,4326.68,0
TFFP.US,D,20201105,000000,370.5,379,353.75,362.5,5433.28,0
TFFP.US,D,20201106,000000,370,406.25,347.75,399.25,11995.44,0
TFFP.US,D,20201109,000000,407.75,407.75,375.25,397.25,9898.92,0
TFFP.US,D,20201110,000000,389.5,392,362.5,364,17239.6,0
TFFP.US,D,20201111,000000,370.75,403.5,370.25,397.5,15456.32,0
TFFP.US,D,20201112,000000,398.25,431.75,393.5,430,11037.72,0
TFFP.US,D,20201113,000000,434,468.75,419.5,420.75,15147.8,0
TFFP.US,D,20201116,000000,423.25,425.575,378.5,381.75,20216.4,0
TFFP.US,D,20201117,000000,383.75,388.125,363.75,373.75,15340.48,0
TFFP.US,D,20201118,000000,376.25,393,370.75,389,10719.4,0
TFFP.US,D,20201119,000000,391.75,431.25,389,410.25,10769.64,0
TFFP.US,D,20201120,000000,404.75,419.5,383.25,387.5,7661.04,0
TFFP.US,D,20201123,000000,388.75,391.05,367.5,378.25,9472.64,0
TFFP.US,D,20201124,000000,383,383,362.5,367.75,13629.92,0
TFFP.US,D,20201125,000000,377.5,404.75,375.75,395.25,17462.16,0
TFFP.US,D,20201127,000000,395.75,403.5,384.248,399,5446.84,0
TFFP.US,D,20201130,000000,399,400,381.25,392.75,12539.76,0
TFFP.US,D,20201201,000000,397,420.798,388.5,391,10603.2,0
TFFP.US,D,20201202,000000,393.75,394.25,377.375,383.25,6142.48,0
TFFP.US,D,20201203,000000,384.25,389,379,384.75,5090.12,0
TFFP.US,D,20201204,000000,380,397.75,378.25,395,7545.2,0
TFFP.US,D,20201207,000000,400.562,409.5,390,392.75,17871.04,0
TFFP.US,D,20201208,000000,395.25,396.75,374,374,13357.08,0
TFFP.US,D,20201209,000000,377.5,386,362.5,371.5,9625.8,0
TFFP.US,D,20201210,000000,369.75,377,351,375.75,12228.72,0
TFFP.US,D,20201211,000000,373.25,375,353.75,358.75,10299.24,0
TFFP.US,D,20201214,000000,360.25,367.5,353,353.5,6315.32,0
TFFP.US,D,20201215,000000,355.5,362.25,343.25,359.5,11037.92,0
TFFP.US,D,20201216,000000,362.5,365.25,352.5,365.25,6762.08,0
TFFP.US,D,20201217,000000,363.25,371.75,352.75,369,8457.76,0
TFFP.US,D,20201218,000000,371.25,371.25,356.75,363.75,8825.08,0
TFFP.US,D,20201221,000000,356.5,364.875,354,363.5,11098.64,0
TFFP.US,D,20201222,000000,361,367.5,356.25,366.5,11616.68,0
TFFP.US,D,20201223,000000,371.5,391.75,358.75,387.25,14371.12,0
TFFP.US,D,20201224,000000,392.5,408.75,379.25,386.75,7406.76,0
TFFP.US,D,20201228,000000,391.5,392.5,369.25,372,9459.08,0
TFFP.US,D,20201229,000000,372,375.495,350.75,371,9100.48,0
TFFP.US,D,20201230,000000,372.75,387.5,357.5,373.25,9411.56,0
TFFP.US,D,20201231,000000,375,375,353.75,358,11791.6,0
TFFP.US,D,20210104,000000,361,362.248,343.5,352,7931.36,0
TFFP.US,D,20210105,000000,351.25,368.5,350,368,7449.56,0
TFFP.US,D,20210106,000000,360.25,415,360,389.25,16705.44,0
TFFP.US,D,20210107,000000,393.75,423.25,392,421.25,15076.32,0
TFFP.US,D,20210108,000000,424.75,431.25,409.75,428.5,15166.44,0
TFFP.US,D,20210111,000000,425,455,419,423.25,18277.28,0
TFFP.US,D,20210112,000000,423.25,447.5,423,436.25,12887.44,0
TFFP.US,D,20210113,000000,443.25,484.25,443.25,462.25,16394.12,0
TFFP.US,D,20210114,000000,465.25,468.5,447.25,456.25,13433.28,0
TFFP.US,D,20210115,000000,453.75,462.75,416.75,441.75,15409.76,0
TFFP.US,D,20210119,000000,443.75,528.5,440,483.75,32076.36,0
TFFP.US,D,20210120,000000,498.75,518.75,486.188,493.75,26222.92,0
TFFP.US,D,20210121,000000,489.5,496.25,452,466.25,14390.12,0
TFFP.US,D,20210122,000000,468,468.858,439.75,445.5,11165.6,0
TFFP.US,D,20210125,000000,446.25,450.25,412.75,425.5,10835,0
TFFP.US,D,20210126,000000,423,423,400.5,408.75,22378.24,0
TFFP.US,D,20210127,000000,405,422,386,407.75,22588.32,0
TFFP.US,D,20210128,000000,414.5,422.25,393.5,403,15515.72,0
TFFP.US,D,20210129,000000,406.25,421.25,383.5,388.75,14233.16,0
TFFP.US,D,20210201,000000,397,408.498,386.5,403.25,7564.96,0
TFFP.US,D,20210202,000000,406.75,421.25,401.6,418.5,13596.96,0
TFFP.US,D,20210203,000000,425,427.5,410.5,417.25,9854.4,0
TFFP.US,D,20210204,000000,420.25,427.625,413.012,421,9525.24,0
TFFP.US,D,20210205,000000,425.25,444.475,417,442.25,10505.96,0
TFFP.US,D,20210208,000000,468.25,495,462.5,488.25,24299.56,0
TFFP.US,D,20210209,000000,483,491,466.5,472.25,10678.84,0
TFFP.US,D,20210210,000000,483.75,513.5,467.5,475.5,17514.52,0
TFFP.US,D,20210211,000000,476,483,451.5,459,10939.24,0
TFFP.US,D,20210212,000000,457.25,457.25,429.5,435.75,12737.2,0
TFFP.US,D,20210216,000000,445.75,445.75,408.25,435.75,18002.76,0
TFFP.US,D,20210217,000000,432.25,436.75,406.25,423.25,9595.92,0
TFFP.US,D,20210218,000000,420,433.75,412.5,427,9550.76,0
TFFP.US,D,20210219,000000,432.5,436.875,412.5,422.25,13537.84,0
TFFP.US,D,20210222,000000,425.75,426.625,397,397,13667.24,0
TFFP.US,D,20210223,000000,406.25,412.25,370.07,392.25,24238.32,0
TFFP.US,D,20210224,000000,405,411.75,379.25,380,12822.32,0
TFFP.US,D,20210225,000000,382.5,385.54,357.25,361.25,14826.76,0
TFFP.US,D,20210226,000000,360.72,372.748,316.5,355.5,33278.48,0
TFFP.US,D,20210301,000000,365.75,380.75,360,362.75,8048.72,0
TFFP.US,D,20210302,000000,364,369.75,351.5,365.25,6690.84,0
TFFP.US,D,20210303,000000,369.5,369.75,334.75,341.75,14081.48,0
TFFP.US,D,20210304,000000,342.5,347.5,300.25,324,21294.84,0
TFFP.US,D,20210305,000000,337.5,341.75,292.5,340.25,20222.64,0
TFFP.US,D,20210308,000000,337.5,353.5,325,340,11821.4,0
TFFP.US,D,20210309,000000,352,375.75,352,374.5,18211.52,0
TFFP.US,D,20210310,000000,390.75,401.25,358.75,373.5,14874.56,0
TFFP.US,D,20210311,000000,404,442.5,398.75,418.75,31459.92,0
TFFP.US,D,20210312,000000,407,462,398.5,448.75,19884.56,0
TFFP.US,D,20210315,000000,454.25,457.75,412.5,439,17817.32,0
TFFP.US,D,20210316,000000,440,440,407.75,423,9011.92,0
TFFP.US,D,20210317,000000,414.25,422.748,406.5,419.75,10976.6,0
TFFP.US,D,20210318,000000,413,421,384.5,388.25,9410.04,0
TFFP.US,D,20210319,000000,386.5,398.75,376.25,395.75,9525.24,0
TFFP.US,D,20210322,000000,412.5,436.25,400,429.25,23507.24,0
TFFP.US,D,20210323,000000,429.25,431.402,400.75,409.25,9724.32,0
TFFP.US,D,20210324,000000,409.25,413.175,377.5,378.75,8471.48,0
TFFP.US,D,20210325,000000,374.75,380.25,352.5,377.5,10147.32,0
TFFP.US,D,20210326,000000,356.25,362,306,325.75,60294.4,0
TFFP.US,D,20210329,000000,329.25,341.25,326.25,332.5,30796.64,0
TFFP.US,D,20210330,000000,334.25,334.25,312.5,329,14262.12,0
TFFP.US,D,20210331,000000,329.5,344,325.5,339.25,11651.88,0
TFFP.US,D,20210401,000000,342,346.242,327.5,340.25,11050.36,0
TFFP.US,D,20210405,000000,343.25,347.5,335.375,335.5,7599.24,0
TFFP.US,D,20210406,000000,333.75,338.25,325.5,334.5,7052.16,0
TFFP.US,D,20210407,000000,333.5,335.5,321.75,326.25,10498.96,0
TFFP.US,D,20210408,000000,327.75,337.25,324.5,330.75,10492.72,0
TFFP.US,D,20210409,000000,329.5,333.75,324,330.25,7512.24,0
TFFP.US,D,20210412,000000,329.5,331.25,299,303,13765.88,0
TFFP.US,D,20210413,000000,311.5,319.25,301.25,316.75,17685.28,0
TFFP.US,D,20210414,000000,317.75,323.75,310.25,312,6124.16,0
TFFP.US,D,20210415,000000,314.5,314.5,299.75,303.25,10244.12,0
TFFP.US,D,20210416,000000,303,304.75,287.5,301.75,11231.8,0
TFFP.US,D,20210419,000000,299.5,304.25,289.5,293.75,8020.16,0
TFFP.US,D,20210420,000000,291.25,297.25,276.5,278.75,11886.04,0
TFFP.US,D,20210421,000000,278,281.5,269.625,281,21312.16,0
TFFP.US,D,20210422,000000,283.25,298,280.75,291.75,9829.2,0
TFFP.US,D,20210423,000000,290.25,301.25,287.25,296,4891.44,0
TFFP.US,D,20210426,000000,295.5,301,290.602,293.5,7951.28,0
TFFP.US,D,20210427,000000,295.5,298.5,284.252,288.5,5950.8,0
TFFP.US,D,20210428,000000,290,301.75,286.25,297,5054.16,0
TFFP.US,D,20210429,000000,297,299.5,278.775,286,5948.8,0
TFFP.US,D,20210430,000000,283,293.75,281.25,283.5,5529.52,0
TFFP.US,D,20210503,000000,286.25,286.25,278.125,283.5,4048.56,0
TFFP.US,D,20210504,000000,281.25,281.25,243.75,258.75,22417.68,0
TFFP.US,D,20210505,000000,260,264.25,251.36,254,8995.36,0
TFFP.US,D,20210506,000000,250.75,255.25,240.25,246.5,12673.52,0
TFFP.US,D,20210507,000000,249.25,256,239.25,239.75,9890.04,0
TFFP.US,D,20210510,000000,238.25,238.25,220.75,224.5,21769.44,0
TFFP.US,D,20210511,000000,216.5,240.75,215.252,231.5,11346.72,0
TFFP.US,D,20210512,000000,228.5,238,226.75,227.5,7539.64,0
TFFP.US,D,20210513,000000,231.25,232.75,209.5,212,17156.68,0
TFFP.US,D,20210514,000000,216.25,244.5,216.25,231,13934.72,0
TFFP.US,D,20210517,000000,226.75,241.25,222.5,234.5,10541.32,0
TFFP.US,D,20210518,000000,238.5,240.998,230.25,232.25,12111.84,0
TFFP.US,D,20210519,000000,229.25,235,220.25,229.25,11994.04,0
TFFP.US,D,20210520,000000,233.5,262.5,232.25,260.25,14819.44,0
TFFP.US,D,20210521,000000,260.5,265,255,262.25,7560.36,0
TFFP.US,D,20210524,000000,264,264.708,247.125,257,8278.52,0
TFFP.US,D,20210525,000000,256.25,262.5,246.75,247.25,5272.36,0
TFFP.US,D,20210526,000000,248.5,264.5,245.75,261,3669.88,0
TFFP.US,D,20210527,000000,261.75,268.5,260.125,268.5,4023.84,0
TFFP.US,D,20210528,000000,270,276.5,264,265.25,4625.08,0
TFFP.US,D,20210601,000000,269.75,277.5,257.75,274,5063.64,0
TFFP.US,D,20210602,000000,277,277,269.75,274,3514.64,0
TFFP.US,D,20210603,000000,272.75,277,264,266.75,8426,0
TFFP.US,D,20210604,000000,270,273.75,263,269.75,3579.96,0
TFFP.US,D,20210607,000000,269.75,279.975,265.25,273.25,6692.36,0
TFFP.US,D,20210608,000000,275.5,283.248,270,280.75,6665.24,0
TFFP.US,D,20210609,000000,283.5,286.75,273.838,285,6757,0
TFFP.US,D,20210610,000000,280.75,297.75,272.625,293.25,11662.28,0
TFFP.US,D,20210611,000000,293.25,306.25,285.25,300.25,8757.68,0
TFFP.US,D,20210614,000000,301,307,290.25,294.75,8281.6,0
TFFP.US,D,20210615,000000,295,295.5,276.25,280.5,6857.92,0
TFFP.US,D,20210616,000000,282.25,287.5,275.492,282,5075.24,0
TFFP.US,D,20210617,000000,281,284.75,271,273.75,3907.48,0
TFFP.US,D,20210618,000000,270.25,272.5,257.25,259.25,14547.16,0
TFFP.US,D,20210621,000000,262,265,256.25,260,5976.96,0
TFFP.US,D,20210622,000000,260.5,267.875,247.25,253.75,8535.44,0
TFFP.US,D,20210623,000000,257.5,263,255.5,262.25,2915.2,0
TFFP.US,D,20210624,000000,262.25,265,256.25,257.75,3796.92,0
TFFP.US,D,20210625,000000,261.5,261.5,252.5,253.5,4410.36,0
TFFP.US,D,20210628,000000,255.75,256.5,243.5,249.5,7207.04,0
TFFP.US,D,20210629,000000,249,255,235.25,240.25,7483.52,0
TFFP.US,D,20210630,000000,240.25,247.252,235,240.25,6650.68,0
TFFP.US,D,20210701,000000,240.5,257.5,239,251.75,8264.52,0
TFFP.US,D,20210702,000000,252,252,238,240.5,9148.72,0
TFFP.US,D,20210706,000000,243,243.5,232.75,237.5,5235.96,0
TFFP.US,D,20210707,000000,237.5,248.75,230,242.5,7637.76,0
TFFP.US,D,20210708,000000,234.5,248.75,230.5,243.75,5625.44,0
TFFP.US,D,20210709,000000,246.5,267.5,244.25,262.25,7674.72,0
TFFP.US,D,20210712,000000,261.25,262.75,244,245.25,6687.68,0
TFFP.US,D,20210713,000000,247,253.75,241.5,246.25,10379.2,0
TFFP.US,D,20210714,000000,247,247,230,232.5,8942,0
TFFP.US,D,20210715,000000,232,234.25,218.375,225.5,13822.08,0
TFFP.US,D,20210716,000000,227.5,227.5,216.5,218.5,7170.92,0
TFFP.US,D,20210719,000000,216.5,230.75,204.75,225.25,10641.64,0
TFFP.US,D,20210720,000000,222.75,234.75,218.75,230.75,6212.52,0
TFFP.US,D,20210721,000000,234.5,246,228.75,242,5701.64,0
TFFP.US,D,20210722,000000,243.25,243.625,229.75,234.25,3373.8,0
TFFP.US,D,20210723,000000,235.75,237.5,230,232.25,4357.08,0
TFFP.US,D,20210726,000000,231.25,232.25,218.75,221.75,4642.28,0
TFFP.US,D,20210727,000000,224.25,231,210,211.25,6283.96,0
TFFP.US,D,20210728,000000,210.75,219.75,208.25,216.25,5857.2,0
TFFP.US,D,20210729,000000,222.5,222.5,215,219,7403.76,0
TFFP.US,D,20210730,000000,219.5,225,204.75,207.25,6177.6,0
TFFP.US,D,20210802,000000,210.5,213.25,208.415,209.75,3264.12,0
TFFP.US,D,20210803,000000,210.75,212.5,200.25,207,5231.52,0
TFFP.US,D,20210804,000000,206,208.5,191,195.75,6893.84,0
TFFP.US,D,20210805,000000,197,203.75,193.5,198.25,3502.84,0
TFFP.US,D,20210806,000000,198.5,202.5,192,200,2688.64,0
TFFP.US,D,20210809,000000,204.75,208.748,197.625,199.5,5123.24,0
TFFP.US,D,20210810,000000,201.25,201.25,187.75,189.25,6866.36,0
TFFP.US,D,20210811,000000,189.5,191.75,175.25,189.5,8516.04,0
TFFP.US,D,20210812,000000,198.5,198.5,175,193.5,8230.64,0
TFFP.US,D,20210813,000000,199,206.25,191.095,199.75,10918.52,0
TFFP.US,D,20210816,000000,197,202.5,195,197.5,4335.52,0
TFFP.US,D,20210817,000000,194.75,205.5,190.25,203,6065.48,0
TFFP.US,D,20210818,000000,201,227.75,199,214.75,10125.2,0
TFFP.US,D,20210819,000000,217.25,219.497,198.25,200.25,4288.36,0
TFFP.US,D,20210820,000000,198.75,212.5,198.75,201,7121.92,0
TFFP.US,D,20210823,000000,206,216.25,202.5,213,6882.64,0
TFFP.US,D,20210824,000000,212,221.25,208.75,212.75,7828.04,0
TFFP.US,D,20210825,000000,210.75,216.748,205.25,207.75,6452.76,0
TFFP.US,D,20210826,000000,208,215.998,201.875,203.75,4043.16,0
TFFP.US,D,20210827,000000,205,214.498,203.75,213.75,3377.8,0
TFFP.US,D,20210830,000000,214.5,216.75,206.625,216,2514.96,0
TFFP.US,D,20210831,000000,219.75,219.75,211.75,215.5,9509.76,0
TFFP.US,D,20210901,000000,217.5,219,210.5,216,5369.04,0
TFFP.US,D,20210902,000000,216,218.75,206.25,211.75,4935.4,0
TFFP.US,D,20210903,000000,212.5,213.75,202,204.25,5362.8,0
TFFP.US,D,20210907,000000,204.25,213.75,204.25,212.5,4967.68,0
TFFP.US,D,20210908,000000,210.25,213.687,198.75,203,3319.92,0
TFFP.US,D,20210909,000000,203,213.75,203,208.75,3369.44,0
TFFP.US,D,20210910,000000,209.25,213.75,205.252,208,3848.8,0
TFFP.US,D,20210913,000000,208.25,208.25,196.5,201.5,6643.2,0
TFFP.US,D,20210914,000000,202.75,202.75,181.25,185,11280.04,0
TFFP.US,D,20210915,000000,185.25,190,179,180.25,7491.8,0
TFFP.US,D,20210916,000000,180.5,198,171.75,194.5,18923.72,0
TFFP.US,D,20210917,000000,196.75,206.175,190.25,196,13277.16,0
TFFP.US,D,20210920,000000,190,198,185.75,194,5820,0
TFFP.US,D,20210921,000000,193.5,218.75,193,205,10801.32,0
TFFP.US,D,20210922,000000,204.5,208.25,199,202.25,5072.44,0
TFFP.US,D,20210923,000000,202.5,208.25,196,202.75,11491.12,0
TFFP.US,D,20210924,000000,201,206.46,196.5,200.75,3253.6,0
TFFP.US,D,20210927,000000,199,207.275,198.375,205,5405.68,0
TFFP.US,D,20210928,000000,201.5,205.25,196.25,203,5877.32,0
TFFP.US,D,20210929,000000,203,204.25,188.75,190,8831.08,0
TFFP.US,D,20210930,000000,190,193.75,182.5,193,8908.2,0
TFFP.US,D,20211001,000000,192.25,193.5,183.25,188.75,2824.16,0
TFFP.US,D,20211004,000000,187.5,187.5,173.5,176.75,9512.36,0
TFFP.US,D,20211005,000000,177,183,173.138,178.25,7165.32,0
TFFP.US,D,20211006,000000,176.5,184,174.25,178,2809.24,0
TFFP.US,D,20211007,000000,177.75,183.312,176.25,176.25,2489.36,0
TFFP.US,D,20211008,000000,177.75,178.5,173.75,175.25,4196.72,0
TFFP.US,D,20211011,000000,175,181.248,171.25,179,3489.72,0
TFFP.US,D,20211012,000000,178.5,182.902,173.75,176,3723.92,0
TFFP.US,D,20211013,000000,177.5,192.5,174.25,188.25,4771.12,0
TFFP.US,D,20211014,000000,192.25,205,190.375,197.75,13160.6,0
TFFP.US,D,20211015,000000,196.75,197.25,185,194.5,7507.44,0
TFFP.US,D,20211018,000000,194.25,194.25,182.375,190.75,6444.68,0
TFFP.US,D,20211019,000000,193.75,204.25,192.25,199.5,4450.72,0
TFFP.US,D,20211020,000000,200.5,202.062,191.25,196.25,4679.24,0
TFFP.US,D,20211021,000000,196.25,198.75,188.75,193.25,2185.6,0
TFFP.US,D,20211022,000000,192,197.5,186.775,188,3093.52,0
TFFP.US,D,20211025,000000,189.75,195,181.75,186.75,4401.72,0
TFFP.US,D,20211026,000000,187.25,196,183.5,192.75,3689.08,0
TFFP.US,D,20211027,000000,192,196.79,190.25,195.5,3820.76,0
TFFP.US,D,20211028,000000,195.5,202.75,189.25,193,6082,0
TFFP.US,D,20211029,000000,193,199.25,192,192.75,3607.88,0
TFFP.US,D,20211101,000000,193.25,200,188.5,197.75,3822.28,0
TFFP.US,D,20211102,000000,196.25,204.75,196,203.75,3939.72,0
TFFP.US,D,20211103,000000,205,211.748,202.5,206,6905.84,0
TFFP.US,D,20211104,000000,207.25,207.25,197.75,205,2758.52,0
TFFP.US,D,20211105,000000,206.25,206.25,187.75,194.75,34544.04,0
TFFP.US,D,20211108,000000,194,200,187.75,190.5,5847.04,0
TFFP.US,D,20211109,000000,188,193.25,175.25,187.75,10718.88,0
TFFP.US,D,20211110,000000,186.75,187.25,175.5,177,4540.4,0
TFFP.US,D,20211111,000000,177.5,183.75,176.75,179,2758.24,0
TFFP.US,D,20211112,000000,180.25,184.5,175.25,182.75,8700.96,0
TFFP.US,D,20211115,000000,183,184.375,173.75,174,5494.12,0
TFFP.US,D,20211116,000000,180,182.54,159.625,179.75,22015.48,0
TFFP.US,D,20211117,000000,177.75,197,175.312,195,9066.08,0
TFFP.US,D,20211118,000000,195.25,195.625,185.132,189.75,4067.68,0
TFFP.US,D,20211119,000000,191,198,185.5,190.25,3498.48,0
TFFP.US,D,20211122,000000,190.25,192.25,176.222,180.5,3892.4,0
TFFP.US,D,20211123,000000,181.5,186.25,174.75,185.25,6087.52,0
TFFP.US,D,20211124,000000,184,192.248,177.502,187.5,3404.48,0
TFFP.US,D,20211126,000000,185.25,187.5,175.25,179.75,3826.4,0
TFFP.US,D,20211129,000000,185,185,174.25,178.25,6104.16,0
TFFP.US,D,20211130,000000,179.25,189.25,171.75,186,9176.44,0
TFFP.US,D,20211201,000000,186.5,186.5,171.25,171.5,11292.04,0
TFFP.US,D,20211202,000000,173.25,184.25,166.002,183,8531.52,0
TFFP.US,D,20211203,000000,184,184.388,171.25,176.75,10045.36,0
TFFP.US,D,20211206,000000,175,183.25,170.252,179.25,5045.32,0
TFFP.US,D,20211207,000000,184,190.25,182.125,190.25,7527.52,0
TFFP.US,D,20211208,000000,189,207.242,185.752,205.5,7772.92,0
TFFP.US,D,20211209,000000,201,207.25,193.252,195.75,4737.24,0
TFFP.US,D,20211210,000000,197,204.335,192.5,195.75,3438.68,0
TFFP.US,D,20211213,000000,199.75,202.75,191.25,199.75,7435.04,0
TFFP.US,D,20211214,000000,198.5,200,190,192.25,4948.76,0
TFFP.US,D,20211215,000000,192,196.75,174.25,196.25,9869.48,0
TFFP.US,D,20211216,000000,198.25,198.25,188.797,192,6492.44,0
TFFP.US,D,20211217,000000,188.75,209.25,185.625,204.5,13471.88,0
TFFP.US,D,20211220,000000,205.205,219.75,199.252,211.75,9485.08,0
TFFP.US,D,20211221,000000,217.5,217.5,202.5,213.5,8109.88,0
TFFP.US,D,20211222,000000,215,249,215,236.25,23096,0
TFFP.US,D,20211223,000000,235.5,243,232.25,241.25,8712.08,0
TFFP.US,D,20211227,000000,243.25,246.25,228.402,230.5,6870.8,0
TFFP.US,D,20211228,000000,228.5,228.5,211.5,219.5,10977.92,0
TFFP.US,D,20211229,000000,218,224.5,211.253,214.25,4440.88,0
TFFP.US,D,20211230,000000,215,230.5,215,225.75,6452.4,0
TFFP.US,D,20211231,000000,224.75,234.75,221,221.75,5186.72,0
TFFP.US,D,20220103,000000,223.5,234.75,222.12,229.25,3359.76,0
TFFP.US,D,20220104,000000,231.25,231.25,216.25,217,5959.08,0
TFFP.US,D,20220105,000000,213.5,213.5,180.25,181.5,14416.88,0
TFFP.US,D,20220106,000000,180.5,189,166.8,179,12927.4,0
TFFP.US,D,20220107,000000,178,189.25,175,186,6770.8,0
TFFP.US,D,20220110,000000,188,189.75,177,186.5,5831.76,0
TFFP.US,D,20220111,000000,193,197.25,187.5,193.75,8139.16,0
TFFP.US,D,20220112,000000,193.25,197.25,185.295,193.75,8547.84,0
TFFP.US,D,20220113,000000,192.5,192.5,181.25,182.5,6819,0
TFFP.US,D,20220114,000000,179.25,185.75,174.375,181.5,5690.48,0
TFFP.US,D,20220118,000000,181.5,183.5,172.75,175.5,6660.32,0
TFFP.US,D,20220119,000000,176.25,179,167.5,173.25,6204.92,0
TFFP.US,D,20220120,000000,174.75,177,169.875,173,7515.4,0
TFFP.US,D,20220121,000000,169.25,176.672,157.25,161,14527.68,0
TFFP.US,D,20220124,000000,156,158.498,136.755,150.75,18105.08,0
TFFP.US,D,20220125,000000,145.75,151.75,139,144,5989.4,0
TFFP.US,D,20220126,000000,148.25,154.5,144.5,148,11654.2,0
TFFP.US,D,20220127,000000,146.75,150.5,134.25,135.5,9261.36,0
TFFP.US,D,20220128,000000,133.5,134.75,128,133,10127.6,0
TFFP.US,D,20220131,000000,133.5,142.03,133.5,140,9841.8,0
TFFP.US,D,20220201,000000,142,149.305,138.75,143.75,6468.6,0
TFFP.US,D,20220202,000000,145.75,151.998,138.375,141.25,5501.48,0
TFFP.US,D,20220203,000000,137.5,137.962,131.5,132,5035.44,0
TFFP.US,D,20220204,000000,132.75,144.5,127.25,140.5,13874.28,0
TFFP.US,D,20220207,000000,151.75,155.5,139.875,145.25,6139.52,0
TFFP.US,D,20220208,000000,147,154,142,147,4505.68,0
TFFP.US,D,20220209,000000,146.5,154.5,145.25,154.25,3768.08,0
TFFP.US,D,20220210,000000,149.75,159.75,148.25,151.75,2891.2,0
TFFP.US,D,20220211,000000,153.5,155,141.25,145.25,4549.44,0
TFFP.US,D,20220214,000000,145.5,149.625,142,143.75,2037.44,0
TFFP.US,D,20220215,000000,147.25,158.75,146.5,156.5,9748.64,0
TFFP.US,D,20220216,000000,153.25,162.5,151,162.25,10765.16,0
TFFP.US,D,20220217,000000,161,164.25,152.5,152.75,7255.72,0
TFFP.US,D,20220218,000000,153.75,158.375,152.5,156.25,4014.08,0
TFFP.US,D,20220222,000000,143.75,157.718,143.75,156,7442.96,0
TFFP.US,D,20220223,000000,158.25,160.875,145.782,148,8355.6,0
TFFP.US,D,20220224,000000,141.5,164.068,139.25,163,8332.08,0
TFFP.US,D,20220225,000000,165.5,173.75,159.5,171.5,8865.24,0
TFFP.US,D,20220228,000000,174.5,174.5,164.5,169.75,5271.8,0
TFFP.US,D,20220301,000000,168.75,177.25,167.25,171.5,4590.12,0
TFFP.US,D,20220302,000000,172.75,178.25,166.992,168.75,6046.84,0
TFFP.US,D,20220303,000000,168.75,172,157.5,159.75,4790.12,0
TFFP.US,D,20220304,000000,157,168,157,167.5,3904.8,0
TFFP.US,D,20220307,000000,165.25,173.75,150,152.25,10886.84,0
TFFP.US,D,20220308,000000,152,162.8,148.002,153.25,4873.44,0
TFFP.US,D,20220309,000000,158,167.5,156.752,163.25,2301.32,0
TFFP.US,D,20220310,000000,157,165.968,152.5,159,3295.96,0
TFFP.US,D,20220311,000000,160.5,161.25,154.75,156.75,1880.6,0
TFFP.US,D,20220314,000000,156,157.5,141,142,3517.2,0
TFFP.US,D,20220315,000000,147.75,150.25,140.837,145.25,2286.08,0
TFFP.US,D,20220316,000000,147.75,155.25,143.25,150.25,4789.04,0
TFFP.US,D,20220317,000000,152.75,169,152.75,161.5,7703.76,0
TFFP.US,D,20220318,000000,161.5,169.25,160.03,163.25,3897.2,0
TFFP.US,D,20220321,000000,160.5,162.412,155.5,158.25,3035.44,0
TFFP.US,D,20220322,000000,160.25,169.5,159.625,165.25,5698.28,0
TFFP.US,D,20220323,000000,166.25,173.498,163.75,165.5,3868.72,0
TFFP.US,D,20220324,000000,164.5,166,160.75,162.25,4601.48,0
TFFP.US,D,20220325,000000,166.5,166.5,149.125,162,8774.32,0
TFFP.US,D,20220328,000000,162,164.125,149.75,160.25,10151.24,0
TFFP.US,D,20220329,000000,160.5,165,152.75,161.5,3231.76,0
TFFP.US,D,20220330,000000,160.5,173.5,160.5,160.75,4783.12,0
TFFP.US,D,20220331,000000,160.5,163,153,157.75,5901.56,0
TFFP.US,D,20220401,000000,158.25,163.75,157,161.25,3872.08,0
TFFP.US,D,20220404,000000,162.5,178.75,162.5,174,6272.24,0
TFFP.US,D,20220405,000000,188.5,192.5,173,175,12509.16,0
TFFP.US,D,20220406,000000,177.5,182.997,170,180.5,5764.68,0
TFFP.US,D,20220407,000000,178.75,180.47,169.25,175.5,5302.2,0
TFFP.US,D,20220408,000000,177.25,177.638,170,170.5,3624.56,0
TFFP.US,D,20220411,000000,169.75,171.75,165.892,166.75,2894,0
TFFP.US,D,20220412,000000,174,174,152.5,154.25,5621.64,0
TFFP.US,D,20220413,000000,154.25,163.682,152.5,162,5095.2,0
TFFP.US,D,20220414,000000,164.25,166.25,150.25,151.75,7073.2,0
TFFP.US,D,20220418,000000,150.5,154.25,140.5,144.25,6432.24,0
TFFP.US,D,20220419,000000,145.5,148.75,140.75,143.5,7695.64,0
TFFP.US,D,20220420,000000,146.25,153.492,139.025,144.5,3093.48,0
TFFP.US,D,20220421,000000,146.25,146.25,136.25,137.5,3516.16,0
TFFP.US,D,20220422,000000,136.75,139.5,134.25,136.25,1553.04,0
TFFP.US,D,20220425,000000,135.5,138.75,131.5,134,4089.64,0
TFFP.US,D,20220426,000000,133.75,135.5,126,127.5,6478.36,0
TFFP.US,D,20220427,000000,128,133.75,124.5,125.25,4158.16,0
TFFP.US,D,20220428,000000,126.25,129.75,123.75,128.25,2972.28,0
TFFP.US,D,20220429,000000,126.25,130,123.25,126.75,2839.32,0
TFFP.US,D,20220502,000000,127.5,133,120,128.75,5895.2,0
TFFP.US,D,20220503,000000,128.75,130.25,123.75,127.75,2874.52,0
TFFP.US,D,20220504,000000,127.25,127.25,118.5,125.25,5643.88,0
TFFP.US,D,20220505,000000,123,123.75,116.5,117.5,2928.48,0
TFFP.US,D,20220506,000000,117.5,120.75,109.25,112.5,4835.96,0
TFFP.US,D,20220509,000000,112.5,117,105,106.75,8538,0
TFFP.US,D,20220510,000000,107.5,110.25,101.75,105,3124.8,0
TFFP.US,D,20220511,000000,104,109.75,93.75,99.75,7063.92,0
TFFP.US,D,20220512,000000,95,106,90,103,7647.64,0
TFFP.US,D,20220513,000000,106.5,111.75,104,107.75,3805,0
TFFP.US,D,20220516,000000,108,125.585,106.25,119,8969.6,0
TFFP.US,D,20220517,000000,120.75,129.5,120,127.5,4643.48,0
TFFP.US,D,20220518,000000,126.5,131.25,123.25,124.75,6031.16,0
TFFP.US,D,20220519,000000,129,136.99,126.75,134,7809.36,0
TFFP.US,D,20220520,000000,136,140.5,132.25,137.25,4401.44,0
TFFP.US,D,20220523,000000,139.75,148.925,137.5,146.75,3227.76,0
TFFP.US,D,20220524,000000,145.5,145.5,134,140.75,3917.16,0
TFFP.US,D,20220525,000000,139,146,136,144.5,2819.16,0
TFFP.US,D,20220526,000000,145.75,148.75,143,144.75,2500.28,0
TFFP.US,D,20220527,000000,145.5,152,143.25,152,3190.76,0
TFFP.US,D,20220531,000000,155.25,155.25,133.502,141,8843.68,0
TFFP.US,D,20220601,000000,139.25,144.81,132.5,138.75,3860.96,0
TFFP.US,D,20220602,000000,138.25,146.25,134.5,144,2561.24,0
TFFP.US,D,20220603,000000,143,146,137.5,144.25,2488.12,0
TFFP.US,D,20220606,000000,148.25,148.25,139.175,141.25,1580.24,0
TFFP.US,D,20220607,000000,140,145.75,139,143.5,1646,0
TFFP.US,D,20220608,000000,143.75,147.5,143.75,145,1044.52,0
TFFP.US,D,20220609,000000,143.5,145,140.25,145,1426.76,0
TFFP.US,D,20220610,000000,145.25,146.598,139,143,2572.84,0
TFFP.US,D,20220613,000000,136.75,140.75,127.752,138.5,5000.12,0
TFFP.US,D,20220614,000000,139,141,137,138,1408.28,0
TFFP.US,D,20220615,000000,140,147.235,136.252,137,2114.76,0
TFFP.US,D,20220616,000000,133.25,137.247,129,133,2689.04,0
TFFP.US,D,20220617,000000,133.75,140.625,132.81,140.5,2324.68,0
TFFP.US,D,20220621,000000,142.5,151.75,142.5,144.75,3410.56,0
TFFP.US,D,20220622,000000,142.25,149.25,137.75,140.5,3948.68,0
TFFP.US,D,20220623,000000,142.945,150,137.552,146.75,2551.36,0
TFFP.US,D,20220624,000000,148.75,152.75,141.5,142.25,5053.52,0
TFFP.US,D,20220627,000000,143.75,151.5,140.25,150.75,3523.6,0
TFFP.US,D,20220628,000000,151,153.25,142.625,144,1574.16,0
TFFP.US,D,20220629,000000,143,144,138.5,144,1402.92,0
TFFP.US,D,20220630,000000,140.25,145.748,140,141.25,1028.28,0
TFFP.US,D,20220701,000000,140.75,149.062,139.002,144,1181.52,0
TFFP.US,D,20220705,000000,139.5,147.75,136.25,143.75,2251.6,0
TFFP.US,D,20220706,000000,144.75,149.747,141.5,143.5,2168.12,0
TFFP.US,D,20220707,000000,143,149.5,140.5,142.25,3670.04,0
TFFP.US,D,20220708,000000,141.5,146.75,140.5,144.5,4790,0
TFFP.US,D,20220711,000000,144.75,156.25,142.498,148.25,9422.88,0
TFFP.US,D,20220712,000000,149.25,150.75,143.5,145.25,3250.6,0
TFFP.US,D,20220713,000000,142,147.25,142,143.75,1699.08,0
TFFP.US,D,20220714,000000,142.25,143.75,137.252,142.75,3408.56,0
TFFP.US,D,20220715,000000,143.25,145,138,142.5,2062.8,0
TFFP.US,D,20220718,000000,140.355,148.5,139.5,141.5,3299.56,0
TFFP.US,D,20220719,000000,142.25,145.25,141,143,1830.72,0
TFFP.US,D,20220720,000000,141.5,148.75,139,143,2233.64,0
TFFP.US,D,20220721,000000,141.25,145,139,140.25,1541.08,0
TFFP.US,D,20220722,000000,140,142.5,128.75,137.75,8427,0
TFFP.US,D,20220725,000000,137.5,139.5,129.5,132.25,4235.92,0
TFFP.US,D,20220726,000000,133,134.5,126.295,131,3759.28,0
TFFP.US,D,20220727,000000,133,135.25,130.012,132.25,1402.36,0
TFFP.US,D,20220728,000000,132.25,132.805,127.75,130.25,2400.48,0
TFFP.US,D,20220729,000000,129,131,127.5,130.25,1973.96,0
TFFP.US,D,20220801,000000,129.25,131,125.25,127.25,2175.04,0
TFFP.US,D,20220802,000000,127.25,135,127.25,135,2156.96,0
TFFP.US,D,20220803,000000,137,142.25,137,138.75,2246.88,0
TFFP.US,D,20220804,000000,140.25,148,139.75,146.5,4829.68,0
TFFP.US,D,20220805,000000,146.25,164,141.362,160.25,10452.16,0
TFFP.US,D,20220808,000000,161,168.25,158.87,165.75,4962.76,0
TFFP.US,D,20220809,000000,163.5,163.918,152,152.5,3087.76,0
TFFP.US,D,20220810,000000,155.75,158.75,152.045,158,2965.04,0
TFFP.US,D,20220811,000000,154.767,162.75,153,154.25,2929.16,0
TFFP.US,D,20220812,000000,154.25,160.75,148.25,150.75,2968.76,0
TFFP.US,D,20220815,000000,150,152.5,144,145.5,2377.44,0
TFFP.US,D,20220816,000000,144.425,147.5,139.25,139.75,1863.92,0
TFFP.US,D,20220817,000000,138.75,143.998,135,137,2004.08,0
TFFP.US,D,20220818,000000,137.5,140.75,133.75,134.75,3410.12,0
TFFP.US,D,20220819,000000,133,139.75,131.25,135.25,3443.16,0
TFFP.US,D,20220822,000000,133.75,137.25,124,129,3007.16,0
TFFP.US,D,20220823,000000,127.75,131.248,126.25,127.5,1036.6,0
TFFP.US,D,20220824,000000,127.75,131.5,127.75,130.5,1716.48,0
TFFP.US,D,20220825,000000,134.75,134.75,129.25,130.25,1455.64,0
TFFP.US,D,20220826,000000,129.75,133.25,125.5,125.75,1840.28,0
TFFP.US,D,20220829,000000,125,129.5,122.75,125.5,3061.16,0
TFFP.US,D,20220830,000000,131,134.875,118.75,120.25,1907.28,0
TFFP.US,D,20220831,000000,122,127.002,114.55,115.25,3323.92,0
TFFP.US,D,20220901,000000,115.75,118.25,113,117.5,3842.28,0
TFFP.US,D,20220902,000000,118.75,129.75,118.75,126,2889.84,0
TFFP.US,D,20220906,000000,124.5,129.75,122.25,125.25,2573.12,0
TFFP.US,D,20220907,000000,126.75,128.5,120,125,3509.56,0
TFFP.US,D,20220908,000000,125.75,143.75,125.045,142,5295.04,0
TFFP.US,D,20220909,000000,140.25,143.5,132.5,132.75,2642.28,0
TFFP.US,D,20220912,000000,132.5,141.998,129.25,138.25,2638.72,0
TFFP.US,D,20220913,000000,139,142.248,137.625,139,1638.24,0
TFFP.US,D,20220914,000000,138.75,151.25,138.375,146.25,4922.8,0
TFFP.US,D,20220915,000000,143.5,150.25,141.5,142.75,2582.16,0
TFFP.US,D,20220916,000000,141.75,143.75,125.25,129.75,5094.04,0
TFFP.US,D,20220919,000000,129,132.75,128.658,132.5,1678.6,0
TFFP.US,D,20220920,000000,128,134.25,127.355,134,1913.84,0
TFFP.US,D,20220921,000000,133.75,138.25,130.75,137.75,2371.28,0
TFFP.US,D,20220922,000000,138,138,132.25,133.5,2845.76,0
TFFP.US,D,20220923,000000,127.2,128.75,117.502,119,5565.76,0
TFFP.US,D,20220926,000000,120.5,120.5,105.5,112.875,12099.56,0
TFFP.US,D,20220927,000000,113.25,120.25,111.5,111.75,2091,0
TFFP.US,D,20220928,000000,117,119.5,111.375,116,3909.96,0
TFFP.US,D,20220929,000000,116,116,104.5,106.75,5911.2,0
TFFP.US,D,20220930,000000,105.75,109.25,99.75,101.5,9056.16,0
TFFP.US,D,20221003,000000,101,101.5,93,99.25,8773.32,0
TFFP.US,D,20221004,000000,102.5,104.25,99.875,100,1843.16,0
TFFP.US,D,20221005,000000,100.5,105.375,97.75,100.75,2787.56,0
TFFP.US,D,20221006,000000,99.25,103,91.25,92.25,5343.08,0
TFFP.US,D,20221007,000000,91.5,94.75,86.5,88.75,6450.28,0
TFFP.US,D,20221010,000000,91.09,91.09,83.75,85.25,4728.28,0
TFFP.US,D,20221011,000000,84.5,92,82,88.25,4835.88,0
TFFP.US,D,20221012,000000,88.5,88.5,78.5225,80.25,5099.96,0
TFFP.US,D,20221013,000000,80.25,83,77.3375,79.75,4534.08,0
TFFP.US,D,20221014,000000,79.5,81.25,75.375,76,4077.24,0
TFFP.US,D,20221017,000000,77.25,81.5,77.25,78.5,4102.88,0
TFFP.US,D,20221018,000000,81.5,83.75,78.75,80.5,2815.2,0
TFFP.US,D,20221019,000000,79.5,80.5975,75.5,76.25,1709.68,0
TFFP.US,D,20221020,000000,77,77,68.25,71.5,4013.96,0
TFFP.US,D,20221021,000000,71.4675,75.25,71.2525,72.5,2966.04,0
TFFP.US,D,20221024,000000,72.5,74.1625,60.5,62.75,8996.76,0
TFFP.US,D,20221025,000000,62,74,60.5,73.25,8696.36,0
TFFP.US,D,20221026,000000,72.25,77.1325,68.75,72.5,1392.36,0
TFFP.US,D,20221027,000000,71.5,72,62.25,65.75,5094.08,0
TFFP.US,D,20221028,000000,67.25,67.5,65.25,67.25,2184.64,0
TFFP.US,D,20221031,000000,67.75,68,62,62.5,2234.48,0
TFFP.US,D,20221101,000000,63,68,62.75,67.5,33963.92,0
TFFP.US,D,20221102,000000,40,45.925,36.75,43.5,72309.6,0
TFFP.US,D,20221103,000000,42.5,50.75,38.75,50,16832.16,0
TFFP.US,D,20221104,000000,51.5,58.7475,44.25,45,15004.28,0
TFFP.US,D,20221107,000000,44.5,45.75,38.2975,39.75,15430.44,0
TFFP.US,D,20221108,000000,38.75,42,38.75,39.75,7230.52,0
TFFP.US,D,20221109,000000,38.75,39.765,34.75,35.625,13062.64,0
TFFP.US,D,20221110,000000,36.25,39,36,38.25,3693.36,0
TFFP.US,D,20221111,000000,38.25,43.25,37.5225,42.25,6997.64,0
TFFP.US,D,20221114,000000,41,42.25,35.5,37,10314.28,0
TFFP.US,D,20221115,000000,35,36,27,30,32007,0
TFFP.US,D,20221116,000000,30.25,32,29,31.25,7282.08,0
TFFP.US,D,20221117,000000,30.75,33.75,30,32.25,31024.92,0
TFFP.US,D,20221118,000000,26.5,33.5,26.5,29.25,43502.6,0
TFFP.US,D,20221121,000000,29.75,31.5,28.75,31,20274.56,0
TFFP.US,D,20221122,000000,31.25,37.105,31,36,20751.72,0
TFFP.US,D,20221123,000000,35.5,37.315,33,33.75,7331.48,0
TFFP.US,D,20221125,000000,33.75,34.5,31.27,31.5,3499.32,0
TFFP.US,D,20221128,000000,30.75,32.9975,30.25,30.5,4567.24,0
TFFP.US,D,20221129,000000,30.75,32.255,29.25,30,4678.48,0
TFFP.US,D,20221130,000000,29.5,30.75,29,30.25,7065.4,0
TFFP.US,D,20221201,000000,29.5,31,29.5,29.5,3878.84,0
TFFP.US,D,20221202,000000,29.5,30.5,29,30,5102.28,0
TFFP.US,D,20221205,000000,32.5,33.25,28.75,28.75,16364.52,0
TFFP.US,D,20221206,000000,28.75,31.05,27,29,7197.64,0
TFFP.US,D,20221207,000000,28.25,30.75,27.5,28.5,6449.16,0
TFFP.US,D,20221208,000000,28.75,29.125,26.75,26.75,4871.88,0
TFFP.US,D,20221209,000000,26.5,27.25,23.525,24.5,19636.48,0
TFFP.US,D,20221212,000000,24.25,25.25,23.8725,24,10225.92,0
TFFP.US,D,20221213,000000,24.0025,26.5,24.0025,25.25,6723.36,0
TFFP.US,D,20221214,000000,25.5,28.5,25.5,26.75,5332.56,0
TFFP.US,D,20221215,000000,27.25,28.345,25,25.5,6561.92,0
TFFP.US,D,20221216,000000,24.6625,27.5,24.13,25.5,4300.36,0
TFFP.US,D,20221219,000000,27.5,27.5,23.8875,24.0525,10152.28,0
TFFP.US,D,20221220,000000,24.25,25,23.025,23.2625,16968.48,0
TFFP.US,D,20221221,000000,23.025,25,23.025,23.5025,11088.76,0
TFFP.US,D,20221222,000000,24.25,24.25,22.5,23.25,8361.16,0
TFFP.US,D,20221223,000000,23,23.5,22.7525,22.95,4784.12,0
TFFP.US,D,20221227,000000,22.9425,23.25,20.87,21.13,18985.64,0
TFFP.US,D,20221228,000000,21.25,22,20.905,21.5,6290.88,0
TFFP.US,D,20221229,000000,22.0025,22.0025,20.25,21,16427.04,0
TFFP.US,D,20221230,000000,21.505,27,21.0025,26.25,12214.92,0
TFFP.US,D,20230103,000000,27.25,27.25,23.275,24.25,4543.24,0
TFFP.US,D,20230104,000000,24.3875,26.5,23.38,26.5,3091.6,0
TFFP.US,D,20230105,000000,26.25,26.75,25,26,2456.48,0
TFFP.US,D,20230106,000000,25.25,26.955,25.25,26.25,5036.72,0
TFFP.US,D,20230109,000000,27,28,26.5,27.5,6432.04,0
TFFP.US,D,20230110,000000,28,28,26.75,27.5,3313.92,0
TFFP.US,D,20230111,000000,27.5,28.25,26.75,26.75,2383.76,0
TFFP.US,D,20230112,000000,27.25,27.25,26.25,26.75,3329.88,0
TFFP.US,D,20230113,000000,26.5,27,25.5,26.285,1915.04,0
TFFP.US,D,20230117,000000,27.5,27.75,26,26.5,4292.52,0
TFFP.US,D,20230118,000000,27,27.1325,24.2525,24.75,9587.12,0
TFFP.US,D,20230119,000000,24.25,24.75,22.6525,23.2525,6590.88,0
TFFP.US,D,20230120,000000,23.2525,24.7375,22.5025,23.75,1963.08,0
TFFP.US,D,20230123,000000,25.25,25.25,22.75,23.215,3083.44,0
TFFP.US,D,20230124,000000,23.5,24.48,23,23.8775,3998.56,0
TFFP.US,D,20230125,000000,23.25,25.75,22.75,23.75,2926.8,0
TFFP.US,D,20230126,000000,24.41,25.25,23.5,23.7475,804.6,0
TFFP.US,D,20230127,000000,22.9725,24,22.775,23.625,2378.64,0
TFFP.US,D,20230130,000000,23.25,24.25,23,23.2475,3195.56,0
TFFP.US,D,20230131,000000,23.82,23.82,23.125,23.25,2375.8,0
TFFP.US,D,20230201,000000,24.5,24.5,22.75,22.75,4178.96,0
TFFP.US,D,20230202,000000,23.645,24.44,21.75,23.0175,6867.28,0
TFFP.US,D,20230203,000000,22.665,24.5,22.665,23.7475,3921.8,0
TFFP.US,D,20230206,000000,24.375,24.75,22.75,23.375,4475.88,0
TFFP.US,D,20230207,000000,23.75,24.5,23.25,24.2175,2333.04,0
TFFP.US,D,20230208,000000,24.5,24.75,23,23.5,3565.72,0
TFFP.US,D,20230209,000000,23.75,24.0925,23,23.4975,3566.44,0
TFFP.US,D,20230210,000000,23,24.25,22.5,22.5025,1880.28,0
TFFP.US,D,20230213,000000,23,23,21.75,22.675,2388.2,0
TFFP.US,D,20230214,000000,22.975,22.975,22.5,22.5,1303.08,0
TFFP.US,D,20230215,000000,22.5,23,21.75,22.37,4243.12,0
TFFP.US,D,20230216,000000,22.4425,24.75,22,23.875,7081.52,0
TFFP.US,D,20230217,000000,20.35,20.5,16.5025,17.9125,66629.68,0
TFFP.US,D,20230221,000000,17.375,17.75,16.175,16.5,18194.64,0
TFFP.US,D,20230222,000000,16.25,17.1237,15.5,15.5275,14990.32,0
TFFP.US,D,20230223,000000,15.9075,19.07,15.5,18.2225,27870.4,0
TFFP.US,D,20230224,000000,18.5,21.4825,17.5,20.3275,16146.56,0
TFFP.US,D,20230227,000000,22.5,22.575,18.125,18.7475,10723.24,0
TFFP.US,D,20230228,000000,18.75,21.125,18.75,19.9975,4702.52,0
TFFP.US,D,20230301,000000,19.5,20.75,18.7775,19.86,3933.72,0
TFFP.US,D,20230302,000000,19.75,20,18.7825,18.8275,1799.8,0
TFFP.US,D,20230303,000000,19.5,20.975,18.925,20.85,6496.92,0
TFFP.US,D,20230306,000000,20.975,22.4975,20.2525,21.61,6799.24,0
TFFP.US,D,20230307,000000,22,22.7,20.18,21.6375,6824.76,0
TFFP.US,D,20230308,000000,21.6025,22.0763,19.82,20.8225,2855.4,0
TFFP.US,D,20230309,000000,20.25,21.25,18,18.3,7356.96,0
TFFP.US,D,20230310,000000,19.72,23,18.0525,18.0525,26273.28,0
TFFP.US,D,20230313,000000,19.5,20.4975,18.2525,19.5025,7446.28,0
TFFP.US,D,20230314,000000,20.25,22,20,20.75,8732.6,0
TFFP.US,D,20230315,000000,21.25,21.4775,20,20.7175,4388.32,0
TFFP.US,D,20230316,000000,20.375,22.0162,19.25,20.2475,2750.12,0
TFFP.US,D,20230317,000000,21.5,21.5,18.595,18.595,9319.92,0
TFFP.US,D,20230320,000000,18.5,19.495,18.5,18.5625,3712.36,0
TFFP.US,D,20230321,000000,19,19.5675,18.575,18.8275,3231.48,0
TFFP.US,D,20230322,000000,19.655,21.19,18.75,18.75,9084.88,0
TFFP.US,D,20230323,000000,18.5675,18.9625,18.25,18.3775,2733.8,0
TFFP.US,D,20230324,000000,18.5,20.2475,17.05,17.1025,6296.36,0
TFFP.US,D,20230327,000000,17.5,17.975,16.875,17.275,5099.08,0
TFFP.US,D,20230328,000000,17.0275,18.075,16.75,17,4729.56,0
TFFP.US,D,20230329,000000,16.75,18.07,16.75,17.55,3687.04,0
TFFP.US,D,20230330,000000,17.5,18.125,16.8,16.8275,1944.64,0
TFFP.US,D,20230331,000000,17.9975,17.9975,16.8275,17.1325,5162.72,0
TFFP.US,D,20230403,000000,17.5,18.9875,16.55,16.55,3520.52,0
TFFP.US,D,20230404,000000,16.5,17.3225,16.2875,16.35,2472.68,0
TFFP.US,D,20230405,000000,16.5,16.755,14.55,14.975,8649.64,0
TFFP.US,D,20230406,000000,14.75,15.8275,14.55,14.625,4800.68,0
TFFP.US,D,20230410,000000,15.5,15.525,14.3775,15.095,3504.64,0
TFFP.US,D,20230411,000000,15.5,16.7975,15.0025,15.9,4390.72,0
TFFP.US,D,20230412,000000,15.5,16.45,15.45,16.245,1951.16,0
TFFP.US,D,20230413,000000,15.9375,16.7575,15.6025,16.75,5174.52,0
TFFP.US,D,20230414,000000,16.75,17.5,16.25,16.75,5078.44,0
TFFP.US,D,20230417,000000,16.25,17,16.005,17,2269.32,0
TFFP.US,D,20230418,000000,17.25,17.25,15.25,15.75,3722.68,0
TFFP.US,D,20230419,000000,15.75,16.5,15.1875,15.95,956.84,0
TFFP.US,D,20230420,000000,16.28,17.16,15.5025,16.8,1049.6,0
TFFP.US,D,20230421,000000,17,17,15.3875,16.325,2333.72,0
TFFP.US,D,20230424,000000,16.58,16.58,13.775,15.075,8468.16,0
TFFP.US,D,20230425,000000,14.6225,15.2475,13.75,13.75,4858.12,0
TFFP.US,D,20230426,000000,13.8175,14.5,13.2525,14.375,3122.16,0
TFFP.US,D,20230427,000000,14.25,14.875,13.9875,14.0025,1656.4,0
TFFP.US,D,20230428,000000,14.5,15,14.0025,14.25,2191.24,0
TFFP.US,D,20230501,000000,15.25,16.095,14.75,14.935,7876.48,0
TFFP.US,D,20230502,000000,14.5,15.8125,14.5,15.75,3925.76,0
TFFP.US,D,20230503,000000,15.5,16.245,14.5,15.35,3608.8,0
TFFP.US,D,20230504,000000,15.99,18.225,14.5,17.75,34261.4,0
TFFP.US,D,20230505,000000,18.39,21.2475,17.2625,18.93,9060.68,0
TFFP.US,D,20230508,000000,19,19.4975,18.2775,19.31,4664.08,0
TFFP.US,D,20230509,000000,19.25,19.675,18.005,19.25,4430.8,0
TFFP.US,D,20230510,000000,18.6725,19.75,16,17,7313.48,0
TFFP.US,D,20230511,000000,17,17.4475,16.265,16.75,2555.2,0
TFFP.US,D,20230512,000000,16.25,18.95,16.25,17.75,9735,0
TFFP.US,D,20230515,000000,17.2175,17.5,16.25,16.9075,2776.36,0
TFFP.US,D,20230516,000000,16.5025,17.0225,16.125,16.455,2220.64,0
TFFP.US,D,20230517,000000,16.2525,16.9725,15.5,16.25,6326.36,0
TFFP.US,D,20230518,000000,16.25,16.58,16,16,2776.04,0
TFFP.US,D,20230519,000000,16.5325,16.945,15.265,15.5,4368.52,0
TFFP.US,D,20230522,000000,15.75,16.85,15.55,16.28,3275.12,0
TFFP.US,D,20230523,000000,16.115,16.545,15.5,16.25,1326.04,0
TFFP.US,D,20230524,000000,16.0275,16.21,14.25,14.7975,3462.08,0
TFFP.US,D,20230525,000000,15,15.35,12,13.75,15002.2,0
TFFP.US,D,20230526,000000,14.25,14.25,12.5,12.5555,2889.52,0
TFFP.US,D,20230530,000000,13.045,14.185,12,12.095,7199.8,0
TFFP.US,D,20230531,000000,12.25,12.6075,11.375,11.5,4511.92,0
TFFP.US,D,20230601,000000,11.5,11.975,11.2525,11.5,1649.44,0
TFFP.US,D,20230602,000000,11.5,12.2675,11.2525,11.925,5285.48,0
TFFP.US,D,20230605,000000,12,12.5175,11.25,11.25,1902.92,0
TFFP.US,D,20230606,000000,11.41,12.165,11.25,12.1,1829.88,0
TFFP.US,D,20230607,000000,11.345,12.4475,11.1514,11.5275,4142.24,0
TFFP.US,D,20230608,000000,11.5,12.4475,11.25,11.9725,1882.28,0
TFFP.US,D,20230609,000000,11.7525,12.1625,11.135,11.6625,12444.48,0
TFFP.US,D,20230612,000000,11.75,11.75,10.775,11.475,4732.04,0
TFFP.US,D,20230613,000000,11.5,11.5,10.7725,10.795,4183.44,0
TFFP.US,D,20230614,000000,11.25,11.5225,11.25,11.25,1827.44,0
TFFP.US,D,20230615,000000,11.2525,11.75,11.2525,11.75,4185.52,0
TFFP.US,D,20230616,000000,11.505,12.0225,11.4875,11.75,2163.36,0
TFFP.US,D,20230620,000000,12,12,11.3475,11.64,802.76,0
TFFP.US,D,20230621,000000,12,12,11,11.5,1906,0
TFFP.US,D,20230622,000000,11.7425,15.9475,11.25,12.25,19557.76,0
TFFP.US,D,20230623,000000,12.945,14.1725,11.88,11.88,19721.28,0
TFFP.US,D,20230626,000000,12.2,13.225,11.25,11.8975,12281.44,0
TFFP.US,D,20230627,000000,12,12.425,11.4675,11.5,6780.32,0
TFFP.US,D,20230628,000000,12.1525,12.25,10.25,10.7925,12328.52,0
TFFP.US,D,20230629,000000,10.5,12.25,10.5,11.25,16181.88,0
TFFP.US,D,20230630,000000,11.25,12,10.75,11.75,951.72,0
TFFP.US,D,20230703,000000,11.7475,12.4975,11.255,12,7785.76,0
TFFP.US,D,20230705,000000,12.4975,12.4975,10.015,10.9675,12523.92,0
TFFP.US,D,20230706,000000,11,11,9.55,9.79,7281.16,0
TFFP.US,D,20230707,000000,9.79,9.925,8.4825,8.775,11695.56,0
TFFP.US,D,20230710,000000,8.875,8.9725,8.4875,8.5,8533,0
TFFP.US,D,20230711,000000,9,9.4625,8.625,9.4625,7566.52,0
TFFP.US,D,20230712,000000,9.45,9.45,8.75,8.75,8075.2,0
TFFP.US,D,20230713,000000,8.775,8.9975,8.5025,8.75,6125.36,0
TFFP.US,D,20230714,000000,8.795,9.01252,8.0025,8.2,16387.44,0
TFFP.US,D,20230717,000000,8.5,8.7125,8.035,8.5525,5243.28,0
TFFP.US,D,20230718,000000,8.27,8.5725,8.0025,8.15,7726.96,0
TFFP.US,D,20230719,000000,8.7475,8.7475,8.0775,8.125,4685,0
TFFP.US,D,20230720,000000,8.1375,9.25,8.13,9.15,7344.68,0
TFFP.US,D,20230721,000000,9.4,9.49748,8.325,8.33,11999.08,0
TFFP.US,D,20230724,000000,8.175,8.6625,8,8.405,11171.72,0
TFFP.US,D,20230725,000000,8.475,9.25,8.25252,8.7575,4044.88,0
TFFP.US,D,20230726,000000,9.25,9.4975,8.75,8.9975,6444.88,0
TFFP.US,D,20230727,000000,9.25,9.5725,8.92502,9.2325,6644.88,0
TFFP.US,D,20230728,000000,9.6225,9.625,9.25,9.5175,3529.24,0
TFFP.US,D,20230731,000000,9.75,11.675,9.6275,10.6,17546.92,0
TFFP.US,D,20230801,000000,10.575,11.3,10.375,10.5975,4059.88,0
TFFP.US,D,20230802,000000,11.1225,11.275,10.125,10.925,4371.4,0
TFFP.US,D,20230803,000000,10.5,10.975,9.7675,10.275,2160.04,0
TFFP.US,D,20230804,000000,10.475,11.5475,10.25,10.725,2438.88,0
TFFP.US,D,20230807,000000,11.1575,12,9.775,9.775,15031.16,0
TFFP.US,D,20230808,000000,9.9,10.1975,9.5,9.5,2441.08,0
TFFP.US,D,20230809,000000,9.6725,9.6725,9.0125,9.25,2673.76,0
TFFP.US,D,20230810,000000,9.67498,10.6225,9.125,10.5,3257.12,0
TFFP.US,D,20230811,000000,10.3125,10.5,10,10.375,2463.48,0
TFFP.US,D,20230814,000000,10.575,11.25,9.81,11.25,9527.24,0
TFFP.US,D,20230815,000000,9.5075,13.5,9.5075,10.25,44419.48,0
TFFP.US,D,20230816,000000,9.75,10.9475,9.25,9.25,6832.96,0
TFFP.US,D,20230817,000000,10,10.575,9.175,9.25,16036.44,0
TFFP.US,D,20230818,000000,9.25,10,8.75,9.3,10028.2,0
TFFP.US,D,20230821,000000,9.975,10.4975,9.3325,10.0875,7279.2,0
TFFP.US,D,20230822,000000,9.9675,10.5,9.575,10.5,6063.88,0
TFFP.US,D,20230823,000000,10.25,10.5,9.75,9.94,4237.84,0
TFFP.US,D,20230824,000000,10.25,10.25,9.6075,9.775,9722.52,0
TFFP.US,D,20230825,000000,9.5,10.225,9.37752,9.6075,1461.12,0
TFFP.US,D,20230828,000000,9.525,10,9.5,9.62372,3083,0
TFFP.US,D,20230829,000000,9.505,9.87248,9.025,9.38,4756.2,0
TFFP.US,D,20230830,000000,9.375,9.9,9.2075,9.585,2495.32,0
TFFP.US,D,20230831,000000,9.25,9.7525,9.25,9.725,1229.84,0
TFFP.US,D,20230901,000000,9.455,9.7525,9.275,9.555,1451.76,0
TFFP.US,D,20230905,000000,9.975,9.975,9.25,9.5,2064.48,0
TFFP.US,D,20230906,000000,9.5,9.925,9.025,9.485,4171.68,0
TFFP.US,D,20230907,000000,9.295,9.4975,8.875,9.335,2783.88,0
TFFP.US,D,20230908,000000,9.1475,9.35,8.9875,9.27,1389.76,0
TFFP.US,D,20230911,000000,9.25,9.75,8.875,9.01,1801.32,0
TFFP.US,D,20230912,000000,8.875,9.625,8.875,9.14,1203.6,0
TFFP.US,D,20230913,000000,9.51,9.725,8.9675,9.03,724.68,0
TFFP.US,D,20230914,000000,8.85,9.9925,8.75,9.4925,6120.28,0
TFFP.US,D,20230915,000000,9.9975,10.47,9.57252,10,11985.88,0
TFFP.US,D,20230918,000000,9.7,9.9975,8,8.4675,19312.6,0
TFFP.US,D,20230919,000000,8.36,8.7525,8.2975,8.5,668.2,0
TFFP.US,D,20230920,000000,8.925,8.925,8.125,8.3875,1576.52,0
TFFP.US,D,20230921,000000,8.8025,8.8025,8,8.725,1129.2,0
TFFP.US,D,20230922,000000,8.505,8.505,8,8.025,2808.24,0
TFFP.US,D,20230925,000000,8,8.275,7.75,7.8,8064.28,0
TFFP.US,D,20230926,000000,8.25,8.5,7.8025,8.4075,947.48,0
TFFP.US,D,20230927,000000,7.8,8.25,7.8,8.22,841.08,0
TFFP.US,D,20230928,000000,8.22,8.9975,7.9375,8.6225,5148.88,0
TFFP.US,D,20230929,000000,8.7525,9,8,8.75,4868.72,0
TFFP.US,D,20231002,000000,8.15,8.75,6.90252,8.35,5397.28,0
TFFP.US,D,20231003,000000,8.74,8.74,8.125,8.15,1196.2,0
TFFP.US,D,20231004,000000,8.4225,9,8.3475,8.5,3279.08,0
TFFP.US,D,20231005,000000,8.495,8.75,8.1875,8.275,2219.36,0
TFFP.US,D,20231006,000000,8.0025,8.7475,7.5,8.275,2725.84,0
TFFP.US,D,20231009,000000,8.0075,8.6925,7.755,8.6925,4372.4,0
TFFP.US,D,20231010,000000,8.375,8.9,7.88,8.025,4216.16,0
TFFP.US,D,20231011,000000,8.145,9.45,8.075,9.025,4437.4,0
TFFP.US,D,20231012,000000,9.025,9.205,8.47002,8.725,1334.92,0
TFFP.US,D,20231013,000000,8.875,8.875,8.5025,8.875,545.08,0
TFFP.US,D,20231016,000000,8.75,9.9975,8.6475,9.15,4163.64,0
TFFP.US,D,20231017,000000,9.72,9.72,8.5,8.5,3279.6,0
TFFP.US,D,20231018,000000,8.5,8.7475,8.03752,8.37,9744.12,0
TFFP.US,D,20231019,000000,8.50252,8.75,8.0975,8.2375,7151.12,0
TFFP.US,D,20231020,000000,8.6375,8.6375,8.0425,8.4325,2716.4,0
TFFP.US,D,20231023,000000,8.275,8.43,8.2425,8.43,2614.12,0
TFFP.US,D,20231024,000000,8.25,8.4925,8.035,8.49,3173.44,0
TFFP.US,D,20231025,000000,8.005,8.405,7.555,7.945,4335.36,0
TFFP.US,D,20231026,000000,8.0925,8.0925,7.6,7.8775,1421.04,0
TFFP.US,D,20231027,000000,7.8775,7.9975,7.5,7.86,716.68,0
TFFP.US,D,20231030,000000,7.5,7.875,6.99745,7.0125,4833.08,0
TFFP.US,D,20231031,000000,7.4025,7.4025,6.9725,6.9725,2055.88,0
TFFP.US,D,20231101,000000,6.9275,7.05,6.5,7.05,4499.56,0
TFFP.US,D,20231102,000000,7.05,7.57,6.755,7.495,1229.68,0
TFFP.US,D,20231103,000000,7.4925,7.4925,7.19875,7.29,790.92,0
TFFP.US,D,20231106,000000,7.25,7.25,7.0025,7.025,466.56,0
TFFP.US,D,20231107,000000,7,7.005,6.25,6.6,4875.04,0
TFFP.US,D,20231108,000000,6.25,7.2475,5.2525,5.95,12524.04,0
TFFP.US,D,20231109,000000,6.2925,6.295,5.435,6.19,12186.92,0
TFFP.US,D,20231110,000000,6.005,6.125,5.2225,5.655,8554.96,0
TFFP.US,D,20231113,000000,5.75,6.0775,5.2525,5.5,11263.28,0
TFFP.US,D,20231114,000000,5.3525,6.25,5.25,5.9475,17385.8,0
TFFP.US,D,20231115,000000,5.77,6.5,5.2975,5.705,8282.92,0
TFFP.US,D,20231116,000000,5.575,5.9725,5.145,5.755,19411.56,0
TFFP.US,D,20231117,000000,5.7675,8.74498,5.7675,7.125,46815.68,0
TFFP.US,D,20231120,000000,7.25,7.8275,6.66,6.9925,26228.92,0
TFFP.US,D,20231121,000000,7,7.1375,6.51,7.025,6807.28,0
TFFP.US,D,20231122,000000,6.9275,8.1,6.7525,7.45,10633.88,0
TFFP.US,D,20231124,000000,7.72,8.0444,6.75,7.3775,5597.2,0
TFFP.US,D,20231127,000000,6.9425,7.9975,6.9425,7.625,7635.44,0
TFFP.US,D,20231128,000000,7.67,7.905,7.2525,7.575,3925.6,0
TFFP.US,D,20231129,000000,7.5,8.09,7.5,7.775,4912.44,0
TFFP.US,D,20231130,000000,8.2475,9.25,7.7525,8.97878,13146.8,0
TFFP.US,D,20231201,000000,9.2475,9.2475,8.75,9,2455.96,0
TFFP.US,D,20231204,000000,9.065,9.4975,8.875,9.4225,10964.4,0
TFFP.US,D,20231205,000000,9.7475,9.7475,9.2475,9.5,4668.68,0
TFFP.US,D,20231206,000000,9.25,9.7475,9.16125,9.2475,4067.64,0
TFFP.US,D,20231207,000000,9.7225,9.7225,8.2575,8.75,5693.04,0
TFFP.US,D,20231208,000000,9.135,9.4625,8.26525,9.06,2367.52,0
TFFP.US,D,20231211,000000,9.2475,9.495,8.3375,8.9175,4542.08,0
TFFP.US,D,20231212,000000,8.9175,9.275,8.25,8.275,4910.2,0
TFFP.US,D,20231213,000000,8.4375,9.22,8.1,8.6175,12293.56,0
TFFP.US,D,20231214,000000,9.09,9.245,8.7025,9.085,7951.6,0
TFFP.US,D,20231215,000000,7.775,7.99,6.375,7.7875,59566.8,0
TFFP.US,D,20231218,000000,7.555,9.5,7.5,8,38514.08,0
TFFP.US,D,20231219,000000,9.42,9.42,6.7982,7.31,218822,0
TFFP.US,D,20231220,000000,7.5,8.31,7.5,7.81,51151,0
TFFP.US,D,20231221,000000,7.72,7.9348,6.8001,6.81,74585,0
TFFP.US,D,20231222,000000,6.91,7.43,6.75,7.37,37076,0
TFFP.US,D,20231226,000000,7.4,7.46,6.9615,7.01,24527,0
TFFP.US,D,20231227,000000,6.92,7.0886,6.4,6.65,35555,0
TFFP.US,D,20231228,000000,6.6,7.69,6.5945,7.4692,38848,0
TFFP.US,D,20231229,000000,7.4,7.53,7.01,7.02,35709,0
TFFP.US,D,20240102,000000,7.02,7.245,6.89,6.91,11990,0
TFFP.US,D,20240103,000000,6.9,6.9,6.41,6.67,32064,0
TFFP.US,D,20240104,000000,6.67,6.67,5.9,6.02,27527,0
TFFP.US,D,20240105,000000,6.01,6.1509,5.92,5.98,9904,0
TFFP.US,D,20240108,000000,5.9,6.0699,5.6841,5.94,21792,0
TFFP.US,D,20240109,000000,6.06,6.3651,5.8801,6.23,19304,0
TFFP.US,D,20240110,000000,6.16,6.58,6,6.05,31609,0
TFFP.US,D,20240111,000000,6.1,6.105,5.68,5.75,11081,0
TFFP.US,D,20240112,000000,5.8,5.85,5.64,5.85,8578,0
TFFP.US,D,20240116,000000,5.8,5.8,5.25,5.54,11031,0
TFFP.US,D,20240117,000000,5.4284,5.51,5.25,5.33,10007,0
TFFP.US,D,20240118,000000,5.32,5.32,4.71,4.94,16891,0
TFFP.US,D,20240119,000000,4.9401,5.035,4.9401,4.99,4319,0
TFFP.US,D,20240122,000000,4.98,5,4.91,4.98,2089,0
TFFP.US,D,20240123,000000,4.84,4.99,4.55,4.78,12547,0
TFFP.US,D,20240124,000000,5,5.49,5,5.3,19510,0
TFFP.US,D,20240125,000000,5.24,5.29,5.05,5.07,6874,0
TFFP.US,D,20240126,000000,5.276,5.276,4.6323,5.0319,23232,0
TFFP.US,D,20240129,000000,5.17,5.42,5.1,5.355,9471,0
TFFP.US,D,20240130,000000,5.25,5.42,4.72,5.42,18893,0
TFFP.US,D,20240131,000000,5.4266,5.48,5.1017,5.405,4703,0
TFFP.US,D,20240201,000000,5.47,5.47,5.22,5.2349,5281,0
TFFP.US,D,20240202,000000,5.3081,5.89,5.3081,5.815,12279,0
TFFP.US,D,20240205,000000,5.44,6.13,5.41,6.13,8318,0
TFFP.US,D,20240206,000000,5.3601,6.49,5.3601,6.27,35706,0
TFFP.US,D,20240207,000000,6.3845,7.2899,6.28,7.0282,38975,0
TFFP.US,D,20240208,000000,7.1459,7.2199,6.53,7.075,15003,0
TFFP.US,D,20240209,000000,7.1255,7.2049,6.8429,7.1,6727,0
TFFP.US,D,20240212,000000,6.7437,7.36,6.7437,7.29,19663,0
TFFP.US,D,20240213,000000,6.94,7.3,6.56,6.56,26002,0
TFFP.US,D,20240214,000000,6.5903,7.0315,6.55,6.7098,8278,0
TFFP.US,D,20240215,000000,6.89,7.1,6.7107,6.74,4345,0
TFFP.US,D,20240216,000000,7.005,7.05,6.8001,6.94,4316,0
TFFP.US,D,20240220,000000,7.04,7.04,6.2601,6.52,16536,0
TFFP.US,D,20240221,000000,6.6794,6.6794,6.2891,6.62,4476,0
TFFP.US,D,20240222,000000,6.7188,6.7188,5.8216,5.9,12253,0
TFFP.US,D,20240223,000000,5.9,6,5.71,5.9017,12127,0
TFFP.US,D,20240226,000000,5.9,5.94,5.76,5.76,5574,0
TFFP.US,D,20240227,000000,6.1172,6.1172,5.23,5.26,37553,0
TFFP.US,D,20240228,000000,5.6309,6.15,5.3001,6.15,33831,0
TFFP.US,D,20240229,000000,6,6.4,6,6.13,31718,0
TFFP.US,D,20240301,000000,6.3,6.76,6.21,6.7476,29129,0
TFFP.US,D,20240304,000000,6.75,9.45,6.7,8.99,82904,0
TFFP.US,D,20240305,000000,8.09,9.78,7.8,8.62,17192,0
TFFP.US,D,20240306,000000,8.303,8.52,7.2151,8.0278,18895,0
TFFP.US,D,20240307,000000,7.96,8.45,7.938,8.238,13057,0
TFFP.US,D,20240308,000000,7.78,8.34,7.78,7.89,7593,0
TFFP.US,D,20240311,000000,7.65,8.55,7.65,8.5,7206,0
TFFP.US,D,20240312,000000,9,9.362,7.81,7.81,13601,0
TFFP.US,D,20240313,000000,8.9121,8.9121,7.81,7.81,2053,0
TFFP.US,D,20240314,000000,7.92,8.1,7.62,7.62,4910,0
TFFP.US,D,20240315,000000,7.75,7.9,7.3001,7.37,10226,0
TFFP.US,D,20240318,000000,7.75,8.02,7.6,7.6,15813,0
TFFP.US,D,20240319,000000,7.9,9.7399,7.9,8.87,68489,0
TFFP.US,D,20240320,000000,9.1,11,7.74,7.95,274071,0
TFFP.US,D,20240321,000000,7.95,8.254,7.33,8.21,51267,0
TFFP.US,D,20240322,000000,8.2,8.2,7.3,7.69,42559,0
TFFP.US,D,20240325,000000,7.7,7.99,7.04,7.4,47741,0
TFFP.US,D,20240326,000000,7.3,7.45,5.79,6.49,115717,0
TFFP.US,D,20240327,000000,6.35,6.85,5.99,6.59,37839,0
TFFP.US,D,20240328,000000,6.52,7.17,5.9035,6.04,60444,0
TFFP.US,D,20240401,000000,6.05,6.805,6.05,6.41,42903,0
TFFP.US,D,20240402,000000,6.19,6.336,4.84,4.93,168022,0
TFFP.US,D,20240403,000000,4.74,5.1495,4.74,5,37802,0
TFFP.US,D,20240404,000000,5.15,5.2727,4.61,4.83,26059,0
TFFP.US,D,20240405,000000,4.73,4.9061,4.251,4.49,43140,0
TFFP.US,D,20240408,000000,4.42,4.6122,4.22,4.26,14592,0
TFFP.US,D,20240409,000000,4.3,4.5198,4.19,4.42,18775,0
TFFP.US,D,20240410,000000,4.29,4.59,3.99,4.07,34500,0
TFFP.US,D,20240411,000000,4.26,4.37,3.92,3.96,12035,0
TFFP.US,D,20240412,000000,4.02,4.26,3.85,3.85,39581,0
TFFP.US,D,20240415,000000,3.98,4.03,3.495,3.52,32247,0
TFFP.US,D,20240416,000000,3.47,3.47,3.1992,3.31,27068,0
TFFP.US,D,20240417,000000,3.34,3.34,3.2,3.2405,21779,0
TFFP.US,D,20240418,000000,3.4654,3.4654,3,3.135,26484,0
TFFP.US,D,20240419,000000,3.12,3.415,3.11,3.11,3671,0
TFFP.US,D,20240422,000000,3.04,3.0634,2.51,2.58,47266,0
TFFP.US,D,20240423,000000,2.57,3.14,2.5445,2.97,62771,0
TFFP.US,D,20240424,000000,2.98,3.125,2.79,3.01,12712,0
TFFP.US,D,20240425,000000,2.9729,3.1,2.93,3.05,19364,0
TFFP.US,D,20240426,000000,3.02,3.1651,2.799,2.9215,34088,0
TFFP.US,D,20240429,000000,2.84,3.1752,2.65,2.71,43400,0
TFFP.US,D,20240430,000000,2.81,2.84,2.56,2.73,54781,0
TFFP.US,D,20240501,000000,2.78,2.798,2.56,2.67,46900,0
TFFP.US,D,20240502,000000,2.8292,2.83,2.45,2.47,51710,0
TFFP.US,D,20240503,000000,2.67,2.67,2.01,2.03,85519,0
TFFP.US,D,20240506,000000,2.05,2.3,1.96,2.16,76571,0
TFFP.US,D,20240507,000000,2.2,2.47,2.06,2.2,46086,0
TFFP.US,D,20240508,000000,2.18,2.2,2.05,2.09,13334,0
TFFP.US,D,20240509,000000,2.19,2.21,2.09,2.18,22244,0
TFFP.US,D,20240510,000000,2.18,2.325,1.95,1.95,27343,0
TFFP.US,D,20240513,000000,1.98,2.0399,1.54,1.81,76533,0
TFFP.US,D,20240514,000000,1.82,1.9922,1.7247,1.86,32786,0
TFFP.US,D,20240515,000000,1.9459,2.139,1.88,2.01,50164,0
TFFP.US,D,20240516,000000,1.99,2.48,1.99,2.16,154264,0
TFFP.US,D,20240517,000000,2.21,2.23,2.11,2.16,16762,0
TFFP.US,D,20240520,000000,2.12,2.29,1.925,2.29,63504,0
TFFP.US,D,20240521,000000,2.28,2.3959,2.07,2.24,50806,0
TFFP.US,D,20240522,000000,2.18,2.3,2.11,2.18,11174,0
TFFP.US,D,20240523,000000,2.17,2.37,2.02,2.04,114851,0
TFFP.US,D,20240524,000000,2.1,2.3299,2.05,2.21,29991,0
TFFP.US,D,20240528,000000,2.21,2.275,2.16,2.21,31272,0
TFFP.US,D,20240529,000000,2.22,2.2801,2.05,2.05,23982,0
TFFP.US,D,20240530,000000,2.1,2.2,2.03,2.05,23102,0
TFFP.US,D,20240531,000000,2.07,2.11,2.05,2.06,7100,0
TFFP.US,D,20240603,000000,2.05,2.13,2.0201,2.13,11363,0
TFFP.US,D,20240604,000000,2.16,2.16,2,2.04,17151,0
TFFP.US,D,20240605,000000,2.05,2.1193,1.8,1.9381,137993,0
TFFP.US,D,20240606,000000,1.8676,1.89,1.7784,1.87,44734,0
TFFP.US,D,20240607,000000,1.82,1.89,1.75,1.76,21026,0
TFFP.US,D,20240610,000000,1.8,1.89,1.78,1.85,13552,0
TFFP.US,D,20240611,000000,1.79,1.9545,1.79,1.95,34371,0
TFFP.US,D,20240612,000000,1.93,2.03,1.8,1.82,24715,0
TFFP.US,D,20240613,000000,2.0009,2.04,1.84,1.91,44491,0
TFFP.US,D,20240614,000000,1.98,2.01,1.94,1.94,12987,0
TFFP.US,D,20240617,000000,1.95,2,1.93,1.93,26547,0
TFFP.US,D,20240618,000000,1.91,1.95,1.69,1.95,53449,0
TFFP.US,D,20240620,000000,1.85,2.04,1.85,1.99,45026,0
TFFP.US,D,20240621,000000,1.93,1.9699,1.74,1.74,64960,0
TFFP.US,D,20240624,000000,1.81,2.02,1.72,1.9,92233,0
TFFP.US,D,20240625,000000,1.82,2.04,1.82,1.97,26960,0
TFFP.US,D,20240626,000000,2.01,2.01,1.73,1.73,107234,0
TFFP.US,D,20240627,000000,1.72,1.82,1.56,1.57,60651,0
TFFP.US,D,20240628,000000,1.64,1.69,1.6,1.66,8756,0
TFFP.US,D,20240701,000000,1.7,2,1.7,1.78,63410,0
TFFP.US,D,20240702,000000,1.78,1.83,1.69,1.78,20709,0
TFFP.US,D,20240703,000000,1.85,1.85,1.74,1.81,5534,0
TFFP.US,D,20240705,000000,1.72,1.77,1.6901,1.75,4208,0
TFFP.US,D,20240708,000000,1.82,1.96,1.816,1.95,23821,0
TFFP.US,D,20240709,000000,1.89,2.1,1.87,1.91,42850,0
TFFP.US,D,20240710,000000,2.1106,2.12,1.99,2.02,35139,0
TFFP.US,D,20240711,000000,1.9301,2.07,1.9301,2.04,10566,0
TFFP.US,D,20240712,000000,2.05,2.05,1.9491,2,13539,0
TFFP.US,D,20240715,000000,2.05,2.05,1.94,1.99,13522,0
TFFP.US,D,20240716,000000,1.96,2.12,1.9,1.97,30011,0
TFFP.US,D,20240717,000000,2.0054,2.06,1.935,1.935,6654,0
TFFP.US,D,20240718,000000,2.03,2.03,1.75,1.85,8051,0
TFFP.US,D,20240719,000000,1.8899,1.947,1.8899,1.89,6180,0
TFFP.US,D,20240722,000000,1.77,1.86,1.68,1.81,22638,0
TFFP.US,D,20240723,000000,1.74,1.83,1.72,1.74,9218,0
TFFP.US,D,20240724,000000,1.74,1.8599,1.7,1.7,22916,0
TFFP.US,D,20240725,000000,1.7,1.78,1.6801,1.7695,10214,0
TFFP.US,D,20240726,000000,1.79,1.91,1.7847,1.875,9812,0
TFFP.US,D,20240729,000000,1.85,1.979,1.78,1.78,6591,0
TFFP.US,D,20240730,000000,1.835,1.91,1.7708,1.9,10377,0
TFFP.US,D,20240731,000000,1.9,2.17,1.88,1.91,52892,0
TFFP.US,D,20240801,000000,1.89,1.96,1.8653,1.8653,4483,0
TFFP.US,D,20240802,000000,1.89,1.89,1.7711,1.82,3682,0
TFFP.US,D,20240805,000000,1.81,1.81,1.56,1.63,44555,0
TFFP.US,D,20240806,000000,1.71,1.8,1.58,1.6496,89182,0
TFFP.US,D,20240807,000000,1.65,1.67,1.35,1.38,83529,0
TFFP.US,D,20240808,000000,1.38,1.67,1.38,1.62,82519,0
TFFP.US,D,20240809,000000,1.62,1.915,1.62,1.76,27819,0
TFFP.US,D,20240812,000000,1.8,1.9,1.6501,1.74,41426,0
TFFP.US,D,20240813,000000,1.7288,1.9804,1.7288,1.97,23576,0
TFFP.US,D,20240814,000000,1.93,2.04,1.905,2.04,21780,0
TFFP.US,D,20240815,000000,2.03,2.0799,1.9,2.01,37493,0
TFFP.US,D,20240816,000000,1.92,2.07,1.8801,2.04,30340,0
TFFP.US,D,20240819,000000,2.03,2.3,2,2.18,48271,0
TFFP.US,D,20240820,000000,2.27,2.27,2.02,2.175,16661,0
TFFP.US,D,20240821,000000,1.9801,2.225,1.9801,2.08,22265,0
TFFP.US,D,20240822,000000,2.16,2.8,2.16,2.65,217917,0
TFFP.US,D,20240823,000000,2.67,3.1,2.03,2.23,231805,0
TFFP.US,D,20240826,000000,2.24,2.4306,2.11,2.13,80352,0
TFFP.US,D,20240827,000000,2.15,2.15,2.0301,2.12,7504,0
TFFP.US,D,20240828,000000,2.12,2.1765,1.9,2.06,24639,0
TFFP.US,D,20240829,000000,2.01,2.26,2.01,2.2,32681,0
TFFP.US,D,20240830,000000,2.28,2.2899,1.951,2.01,15424,0
TFFP.US,D,20240903,000000,1.95,2.02,1.87,1.87,4554,0
TFFP.US,D,20240904,000000,1.91,2.13,1.86,1.86,37268,0
TFFP.US,D,20240905,000000,1.92,2.12,1.87,1.96,18977,0
TFFP.US,D,20240906,000000,1.94,1.94,1.79,1.79,16561,0
TFFP.US,D,20240909,000000,1.8798,1.95,1.8095,1.95,12254,0
TFFP.US,D,20240910,000000,1.99,2.26,1.92,1.95,62019,0
TFFP.US,D,20240911,000000,2.02,2.1812,2.01,2.17,42710,0
TFFP.US,D,20240912,000000,2.14,2.3699,2.0211,2.21,47976,0
TFFP.US,D,20240913,000000,2.26,2.28,2.18,2.21,24592,0
TFFP.US,D,20240916,000000,2.3,2.66,2.14,2.19,187848,0
TFFP.US,D,20240917,000000,2.4129,2.4712,2.21,2.36,57416,0
TFFP.US,D,20240918,000000,2.3207,2.55,2.25,2.28,114976,0
TFFP.US,D,20240919,000000,2.34,2.38,2.26,2.31,24599,0
TFFP.US,D,20240920,000000,2.35,2.44,2.25,2.31,53985,0
TFFP.US,D,20240923,000000,2.304,2.304,2.01,2.01,31897,0
TFFP.US,D,20240924,000000,2.1,2.1,1.94,1.94,21443,0
TFFP.US,D,20240925,000000,1.98,1.99,1.88,1.95,14812,0
TFFP.US,D,20240926,000000,2.12,2.22,2,2.16,35900,0
TFFP.US,D,20240927,000000,2.15,2.15,1.96,2,14873,0
TFFP.US,D,20240930,000000,2,2.07,1.89,2.01,20302,0
TFFP.US,D,20241001,000000,1.99,1.99,1.69,1.8,39771,0
TFFP.US,D,20241002,000000,1.8,1.9487,1.7217,1.89,29729,0
TFFP.US,D,20241003,000000,1.865,1.87,1.775,1.87,9743,0
TFFP.US,D,20241004,000000,2.0795,2.0795,1.8101,1.87,7353,0
TFFP.US,D,20241007,000000,1.95,1.98,1.77,1.83,18023,0
TFFP.US,D,20241008,000000,1.86,2.15,1.7,2.01,38599,0
TFFP.US,D,20241009,000000,2.06,2.218,1.86,1.88,25020,0
TFFP.US,D,20241010,000000,2,2.1782,1.9,1.91,50912,0
TFFP.US,D,20241011,000000,1.99,2.36,1.95,2.27,58346,0
TFFP.US,D,20241014,000000,2.61,2.755,2.2744,2.33,94937,0
TFFP.US,D,20241015,000000,2.29,2.38,2.1,2.16,33749,0
TFFP.US,D,20241016,000000,2.2101,2.33,2,2.09,37796,0
TFFP.US,D,20241017,000000,2.06,2.2,2.06,2.06,7083,0
TFFP.US,D,20241018,000000,2.085,2.16,2.0401,2.07,13062,0
TFFP.US,D,20241021,000000,2.06,2.3499,2.04,2.3,34648,0
TFFP.US,D,20241022,000000,2.35,2.47,2.2801,2.3,15967,0
TFFP.US,D,20241023,000000,2.22,2.3716,2.22,2.3445,8532,0
TFFP.US,D,20241024,000000,2.34,2.3636,2.04,2.06,20550,0
TFFP.US,D,20241025,000000,2.17,2.47,1.87,2.37,717734,0
TFFP.US,D,20241028,000000,2.3,2.47,2.22,2.45,117443,0
TFFP.US,D,20241029,000000,2.314,2.45,2.1,2.1,47721,0
