<TICKER>,<PER>,<DATE>,<TIME>,<OPEN>,<HIGH>,<LOW>,<CLOSE>,<VOL>,<OPENINT>
TLN.US,D,20240710,000000,121,133.5,121,127.5,819100,0
TLN.US,D,20240711,000000,128.04,132.09,128,130.89,1418570,0
TLN.US,D,20240712,000000,131.62,133.3099,130.65,131.43,722353,0
TLN.US,D,20240715,000000,133.82,133.82,129.65,130.31,650816,0
TLN.US,D,20240716,000000,130.13,135.55,129.11,134.16,979430,0
TLN.US,D,20240717,000000,134,134,118.57,119.5,1210798,0
TLN.US,D,20240718,000000,123.5,127.39,118.06,120.53,703562,0
TLN.US,D,20240719,000000,120.53,125.99,119.58,123.85,300437,0
TLN.US,D,20240722,000000,124.35,127.85,122,125.68,467612,0
TLN.US,D,20240723,000000,126.79,128.45,125.7422,126.56,581313,0
TLN.US,D,20240724,000000,127.41,127.41,118.69,120.09,1442484,0
TLN.US,D,20240725,000000,118.92,120.87,105.25,109.08,2627872,0
TLN.US,D,20240726,000000,109.64,113.84,105.545,113.675,1021296,0
TLN.US,D,20240729,000000,114,117.92,106.67,110.3,852488,0
TLN.US,D,20240730,000000,111.97,116.35,108.27,110.86,1057096,0
TLN.US,D,20240731,000000,130,130.95,122.16,124.65,3517719,0
TLN.US,D,20240801,000000,124.65,125.57,117.23,121.1,1112255,0
TLN.US,D,20240802,000000,119.47,122.87,98.5,114.63,1917160,0
TLN.US,D,20240805,000000,104.47,116.92,102.71,114.22,1142092,0
TLN.US,D,20240806,000000,114.77,120.33,114.28,117.24,635226,0
TLN.US,D,20240807,000000,119,122.565,114,116.44,489627,0
TLN.US,D,20240808,000000,117.02,121.46,117,119.48,487592,0
TLN.US,D,20240809,000000,119.48,125,118.25,123.56,430839,0
TLN.US,D,20240812,000000,123.75,125.325,113.41,119.76,688088,0
TLN.US,D,20240813,000000,135,135,120.4667,126.89,1085249,0
TLN.US,D,20240814,000000,128,134.09,126,129.81,1571059,0
TLN.US,D,20240815,000000,131,139.99,130.91,135.64,976281,0
TLN.US,D,20240816,000000,136.58,139,131.96,132.96,372242,0
TLN.US,D,20240819,000000,132.96,138.15,131.31,137.65,362796,0
TLN.US,D,20240820,000000,139.51,139.51,133.02,134.25,229584,0
TLN.US,D,20240821,000000,136.67,142.19,136.56,139.01,771770,0
TLN.US,D,20240822,000000,140.05,143.83,137.92,143,557007,0
TLN.US,D,20240823,000000,144,148.88,143.47,148.8,768503,0
TLN.US,D,20240826,000000,152.18,152.18,141.07,145.02,823787,0
TLN.US,D,20240827,000000,143.16,153.85,143.16,151.86,747327,0
TLN.US,D,20240828,000000,150.3,155,145.72,148.15,738031,0
TLN.US,D,20240829,000000,148.98,151.735,144.12,146.36,484795,0
TLN.US,D,20240830,000000,145.86,150.545,145.86,149.61,590043,0
TLN.US,D,20240903,000000,147.53,149.645,137.5,138.275,849627,0
TLN.US,D,20240904,000000,138.73,145.96,138.57,142.85,830279,0
TLN.US,D,20240905,000000,152.06,152.06,140.1001,145.01,775182,0
TLN.US,D,20240906,000000,145.01,149.01,137.55,143.065,1095757,0
TLN.US,D,20240909,000000,145.63,147.66,141.03,146.12,766657,0
TLN.US,D,20240910,000000,147.24,149.35,145.0501,147.68,578307,0
TLN.US,D,20240911,000000,149.97,154.31,148.84,152.1,888707,0
TLN.US,D,20240912,000000,149.52,158.68,149.52,155.99,684605,0
TLN.US,D,20240913,000000,164.72,169.3,160.85,166.75,1278382,0
TLN.US,D,20240916,000000,170,171.75,165.41,167.59,829171,0
TLN.US,D,20240917,000000,169.47,173.23,163.845,165.87,1189031,0
TLN.US,D,20240918,000000,168.94,174.0699,166.74,171.02,2104820,0
TLN.US,D,20240919,000000,174.43,176.205,171.35,175.36,2023604,0
TLN.US,D,20240920,000000,181.22,186.608,178,184.09,6423488,0
TLN.US,D,20240923,000000,187.1,189.61,175.29,181.36,2540065,0
TLN.US,D,20240924,000000,181.19,187.27,181.19,185.32,1957483,0
TLN.US,D,20240925,000000,186.03,190.6938,181.55,190.02,1332668,0
TLN.US,D,20240926,000000,197.2,197.61,177.36,178.23,1520014,0
TLN.US,D,20240927,000000,179.81,184.18,175.76,182.22,1043015,0
TLN.US,D,20240930,000000,181.87,182.68,176,178.24,932214,0
TLN.US,D,20241001,000000,177.88,180.16,173.6401,179.01,780386,0
TLN.US,D,20241002,000000,177.28,182.85,174.44,175.93,1045827,0
TLN.US,D,20241003,000000,178.19,183.36,177.57,182.2,657320,0
TLN.US,D,20241004,000000,185.46,190.6606,182.29,190.35,866976,0
TLN.US,D,20241007,000000,190.86,192.56,174.61,178.62,1411510,0
TLN.US,D,20241008,000000,180.26,182.05,177.415,177.83,484767,0
TLN.US,D,20241009,000000,175.91,178.55,167.31,170.66,1102073,0
TLN.US,D,20241010,000000,167.01,168.74,164.4,167.89,1072965,0
TLN.US,D,20241011,000000,155.76,162.99,148.02,159.19,2200879,0
TLN.US,D,20241014,000000,159.75,167.269,158.5,166.61,986468,0
TLN.US,D,20241015,000000,168.14,168.655,160,162.08,695346,0
TLN.US,D,20241016,000000,166.1,173,163.25,171.05,1054651,0
TLN.US,D,20241017,000000,181.99,181.99,171.66,171.68,1376560,0
TLN.US,D,20241018,000000,171.56,175.88,168.66,173.97,659194,0
TLN.US,D,20241021,000000,174.45,179.6699,174.1515,179.18,908213,0
TLN.US,D,20241022,000000,178,184,176.5,181,1110896,0
TLN.US,D,20241023,000000,179,185.47,179,183.07,983393,0
TLN.US,D,20241024,000000,182.02,182.8,175.7536,177.98,995744,0
TLN.US,D,20241025,000000,181.31,183.22,177.88,181.25,484886,0
TLN.US,D,20241028,000000,182.41,187.54,182.41,186.41,638382,0
TLN.US,D,20241029,000000,185.3,186.135,178.5,181.31,720412,0
