<TICKER>,<PER>,<DATE>,<TIME>,<OPEN>,<HIGH>,<LOW>,<CLOSE>,<VOL>,<OPENINT>
TNON.US,D,20220427,000000,220.5,280,130,225,88057.4,0
TNON.US,D,20220428,000000,242.2,298.2,176.9,240.4,52210,0
TNON.US,D,20220429,000000,202.3,228,163.101,216.1,22237.8,0
TNON.US,D,20220502,000000,210,255,200.3,254.4,15064.6,0
TNON.US,D,20220503,000000,250,295,230,290,37634.7,0
TNON.US,D,20220504,000000,422.5,441.6,265,345.6,32454.4,0
TNON.US,D,20220505,000000,345.6,398,311,362.8,14789.2,0
TNON.US,D,20220506,000000,370,415,348.3,397.3,14681,0
TNON.US,D,20220509,000000,402.4,506.3,380,498,22209.6,0
TNON.US,D,20220510,000000,590,598.9,330.101,340.6,35773,0
TNON.US,D,20220511,000000,345.7,399.2,345.7,363.8,17563.9,0
TNON.US,D,20220512,000000,236.3,268,67.8,88.6,221750.7,0
TNON.US,D,20220513,000000,75,76,63.5,65.2,139046.8,0
TNON.US,D,20220516,000000,60,63.5,58,59.7,32762.8,0
TNON.US,D,20220517,000000,60,60.9,50.3,51.1,46568.9,0
TNON.US,D,20220518,000000,52,59.6,51.1,53.6,52287.6,0
TNON.US,D,20220519,000000,50.9,53.5,47.8,48,36829.2,0
TNON.US,D,20220520,000000,48.4,49.018,41.9,44.4,24782.9,0
TNON.US,D,20220523,000000,44.4,45.2,40.7,41.1,21986.5,0
TNON.US,D,20220524,000000,39,40.9,33.4,36.4,74122,0
TNON.US,D,20220525,000000,34.4,37.9,31.078,31.4,39169.3,0
TNON.US,D,20220526,000000,31.6,34.4,28.9,30,45712.4,0
TNON.US,D,20220527,000000,30.1,43.7,30.1,34.9,179252,0
TNON.US,D,20220531,000000,33.9,34.6,31.5,32.6,32144.3,0
TNON.US,D,20220601,000000,33.3,34.9,31.3,32.9,22180.8,0
TNON.US,D,20220602,000000,32.8,34.5,31.601,32,12064.7,0
TNON.US,D,20220603,000000,32.8,33.1,31,31.5,15216.8,0
TNON.US,D,20220606,000000,31.5,33.9,27.5,28.3,28306.2,0
TNON.US,D,20220607,000000,27.2,28.7,25.3,26.8,21594.5,0
TNON.US,D,20220608,000000,26,28.25,26,27.1,11288,0
TNON.US,D,20220609,000000,26.9,27,23.4,24.9,9521.7,0
TNON.US,D,20220610,000000,26.3,26.3,23.61,24.6,7856.7,0
TNON.US,D,20220613,000000,24.4,24.4,20,20.5,17069.2,0
TNON.US,D,20220614,000000,20.5,21.669,19.5,20.3,4055.9,0
TNON.US,D,20220615,000000,21,29.4,20.5,22.9,279365.5,0
TNON.US,D,20220616,000000,21.538,25,21.4,23.9,16233.2,0
TNON.US,D,20220617,000000,22.5,25,21.6,21.6,14269.5,0
TNON.US,D,20220621,000000,24.1,24.5,21.7,24,23547.2,0
TNON.US,D,20220622,000000,22.1,28.4,22.1,25.3,57633.1,0
TNON.US,D,20220623,000000,26.5,27.3,23.3,23.8,31967.3,0
TNON.US,D,20220624,000000,24,34.5,23,25.8,308918.4,0
TNON.US,D,20220627,000000,26,26.9,24.5,24.7,53655.9,0
TNON.US,D,20220628,000000,24.9,25.1,23.1,24.4,23347.6,0
TNON.US,D,20220629,000000,22.5,23.4,21.7,23,11301.3,0
TNON.US,D,20220630,000000,22.4,23,21.2,22.6,9598,0
TNON.US,D,20220701,000000,22.8,22.8,21.501,22.7,12440.8,0
TNON.US,D,20220705,000000,21,24,21,23.9,27312.8,0
TNON.US,D,20220706,000000,24.6,24.6,22.9,23.9,7688,0
TNON.US,D,20220707,000000,23.7,24.9,22.885,23.7,16244.2,0
TNON.US,D,20220708,000000,24.1,24.5,23.1,23.5,3519.2,0
TNON.US,D,20220711,000000,23.1,23.524,20.9,21.5,16796.3,0
TNON.US,D,20220712,000000,21.2,22.2,20.9,21.3,7610.6,0
TNON.US,D,20220713,000000,20.9,21.2,20,20.6,9562.6,0
TNON.US,D,20220714,000000,20.3,21.6,19.5,20.3,9351.6,0
TNON.US,D,20220715,000000,20.3,20.4,19.1,19.9,6180,0
TNON.US,D,20220718,000000,20.3,21.2,19.9,20.1,4698.3,0
TNON.US,D,20220719,000000,20.2,21.3,20.1,21,5474,0
TNON.US,D,20220720,000000,20.9,20.9,20,20.5,7645.3,0
TNON.US,D,20220721,000000,21,21.1,20,20.6,5363.4,0
TNON.US,D,20220722,000000,20.3,20.8,19.2,19.7,6812.9,0
TNON.US,D,20220725,000000,19.4,19.6,18.8,19,9168.4,0
TNON.US,D,20220726,000000,19.3,26,19.1,20.8,335239.5,0
TNON.US,D,20220727,000000,21.1,22.3,19.3,21.1,49727.7,0
TNON.US,D,20220728,000000,20.9,23.2,19.515,21.4,45537.3,0
TNON.US,D,20220729,000000,22,22.1,20.3,21.1,10794.3,0
TNON.US,D,20220801,000000,21.3,21.4,20,20.2,9976.4,0
TNON.US,D,20220802,000000,20.5,23.5,20.1,23,51770.2,0
TNON.US,D,20220803,000000,23.4,29.8,21.2,27.7,215530.1,0
TNON.US,D,20220804,000000,25.9,26.9,22.5,24.9,51134.3,0
TNON.US,D,20220805,000000,24.9,26,22.9,24.9,13166.3,0
TNON.US,D,20220808,000000,24.6,31,23.001,27.5,109418.9,0
TNON.US,D,20220809,000000,28.5,28.5,23.3,24.9,33681.6,0
TNON.US,D,20220810,000000,24.5,25.5,23.6,24.6,11181.6,0
TNON.US,D,20220811,000000,24.6,25.7,23.927,24.2,6526.3,0
TNON.US,D,20220812,000000,23.2,24.94,20.8,21.4,18258.4,0
TNON.US,D,20220815,000000,21.9,23,21.1,21.2,15806.4,0
TNON.US,D,20220816,000000,21.4,21.6,19.6,21.3,9304.7,0
TNON.US,D,20220817,000000,21.6,24.2,20.5,23.3,18195.9,0
TNON.US,D,20220818,000000,24.5,24.8,21.5,24.5,18222.5,0
TNON.US,D,20220819,000000,23.8,26.1,22.4,23.3,17456.7,0
TNON.US,D,20220822,000000,23.1,24.9,22.5,23.1,9811.7,0
TNON.US,D,20220823,000000,23.55,23.7,21.2,22,5530.8,0
TNON.US,D,20220824,000000,21.101,21.8,21.1,21.7,4772,0
TNON.US,D,20220825,000000,22,22,20.699,20.9,6775.3,0
TNON.US,D,20220826,000000,20.542,21.999,18.9,19.7,11003.9,0
TNON.US,D,20220829,000000,19.8,21.399,19.2,20.7,11160.2,0
TNON.US,D,20220830,000000,20.3,21.899,19.9,21.4,7884.6,0
TNON.US,D,20220831,000000,21.16,23.2,20,20.1,29366.9,0
TNON.US,D,20220901,000000,19.9,21.2,19.2,20.2,7178.4,0
TNON.US,D,20220902,000000,20.02,21.3,20,20.6,2409.2,0
TNON.US,D,20220906,000000,21.2,21.2,20,20.4,7852.3,0
TNON.US,D,20220907,000000,20.549,20.599,20,20.3,3198.4,0
TNON.US,D,20220908,000000,20.1,20.9,20,20.3,6885.7,0
TNON.US,D,20220909,000000,20.2,20.895,19.9,20.4,5458.3,0
TNON.US,D,20220912,000000,20.3,21,20,20.8,2490.6,0
TNON.US,D,20220913,000000,20.1,20.5,20,20.3,5882.5,0
TNON.US,D,20220914,000000,21,21,19.3,19.7,7379.1,0
TNON.US,D,20220915,000000,19.5,20.322,19.5,19.9,1692.9,0
TNON.US,D,20220916,000000,19.4,19.977,18.8,19.7,3386.5,0
TNON.US,D,20220919,000000,19.7,20.1,19,19.6,1867.1,0
TNON.US,D,20220920,000000,19,19.704,18.317,18.8,2712.6,0
TNON.US,D,20220921,000000,18.4,18.65,16.7,17.4,4649.9,0
TNON.US,D,20220922,000000,16.627,17.1,16.2,16.4,2023.6,0
TNON.US,D,20220923,000000,17.6,17.6,15.2,15.7,4561.2,0
TNON.US,D,20220926,000000,15.1,15.1,12.8,13.4,8499.6,0
TNON.US,D,20220927,000000,13.416,14.7,13.4,14.5,3926.6,0
TNON.US,D,20220928,000000,15.15,15.499,14.7,15.1,1028.2,0
TNON.US,D,20220929,000000,14.9,14.9,12.8,13.1,2104.4,0
TNON.US,D,20220930,000000,13.5,13.662,13,13.1,729.2,0
TNON.US,D,20221003,000000,14.1,14.2,12.5,12.7,1703.2,0
TNON.US,D,20221004,000000,12.7,14.15,12.7,13.1,2335.8,0
TNON.US,D,20221005,000000,14.1,15.1,12.8,13,2516.2,0
TNON.US,D,20221006,000000,13.9,13.9,12.2,12.6,862.5,0
TNON.US,D,20221007,000000,13.014,13.014,12,12.2,4307.4,0
TNON.US,D,20221010,000000,12,12.2,11.6,12,1354.5,0
TNON.US,D,20221011,000000,13,14.4,11.4,12.5,15066.2,0
TNON.US,D,20221012,000000,12.741,13.6,12.1,12.6,1872.8,0
TNON.US,D,20221013,000000,12.56,15.1,12.2,15,12481.7,0
TNON.US,D,20221014,000000,15.2,15.2,13.391,13.7,4580.2,0
TNON.US,D,20221017,000000,14.9,15.2,14.001,15.2,1544.1,0
TNON.US,D,20221018,000000,14.8,16,13.3,15.6,988,0
TNON.US,D,20221019,000000,15.8,15.8,14.6,15.2,692.8,0
TNON.US,D,20221020,000000,15.9,17,14.586,16.3,1128,0
TNON.US,D,20221021,000000,16.9,16.9,14.782,16.8,787.9,0
TNON.US,D,20221024,000000,16.2,16.8,13,16.8,385.8,0
TNON.US,D,20221025,000000,16.6,17.4,16.6,17.2,1437.6,0
TNON.US,D,20221026,000000,16.6,17.9,16.6,17.7,2630.8,0
TNON.US,D,20221027,000000,17.6,18.5,17.6,18.2,2352.9,0
TNON.US,D,20221028,000000,17.5,18.4,17.5,18.4,913.6,0
TNON.US,D,20221031,000000,18,18.3,17.7,17.8,373.2,0
TNON.US,D,20221101,000000,17.7,19.3,17.5,19.2,2685.9,0
TNON.US,D,20221102,000000,19,19.8,18.5,19.6,1141.4,0
TNON.US,D,20221103,000000,19.8,20.9,18.6,20.1,3388.4,0
TNON.US,D,20221104,000000,20.2,20.3,18.1,19.6,1311.8,0
TNON.US,D,20221107,000000,19.7,20.15,19,20,1076.8,0
TNON.US,D,20221108,000000,19.1,20,18.9,19.1,531.3,0
TNON.US,D,20221109,000000,19.1,19.2,17.2,17.3,1781.8,0
TNON.US,D,20221110,000000,19.4,19.5,18.7,19.5,1694.2,0
TNON.US,D,20221111,000000,19,22.3,19,22.3,4494,0
TNON.US,D,20221114,000000,22.4,22.65,20.102,20.4,2434.4,0
TNON.US,D,20221115,000000,19.5,23,19.5,22.7,5597.9,0
TNON.US,D,20221116,000000,19.1,23.6,19.1,22.7,2539.5,0
TNON.US,D,20221117,000000,21.147,24.499,21,23.3,4873.7,0
TNON.US,D,20221118,000000,23.5,24.8,23.35,24.4,1133.9,0
TNON.US,D,20221121,000000,24.9,31.1,24.4,29.5,19211.9,0
TNON.US,D,20221122,000000,28.3,30.1,27.6,28.2,9414.3,0
TNON.US,D,20221123,000000,26.055,28.3,24.2,24.6,5732.9,0
TNON.US,D,20221125,000000,25,25.973,22.3,23,1079.5,0
TNON.US,D,20221128,000000,22.5,22.5,18,18.2,6020.9,0
TNON.US,D,20221129,000000,18.1,19.5,18,18.1,3145.3,0
TNON.US,D,20221130,000000,18,20,18,19.1,2457.2,0
TNON.US,D,20221201,000000,18.7,20.25,18.2,18.7,1794,0
TNON.US,D,20221202,000000,20.2,20.2,18,18.5,1991.9,0
TNON.US,D,20221205,000000,18,18.45,15.7,17.4,4686.4,0
TNON.US,D,20221206,000000,16.9,17.6,16.9,17.5,691.2,0
TNON.US,D,20221207,000000,17.7,17.7,16.695,17.2,1492.2,0
TNON.US,D,20221208,000000,17,17.5,16.8,17.2,1005.7,0
TNON.US,D,20221209,000000,17.7,19.7,17.25,19.6,2612.9,0
TNON.US,D,20221212,000000,19.8,20.8,19.2,20.8,942.9,0
TNON.US,D,20221213,000000,21.5,21.5,20.1,20.8,1033.9,0
TNON.US,D,20221214,000000,21.2,21.4,20,20.3,1196,0
TNON.US,D,20221215,000000,19.7,22.9,19.7,20.5,3604.9,0
TNON.US,D,20221216,000000,20.9,21.8,18.2,18.8,11227.8,0
TNON.US,D,20221219,000000,19.5,21.5,18.201,18.5,2686.4,0
TNON.US,D,20221220,000000,18,19.3,18,18,1087.2,0
TNON.US,D,20221221,000000,18.408,18.8,18.3,18.4,597.4,0
TNON.US,D,20221222,000000,18.2,18.5,17.2,17.2,2814.3,0
TNON.US,D,20221223,000000,17.5,17.5,16.9,17.4,1945.6,0
TNON.US,D,20221227,000000,16.9,17.544,16.9,17,1837.9,0
TNON.US,D,20221228,000000,17,17.151,15.989,16.1,2760.6,0
TNON.US,D,20221229,000000,16.4,16.65,16.4,16.5,2809.9,0
TNON.US,D,20221230,000000,16.3,16.5,15.45,15.8,2159.4,0
TNON.US,D,20230103,000000,16.95,18.2,15.8,15.9,821.5,0
TNON.US,D,20230104,000000,15.6,17.55,15.5,16.2,384,0
TNON.US,D,20230105,000000,16.4,16.65,15.1,15.2,970.3,0
TNON.US,D,20230106,000000,15.1,16.1,14.6,16.1,1214,0
TNON.US,D,20230109,000000,16.65,16.85,16.1,16.1,412,0
TNON.US,D,20230110,000000,15.875,16.1,15.1,16.1,868.7,0
TNON.US,D,20230111,000000,15.5,16.096,14,14.9,1797.3,0
TNON.US,D,20230112,000000,14.75,15.7,14.75,15.6,637.4,0
TNON.US,D,20230113,000000,15.6,16,15.3,15.5,395.3,0
TNON.US,D,20230117,000000,15.8,15.8,14.8,15,567,0
TNON.US,D,20230118,000000,15.5,17.899,15.35,16.2,2384.7,0
TNON.US,D,20230119,000000,16.4,17.999,16.4,16.4,510.6,0
TNON.US,D,20230120,000000,17.4,18.69,17.052,17.7,3128.7,0
TNON.US,D,20230123,000000,17.8,17.9,15.6,17.9,834.1,0
TNON.US,D,20230124,000000,19.9,19.9,16.5,17.1,937.3,0
TNON.US,D,20230125,000000,17.3,17.3,16.75,17.3,418.5,0
TNON.US,D,20230126,000000,18.1,22,18.1,22,2172.5,0
TNON.US,D,20230127,000000,22.3,23.9,22,22.3,1248.9,0
TNON.US,D,20230130,000000,22.4,24.799,21.8,22.6,1440.8,0
TNON.US,D,20230131,000000,22.3,23.2,22.001,22.6,1323.2,0
TNON.US,D,20230201,000000,22.1,23.4,22.1,23.4,1941.3,0
TNON.US,D,20230202,000000,23.5,23.5,21.55,21.9,1850.4,0
TNON.US,D,20230203,000000,22.1,23.15,22,22.2,820,0
TNON.US,D,20230206,000000,23.1,23.1,20.988,22.5,953.6,0
TNON.US,D,20230207,000000,22.15,22.55,21.4,22.5,634.9,0
TNON.US,D,20230208,000000,21.899,21.899,20.65,21.5,955,0
TNON.US,D,20230209,000000,19.9,20.4,16.6,16.6,5594.1,0
TNON.US,D,20230210,000000,16.6,16.6,15.2,15.3,5077.5,0
TNON.US,D,20230213,000000,14.4,14.4,11,11.05,27763.3,0
TNON.US,D,20230214,000000,11.5,12.2,9.576,9.9,58456.3,0
TNON.US,D,20230215,000000,15.9,24.9,11.8,21.8,2701457.4,0
TNON.US,D,20230216,000000,19,23,17.4,22.8,212677.4,0
TNON.US,D,20230217,000000,21.1,24.7,20.2,22.7,88538.5,0
TNON.US,D,20230221,000000,22.9,25,21,25,35566.7,0
TNON.US,D,20230222,000000,23.8,27.4,23.4,24.3,29543.8,0
TNON.US,D,20230223,000000,23.8,26,23.7,24.4,18758.5,0
TNON.US,D,20230224,000000,23.5,25.3,23,23.9,21879.4,0
TNON.US,D,20230227,000000,23.5,24.5,22.001,23.8,8711.8,0
TNON.US,D,20230228,000000,23.5,24.7,21.9,23.2,14866,0
TNON.US,D,20230301,000000,22.7,23.2,21,23.2,10376.8,0
TNON.US,D,20230302,000000,22.4,23.4,20.4,20.5,6985.8,0
TNON.US,D,20230303,000000,20.7,21.8,20.5,20.5,4505,0
TNON.US,D,20230306,000000,20.9,21.2,19.15,19.7,7265.5,0
TNON.US,D,20230307,000000,19.4,20.7,19.1,19.6,3484.3,0
TNON.US,D,20230308,000000,21,23.3,20,22.7,7212,0
TNON.US,D,20230309,000000,23.3,23.3,21.333,21.5,1560.5,0
TNON.US,D,20230310,000000,23.5,26.3,20,20.2,17079.3,0
TNON.US,D,20230313,000000,19.8,22.9,19.6,22.8,2346.5,0
TNON.US,D,20230314,000000,22.3,26.6,22.3,25.8,14997.4,0
TNON.US,D,20230315,000000,25.3,25.7,23.4,25.5,2631,0
TNON.US,D,20230316,000000,25,26.4,25,26.1,4466.5,0
TNON.US,D,20230317,000000,25,25.55,21.4,21.4,10908.5,0
TNON.US,D,20230320,000000,23.1,23.1,18.55,19.1,6159.9,0
TNON.US,D,20230321,000000,19.8,20.7,19.3,19.8,2819.9,0
TNON.US,D,20230322,000000,19.3,20.3,18.991,19.7,1863,0
TNON.US,D,20230323,000000,20.2,20.4,18.8,19.5,1406.9,0
TNON.US,D,20230324,000000,20.3,20.3,18.7,18.9,2071.6,0
TNON.US,D,20230327,000000,19.3,20.4,18.7,19,1573.6,0
TNON.US,D,20230328,000000,19.2,19.2,17,17.4,5690.8,0
TNON.US,D,20230329,000000,17.4,18.6,17.101,18.6,1637.4,0
TNON.US,D,20230330,000000,18.5,18.9,17.7,18,2830.3,0
TNON.US,D,20230331,000000,17.9,17.9,17.2,17.7,2423.2,0
TNON.US,D,20230403,000000,17.8,18.9,17.2,17.7,1437.4,0
TNON.US,D,20230404,000000,16.6,18.4,16.52,17,2286.7,0
TNON.US,D,20230405,000000,17.2,17.8,15.4,16,1248.9,0
TNON.US,D,20230406,000000,16.2,16.7,15.15,16.6,581.4,0
TNON.US,D,20230410,000000,17.1,17.55,16.25,16.6,1164.9,0
TNON.US,D,20230411,000000,17,18,17,17.3,280.3,0
TNON.US,D,20230412,000000,17.3,17.94,17,17.1,692.4,0
TNON.US,D,20230413,000000,17.1,19.2,16.3,17.3,4797.7,0
TNON.US,D,20230414,000000,17.7,17.7,16.2,16.4,750.9,0
TNON.US,D,20230417,000000,16.5,20,16.299,19.3,7166.9,0
TNON.US,D,20230418,000000,19.3,21.5,17.2,18,6748.7,0
TNON.US,D,20230419,000000,18,18,17.101,17.8,249.2,0
TNON.US,D,20230420,000000,17.8,18.4,16.501,18.4,742.7,0
TNON.US,D,20230421,000000,17.5,18.9,17.3,18.6,997.9,0
TNON.US,D,20230424,000000,18.2,19.6,18.2,19.1,1587.2,0
TNON.US,D,20230425,000000,19.1,20,18.1,18.5,1983.3,0
TNON.US,D,20230426,000000,18.9,20,18.25,19.5,2378,0
TNON.US,D,20230427,000000,19.8,23,17.6,18.2,19809.3,0
TNON.US,D,20230428,000000,17.7,19,17.095,18.5,1996.3,0
TNON.US,D,20230501,000000,19,19,18.134,18.8,858.8,0
TNON.US,D,20230502,000000,18.3,19.1,18.116,18.3,638.3,0
TNON.US,D,20230503,000000,18.5,18.7,18,18.4,869.2,0
TNON.US,D,20230504,000000,18.4,19.2,18.1,18.9,860.2,0
TNON.US,D,20230505,000000,19.5,19.5,17.6,18.1,1557.9,0
TNON.US,D,20230508,000000,17.7,20.4,17.7,18.7,2867.2,0
TNON.US,D,20230509,000000,18.5,20.05,17.95,19,1295.3,0
TNON.US,D,20230510,000000,19.1,19.1,18.2,18.8,1228.2,0
TNON.US,D,20230511,000000,18.9,19,18.1,18.2,2423.6,0
TNON.US,D,20230512,000000,19.6,20.19,17.7,17.7,1676.5,0
TNON.US,D,20230515,000000,18.85,18.85,17.5,18,2509.3,0
TNON.US,D,20230516,000000,17.65,17.792,16.924,17,1057.4,0
TNON.US,D,20230517,000000,17.4,17.6,16.6,17.2,932.8,0
TNON.US,D,20230518,000000,18.6,18.6,17.3,17.9,1880.1,0
TNON.US,D,20230519,000000,18,18,16.6,17.5,1530.3,0
TNON.US,D,20230522,000000,17.3,17.3,16,16.2,6469.9,0
TNON.US,D,20230523,000000,12.5,14,12.5,12.7,16944.8,0
TNON.US,D,20230524,000000,13.4,13.4,12.4,12.5,4494.9,0
TNON.US,D,20230525,000000,12.6,12.6,11.5,11.5,2668.5,0
TNON.US,D,20230526,000000,11.5,11.652,10.1,11.3,6673.2,0
TNON.US,D,20230530,000000,11.4,11.799,11.15,11.7,944.3,0
TNON.US,D,20230531,000000,11.001,11.7,11.001,11.6,1539.3,0
TNON.US,D,20230601,000000,11.4,11.6,10.6,11,2305.8,0
TNON.US,D,20230602,000000,10.9,10.901,10.5,10.7,2508.3,0
TNON.US,D,20230605,000000,10.4,10.996,10.2,10.2,2147.4,0
TNON.US,D,20230606,000000,11.5,13.7,9.001,9.11,46056.7,0
TNON.US,D,20230607,000000,9.2,9.912,8.006,8.397,13444.1,0
TNON.US,D,20230608,000000,8.401,9.49899,8.4,8.722,4736.7,0
TNON.US,D,20230609,000000,8.463,8.499,7.714,8.001,9433.6,0
TNON.US,D,20230612,000000,7.8,7.904,7.601,7.801,4363.8,0
TNON.US,D,20230613,000000,7.498,7.6,6.001,6.201,43652.9,0
TNON.US,D,20230614,000000,2.6,3.098,2.498,2.92,1061930,0
TNON.US,D,20230615,000000,3.1,3.386,2.764,3.386,876928.5,0
TNON.US,D,20230616,000000,3.286,3.286,3,3.1,168999.7,0
TNON.US,D,20230620,000000,3.1,3.1,2.695,2.895,146534.3,0
TNON.US,D,20230621,000000,2.713,3.263,2.557,3.224,200050.6,0
TNON.US,D,20230622,000000,3.09,3.09,2.8,2.977,47210.9,0
TNON.US,D,20230623,000000,2.888,3.173,2.8,3.173,195767.4,0
TNON.US,D,20230626,000000,3.001,3.233,2.9,2.936,37156.2,0
TNON.US,D,20230627,000000,3.086,3.09,2.726,2.88,48136.4,0
TNON.US,D,20230628,000000,2.8231,2.9295,2.73,2.8,37009.3,0
TNON.US,D,20230629,000000,2.85,2.855,2.726,2.85,32488.4,0
TNON.US,D,20230630,000000,2.765,2.897,2.73,2.752,21428,0
TNON.US,D,20230703,000000,2.908,3.2,2.839,3.09,172308.7,0
TNON.US,D,20230705,000000,3.05,3.08,2.89,2.901,45738.2,0
TNON.US,D,20230706,000000,2.843,2.992,2.815,2.89,25204.5,0
TNON.US,D,20230707,000000,2.89,2.98799,2.82,2.889,24835.7,0
TNON.US,D,20230710,000000,2.805,3.2,2.805,2.99,102575.5,0
TNON.US,D,20230711,000000,3,3.095,2.93,2.981,42478.7,0
TNON.US,D,20230712,000000,2.981,3.3,2.9095,3.05,42358.7,0
TNON.US,D,20230713,000000,3.124,3.305,3.051,3.25,106711.7,0
TNON.US,D,20230714,000000,3.29,3.339,3.021,3.03,37417.7,0
TNON.US,D,20230717,000000,3.1,3.15,2.9,2.9,31580.5,0
TNON.US,D,20230718,000000,3,3.25,2.963,3,49045.2,0
TNON.US,D,20230719,000000,3,3.096,2.948,3.049,21154.7,0
TNON.US,D,20230720,000000,3.002,3.1,2.977,3.051,14959.9,0
TNON.US,D,20230721,000000,3.02,3.2,3.013,3.107,14685.8,0
TNON.US,D,20230724,000000,3.1,3.1,2.911,2.911,22730.9,0
TNON.US,D,20230725,000000,2.99,2.99,2.8,2.88,25163.3,0
TNON.US,D,20230726,000000,2.9,2.979,2.882,2.97,24250.1,0
TNON.US,D,20230727,000000,2.961,2.999,2.81,2.82,16699.5,0
TNON.US,D,20230728,000000,2.8,2.97,2.8,2.9,17633.4,0
TNON.US,D,20230731,000000,2.813,3.049,2.8,3.042,71214.1,0
TNON.US,D,20230801,000000,3.043,3.17,2.99,3.05,30391.3,0
TNON.US,D,20230802,000000,2.983,3.09,2.91,2.966,10453.9,0
TNON.US,D,20230803,000000,3,3.099,2.85,2.942,37655.5,0
TNON.US,D,20230804,000000,3.086,3.09,2.9,3.05,16496.1,0
TNON.US,D,20230807,000000,3.09,3.09,2.9,2.91,8691.4,0
TNON.US,D,20230808,000000,2.9,3.098,2.9,2.901,233072.1,0
TNON.US,D,20230809,000000,2.8,2.841,2.351,2.381,99911,0
TNON.US,D,20230810,000000,2.485,2.6,2.35,2.351,36153.9,0
TNON.US,D,20230811,000000,2.5,2.592,2.3,2.5,37470.8,0
TNON.US,D,20230814,000000,2.5,2.58,2.25,2.42,31155.8,0
TNON.US,D,20230815,000000,2.347,2.45,2.012,2.1,47789.7,0
TNON.US,D,20230816,000000,2.1,2.2,2.013,2.02,36200.3,0
TNON.US,D,20230817,000000,2.08,2.28,2.023,2.2,34346.9,0
TNON.US,D,20230818,000000,2.1,2.4,2.1,2.4,21355.7,0
TNON.US,D,20230821,000000,2.45,2.526,2.35,2.50401,29854,0
TNON.US,D,20230822,000000,2.41,2.689,2.41,2.685,95179.7,0
TNON.US,D,20230823,000000,2.66,2.75,2.61,2.749,29672,0
TNON.US,D,20230824,000000,2.599,2.89,2.599,2.85,20222.9,0
TNON.US,D,20230825,000000,2.9,2.9,2.338,2.778,23258.6,0
TNON.US,D,20230828,000000,2.896,2.939,2.606,2.8,24872.7,0
TNON.US,D,20230829,000000,2.8,2.8,2.6,2.77,8217,0
TNON.US,D,20230830,000000,2.8,2.898,2.65,2.8,24241.5,0
TNON.US,D,20230831,000000,2.8,2.85,2.7,2.85,15679.2,0
TNON.US,D,20230901,000000,2.8,2.967,2.715,2.805,11563.1,0
TNON.US,D,20230905,000000,2.804,2.988,2.505,2.9,23514.9,0
TNON.US,D,20230906,000000,2.97,2.97,2.597,2.73,9445.8,0
TNON.US,D,20230907,000000,2.849,2.849,2.596,2.66,6745.8,0
TNON.US,D,20230908,000000,2.661,2.787,2.46,2.627,55610.6,0
TNON.US,D,20230911,000000,1.864,1.889,1.434,1.438,471074.4,0
TNON.US,D,20230912,000000,2.389,3,1.811,1.811,5438953.8,0
TNON.US,D,20230913,000000,2,2.08,1.71013,2,671675.7,0
TNON.US,D,20230914,000000,1.879,1.989,1.701,1.989,184501.2,0
TNON.US,D,20230915,000000,1.88,1.929,1.748,1.9,130305.7,0
TNON.US,D,20230918,000000,1.79,1.848,1.72,1.8,65538.7,0
TNON.US,D,20230919,000000,1.746,1.8,1.655,1.761,59632.7,0
TNON.US,D,20230920,000000,1.8,1.843,1.569,1.6,46791.9,0
TNON.US,D,20230921,000000,1.648,1.648,1.5,1.53,44915.6,0
TNON.US,D,20230922,000000,1.6,1.6,1.532,1.59,28122.4,0
TNON.US,D,20230925,000000,1.5,1.591,1.5,1.53,30607.2,0
TNON.US,D,20230926,000000,1.532,1.549,1.498,1.54,26392.1,0
TNON.US,D,20230927,000000,1.529,1.57,1.5,1.553,20193,0
TNON.US,D,20230928,000000,1.50201,1.6,1.502,1.55,28340.7,0
TNON.US,D,20230929,000000,1.596,1.596,1.544,1.554,29506.8,0
TNON.US,D,20231002,000000,1.6,1.6,1.454,1.5,31634.2,0
TNON.US,D,20231003,000000,1.5,1.59,1.45,1.58,23792.1,0
TNON.US,D,20231004,000000,1.588,1.588,1.479,1.55,17341.7,0
TNON.US,D,20231005,000000,1.494,1.56,1.474,1.49,6559.7,0
TNON.US,D,20231006,000000,1.445,1.58,1.445,1.525,49641.5,0
TNON.US,D,20231009,000000,1.48,1.56099,1.451,1.52,12865.7,0
TNON.US,D,20231010,000000,1.43,1.519,1.43,1.515,11808.9,0
TNON.US,D,20231011,000000,1.47,1.7,1.465,1.58,94193.4,0
TNON.US,D,20231012,000000,1.688,1.688,1.53,1.6,41788.7,0
TNON.US,D,20231013,000000,1.67,1.679,1.568,1.64,77239.8,0
TNON.US,D,20231016,000000,1.797,1.797,1.6,1.638,44409.6,0
TNON.US,D,20231017,000000,1.65,1.674,1.56,1.611,22631.2,0
TNON.US,D,20231018,000000,1.605,1.655,1.46,1.51,43384.4,0
TNON.US,D,20231019,000000,1.487,1.52,1.42,1.495,36599.7,0
TNON.US,D,20231020,000000,1.484,1.499,1.43,1.47,11198.4,0
TNON.US,D,20231023,000000,1.433,1.48,1.376,1.4625,23983.5,0
TNON.US,D,20231024,000000,1.415,1.54,1.381,1.401,37734.4,0
TNON.US,D,20231025,000000,1.368,1.402,1.31,1.32,24093.4,0
TNON.US,D,20231026,000000,1.31,1.42,1.31,1.359,57265.3,0
TNON.US,D,20231027,000000,1.4,1.42,1.31,1.321,18029.5,0
TNON.US,D,20231030,000000,1.32584,1.4,1.315,1.36,10585.9,0
TNON.US,D,20231031,000000,1.33,1.393,1.31,1.393,22258.7,0
TNON.US,D,20231101,000000,1.392,1.416,0.768,0.851,197628.7,0
TNON.US,D,20231102,000000,0.9,0.9399,0.82,0.85,104171,0
TNON.US,D,20231103,000000,1.43,1.48,1.06,1.27,40977152,0
TNON.US,D,20231106,000000,1.24,2.49,1.16,2,30477116,0
TNON.US,D,20231107,000000,1.81,2.77,1.8,2.37,12107633,0
TNON.US,D,20231108,000000,2.48,4.7,2.36,3.55,35284372,0
TNON.US,D,20231109,000000,3.44,3.51,2.53,2.99,3184110,0
TNON.US,D,20231110,000000,3.11,3.24,2.38,2.41,1632158,0
TNON.US,D,20231113,000000,2.57,3.5,2.5,3.05,2357553,0
TNON.US,D,20231114,000000,3.12,3.5,2.85,3.14,1559317,0
TNON.US,D,20231115,000000,3.09,3.09,2.71,2.75,518473,0
TNON.US,D,20231116,000000,2.79,2.79,2.34,2.46,262977,0
TNON.US,D,20231117,000000,2.44,2.455,1.8,1.99,521808,0
TNON.US,D,20231120,000000,1.91,2.17,1.89,1.94,213353,0
TNON.US,D,20231121,000000,2.04,2.21,1.93,2.08,285773,0
TNON.US,D,20231122,000000,2.12,2.2,1.96,2.02,183132,0
TNON.US,D,20231124,000000,2,2.1,1.9739,2,47524,0
TNON.US,D,20231127,000000,2,2.0757,1.94,1.96,54569,0
TNON.US,D,20231128,000000,1.9,1.9899,1.7701,1.91,128989,0
TNON.US,D,20231129,000000,1.92,1.98,1.8,1.875,57213,0
TNON.US,D,20231130,000000,1.87,1.97,1.82,1.95,43175,0
TNON.US,D,20231201,000000,1.98,2.5,1.9,2.14,373997,0
TNON.US,D,20231204,000000,2.2,2.25,1.83,1.97,170783,0
TNON.US,D,20231205,000000,1.97,1.9797,1.93,1.97,23144,0
TNON.US,D,20231206,000000,1.91,1.95,1.77,1.85,85188,0
TNON.US,D,20231207,000000,1.76,1.82,1.63,1.66,75907,0
TNON.US,D,20231208,000000,1.62,1.7,1.575,1.6,48064,0
TNON.US,D,20231211,000000,1.56,1.59,1.37,1.37,52436,0
TNON.US,D,20231212,000000,1.51,1.51,1.36,1.41,49748,0
TNON.US,D,20231213,000000,1.44,1.46,1.24,1.29,98574,0
TNON.US,D,20231214,000000,1.26,1.4,1.26,1.36,33780,0
TNON.US,D,20231215,000000,1.33,1.3765,1.14,1.19,57760,0
TNON.US,D,20231218,000000,1.3,1.3,1.2,1.25,25893,0
TNON.US,D,20231219,000000,1.23,1.4,1.23,1.37,80544,0
TNON.US,D,20231220,000000,1.33,1.38,1.22,1.27,38648,0
TNON.US,D,20231221,000000,1.27,1.94,1.27,1.85,273440,0
TNON.US,D,20231222,000000,1.8,2.1491,1.78,1.81,170738,0
TNON.US,D,20231226,000000,1.81,1.82,1.63,1.65,42533,0
TNON.US,D,20231227,000000,1.65,1.65,1.5026,1.55,34495,0
TNON.US,D,20231228,000000,1.66,1.76,1.57,1.68,37398,0
TNON.US,D,20231229,000000,1.655,1.71,1.58,1.58,14151,0
TNON.US,D,20240102,000000,1.56,1.7212,1.55,1.55,24733,0
TNON.US,D,20240103,000000,1.55,1.62,1.48,1.58,29638,0
TNON.US,D,20240104,000000,1.44,1.59,1.44,1.47,23881,0
TNON.US,D,20240105,000000,1.47,1.65,1.47,1.6,9785,0
TNON.US,D,20240108,000000,1.59,1.5962,1.4967,1.52,19674,0
TNON.US,D,20240109,000000,1.519,1.5825,1.48,1.55,5526,0
TNON.US,D,20240110,000000,1.56,1.58,1.48,1.55,7577,0
TNON.US,D,20240111,000000,1.47,1.6199,1.47,1.5,30037,0
TNON.US,D,20240112,000000,1.58,1.58,1.5,1.57,9079,0
TNON.US,D,20240116,000000,1.54,1.58,1.52,1.58,2545,0
TNON.US,D,20240117,000000,1.62,1.62,1.49,1.49,7825,0
TNON.US,D,20240118,000000,1.55,1.5799,1.4309,1.47,16957,0
TNON.US,D,20240119,000000,1.45,1.4875,1.36,1.37,10861,0
TNON.US,D,20240122,000000,1.44,1.44,1.37,1.38,25509,0
TNON.US,D,20240123,000000,1.38,1.43,1.3213,1.36,18142,0
TNON.US,D,20240124,000000,1.33,1.37,1.32,1.37,2954,0
TNON.US,D,20240125,000000,1.32,1.42,1.19,1.33,16020,0
TNON.US,D,20240126,000000,1.32,1.32,1.22,1.268,3156,0
TNON.US,D,20240129,000000,1.22,1.39,1.18,1.25,5826,0
TNON.US,D,20240130,000000,1.27,1.3,1.21,1.23,5684,0
TNON.US,D,20240131,000000,1.2,1.3,1.19,1.28,39094,0
TNON.US,D,20240201,000000,1.24,1.28,1.22,1.23,1504,0
TNON.US,D,20240202,000000,1.23,1.2696,1.1521,1.16,18401,0
TNON.US,D,20240205,000000,1.15,1.21,1.15,1.16,7816,0
TNON.US,D,20240206,000000,1.15,1.2799,1.15,1.15,18447,0
TNON.US,D,20240207,000000,1.23,1.2562,1.15,1.21,9594,0
TNON.US,D,20240208,000000,1.12,1.18,1.1,1.13,6710,0
TNON.US,D,20240209,000000,1.129,1.2114,1.1,1.1,8507,0
TNON.US,D,20240212,000000,1.15,1.159,1.05,1.1465,24432,0
TNON.US,D,20240213,000000,1.14,1.15,1.1001,1.11,25822,0
TNON.US,D,20240214,000000,1.08,1.68,1.08,1.3,884946,0
TNON.US,D,20240215,000000,1.17,1.369,1.1501,1.27,87734,0
TNON.US,D,20240216,000000,1.25,1.46,1.2,1.22,206852,0
TNON.US,D,20240220,000000,1.27,1.29,1.08,1.0801,43767,0
TNON.US,D,20240221,000000,1.12,1.15,1.07,1.13,23680,0
TNON.US,D,20240222,000000,1.07,1.16,1.06,1.08,23169,0
TNON.US,D,20240223,000000,1.07,1.1175,1.0118,1.03,19934,0
TNON.US,D,20240226,000000,1.02,1.2156,1.02,1.12,29637,0
TNON.US,D,20240227,000000,1.1,1.185,1.0571,1.06,16205,0
TNON.US,D,20240228,000000,1.1,1.43,1.1,1.25,110199,0
TNON.US,D,20240229,000000,1.22,1.3011,1.09,1.12,17825,0
TNON.US,D,20240301,000000,1.21,1.25,1.1701,1.25,9265,0
TNON.US,D,20240304,000000,1.21,1.28,1.17,1.17,23801,0
TNON.US,D,20240305,000000,1.26,1.26,1.1745,1.25,8393,0
TNON.US,D,20240306,000000,1.21,1.2899,1.2,1.21,16838,0
TNON.US,D,20240307,000000,1.3,1.3985,1.12,1.31,60075,0
TNON.US,D,20240308,000000,1.29,1.38,1.2551,1.33,19610,0
TNON.US,D,20240311,000000,1.33,1.589,1.3,1.43,53779,0
TNON.US,D,20240312,000000,1.41,1.52,1.37,1.45,601088,0
TNON.US,D,20240313,000000,1.62,1.71,1.11,1.12,11961051,0
TNON.US,D,20240314,000000,1.05,1.22,1.04,1.14,467728,0
TNON.US,D,20240315,000000,1.06,1.15,1.05,1.14,225157,0
TNON.US,D,20240318,000000,1.07,1.14,1.002,1.08,149802,0
TNON.US,D,20240319,000000,1.06,1.08,0.9,1,158370,0
TNON.US,D,20240320,000000,1,1.04,0.95,1.03,68308,0
TNON.US,D,20240321,000000,1,1.07,1,1.05,53175,0
TNON.US,D,20240322,000000,1.03,1.04,1,1.03,20673,0
TNON.US,D,20240325,000000,1.03,1.03,0.98,0.985,66506,0
TNON.US,D,20240326,000000,1.01,1.03,0.915,0.955,215813,0
TNON.US,D,20240327,000000,0.97,0.97,0.8306,0.9002,102353,0
TNON.US,D,20240328,000000,0.9,0.95,0.9,0.95,43642,0
TNON.US,D,20240401,000000,0.95,0.95,0.913006,0.93,15415,0
TNON.US,D,20240402,000000,0.95,0.988,0.91,0.952,61539,0
TNON.US,D,20240403,000000,0.9485,0.9578,0.91,0.95,13407,0
TNON.US,D,20240404,000000,0.97,0.97,0.91,0.9113,15713,0
TNON.US,D,20240405,000000,0.9484,0.9484,0.9011,0.93,21872,0
TNON.US,D,20240408,000000,0.94,0.94749,0.8659,0.8659,96802,0
TNON.US,D,20240409,000000,0.8898,0.916,0.87,0.9004,27393,0
TNON.US,D,20240410,000000,0.89,0.893,0.8501,0.893,33706,0
TNON.US,D,20240411,000000,0.91,0.91,0.87,0.871,21653,0
TNON.US,D,20240412,000000,0.91,0.91,0.8,0.801,42286,0
TNON.US,D,20240415,000000,0.8,0.821,0.71,0.726,39359,0
TNON.US,D,20240416,000000,0.72,0.8998,0.72,0.7891,29703,0
TNON.US,D,20240417,000000,0.753,0.85,0.74,0.77,8565,0
TNON.US,D,20240418,000000,0.77,0.8,0.75,0.75,9688,0
TNON.US,D,20240419,000000,0.739,0.8,0.7226,0.7331,30948,0
TNON.US,D,20240422,000000,0.7728,0.78,0.74,0.74,19813,0
TNON.US,D,20240423,000000,0.71,0.7401,0.71,0.7101,19334,0
TNON.US,D,20240424,000000,0.7324,0.7649,0.72,0.7646,8015,0
TNON.US,D,20240425,000000,0.7501,0.76,0.729,0.73,10777,0
TNON.US,D,20240426,000000,0.75,0.76,0.7101,0.751563,28678,0
TNON.US,D,20240429,000000,0.741,0.77,0.73,0.737,8505,0
TNON.US,D,20240430,000000,0.722,0.78,0.722,0.755,14373,0
TNON.US,D,20240501,000000,0.76,0.7794,0.7599,0.7794,14742,0
TNON.US,D,20240502,000000,0.8,0.82,0.7601,0.8101,24342,0
TNON.US,D,20240503,000000,0.8198,0.87,0.8101,0.85,16541,0
TNON.US,D,20240506,000000,0.85,0.8675,0.83,0.841,16310,0
TNON.US,D,20240507,000000,0.84,0.895,0.84,0.85,11330,0
TNON.US,D,20240508,000000,0.85,0.87,0.8425,0.86,13110,0
TNON.US,D,20240509,000000,0.8,0.85,0.8,0.84,7688,0
TNON.US,D,20240510,000000,0.84,0.9,0.84,0.889,30629,0
TNON.US,D,20240513,000000,0.8483,0.92,0.82,0.8785,52127,0
TNON.US,D,20240514,000000,0.9,0.98,0.9,0.9798,72228,0
TNON.US,D,20240515,000000,0.9,0.9199,0.78,0.87,44377,0
TNON.US,D,20240516,000000,0.86,0.91746,0.86,0.875,8720,0
TNON.US,D,20240517,000000,0.8701,0.8924,0.7321,0.8535,16999,0
TNON.US,D,20240520,000000,0.787,0.877,0.77,0.799899,23875,0
TNON.US,D,20240521,000000,0.779,0.789999,0.7,0.757,36869,0
TNON.US,D,20240522,000000,0.74,0.756999,0.73,0.74845,8914,0
TNON.US,D,20240523,000000,0.7008,0.7485,0.7008,0.748299,21680,0
TNON.US,D,20240524,000000,0.7484,0.7484,0.7279,0.7432,6375,0
TNON.US,D,20240528,000000,0.7434,0.7434,0.7,0.7201,28610,0
TNON.US,D,20240529,000000,0.71,0.7455,0.69,0.720001,27565,0
TNON.US,D,20240530,000000,0.711,0.73,0.695,0.7013,25077,0
TNON.US,D,20240531,000000,0.7013,0.7325,0.7013,0.7013,4595,0
TNON.US,D,20240603,000000,0.7013,0.7125,0.6925,0.70495,7230,0
TNON.US,D,20240604,000000,0.6507,0.7049,0.6503,0.6987,9373,0
TNON.US,D,20240605,000000,0.7,0.7099,0.660001,0.6931,13252,0
TNON.US,D,20240606,000000,0.6802,0.72,0.5599,0.6616,49913,0
TNON.US,D,20240607,000000,0.69,0.69,0.6003,0.64,9558,0
TNON.US,D,20240610,000000,0.68,0.68,0.64,0.644,13656,0
TNON.US,D,20240611,000000,0.63,0.69,0.61,0.66,22615,0
TNON.US,D,20240612,000000,0.65,0.6732,0.64,0.64,11264,0
TNON.US,D,20240613,000000,0.67,0.67,0.61,0.615,18318,0
TNON.US,D,20240614,000000,0.62,0.63,0.619999,0.619999,6116,0
TNON.US,D,20240617,000000,0.61,0.635,0.5917,0.6207,15491,0
TNON.US,D,20240618,000000,0.63,0.63,0.5799,0.5907,20008,0
TNON.US,D,20240620,000000,0.619,0.619,0.5611,0.58,18580,0
TNON.US,D,20240621,000000,0.5699,0.57,0.551,0.57,33838,0
TNON.US,D,20240624,000000,0.5601,0.5605,0.55,0.5605,12436,0
TNON.US,D,20240625,000000,0.587,0.6105,0.56,0.599,30588,0
TNON.US,D,20240626,000000,0.625001,0.625001,0.601,0.610001,4523,0
TNON.US,D,20240627,000000,0.62,0.62,0.61,0.61,8284,0
TNON.US,D,20240628,000000,0.61,0.61,0.6,0.61,53194,0
TNON.US,D,20240701,000000,0.637,0.7373,0.61,0.7201,63623,0
TNON.US,D,20240702,000000,0.735,0.745,0.6778,0.7084,35563,0
TNON.US,D,20240703,000000,0.705,0.79,0.6908,0.7549,78134,0
TNON.US,D,20240705,000000,0.75,0.77,0.74,0.744951,11135,0
TNON.US,D,20240708,000000,0.78,0.78,0.7451,0.759999,31764,0
TNON.US,D,20240709,000000,0.785,0.785,0.75,0.779,8559,0
TNON.US,D,20240710,000000,0.7868,0.7868,0.76,0.76,13270,0
TNON.US,D,20240711,000000,0.72,0.7932,0.72,0.755,54699,0
TNON.US,D,20240712,000000,0.755,0.8,0.735,0.7714,284629,0
TNON.US,D,20240715,000000,0.713,0.7499,0.69,0.7348,31453,0
TNON.US,D,20240716,000000,0.72,0.724999,0.7001,0.7131,11523,0
TNON.US,D,20240717,000000,0.739,0.74,0.663,0.663,46534,0
TNON.US,D,20240718,000000,0.6825,0.6999,0.6455,0.6456,18460,0
TNON.US,D,20240719,000000,0.65,0.6665,0.65,0.651,3406,0
TNON.US,D,20240722,000000,0.669,0.669,0.635,0.6352,10443,0
TNON.US,D,20240723,000000,0.667899,0.668,0.65,0.65,8214,0
TNON.US,D,20240724,000000,0.641,0.649,0.585,0.63,55656,0
TNON.US,D,20240725,000000,0.63,0.635,0.592499,0.6155,74093,0
TNON.US,D,20240726,000000,0.6155,0.6499,0.5919,0.6379,48965,0
TNON.US,D,20240729,000000,0.6399,0.6399,0.55,0.5769,53386,0
TNON.US,D,20240730,000000,0.6,0.6,0.57,0.5894,74729,0
TNON.US,D,20240731,000000,0.5801,0.6,0.56,0.5845,140584,0
TNON.US,D,20240801,000000,0.5726,0.59,0.557001,0.5728,19784,0
TNON.US,D,20240802,000000,0.557,0.59,0.557,0.5639,39088,0
TNON.US,D,20240805,000000,0.549,0.56,0.53,0.5418,31117,0
TNON.US,D,20240806,000000,0.5418,0.569,0.5418,0.569,3034,0
TNON.US,D,20240807,000000,0.55,0.58,0.533,0.5469,18718,0
TNON.US,D,20240808,000000,0.55,0.5941,0.540501,0.5941,89899,0
TNON.US,D,20240809,000000,0.56,0.5898,0.522,0.5898,22816,0
TNON.US,D,20240812,000000,0.56,0.5988,0.56,0.59,19861,0
TNON.US,D,20240813,000000,0.63,0.63,0.56962,0.585,54019,0
TNON.US,D,20240814,000000,0.5405,0.5699,0.35,0.465,155725,0
TNON.US,D,20240815,000000,0.4836,0.4836,0.45,0.452,13351,0
TNON.US,D,20240816,000000,0.459999,0.459999,0.4219,0.4361,8745,0
TNON.US,D,20240819,000000,0.4355,0.449899,0.4343,0.4393,26265,0
TNON.US,D,20240820,000000,0.44,0.5,0.44,0.4769,63182,0
TNON.US,D,20240821,000000,0.467,0.5,0.46,0.5,49197,0
TNON.US,D,20240822,000000,0.52,0.57,0.5001,0.535,50271,0
TNON.US,D,20240823,000000,0.5385,0.56205,0.5036,0.54,42788,0
TNON.US,D,20240826,000000,0.565,0.565,0.49,0.519999,21454,0
TNON.US,D,20240827,000000,0.52,0.5489,0.52,0.5489,5846,0
TNON.US,D,20240828,000000,0.48,0.52,0.48,0.51,24610,0
TNON.US,D,20240829,000000,0.5,0.5299,0.5,0.5211,14426,0
TNON.US,D,20240830,000000,0.5211,0.5214,0.47,0.4903,28189,0
TNON.US,D,20240903,000000,0.4996,0.4996,0.47,0.4808,37798,0
TNON.US,D,20240904,000000,0.454,0.505,0.4,0.4388,1285081,0
TNON.US,D,20240905,000000,0.46,0.625,0.43,0.6036,1377387,0
TNON.US,D,20240906,000000,4.86,5.5,3.3601,3.92,393474,0
TNON.US,D,20240909,000000,3.55,3.87,2.88,3.21,179387,0
TNON.US,D,20240910,000000,3.11,3.2025,2.96,3.14,61920,0
TNON.US,D,20240911,000000,3.12,3.1999,2.9,3.06,53779,0
TNON.US,D,20240912,000000,7.2,9.62,3.82,4.4,37198147,0
TNON.US,D,20240913,000000,12.8,15.7884,7.2,7.55,24784586,0
TNON.US,D,20240916,000000,8.03,9.35,7.25,7.71,5529314,0
TNON.US,D,20240917,000000,6.8,7.12,6.1002,6.25,1862665,0
TNON.US,D,20240918,000000,5.41,5.7499,4.8,5.25,1419808,0
TNON.US,D,20240919,000000,5.56,5.75,4.71,5.03,4332561,0
TNON.US,D,20240920,000000,6.79,7.51,4.97,5.47,13179238,0
TNON.US,D,20240923,000000,4.92,5,4.1651,4.69,1603953,0
TNON.US,D,20240924,000000,4.32,4.39,4.01,4.02,760248,0
TNON.US,D,20240925,000000,4.84,5.95,4.55,5.39,23751697,0
TNON.US,D,20240926,000000,4.82,5.0699,4.6,4.89,1173416,0
TNON.US,D,20240927,000000,4.75,4.86,4.6,4.6,518914,0
TNON.US,D,20240930,000000,4.54,4.54,4.21,4.24,412373,0
TNON.US,D,20241001,000000,4.27,4.5,3.94,4.33,627238,0
TNON.US,D,20241002,000000,4.23,4.5998,4.15,4.28,520240,0
TNON.US,D,20241003,000000,4.19,4.3193,4.07,4.11,401622,0
TNON.US,D,20241004,000000,4.07,4.2501,3.82,4.24,417736,0
TNON.US,D,20241007,000000,4.02,4.12,3.87,3.91,291974,0
TNON.US,D,20241008,000000,3.92,3.97,3.68,3.77,321484,0
TNON.US,D,20241009,000000,3.67,3.84,3.57,3.67,213144,0
TNON.US,D,20241010,000000,3.6,3.74,3.5,3.6,251933,0
TNON.US,D,20241011,000000,3.63,3.92,3.35,3.56,304281,0
TNON.US,D,20241014,000000,3.46,3.54,3.37,3.4,219429,0
TNON.US,D,20241015,000000,3.41,3.68,3.4098,3.42,613881,0
TNON.US,D,20241016,000000,3.35,3.5585,3.3,3.5,375947,0
TNON.US,D,20241017,000000,3.43,3.55,3.38,3.43,3958517,0
TNON.US,D,20241018,000000,4.5,4.57,3.71,4.14,9198880,0
TNON.US,D,20241021,000000,3.94,4.25,3.74,4.12,877669,0
TNON.US,D,20241022,000000,4.13,4.19,3.93,4.05,381584,0
TNON.US,D,20241023,000000,3.96,4.04,3.78,3.93,322064,0
TNON.US,D,20241024,000000,3.81,3.9591,3.6401,3.66,308077,0
TNON.US,D,20241025,000000,3.65,3.7587,3.58,3.62,255543,0
TNON.US,D,20241028,000000,3.72,3.73,3.59,3.62,192018,0
TNON.US,D,20241029,000000,3.59,3.63,3.48,3.49,160240,0
