<TICKER>,<PER>,<DATE>,<TIME>,<OPEN>,<HIGH>,<LOW>,<CLOSE>,<VOL>,<OPENINT>
TPGXL.US,D,20240306,000000,25.45,25.69,25.41,25.59,571110,0
TPGXL.US,D,20240307,000000,25.55,25.895,25.51,25.72,131041,0
TPGXL.US,D,20240308,000000,25.75,26.18,25.6685,25.95,506524,0
TPGXL.US,D,20240311,000000,25.99,26.4,25.95,26.26,479797,0
TPGXL.US,D,20240312,000000,26.31,27,26.21,26.82,469831,0
TPGXL.US,D,20240313,000000,26.8,26.8,26.37,26.4,312668,0
TPGXL.US,D,20240314,000000,26.49,26.72,26.18,26.18,194721,0
TPGXL.US,D,20240315,000000,26.23,26.29,26.02,26.08,125567,0
TPGXL.US,D,20240318,000000,26.1,26.85,26.07,26.16,207067,0
TPGXL.US,D,20240319,000000,26.25,26.38,26.16,26.16,331278,0
TPGXL.US,D,20240320,000000,26.25,26.32,26.2,26.21,167008,0
TPGXL.US,D,20240321,000000,26.3,26.38,26.23,26.23,103292,0
TPGXL.US,D,20240322,000000,26.395,26.395,26.2,26.31,29234,0
TPGXL.US,D,20240325,000000,26.23,26.36,26.185,26.23,99854,0
TPGXL.US,D,20240326,000000,26.28,26.44,26.06,26.15,574709,0
TPGXL.US,D,20240327,000000,26.17,26.69,26.1,26.26,448248,0
TPGXL.US,D,20240328,000000,26.36,26.39,26.19,26.28,2274050,0
TPGXL.US,D,20240401,000000,26.05,26.18,25.835,26.09,28095,0
TPGXL.US,D,20240402,000000,25.97,26.31,25.7,26.21,68035,0
TPGXL.US,D,20240403,000000,26.21,26.26,25.99,26.08,77443,0
TPGXL.US,D,20240404,000000,26.02,26.14,25.985,25.985,57407,0
TPGXL.US,D,20240405,000000,25.925,26.01,25.905,25.99,6042,0
TPGXL.US,D,20240408,000000,26.07,26.1,25.89,26.1,27142,0
TPGXL.US,D,20240409,000000,26.07,26.16,26.07,26.16,3701,0
TPGXL.US,D,20240410,000000,25.96,26.06,25.8201,25.84,43403,0
TPGXL.US,D,20240411,000000,25.84,26.08,25.84,26.08,26413,0
TPGXL.US,D,20240412,000000,26.09,26.19,26.0402,26.16,33235,0
TPGXL.US,D,20240415,000000,25.97,26.15,25.78,25.88,189073,0
TPGXL.US,D,20240416,000000,25.9,26.01,25.75,25.96,23376,0
TPGXL.US,D,20240417,000000,25.86,26.09,25.84,26.09,13421,0
TPGXL.US,D,20240418,000000,26.09,26.17,25.935,26.06,17639,0
TPGXL.US,D,20240419,000000,26.15,26.15,26.03,26.07,3320,0
TPGXL.US,D,20240422,000000,26.14,26.24,26.0962,26.24,14808,0
TPGXL.US,D,20240423,000000,26.26,26.44,26.15,26.44,11098,0
TPGXL.US,D,20240424,000000,26.3,26.43,26.0158,26.43,8077,0
TPGXL.US,D,20240425,000000,26.27,26.3,26.05,26.27,63828,0
TPGXL.US,D,20240426,000000,26.11,26.285,26.11,26.17,3091,0
TPGXL.US,D,20240429,000000,26.13,26.21,26.13,26.13,10502,0
TPGXL.US,D,20240430,000000,26.1,26.1,25.776,25.79,18485,0
TPGXL.US,D,20240501,000000,25.73,26,25.69,25.8,7065,0
TPGXL.US,D,20240502,000000,26.08,26.35,25.81,25.88,11262,0
TPGXL.US,D,20240503,000000,26,26,25.93,25.99,7559,0
TPGXL.US,D,20240506,000000,26.015,26.02,25.95,25.99,19350,0
TPGXL.US,D,20240507,000000,26.105,26.105,25.8578,25.93,15479,0
TPGXL.US,D,20240508,000000,25.87,25.98,25.7245,25.79,21136,0
TPGXL.US,D,20240509,000000,25.8,25.9,25.75,25.77,16941,0
TPGXL.US,D,20240510,000000,25.82,25.87,25.695,25.75,11745,0
TPGXL.US,D,20240513,000000,25.76,25.85,25.7,25.71,10256,0
TPGXL.US,D,20240514,000000,25.8,25.8,25.66,25.75,16401,0
TPGXL.US,D,20240515,000000,25.8,25.9699,25.8,25.93,13651,0
TPGXL.US,D,20240516,000000,25.93,25.96,25.81,25.96,11346,0
TPGXL.US,D,20240517,000000,25.89,26.01,25.885,25.98,14776,0
TPGXL.US,D,20240520,000000,25.98,26.13,25.98,26.13,14950,0
TPGXL.US,D,20240521,000000,26.13,26.215,25.86,25.94,39640,0
TPGXL.US,D,20240522,000000,26.02,26.06,26.01,26.06,11773,0
TPGXL.US,D,20240523,000000,26.09,26.16,25.97,26.16,32328,0
TPGXL.US,D,20240524,000000,26.12,26.54,26.12,26.46,14353,0
TPGXL.US,D,20240528,000000,26.53,26.73,26.5106,26.5106,72743,0
TPGXL.US,D,20240529,000000,26.5,26.62,26.06,26.14,77329,0
TPGXL.US,D,20240530,000000,26.14,26.54,26.14,26.445,118916,0
TPGXL.US,D,20240531,000000,26.07,26.57,26.07,26.46,59629,0
TPGXL.US,D,20240603,000000,26.47,26.47,26.23,26.4,32480,0
TPGXL.US,D,20240604,000000,26.4,26.49,26.25,26.48,12571,0
TPGXL.US,D,20240605,000000,26.49,26.49,26.32,26.41,4969,0
TPGXL.US,D,20240606,000000,26.4,26.46,26.31,26.35,32766,0
TPGXL.US,D,20240607,000000,26.4,26.43,26.22,26.22,25082,0
TPGXL.US,D,20240610,000000,26.27,26.27,26.16,26.25,18432,0
TPGXL.US,D,20240611,000000,26.41,26.41,26.12,26.13,18033,0
TPGXL.US,D,20240612,000000,26.3,26.405,26.13,26.13,16875,0
TPGXL.US,D,20240613,000000,26.27,26.285,26.07,26.07,55194,0
TPGXL.US,D,20240614,000000,26.07,26.255,26.06,26.07,31695,0
TPGXL.US,D,20240617,000000,26.07,26.15,26.04,26.08,16149,0
TPGXL.US,D,20240618,000000,26.07,26.08,25.88,25.94,61701,0
TPGXL.US,D,20240620,000000,25.945,25.99,25.9,25.98,71628,0
TPGXL.US,D,20240621,000000,26.01,26.06,25.91,25.97,32929,0
TPGXL.US,D,20240624,000000,26.05,26.21,26.04,26.11,33096,0
TPGXL.US,D,20240625,000000,26.2,26.31,26.09,26.17,55119,0
TPGXL.US,D,20240626,000000,26.16,26.25,26.11,26.19,34178,0
TPGXL.US,D,20240627,000000,26.27,26.36,26.22,26.25,86460,0
TPGXL.US,D,20240628,000000,26.27,26.3,25.96,25.96,388769,0
TPGXL.US,D,20240701,000000,25.98,26.0669,25.8,25.89,40507,0
TPGXL.US,D,20240702,000000,25.87,25.9799,25.83,25.89,18776,0
TPGXL.US,D,20240703,000000,25.94,26.0286,25.94,26,11282,0
TPGXL.US,D,20240705,000000,25.94,26.04,25.94,26.02,3906,0
TPGXL.US,D,20240708,000000,26.04,26.04,25.95,26,5448,0
TPGXL.US,D,20240709,000000,26,26,25.85,25.9,9959,0
TPGXL.US,D,20240710,000000,25.93,25.93,25.87,25.92,5970,0
TPGXL.US,D,20240711,000000,25.95,26.1,25.95,26.07,20545,0
TPGXL.US,D,20240712,000000,26.07,26.1499,26.01,26.06,9488,0
TPGXL.US,D,20240715,000000,25.97,26.0847,25.92,26.05,7516,0
TPGXL.US,D,20240716,000000,26.11,26.1483,25.97,26.02,6783,0
TPGXL.US,D,20240717,000000,26.07,26.07,25.95,25.96,4987,0
TPGXL.US,D,20240718,000000,26.06,26.06,25.89,25.91,8444,0
TPGXL.US,D,20240719,000000,25.92,25.92,25.87,25.87,6853,0
TPGXL.US,D,20240722,000000,25.98,26,25.88,25.9,7386,0
TPGXL.US,D,20240723,000000,25.94,25.98,25.83,25.88,6438,0
TPGXL.US,D,20240724,000000,25.86,25.86,25.7,25.72,26611,0
TPGXL.US,D,20240725,000000,25.78,25.89,25.71,25.71,10756,0
TPGXL.US,D,20240726,000000,25.85,25.87,25.77,25.85,7812,0
TPGXL.US,D,20240729,000000,25.9,25.9,25.76,25.86,5296,0
TPGXL.US,D,20240730,000000,25.9,25.9,25.83,25.86,6173,0
TPGXL.US,D,20240731,000000,25.89,25.9,25.63,25.69,69902,0
TPGXL.US,D,20240801,000000,25.78,25.94,25.73,25.84,168266,0
TPGXL.US,D,20240802,000000,25.94,25.94,25.76,25.875,42174,0
TPGXL.US,D,20240805,000000,25.59,25.75,25.06,25.57,28052,0
TPGXL.US,D,20240806,000000,25.7,25.73,25.58,25.61,65749,0
TPGXL.US,D,20240807,000000,25.71,25.78,25.56,25.63,22857,0
TPGXL.US,D,20240808,000000,25.69,25.78,25.62,25.72,11902,0
TPGXL.US,D,20240809,000000,25.87,25.87,25.68,25.73,5967,0
TPGXL.US,D,20240812,000000,25.73,25.73,25.63,25.71,7331,0
TPGXL.US,D,20240813,000000,25.79,25.79,25.7665,25.79,9283,0
TPGXL.US,D,20240814,000000,25.79,26.04,25.79,26.03,19109,0
TPGXL.US,D,20240815,000000,26,26.05,25.915,26.05,8546,0
TPGXL.US,D,20240816,000000,26.05,26.18,26.05,26.06,9756,0
TPGXL.US,D,20240819,000000,26.1,26.185,25.99,26.13,9317,0
TPGXL.US,D,20240820,000000,26.18,26.215,26.03,26.03,8044,0
TPGXL.US,D,20240821,000000,26.14,26.28,26.07,26.07,5126,0
TPGXL.US,D,20240822,000000,26.18,26.18,25.98,26.1,5471,0
TPGXL.US,D,20240823,000000,26.19,26.27,26.19,26.25,7326,0
TPGXL.US,D,20240826,000000,26.25,26.25,26.1201,26.16,6404,0
TPGXL.US,D,20240827,000000,26.19,26.24,26.16,26.24,4138,0
TPGXL.US,D,20240828,000000,26.25,26.25,26.1,26.11,9100,0
TPGXL.US,D,20240829,000000,26.25,26.25,26.1671,26.2,5944,0
TPGXL.US,D,20240830,000000,25.86,25.86,25.71,25.77,9277,0
TPGXL.US,D,20240903,000000,25.82,25.84,25.72,25.72,13535,0
TPGXL.US,D,20240904,000000,25.77,25.9399,25.75,25.85,6154,0
TPGXL.US,D,20240905,000000,25.93,25.99,25.83,25.99,19212,0
TPGXL.US,D,20240906,000000,25.99,26.07,25.98,25.9901,42597,0
TPGXL.US,D,20240909,000000,26.06,26.18,25.88,26.03,47448,0
TPGXL.US,D,20240910,000000,26.07,26.07,25.8501,26,5466,0
TPGXL.US,D,20240911,000000,26.03,26.03,25.88,25.88,29838,0
TPGXL.US,D,20240912,000000,25.96,26.06,25.87,25.93,87303,0
TPGXL.US,D,20240913,000000,25.96,26.0899,25.88,25.9296,95086,0
TPGXL.US,D,20240916,000000,25.97,26.05,25.93,26.02,16644,0
TPGXL.US,D,20240917,000000,26.085,26.1899,25.91,25.92,68630,0
TPGXL.US,D,20240918,000000,25.99,25.99,25.81,25.92,18263,0
TPGXL.US,D,20240919,000000,25.99,26.14,25.94,25.99,73431,0
TPGXL.US,D,20240920,000000,25.99,26.13,25.93,26.06,24131,0
TPGXL.US,D,20240923,000000,26.06,26.15,26.04,26.15,133368,0
TPGXL.US,D,20240924,000000,26.19,26.3,26.05,26.3,14435,0
TPGXL.US,D,20240925,000000,26.3,26.3,26.05,26.23,10860,0
TPGXL.US,D,20240926,000000,26.23,26.4,26.2117,26.25,89620,0
TPGXL.US,D,20240927,000000,26.25,26.39,26.18,26.3612,45885,0
TPGXL.US,D,20240930,000000,26.39,26.4,26.09,26.3,106814,0
TPGXL.US,D,20241001,000000,26.43,26.43,26.3,26.3,28144,0
TPGXL.US,D,20241002,000000,26.38,26.41,26.26,26.3,193628,0
TPGXL.US,D,20241003,000000,26.37,26.41,26.3,26.3,12094,0
TPGXL.US,D,20241004,000000,26.39,26.39,26.16,26.25,7603,0
TPGXL.US,D,20241007,000000,26.3,26.3,25.98,26.1,9189,0
TPGXL.US,D,20241008,000000,26.17,26.27,26.165,26.26,8060,0
TPGXL.US,D,20241009,000000,26.26,26.33,26.09,26.33,23992,0
TPGXL.US,D,20241010,000000,26.24,26.31,26.1,26.1,47283,0
TPGXL.US,D,20241011,000000,26.15,26.24,26.11,26.23,10545,0
TPGXL.US,D,20241014,000000,26.17,26.2499,26.12,26.18,6676,0
TPGXL.US,D,20241015,000000,26.24,26.3,26.17,26.17,64489,0
TPGXL.US,D,20241016,000000,26.28,26.3199,26.2068,26.3,12380,0
TPGXL.US,D,20241017,000000,26.32,26.32,26.07,26.08,16361,0
TPGXL.US,D,20241018,000000,26.18,26.2,26.09,26.12,5017,0
TPGXL.US,D,20241021,000000,26.16,26.16,25.88,25.95,8780,0
TPGXL.US,D,20241022,000000,26.02,26.06,25.9201,26.0599,8004,0
TPGXL.US,D,20241023,000000,26.06,26.16,26.015,26.14,60369,0
TPGXL.US,D,20241024,000000,26.2,26.2,26.0201,26.0201,4957,0
TPGXL.US,D,20241025,000000,26.16,26.19,26.02,26.13,9437,0
TPGXL.US,D,20241028,000000,26.18,26.18,26.04,26.11,22779,0
TPGXL.US,D,20241029,000000,26.11,26.17,25.9985,26.17,23014,0
