<TICKER>,<PER>,<DATE>,<TIME>,<OPEN>,<HIGH>,<LOW>,<CLOSE>,<VOL>,<OPENINT>
TSLR.US,D,20230824,000000,26.16,26.16,24.75,24.75,785,0
TSLR.US,D,20230825,000000,25.39,26.4507,25.39,26.4507,2052,0
TSLR.US,D,20230828,000000,27.59,27.59,25.95,26.38,4045,0
TSLR.US,D,20230829,000000,26.55,29.86,26.315,29.6978,7303,0
TSLR.US,D,20230830,000000,29.5,30.2154,29.5,29.781,8583,0
TSLR.US,D,20230831,000000,30.29,30.42,29.53,30.0371,11817,0
TSLR.US,D,20230901,000000,31.21,31.21,26.8201,27.5,11606,0
TSLR.US,D,20230905,000000,27.7899,29.705,27.78,29.59,24083,0
TSLR.US,D,20230906,000000,29.05,29.05,27.0901,28.358,10252,0
TSLR.US,D,20230907,000000,27.29,28.65,27,28.5331,9213,0
TSLR.US,D,20230908,000000,29.02,29.44,27.6013,27.8984,21289,0
TSLR.US,D,20230911,000000,30.9859,33.21,30.3588,32.8241,103657,0
TSLR.US,D,20230912,000000,32.44,33.77,31.44,31.5147,73904,0
TSLR.US,D,20230913,000000,31.99,33.07,31.7301,32.3,181408,0
TSLR.US,D,20230914,000000,32.44,33.405,32.21,33.2991,109547,0
TSLR.US,D,20230915,000000,33.6,33.78,32.259,32.8956,164604,0
TSLR.US,D,20230918,000000,32.18,32.18,30.84,31.0072,149617,0
TSLR.US,D,20230919,000000,30.75,31.42,30.22,31.2303,106463,0
TSLR.US,D,20230920,000000,31.25,32.75,30.44,30.4717,152942,0
TSLR.US,D,20230921,000000,29.47,29.92,28.76,28.98,58339,0
TSLR.US,D,20230922,000000,29.31,29.34,26.81,26.81,83935,0
TSLR.US,D,20230925,000000,26.46,27.2198,25.62,27.09,72715,0
TSLR.US,D,20230926,000000,26.4,27.462,26.4,26.64,69288,0
TSLR.US,D,20230927,000000,26.72,26.8599,24.9015,25.95,75168,0
TSLR.US,D,20230928,000000,25.94,27.27,25.6575,26.99,88445,0
TSLR.US,D,20230929,000000,27.79,28.62,27.25,27.77,57775,0
TSLR.US,D,20231002,000000,26.46,28.49,26.46,28.03,50315,0
TSLR.US,D,20231003,000000,27.45,27.7368,26.683,27.08,101313,0
TSLR.US,D,20231004,000000,27.39,29.91,27.39,29.84,63308,0
TSLR.US,D,20231005,000000,29.38,30.29,28.9585,29.56,78993,0
TSLR.US,D,20231006,000000,28.39,29.8311,27.81,29.61,39818,0
TSLR.US,D,20231009,000000,28.61,29.76,28.01,29.47,98704,0
TSLR.US,D,20231010,000000,29.14,31.265,29.14,30.29,66095,0
TSLR.US,D,20231011,000000,30.83,31.24,29.725,30.16,139849,0
TSLR.US,D,20231012,000000,30.2,30.9684,28.88,29.28,90738,0
TSLR.US,D,20231013,000000,29.28,29.39,27.65,27.7352,39805,0
TSLR.US,D,20231016,000000,27.98,28.54,27.76,28.3395,85814,0
TSLR.US,D,20231017,000000,27.69,29.0392,27,28.44,68415,0
TSLR.US,D,20231018,000000,28.04,28.28,25.98,26.07,85012,0
TSLR.US,D,20231019,000000,22.9,23.76,21.25,21.81,288580,0
TSLR.US,D,20231020,000000,21.07,21.4301,20.145,20.37,381329,0
TSLR.US,D,20231023,000000,19.88,21.19,18.9,20.3972,84883,0
TSLR.US,D,20231024,000000,21.1,22.03,20.79,21.1272,286655,0
TSLR.US,D,20231025,000000,20.72,21.7,20.41,20.4234,98154,0
TSLR.US,D,20231026,000000,20.35,20.81,19.23,19.3241,62820,0
TSLR.US,D,20231027,000000,20.1,20.294,19.32,19.4971,40750,0
TSLR.US,D,20231030,000000,19.9,20.05,17.4562,18.05,97211,0
TSLR.US,D,20231031,000000,17.64,18.693,17.43,18.4356,93495,0
TSLR.US,D,20231101,000000,19,19.31,17.9633,19.31,139747,0
TSLR.US,D,20231102,000000,20.18,21.3799,20.18,21.3,78152,0
TSLR.US,D,20231103,000000,21.71,22.555,21.28,21.63,83896,0
TSLR.US,D,20231106,000000,22.27,22.55,20.68,21.44,101139,0
TSLR.US,D,20231107,000000,21.51,22,20.8786,22,77141,0
TSLR.US,D,20231108,000000,22.06,22.15,21.17,21.87,79635,0
TSLR.US,D,20231109,000000,21.55,21.6,19.275,19.76,137290,0
TSLR.US,D,20231110,000000,19.66,20.59,19.25,20.52,104513,0
TSLR.US,D,20231113,000000,20.76,22.2893,20.065,22.03,51857,0
TSLR.US,D,20231114,000000,24.06,24.4383,23.3545,24.2899,50850,0
TSLR.US,D,20231115,000000,24.74,25.9964,24.27,25.29,276379,0
TSLR.US,D,20231116,000000,24.66,24.9,23.2247,23.63,161046,0
TSLR.US,D,20231117,000000,23.15,24.24,22.399,23.78,87255,0
TSLR.US,D,20231120,000000,23.61,24.2,23.2201,23.96,88334,0
TSLR.US,D,20231121,000000,23.77,25.258,23.77,24.91,68507,0
TSLR.US,D,20231122,000000,25.07,25.34,23.16,23.68,100359,0
TSLR.US,D,20231124,000000,23.48,24.43,23.48,23.9,30759,0
TSLR.US,D,20231127,000000,24.16,24.3595,23.351,23.95,52988,0
TSLR.US,D,20231128,000000,24.16,25.84,23.72,25.79,34800,0
TSLR.US,D,20231129,000000,26.36,26.85,25.15,25.36,139202,0
TSLR.US,D,20231130,000000,25.47,25.47,24.19,24.6477,64364,0
TSLR.US,D,20231201,000000,23.46,24.58,23.17,24.34,200915,0
TSLR.US,D,20231204,000000,23.92,24.34,23.42,23.78,41786,0
TSLR.US,D,20231205,000000,23.42,25.65,23.42,24.345,77274,0
TSLR.US,D,20231206,000000,25.25,25.71,24.4228,24.4228,48477,0
TSLR.US,D,20231207,000000,24.82,25.26,24.02,24.982,34380,0
TSLR.US,D,20231208,000000,24.52,25.4,24.52,25.1867,29569,0
TSLR.US,D,20231211,000000,25,25.04,24.09,24.4775,30325,0
TSLR.US,D,20231212,000000,24.24,24.24,23.44,23.88,50198,0
TSLR.US,D,20231213,000000,23.42,24.43,22.43,24.34,73427,0
TSLR.US,D,20231214,000000,24.66,26.87,24.66,26.42,96136,0
TSLR.US,D,20231215,000000,26.42,26.8894,25.97,26.8894,86646,0
TSLR.US,D,20231218,000000,26.81,27.75,26.56,26.56,40058,0
TSLR.US,D,20231219,000000,26.96,27.72,26.96,27.4771,22427,0
TSLR.US,D,20231220,000000,27.4,27.96,25.61,25.66,63609,0
TSLR.US,D,20231221,000000,26.6237,27.04,25.9,27.0108,210789,0
TSLR.US,D,20231222,000000,27.32,27.6,26.42,26.5835,65313,0
TSLR.US,D,20231226,000000,26.92,27.5399,26.77,27.3243,24903,0
TSLR.US,D,20231227,000000,27.66,28.567,27.55,28.29,39218,0
TSLR.US,D,20231228,000000,28.61,28.81,26.59,26.65,104441,0
TSLR.US,D,20231229,000000,26.98,26.98,25.6,25.81,67312,0
TSLR.US,D,20240102,000000,26.09,26.22,24.99,25.76,231167,0
TSLR.US,D,20240103,000000,25.11,25.13,23.6684,23.94,76895,0
TSLR.US,D,20240104,000000,23.99,24.53,23.81,23.84,61663,0
TSLR.US,D,20240105,000000,23.64,24.0992,23.34,23.7201,33533,0
TSLR.US,D,20240108,000000,23.37,24.36,23.37,24.2,16015,0
TSLR.US,D,20240109,000000,23.79,23.88,22.809,23.2457,57347,0
TSLR.US,D,20240110,000000,23.26,23.26,22.671,23.0556,26056,0
TSLR.US,D,20240111,000000,22.49,22.5,21.6,21.89,80359,0
TSLR.US,D,20240112,000000,20.68,21.474,20.2,20.4796,49739,0
TSLR.US,D,20240116,000000,19.86,21.19,19.37,20.6375,111190,0
TSLR.US,D,20240117,000000,19.76,19.92,19.39,19.92,61380,0
TSLR.US,D,20240118,000000,20.09,20.09,18.89,19.31,64758,0
TSLR.US,D,20240119,000000,18.97,19.43,18.65,19.43,67931,0
TSLR.US,D,20240122,000000,19.3,20.349,18.289,18.69,75668,0
TSLR.US,D,20240123,000000,19.15,19.8733,18.6,18.77,40338,0
TSLR.US,D,20240124,000000,19.27,19.35,18.3801,18.46,142946,0
TSLR.US,D,20240125,000000,15.27,15.8,13.6,14.01,257663,0
TSLR.US,D,20240126,000000,14.49,14.5399,13.97,14.09,164713,0
TSLR.US,D,20240129,000000,14.49,15.37,14.21,15.29,127494,0
TSLR.US,D,20240130,000000,16,16.0599,15.28,15.39,107281,0
TSLR.US,D,20240131,000000,14.72,15.76,14.58,14.68,97440,0
TSLR.US,D,20240201,000000,14.89,15.09,14.24,14.91,167104,0
TSLR.US,D,20240202,000000,14.2,14.85,13.87,14.75,87702,0
TSLR.US,D,20240205,000000,14.14,14.21,12.7469,13.67,209745,0
TSLR.US,D,20240206,000000,13.18,14.47,13.18,14.3,87414,0
TSLR.US,D,20240207,000000,14.7,15.01,13.94,14.67,129406,0
TSLR.US,D,20240208,000000,14.88,15.2963,14.37,14.97,159081,0
TSLR.US,D,20240209,000000,15.04,15.65,15,15.6,179060,0
TSLR.US,D,20240212,000000,15.44,15.71,14.595,14.67,133251,0
TSLR.US,D,20240213,000000,14.05,14.45,13.77,14.04,87464,0
TSLR.US,D,20240214,000000,14.22,14.78,13.9854,14.75,51439,0
TSLR.US,D,20240215,000000,14.84,16.63,14.84,16.59,173897,0
TSLR.US,D,20240216,000000,16.86,17,16.08,16.49,206329,0
TSLR.US,D,20240220,000000,15.8456,16.23,14.7,15.47,194258,0
TSLR.US,D,20240221,000000,15.39,16.24,15.2,15.61,114122,0
TSLR.US,D,20240222,000000,15.52,16.14,15.19,15.99,94715,0
TSLR.US,D,20240223,000000,15.68,15.99,15.1,15.1,79350,0
TSLR.US,D,20240226,000000,15.2,16.6,15.2,16.26,155062,0
TSLR.US,D,20240227,000000,17.01,17.25,16.14,16.33,172224,0
TSLR.US,D,20240228,000000,16.4,17.235,16.22,16.74,194943,0
TSLR.US,D,20240229,000000,17.12,17.2687,16.16,16.64,173240,0
TSLR.US,D,20240301,000000,16.48,17.0894,16.15,16.77,111584,0
TSLR.US,D,20240304,000000,16.14,16.18,14.16,14.4,594912,0
TSLR.US,D,20240305,000000,13.61,13.8199,12.75,13.235,346319,0
TSLR.US,D,20240306,000000,13.12,13.32,12.22,12.61,382303,0
TSLR.US,D,20240307,000000,12.29,13.09,12.24,12.91,242507,0
TSLR.US,D,20240308,000000,13.32,13.46,12.33,12.4,375178,0
TSLR.US,D,20240311,000000,12.43,13.45,12.36,12.74,440987,0
TSLR.US,D,20240312,000000,12.75,12.96,11.98,12.73,288618,0
TSLR.US,D,20240313,000000,12.1,12.43,11.51,11.52,424927,0
TSLR.US,D,20240314,000000,11.3,11.68,10.3358,10.58,382257,0
TSLR.US,D,20240315,000000,10.63,10.92,10.38,10.69,173640,0
TSLR.US,D,20240318,000000,11.59,12.16,11.0244,12.08,491564,0
TSLR.US,D,20240319,000000,11.89,11.89,11.21,11.67,222854,0
TSLR.US,D,20240320,000000,11.88,12.379,11.63,12.34,244081,0
TSLR.US,D,20240321,000000,12.44,12.63,11.7413,11.88,287895,0
TSLR.US,D,20240322,000000,11.04,11.61,10.99,11.57,281864,0
TSLR.US,D,20240325,000000,11.35,12.18,11.35,11.84,544172,0
TSLR.US,D,20240326,000000,12.73,13.43,12.5,12.54,670361,0
TSLR.US,D,20240327,000000,13.06,13.0999,12.28,12.81,273640,0
TSLR.US,D,20240328,000000,12.48,12.71,12.15,12.22,394802,0
TSLR.US,D,20240401,000000,12.28,12.34,11.45,12.12,252048,0
TSLR.US,D,20240402,000000,10.67,11.0898,10.54,10.95,972201,0
TSLR.US,D,20240403,000000,10.62,11.23,10.55,11.18,290942,0
TSLR.US,D,20240404,000000,11.4,12.33,11.13,11.54,365943,0
TSLR.US,D,20240405,000000,11.25,11.48,10.1,10.68,798024,0
TSLR.US,D,20240408,000000,11.28,11.9253,11.09,11.74,281579,0
TSLR.US,D,20240409,000000,11.67,12.5799,11.58,12.27,468702,0
TSLR.US,D,20240410,000000,11.73,11.95,11.31,11.56,386605,0
TSLR.US,D,20240411,000000,11.63,12.0899,11.1192,11.91,462568,0
TSLR.US,D,20240412,000000,11.61,11.78,11.35,11.44,471763,0
TSLR.US,D,20240415,000000,11.3,11.36,10.14,10.14,409393,0
TSLR.US,D,20240416,000000,9.56,9.7299,9.182,9.6,417935,0
TSLR.US,D,20240417,000000,9.66,9.725,9.18,9.37,587888,0
TSLR.US,D,20240418,000000,8.88,8.9799,8.56,8.7,624767,0
TSLR.US,D,20240419,000000,8.54,8.799,8.27,8.37,482421,0
TSLR.US,D,20240422,000000,7.58,8.061,7.4488,7.8,570942,0
TSLR.US,D,20240423,000000,7.9,8.3401,7.7,8.11,710335,0
TSLR.US,D,20240424,000000,10.05,10.67,9.52,10.04,1224176,0
TSLR.US,D,20240425,000000,9.68,11.09,9.551,11.03,997855,0
TSLR.US,D,20240426,000000,10.85,11.25,10.5499,10.77,643386,0
TSLR.US,D,20240429,000000,13.33,14.67,12.8532,14.08,1481120,0
TSLR.US,D,20240430,000000,13,13.57,12.43,12.53,524239,0
TSLR.US,D,20240501,000000,12.31,12.83,11.925,12.03,373558,0
TSLR.US,D,20240502,000000,12.5,12.62,11.52,12.03,236902,0
TSLR.US,D,20240503,000000,12.3,12.6,11.8005,12.18,242165,0
TSLR.US,D,20240506,000000,12.53,13.01,12.3076,12.65,275294,0
TSLR.US,D,20240507,000000,12.29,12.43,11.64,11.68,238837,0
TSLR.US,D,20240508,000000,10.89,11.43,10.67,11.27,433493,0
TSLR.US,D,20240509,000000,11.3,11.36,10.84,10.91,187169,0
TSLR.US,D,20240510,000000,11.06,11.06,10.3897,10.45,366036,0
TSLR.US,D,20240513,000000,10.65,11.32,10.54,10.88,266753,0
TSLR.US,D,20240514,000000,11.21,11.845,11.2,11.6,367240,0
TSLR.US,D,20240515,000000,11.83,11.83,11.04,11.15,344649,0
TSLR.US,D,20240516,000000,11.17,11.32,10.81,11.22,180654,0
TSLR.US,D,20240517,000000,11.06,11.83,10.98,11.57,282856,0
TSLR.US,D,20240520,000000,11.59,11.59,11.04,11.24,72515,0
TSLR.US,D,20240521,000000,11.21,12.75,11.21,12.75,439524,0
TSLR.US,D,20240522,000000,12.24,12.3,11.56,11.85,419363,0
TSLR.US,D,20240523,000000,12,12,10.93,11,693967,0
TSLR.US,D,20240524,000000,11.14,11.755,11,11.68,223875,0
TSLR.US,D,20240528,000000,11.34,11.53,10.9,11.35,206225,0
TSLR.US,D,20240529,000000,11,11.5189,11,11.3,325032,0
TSLR.US,D,20240530,000000,11.55,12.11,11.2,11.62,444386,0
TSLR.US,D,20240531,000000,11.53,11.772,10.9601,11.51,381207,0
TSLR.US,D,20240603,000000,11.53,12.06,11.05,11.27,286904,0
TSLR.US,D,20240604,000000,11.04,11.44,10.9889,11.06,278122,0
TSLR.US,D,20240605,000000,11.1,11.23,10.75,11.08,437473,0
TSLR.US,D,20240606,000000,11.04,11.68,10.8493,11.45,397399,0
TSLR.US,D,20240607,000000,11.18,11.61,11.155,11.39,248720,0
TSLR.US,D,20240610,000000,11.19,11.5012,10.83,10.92,326810,0
TSLR.US,D,20240611,000000,10.98,10.98,10.1139,10.52,478700,0
TSLR.US,D,20240612,000000,10.61,11.71,10.46,11.31,607242,0
TSLR.US,D,20240613,000000,12.73,13.1,11.86,12.03,1551923,0
TSLR.US,D,20240614,000000,12.56,12.56,11.25,11.37,983994,0
TSLR.US,D,20240617,000000,11.35,12.76,11.32,12.61,1305436,0
TSLR.US,D,20240618,000000,12.42,12.52,11.9,12.25,550024,0
TSLR.US,D,20240620,000000,12.2,12.25,11.5701,11.8,407816,0
TSLR.US,D,20240621,000000,11.8783,12.065,11.67,11.96,335320,0
TSLR.US,D,20240624,000000,12.25,12.65,11.9101,11.92,572117,0
TSLR.US,D,20240625,000000,12.11,12.61,11.84,12.53,539556,0
TSLR.US,D,20240626,000000,12.38,13.92,12.38,13.74,968702,0
TSLR.US,D,20240627,000000,13.58,14.06,13.43,13.87,580065,0
TSLR.US,D,20240628,000000,14.19,14.67,13.568,13.95,1108387,0
TSLR.US,D,20240701,000000,14.42,16.05,14.38,15.6,2360127,0
TSLR.US,D,20240702,000000,16.94,18.79,16.84,18.79,2621624,0
TSLR.US,D,20240703,000000,19.34,21.52,19.32,21.23,2758172,0
TSLR.US,D,20240705,000000,21.84,22.14,20.5,22.07,1707268,0
TSLR.US,D,20240708,000000,21.39,23.4277,20.86,22.32,1863308,0
TSLR.US,D,20240709,000000,21.96,24.53,21.8848,23.96,1397342,0
TSLR.US,D,20240710,000000,24.04,24.9,23.18,24.1,1781241,0
TSLR.US,D,20240711,000000,24.19,25.5,19.79,20.02,2598661,0
TSLR.US,D,20240712,000000,19.06,21.81,18.74,21.18,2205227,0
TSLR.US,D,20240715,000000,22.54,24.17,21.8,22.07,1681712,0
TSLR.US,D,20240716,000000,22.44,22.99,20.78,22.63,1231120,0
TSLR.US,D,20240717,000000,21.9,22.94,20.8208,21.18,954548,0
TSLR.US,D,20240718,000000,21.68,22.63,21,21.35,789426,0
TSLR.US,D,20240719,000000,21.1,21.2693,19.19,19.63,686930,0
TSLR.US,D,20240722,000000,20.43,21.89,20.41,21.65,677748,0
TSLR.US,D,20240723,000000,21.91,22.3,20.665,20.75,863892,0
TSLR.US,D,20240724,000000,17.06,17.29,15.4301,15.51,1707782,0
TSLR.US,D,20240725,000000,15.68,17.0496,15.68,16.2,959084,0
TSLR.US,D,20240726,000000,16.32,16.47,15.48,16.14,505457,0
TSLR.US,D,20240729,000000,16.86,18.25,16.86,17.93,911691,0
TSLR.US,D,20240730,000000,17.97,17.97,16.1,16.5,645665,0
TSLR.US,D,20240731,000000,17.22,18.2,17.13,17.87,490374,0
TSLR.US,D,20240801,000000,17.19,17.76,15.18,15.49,688005,0
TSLR.US,D,20240802,000000,15.23,15.37,13.92,14.17,548846,0
TSLR.US,D,20240805,000000,11.2,13.64,10.7147,13,910193,0
TSLR.US,D,20240806,000000,13.22,13.5,12.21,13.18,450784,0
TSLR.US,D,20240807,000000,13.24,13.58,12.02,12.05,769400,0
TSLR.US,D,20240808,000000,12.58,13.17,12.08,12.97,337148,0
TSLR.US,D,20240809,000000,12.71,13.1883,12.48,13.07,485589,0
TSLR.US,D,20240812,000000,12.94,12.94,12.39,12.76,418068,0
TSLR.US,D,20240813,000000,12.88,14.17,12.7,14.08,820514,0
TSLR.US,D,20240814,000000,14.08,14.15,12.86,13.21,438555,0
TSLR.US,D,20240815,000000,13.69,15.0793,13.66,14.89,449253,0
TSLR.US,D,20240816,000000,14.4,15.64,14.4,15.15,920079,0
TSLR.US,D,20240819,000000,15.27,16.08,14.87,16.06,538593,0
TSLR.US,D,20240820,000000,16.35,16.8268,15.61,15.83,686819,0
TSLR.US,D,20240821,000000,16.1,16.31,15.49,16.13,483386,0
TSLR.US,D,20240822,000000,16.24,16.34,14.28,14.33,410509,0
TSLR.US,D,20240823,000000,14.83,15.77,14.81,15.61,609451,0
TSLR.US,D,20240826,000000,15.4,15.4,14.3008,14.6,400497,0
TSLR.US,D,20240827,000000,14.58,14.925,13.7736,14.04,203890,0
TSLR.US,D,20240828,000000,14.15,14.39,13.17,13.56,300289,0
TSLR.US,D,20240829,000000,14.11,14.77,13.61,13.65,697684,0
TSLR.US,D,20240830,000000,13.96,14.75,13.75,14.7,609428,0
TSLR.US,D,20240903,000000,14.85,15.45,14.1,14.2,968341,0
TSLR.US,D,20240904,000000,14.19,15.75,14.19,15.38,686331,0
TSLR.US,D,20240905,000000,16,17.55,15.8563,16.89,1048285,0
TSLR.US,D,20240906,000000,17.16,17.37,14,14.03,1068650,0
TSLR.US,D,20240909,000000,14.78,15.25,14.45,14.79,803690,0
TSLR.US,D,20240910,000000,15.31,16.169,15.1025,16.12,685788,0
TSLR.US,D,20240911,000000,15.88,16.45,14.81,16.43,1190512,0
TSLR.US,D,20240912,000000,15.95,16.869,15.8301,16.65,470418,0
TSLR.US,D,20240913,000000,16.35,17.02,16.1438,16.7,467154,0
TSLR.US,D,20240916,000000,16.55,16.64,15.73,16.2,430908,0
TSLR.US,D,20240917,000000,16.6,17.3,16.16,16.34,501750,0
TSLR.US,D,20240918,000000,16.62,17.42,16.2,16.22,1208979,0
TSLR.US,D,20240919,000000,17.2,18.69,17,18.64,641229,0
TSLR.US,D,20240920,000000,18.29,18.6,17.4262,17.76,469675,0
TSLR.US,D,20240923,000000,18.43,19.54,18.33,19.54,958352,0
TSLR.US,D,20240924,000000,20.18,20.6,19.42,20.21,870065,0
TSLR.US,D,20240925,000000,19.92,20.6189,19.8732,20.6,430584,0
TSLR.US,D,20240926,000000,21.24,21.29,19.72,20.17,678471,0
TSLR.US,D,20240927,000000,20.66,21.18,20.15,21.16,818968,0
TSLR.US,D,20240930,000000,20.88,21.82,20.3807,21.3,651487,0
TSLR.US,D,20241001,000000,21.46,21.65,19.2,20.72,766160,0
TSLR.US,D,20241002,000000,19.03,19.6,18.085,19.29,1074340,0
TSLR.US,D,20241003,000000,18.57,19.37,17.56,17.99,763735,0
TSLR.US,D,20241004,000000,18.83,19.48,18.57,19.34,836245,0
TSLR.US,D,20241007,000000,19.18,19.29,17.9299,17.95,666097,0
TSLR.US,D,20241008,000000,18.39,18.71,17.9,18.49,412747,0
TSLR.US,D,20241009,000000,18.38,18.9,17.75,17.96,607994,0
TSLR.US,D,20241010,000000,18.1,18.17,16.655,17.59,1192181,0
TSLR.US,D,20241011,000000,14.78,15.3,14,14.5,1780255,0
TSLR.US,D,20241014,000000,14.81,15.0293,13.96,14.69,1235389,0
TSLR.US,D,20241015,000000,14.78,15.32,14.41,14.73,1179004,0
TSLR.US,D,20241016,000000,14.94,15.13,14.64,14.96,721946,0
TSLR.US,D,20241017,000000,14.98,15.02,14.48,14.89,515272,0
TSLR.US,D,20241018,000000,14.84,15.0599,14.67,14.84,293936,0
TSLR.US,D,20241021,000000,14.6,14.8,14.1998,14.58,467495,0
TSLR.US,D,20241022,000000,14.35,14.5,14.115,14.47,556705,0
TSLR.US,D,20241023,000000,14.3,14.56,13.7,13.9,1205583,0
TSLR.US,D,20241024,000000,17.93,20.19,17.66,19.97,2141151,0
TSLR.US,D,20241025,000000,19.24,21.36,19.2,21.33,1811747,0
TSLR.US,D,20241028,000000,21.44,21.98,20.23,20.25,1151928,0
TSLR.US,D,20241029,000000,20.54,20.61,19.18,19.78,1295438,0
