<TICKER>,<PER>,<DATE>,<TIME>,<OPEN>,<HIGH>,<LOW>,<CLOSE>,<VOL>,<OPENINT>
VLCN.US,D,20211006,000000,2027.25,3487.5,1602,2443.5,31614.66635052,0
VLCN.US,D,20211007,000000,2464.4,2875.48,1806.75,1957.5,8198.11102913,0
VLCN.US,D,20211008,000000,2061.4,2677.5,2004.75,2054.25,9562.1954599336,0
VLCN.US,D,20211011,000000,2259.99,2400.75,2056.5,2088,9780.8932355244,0
VLCN.US,D,20211012,000000,2025,2081.25,1908,1957.5,1490.5422073168,0
VLCN.US,D,20211013,000000,1910.25,1941.75,1554.75,1759.5,3131.3688575752,0
VLCN.US,D,20211014,000000,1732.5,1795.5,1579.5,1721.25,1232.9066543376,0
VLCN.US,D,20211015,000000,1710,1953,1694.25,1863,2665.3733066796,0
VLCN.US,D,20211018,000000,1941.75,2243.25,1777.5,2081.25,6183.1866048348,0
VLCN.US,D,20211019,000000,2097,2180.23,1912.5,2061,4134.5955142096,0
VLCN.US,D,20211020,000000,2085.75,2133,1923.75,1955.25,1342.4755421308,0
VLCN.US,D,20211021,000000,1986.75,2020.5,1856.25,1986.75,704.6933262864,0
VLCN.US,D,20211022,000000,1977.75,2115,1883.25,2092.5,1794.2977598348,0
VLCN.US,D,20211025,000000,2146.5,2646,2097,2499.75,5698.155498574,0
VLCN.US,D,20211026,000000,2486.25,2661.75,2301.75,2571.75,2389.6844205476,0
VLCN.US,D,20211027,000000,2565,3735,2495.25,2949.75,8568.2354698732,0
VLCN.US,D,20211028,000000,3037.5,3347.68,2655,2823.75,3713.7510739736,0
VLCN.US,D,20211029,000000,2733.75,2988,2499.75,2799,1495.6977628208,0
VLCN.US,D,20211101,000000,2891.25,2909.25,2767.5,2868.75,742.2933259104,0
VLCN.US,D,20211102,000000,2828.48,2860.87,2673,2727,529.2488835964,0
VLCN.US,D,20211103,000000,2767.5,2785.23,2589.75,2688.75,641.866660248,0
VLCN.US,D,20211104,000000,2740.5,3348,2740.5,3348,2108.1466455852,0
VLCN.US,D,20211105,000000,3352.5,3712.5,3195,3690,2294.466643722,0
VLCN.US,D,20211108,000000,3690,3878.86,3276,3395.25,2142.577756352,0
VLCN.US,D,20211109,000000,3507.75,3645,3217.52,3359.25,1529.8799847012,0
VLCN.US,D,20211110,000000,3404.25,3406.5,3039.75,3152.25,795.22221427,0
VLCN.US,D,20211111,000000,3174.75,3284.98,2970,3109.5,690.0133264332,0
VLCN.US,D,20211112,000000,3082.5,3143.25,2493,2643.75,1345.6577643212,0
VLCN.US,D,20211115,000000,2758.5,3141,2756.25,3078,1037.488878514,0
VLCN.US,D,20211116,000000,3172.5,3413.25,3172.5,3330,1698.22220524,0
VLCN.US,D,20211117,000000,3600,3726,3109.5,3298.5,2236.0266443064,0
VLCN.US,D,20211118,000000,3235.5,4041,3172.5,3708,2526.422196958,0
VLCN.US,D,20211119,000000,3822.75,3915,3345.75,3645,1122.022211002,0
VLCN.US,D,20211122,000000,3800.25,3933,3602.25,3696.75,747.4799925252,0
VLCN.US,D,20211123,000000,3660.75,3809.23,3296.27,3375,900.533324328,0
VLCN.US,D,20211124,000000,3402,3482.98,3321,3447,495.177772826,0
VLCN.US,D,20211126,000000,3296.25,3588.75,3190.5,3543.75,298.688885902,0
VLCN.US,D,20211129,000000,3645,3699,3431.25,3606.75,592.2844385216,0
VLCN.US,D,20211130,000000,3546,3600,3177,3532.5,680.422215418,0
VLCN.US,D,20211201,000000,3555,3600,3195,3258,598.511105126,0
VLCN.US,D,20211202,000000,3303,3333.37,2902.5,3273.75,759.6711035144,0
VLCN.US,D,20211203,000000,3206.25,3254.44,2916,2983.5,406.5377737124,0
VLCN.US,D,20211206,000000,3150,3150,2673,2747.25,798.4311031268,0
VLCN.US,D,20211207,000000,2760.75,2840.34,2594.25,2682,483.288884056,0
VLCN.US,D,20211208,000000,2727,2787.75,2531.25,2691,458.3644398608,0
VLCN.US,D,20211209,000000,2659.5,2711.64,2385,2405.25,640.3288824856,0
VLCN.US,D,20211210,000000,2452.5,2592,2418.75,2569.5,361.8799963812,0
VLCN.US,D,20211213,000000,2542.5,2697.75,2092.5,2124,1123.5466554312,0
VLCN.US,D,20211214,000000,2092.5,2182.5,2054.28,2153.25,578.7066608796,0
VLCN.US,D,20211215,000000,2119.5,2305.64,1811.25,2283.75,1550.5688733832,0
VLCN.US,D,20211216,000000,2292.75,2292.75,1878.75,1966.5,835.2399916476,0
VLCN.US,D,20211217,000000,1910.25,1939.5,1791,1791,1255.1288763376,0
VLCN.US,D,20211220,000000,1791,1840.48,1611,1716.75,1147.3199885268,0
VLCN.US,D,20211221,000000,1683,2061,1655.89,2043,707.4488818144,0
VLCN.US,D,20211222,000000,2029.5,2049.75,1935,1995.75,297.7155525784,0
VLCN.US,D,20211223,000000,1944,1967.4,1867.5,1921.5,414.5377736324,0
VLCN.US,D,20211227,000000,1917,2173.5,1914.75,2097,609.6533272368,0
VLCN.US,D,20211228,000000,2112.75,2129.29,1982.25,2049.75,371.0844407336,0
VLCN.US,D,20211229,000000,2018.25,2178,1993.28,2164.5,274.3822194784,0
VLCN.US,D,20211230,000000,2193.75,2470.5,2126.25,2425.5,447.399995526,0
VLCN.US,D,20211231,000000,2430,2468.25,2349,2430,194.7422202748,0
VLCN.US,D,20220103,000000,2432.25,2475,2355.75,2475,227.7688866112,0
VLCN.US,D,20220104,000000,2475,2616.75,2421,2477.25,679.177770986,0
VLCN.US,D,20220105,000000,2486.25,2486.25,2214,2306.25,253.4488863544,0
VLCN.US,D,20220106,000000,2241,2367,2155.5,2326.5,249.3511086176,0
VLCN.US,D,20220107,000000,2297.25,2315.25,2148.75,2148.75,147.7155540784,0
VLCN.US,D,20220110,000000,2092.5,2214.92,1937.25,2146.5,208.3511090276,0
VLCN.US,D,20220111,000000,2063.25,2306.25,2059.88,2238.75,251.4311085968,0
VLCN.US,D,20220112,000000,2288.25,2313,2182.5,2234.25,142.9466652372,0
VLCN.US,D,20220113,000000,2218.5,2358,2155.5,2216.25,218.9911089212,0
VLCN.US,D,20220114,000000,2182.5,2250,1937.25,2027.25,2124.133312092,0
VLCN.US,D,20220118,000000,1977.75,2025,1811.25,1856.25,409.088884798,0
VLCN.US,D,20220119,000000,1885.5,1948.5,1674,1701,799.4711031164,0
VLCN.US,D,20220120,000000,1750.5,1874.25,1597.5,1622.25,382.6977739508,0
VLCN.US,D,20220121,000000,1647,1755.09,1536.75,1624.5,384.2711072684,0
VLCN.US,D,20220124,000000,1563.75,1606.5,1424.25,1550.25,489.9822173224,0
VLCN.US,D,20220125,000000,1518.75,1550.25,1452.38,1534.5,206.8488868204,0
VLCN.US,D,20220126,000000,1415.25,1433.25,1068.75,1145.25,2771.7199722828,0
VLCN.US,D,20220127,000000,1131.75,1131.75,841.5,850.5,2051.4799794852,0
VLCN.US,D,20220128,000000,969.75,994.5,616.5,670.5,7810.4488107844,0
VLCN.US,D,20220131,000000,661.5,675,652.5,668.25,4040.4310707068,0
VLCN.US,D,20220201,000000,675,688.5,632.25,668.25,2815.711082954,0
VLCN.US,D,20220202,000000,670.5,670.5,609.75,621,2997.5421922468,0
VLCN.US,D,20220203,000000,630,686.16,591.75,607.5,3484.0088540488,0
VLCN.US,D,20220204,000000,612,612,569.25,609.75,2304.266643624,0
VLCN.US,D,20220207,000000,618.75,618.75,497.25,508.5,3290.0799670992,0
VLCN.US,D,20220208,000000,499.5,522,465.75,490.5,2163.1688672572,0
VLCN.US,D,20220209,000000,491.895,517.5,486,517.5,1493.7022072852,0
VLCN.US,D,20220210,000000,519.75,570.895,499.5,508.5,3971.4710713964,0
VLCN.US,D,20220211,000000,508.5,537.46,443.25,445.5,2173.2933116004,0
VLCN.US,D,20220214,000000,443.25,447.75,418.5,438.75,851.6977692608,0
VLCN.US,D,20220215,000000,472.5,650.25,450,580.5,18221.919817781,0
VLCN.US,D,20220216,000000,585,614.25,517.5,546.75,5412.8132792052,0
VLCN.US,D,20220217,000000,551.25,616.5,537.75,594,3686.6044075784,0
VLCN.US,D,20220218,000000,591.75,612,549.025,591.75,1510.3955404516,0
VLCN.US,D,20220222,000000,562.5,594,495,497.25,2049.2488683964,0
VLCN.US,D,20220223,000000,517.5,525.31,470.25,470.25,1129.4799887052,0
VLCN.US,D,20220224,000000,454.5,458.032,414,450,1537.3155401824,0
VLCN.US,D,20220225,000000,468,468,438.75,450,1312.1688757672,0
VLCN.US,D,20220228,000000,452.25,468,420.75,420.75,3011.0133032232,0
VLCN.US,D,20220301,000000,438.75,445.5,405,429.75,1536.6355401892,0
VLCN.US,D,20220302,000000,420.75,434.25,405,414,1196.1688769272,0
VLCN.US,D,20220303,000000,432,438.75,400.365,423,1160.33332173,0
VLCN.US,D,20220304,000000,434.25,434.25,387,400.5,776.8488811204,0
VLCN.US,D,20220307,000000,391.5,463.5,387,456.75,2031.4310907968,0
VLCN.US,D,20220308,000000,468,495,432,472.5,3672.9599632704,0
VLCN.US,D,20220309,000000,483.75,561.375,483.75,546.75,3141.6621908056,0
VLCN.US,D,20220310,000000,526.5,627.75,526.5,625.5,2363.5288652536,0
VLCN.US,D,20220311,000000,622.125,636.75,544.5,564.75,1069.44443375,0
VLCN.US,D,20220314,000000,564.75,630,551.25,564.75,1136.822210854,0
VLCN.US,D,20220315,000000,558,603,542.25,573.75,638.4711047264,0
VLCN.US,D,20220316,000000,576,632.25,576,618.75,1304.977764728,0
VLCN.US,D,20220317,000000,627.75,663.75,618.75,648,1300.9466536572,0
VLCN.US,D,20220318,000000,650.25,697.5,600.75,603,2969.711081414,0
VLCN.US,D,20220321,000000,657,672.75,607.975,666,979.1066568756,0
VLCN.US,D,20220322,000000,679.5,697.5,634.5,652.5,807.0311030408,0
VLCN.US,D,20220323,000000,652.5,652.5,567,591.75,962.2399903776,0
VLCN.US,D,20220324,000000,607.5,609.75,468,486,3241.733300916,0
VLCN.US,D,20220325,000000,488.25,488.25,456.412,470.25,1289.9066537676,0
VLCN.US,D,20220328,000000,470.25,480.892,400.5,456.75,4993.7866167288,0
VLCN.US,D,20220329,000000,456.75,465.75,434.25,447.75,1151.0399884896,0
VLCN.US,D,20220330,000000,450,483.75,436.5,450,1923.2933141004,0
VLCN.US,D,20220331,000000,459,472.5,427.5,429.75,1290.8710982024,0
VLCN.US,D,20220401,000000,463.5,463.5,418.5,429.75,1315.955542396,0
VLCN.US,D,20220404,000000,438.75,445.5,420.75,436.5,799.2711031184,0
VLCN.US,D,20220405,000000,436.5,436.5,398.25,405,1306.8177647096,0
VLCN.US,D,20220406,000000,407.25,407.25,384.75,393.75,1548.8622067336,0
VLCN.US,D,20220407,000000,398.25,405,357.75,362.25,2887.4399711256,0
VLCN.US,D,20220408,000000,362.25,382.5,352.125,360,1170.7199882928,0
VLCN.US,D,20220411,000000,364.5,384.75,319.5,326.25,2915.7421930648,0
VLCN.US,D,20220412,000000,319.5,342,310.5,310.5,1074.533322588,0
VLCN.US,D,20220413,000000,315,330.75,306,330.75,987.355545682,0
VLCN.US,D,20220414,000000,346.5,346.5,297,306,1028.7066563796,0
VLCN.US,D,20220418,000000,306,348.75,290.25,337.5,1814.133315192,0
VLCN.US,D,20220419,000000,330.75,346.5,324,337.5,935.9066573076,0
VLCN.US,D,20220420,000000,335.25,335.25,315,330.75,500.399994996,0
VLCN.US,D,20220421,000000,346.5,357.3,303.75,315,529.599994704,0
VLCN.US,D,20220422,000000,321.75,335.25,303.75,317.25,419.1955513636,0
VLCN.US,D,20220425,000000,306,326.25,299.948,326.25,395.1022182712,0
VLCN.US,D,20220426,000000,324,335.25,315,321.75,308.5199969148,0
VLCN.US,D,20220427,000000,335.25,335.25,321.75,326.25,424.1466624252,0
VLCN.US,D,20220428,000000,335.25,335.25,321.75,330.75,265.5422195668,0
VLCN.US,D,20220429,000000,326.25,353.25,324,346.5,571.9466609472,0
VLCN.US,D,20220502,000000,364.5,369,342,355.5,418.9911069212,0
VLCN.US,D,20220503,000000,355.5,355.5,337.5,355.5,219.9422200228,0
VLCN.US,D,20220504,000000,360,360,321.75,355.5,469.466661972,0
VLCN.US,D,20220505,000000,346.5,353.25,315,337.5,385.244440592,0
VLCN.US,D,20220506,000000,333,339.75,322.875,333,210.2977756748,0
VLCN.US,D,20220509,000000,326.25,326.25,294.75,301.5,819.911102912,0
VLCN.US,D,20220510,000000,303.75,310.5,270,272.25,484.7066618196,0
VLCN.US,D,20220511,000000,274.5,288,252,254.25,481.6533285168,0
VLCN.US,D,20220512,000000,231.75,256.5,213.772,231.75,1231.1422099108,0
VLCN.US,D,20220513,000000,326.25,326.25,263.25,281.25,579.1511053196,0
VLCN.US,D,20220516,000000,256.5,281.25,249.75,263.25,1481.266651854,0
VLCN.US,D,20220517,000000,265.5,267.75,247.5,265.5,608.9244383552,0
VLCN.US,D,20220518,000000,267.75,267.75,247.5,247.5,397.66666269,0
VLCN.US,D,20220519,000000,258.75,283.5,247.5,274.5,558.0755499748,0
VLCN.US,D,20220520,000000,297,297,247.5,265.5,1082.177766956,0
VLCN.US,D,20220523,000000,272.25,281.227,270,279,420.7866624588,0
VLCN.US,D,20220524,000000,285.75,285.75,260.685,267.75,353.3911075772,0
VLCN.US,D,20220525,000000,274.5,279,263.25,279,240.0533309328,0
VLCN.US,D,20220526,000000,270,290.25,267.75,270,347.0088854188,0
VLCN.US,D,20220527,000000,270,299.25,238.5,290.25,1349.311097618,0
VLCN.US,D,20220531,000000,303.75,308.25,284.512,306,533.044439114,0
VLCN.US,D,20220601,000000,308.25,310.5,283.5,288,290.6311082048,0
VLCN.US,D,20220602,000000,288,299.25,288,299.25,191.3866647528,0
VLCN.US,D,20220603,000000,297,299.25,270,274.5,317.022219052,0
VLCN.US,D,20220606,000000,288,321.75,288,294.75,999.7244344472,0
VLCN.US,D,20220607,000000,308.25,326.25,294.75,315,698.7599930124,0
VLCN.US,D,20220608,000000,315,326.25,303.75,317.25,390.1155516544,0
VLCN.US,D,20220609,000000,317.25,317.25,292.5,299.25,160.6133317272,0
VLCN.US,D,20220610,000000,297,301.14,272.25,276.75,289.644441548,0
VLCN.US,D,20220613,000000,274.5,297,267.75,279,399.511107116,0
VLCN.US,D,20220614,000000,274.5,287.977,261,263.25,272.6533306068,0
VLCN.US,D,20220615,000000,274.5,278.977,256.5,263.25,263.1511084796,0
VLCN.US,D,20220616,000000,256.5,272.25,254.25,261,279.511108316,0
VLCN.US,D,20220617,000000,258.75,279,256.5,258.75,216.6799978332,0
VLCN.US,D,20220621,000000,263.25,276.75,263.25,267.75,165.5422205668,0
VLCN.US,D,20220622,000000,258.75,272.25,258.75,258.75,226.4311088468,0
VLCN.US,D,20220623,000000,267.75,267.75,258.75,263.25,183.4044426104,0
VLCN.US,D,20220624,000000,267.75,294.75,263.25,294.75,379.5066628716,0
VLCN.US,D,20220627,000000,294.75,303.75,274.5,283.5,425.6266624104,0
VLCN.US,D,20220628,000000,270,290.25,270,285.75,307.2977747048,0
VLCN.US,D,20220629,000000,285.75,328.5,281.25,326.25,1217.311098938,0
VLCN.US,D,20220630,000000,330.75,432,326.25,414,3497.9510761316,0
VLCN.US,D,20220701,000000,438.75,438.75,371.25,382.5,2235.6933109764,0
VLCN.US,D,20220705,000000,366.75,375.705,303.75,306,1494.0977628368,0
VLCN.US,D,20220706,000000,308.25,335.228,306.27,317.25,640.0622158216,0
VLCN.US,D,20220707,000000,339.75,346.5,317.25,346.5,528.8711058224,0
VLCN.US,D,20220708,000000,342,362.25,326.25,360,316.6577746112,0
VLCN.US,D,20220711,000000,362.25,578.25,351,504,245246.43754754,0
VLCN.US,D,20220712,000000,470.25,497.25,407.25,411.75,17850.502043717,0
VLCN.US,D,20220713,000000,393.75,423.99,373.5,387,3678.7510743236,0
VLCN.US,D,20220714,000000,380.25,393.75,360,369,3676.0355187952,0
VLCN.US,D,20220715,000000,378,382.5,330.75,344.25,3391.2088549768,0
VLCN.US,D,20220718,000000,344.25,380.25,342.022,353.25,2508.4310860268,0
VLCN.US,D,20220719,000000,360,362.25,335.25,337.5,1489.5155406604,0
VLCN.US,D,20220720,000000,337.5,353.25,326.25,346.5,1129.5822109264,0
VLCN.US,D,20220721,000000,346.5,373.5,330.75,371.25,1961.22220261,0
VLCN.US,D,20220722,000000,369,371.25,339.75,357.75,875.0355468052,0
VLCN.US,D,20220725,000000,348.75,366.75,336.375,353.25,852.1599914784,0
VLCN.US,D,20220726,000000,357.75,357.93,342,348.75,532.55555023,0
VLCN.US,D,20220727,000000,353.25,366.75,338.625,364.5,1037.3155451824,0
VLCN.US,D,20220728,000000,366.75,400.5,351,393.75,1788.4177598936,0
VLCN.US,D,20220729,000000,409.5,409.5,369,378,928.7599907124,0
VLCN.US,D,20220801,000000,375.75,393.728,366.75,387,966.9022125532,0
VLCN.US,D,20220802,000000,371.25,405,369,400.5,1104.066655626,0
VLCN.US,D,20220803,000000,405,420.75,382.5,411.75,1051.0088783788,0
VLCN.US,D,20220804,000000,420.75,420.75,393.75,411.75,388.3422183388,0
VLCN.US,D,20220805,000000,420.75,423,384.75,420.75,942.3022127992,0
VLCN.US,D,20220808,000000,423,434.25,414,418.5,491.5288839736,0
VLCN.US,D,20220809,000000,418.5,420.75,393.75,405,489.0133284432,0
VLCN.US,D,20220810,000000,407.25,454.5,402.75,438.75,2107.0710900404,0
VLCN.US,D,20220811,000000,447.75,463.5,420.75,436.5,1174.4799882552,0
VLCN.US,D,20220812,000000,504,594,445.5,474.75,52612.101696101,0
VLCN.US,D,20220815,000000,481.5,481.5,441,452.25,3522.8755203268,0
VLCN.US,D,20220816,000000,463.5,465.75,409.5,459,2417.4621980476,0
VLCN.US,D,20220817,000000,450,460.305,429.75,441,1185.0488770384,0
VLCN.US,D,20220818,000000,436.5,438.772,409.5,414,891.5422133068,0
VLCN.US,D,20220819,000000,684,751.5,526.5,544.5,507596.09270182,0
VLCN.US,D,20220822,000000,479.25,480.69,423,443.25,19794.350913168,0
VLCN.US,D,20220823,000000,445.5,510.775,438.75,497.25,10315.035452405,0
VLCN.US,D,20220824,000000,506.25,569.25,501.75,549,9021.711020894,0
VLCN.US,D,20220825,000000,571.5,659.25,551.25,636.75,14195.568746933,0
VLCN.US,D,20220826,000000,609.75,632.23,531,600.75,11221.728776672,0
VLCN.US,D,20220829,000000,582.75,614.25,555.75,594,3906.77773871,0
VLCN.US,D,20220830,000000,591.75,708.75,576,666,17550.146491165,0
VLCN.US,D,20220831,000000,654.75,763.065,643.5,684,12120.213212131,0
VLCN.US,D,20220901,000000,686.25,776.25,619,657,15430.097623477,0
VLCN.US,D,20220902,000000,652.5,675,587.25,607.5,3949.1199605088,0
VLCN.US,D,20220906,000000,625.5,625.5,555.75,562.5,3545.0755201048,0
VLCN.US,D,20220907,000000,562.5,638.755,495,623.25,4772.0043967244,0
VLCN.US,D,20220908,000000,636.75,693,614.32,636.75,3863.0621835916,0
VLCN.US,D,20220909,000000,652.5,666,612,623.25,1889.0933144424,0
VLCN.US,D,20220912,000000,630,630,600.75,603,1400.8844304356,0
VLCN.US,D,20220913,000000,596.25,614.115,564.75,605.25,2165.799978342,0
VLCN.US,D,20220914,000000,576,598.5,554.11,562.5,2387.3688650152,0
VLCN.US,D,20220915,000000,551.25,580.5,540,567,1138.3244330612,0
VLCN.US,D,20220916,000000,540,580.5,540,576,1819.44442625,0
VLCN.US,D,20220919,000000,573.75,584.685,553.5,571.5,608.9822161324,0
VLCN.US,D,20220920,000000,562.5,571.5,540,569.25,776.5866589008,0
VLCN.US,D,20220921,000000,578.25,578.25,546.75,555.75,1046.44443398,0
VLCN.US,D,20220922,000000,558,558,522.34,533.25,1000.88887888,0
VLCN.US,D,20220923,000000,528.75,537.75,506.25,528.75,1256.9955429856,0
VLCN.US,D,20220926,000000,540,576,454.5,461.25,2871.4044157304,0
VLCN.US,D,20220927,000000,468,477,423,427.5,1431.2088745768,0
VLCN.US,D,20220928,000000,445.5,467.977,429.75,452.25,928.9066573776,0
VLCN.US,D,20220929,000000,452.25,463.5,416.25,427.5,773.9733255936,0
VLCN.US,D,20220930,000000,425.25,450,425.25,443.25,899.8311021128,0
VLCN.US,D,20221003,000000,441,459,427.5,447.75,394.4577738332,0
VLCN.US,D,20221004,000000,441,477,441,470.25,538.2311057288,0
VLCN.US,D,20221005,000000,472.5,474.75,425.25,459,5014.2132831912,0
VLCN.US,D,20221006,000000,459,462.375,429.75,447.75,843.3599915664,0
VLCN.US,D,20221007,000000,443.25,450,425.25,443.25,472.66666194,0
VLCN.US,D,20221010,000000,447.75,447.75,425.25,433.125,301.8977747588,0
VLCN.US,D,20221011,000000,425.25,435.375,401.625,407.25,1039.466656272,0
VLCN.US,D,20221012,000000,418.5,418.5,360,378,870.6755468488,0
VLCN.US,D,20221013,000000,378,387,348.75,373.5,971.1911013992,0
VLCN.US,D,20221014,000000,387,387,357.75,362.25,416.6933291664,0
VLCN.US,D,20221017,000000,362.25,387,362.25,380.25,303.6266636304,0
VLCN.US,D,20221018,000000,382.5,393.75,371.25,375.75,530.3644391408,0
VLCN.US,D,20221019,000000,373.5,380.25,371.25,373.5,136.711109744,0
VLCN.US,D,20221020,000000,373.5,393.3,371.25,380.25,330.6266633604,0
VLCN.US,D,20221021,000000,380.25,380.272,362.25,366.75,320.9644412348,0
VLCN.US,D,20221024,000000,378,384.75,348.75,360,390.2622183196,0
VLCN.US,D,20221025,000000,353.25,379.62,353.25,371.25,330.7466633592,0
VLCN.US,D,20221026,000000,369,375.75,356.625,362.25,503.399994966,0
VLCN.US,D,20221027,000000,362.25,375.727,348.75,353.25,298.8266636784,0
VLCN.US,D,20221028,000000,357.75,361.125,326.25,342,1280.466653862,0
VLCN.US,D,20221031,000000,337.5,345.69,326.25,330.75,359.3155519624,0
VLCN.US,D,20221101,000000,335.25,337.5,317.25,317.25,399.2488848964,0
VLCN.US,D,20221102,000000,328.5,328.5,289.125,297,1131.8710997924,0
VLCN.US,D,20221103,000000,303.75,315,294.728,308.25,578.9155497664,0
VLCN.US,D,20221104,000000,312.75,324,300.06,315,777.5199922248,0
VLCN.US,D,20221107,000000,319.5,341.55,315,326.25,340.4844410396,0
VLCN.US,D,20221108,000000,335.25,335.25,309.375,317.25,212.8399978716,0
VLCN.US,D,20221109,000000,317.25,317.25,274.5,285.75,1014.5066565216,0
VLCN.US,D,20221110,000000,312.75,312.75,288,294.75,739.244437052,0
VLCN.US,D,20221111,000000,301.5,308.25,283.5,301.5,448.8755510668,0
VLCN.US,D,20221114,000000,294.75,301.5,292.5,297,378.533329548,0
VLCN.US,D,20221115,000000,308.25,310.5,290.25,301.5,653.0755490248,0
VLCN.US,D,20221116,000000,301.5,301.5,279,288,587.022216352,0
VLCN.US,D,20221117,000000,285.75,285.75,263.25,270,587.8266607884,0
VLCN.US,D,20221118,000000,270,274.5,256.5,258.75,463.7599953624,0
VLCN.US,D,20221121,000000,263.25,263.25,243,249.75,801.133325322,0
VLCN.US,D,20221122,000000,245.25,247.5,238.5,240.75,452.266662144,0
VLCN.US,D,20221123,000000,243,245.227,236.25,240.75,250.9644419348,0
VLCN.US,D,20221125,000000,249.75,249.75,240.75,245.25,82.4977769528,0
VLCN.US,D,20221128,000000,261,281.25,249.818,281.25,734.977770428,0
VLCN.US,D,20221129,000000,281.25,281.25,261,270,453.9733287936,0
VLCN.US,D,20221130,000000,270,270,254.25,267.75,358.0711075304,0
VLCN.US,D,20221201,000000,265.5,272.25,258.75,267.75,236.2266643044,0
VLCN.US,D,20221202,000000,261,270,261,270,172.7688871612,0
VLCN.US,D,20221205,000000,265.5,267.75,238.5,248.625,339.4355521612,0
VLCN.US,D,20221206,000000,249.75,252,243,245.25,232.8799976712,0
VLCN.US,D,20221207,000000,243,261,240.75,247.5,150.8844429356,0
VLCN.US,D,20221208,000000,252,258.75,243,252,127.8088876108,0
VLCN.US,D,20221209,000000,249.75,254.228,245.25,252,150.8044429364,0
VLCN.US,D,20221212,000000,245.25,247.5,240.75,243,207.9288868096,0
VLCN.US,D,20221213,000000,240.75,254.25,238.5,249.75,409.466662572,0
VLCN.US,D,20221214,000000,245.25,256.5,243,247.5,237.4311087368,0
VLCN.US,D,20221215,000000,247.5,263.25,243,258.75,376.7955517876,0
VLCN.US,D,20221216,000000,258.75,263.25,249.75,252,268.7288862016,0
VLCN.US,D,20221219,000000,249.75,251.978,229.5,231.75,555.4088833348,0
VLCN.US,D,20221220,000000,222.75,230.625,222.75,225,623.866660428,0
VLCN.US,D,20221221,000000,225,238.5,222.75,225,310.466663562,0
VLCN.US,D,20221222,000000,225,238.5,209.498,222.75,579.6711053144,0
VLCN.US,D,20221223,000000,225,225,204.75,209.25,462.9288842596,0
VLCN.US,D,20221227,000000,210.375,229.5,210.375,228.375,1334.3155422124,0
VLCN.US,D,20221228,000000,225,233.932,225,227.25,181.2577759652,0
VLCN.US,D,20221229,000000,222.75,231.75,222.75,225,176.133331572,0
VLCN.US,D,20221230,000000,222.75,236.25,220.432,227.272,537.11110574,0
VLCN.US,D,20230103,000000,236.25,236.25,222.75,229.5,141.3511096976,0
VLCN.US,D,20230104,000000,234,254.25,227.902,252,365.9644407848,0
VLCN.US,D,20230105,000000,252,254.25,247.5,254.25,164.022220582,0
VLCN.US,D,20230106,000000,249.75,272.25,245.25,272.25,309.3288857956,0
VLCN.US,D,20230109,000000,270,288,268.312,279,168.1466649852,0
VLCN.US,D,20230110,000000,279,290.227,267.75,272.25,207.7733312556,0
VLCN.US,D,20230111,000000,270,303.75,262.125,294.75,710.8355484472,0
VLCN.US,D,20230112,000000,326.25,337.5,310.5,321.75,673.3955488216,0
VLCN.US,D,20230113,000000,326.25,329.872,317.25,328.5,314.8044412964,0
VLCN.US,D,20230117,000000,319.5,382.5,303.75,319.5,2886.8755266868,0
VLCN.US,D,20230118,000000,317.25,321.75,303.75,308.25,339.0133299432,0
VLCN.US,D,20230119,000000,310.5,312.75,292.5,294.75,386.488885024,0
VLCN.US,D,20230120,000000,294.75,315,294.75,312.75,335.0933299824,0
VLCN.US,D,20230123,000000,319.5,328.5,299.25,328.5,387.66666279,0
VLCN.US,D,20230124,000000,333,345.465,317.25,326.25,500.9688838792,0
VLCN.US,D,20230125,000000,335.25,344.25,317.25,337.5,1196.7733213656,0
VLCN.US,D,20230126,000000,339.75,351,334.665,348.75,543.399994566,0
VLCN.US,D,20230127,000000,351,378,344.25,375.75,872.6488801624,0
VLCN.US,D,20230130,000000,371.25,400.5,362.25,382.5,529.2711058184,0
VLCN.US,D,20230131,000000,393.75,402.75,382.5,402.75,576.8177720096,0
VLCN.US,D,20230201,000000,402.75,438.75,396.832,432,597.5911051352,0
VLCN.US,D,20230202,000000,450,450,393.75,398.25,710.0488817884,0
VLCN.US,D,20230203,000000,393.75,402.39,380.25,384.75,873.7955468176,0
VLCN.US,D,20230206,000000,384.75,389.25,362.25,375.75,510.3022171192,0
VLCN.US,D,20230207,000000,375.75,387,339.75,369,577.2355497832,0
VLCN.US,D,20230208,000000,362.25,378,358.088,362.25,102.3066656436,0
VLCN.US,D,20230209,000000,360,380.97,357.75,373.5,213.511108976,0
VLCN.US,D,20230210,000000,380.25,382.5,360.36,366.75,134.799998652,0
VLCN.US,D,20230213,000000,380.25,380.25,347.625,348.75,386.6399961336,0
VLCN.US,D,20230214,000000,348.75,372.375,339.75,366.727,538.2044390624,0
VLCN.US,D,20230215,000000,360,371.25,348.48,369,178.9511093216,0
VLCN.US,D,20230216,000000,357.75,366.75,348.75,355.5,165.4044427904,0
VLCN.US,D,20230217,000000,360,370.89,355.5,366.75,213.399997866,0
VLCN.US,D,20230221,000000,355.5,366.75,348.75,351,244.0088864488,0
VLCN.US,D,20230222,000000,353.25,363.375,351,360,122.9466654372,0
VLCN.US,D,20230223,000000,360,371.25,353.452,357.75,204.6311090648,0
VLCN.US,D,20230224,000000,353.25,366.75,344.272,348.75,273.1599972684,0
VLCN.US,D,20230227,000000,348.75,366.75,344.25,355.5,191.1022203112,0
VLCN.US,D,20230228,000000,342,382.5,342,380.25,1169.7955438576,0
VLCN.US,D,20230301,000000,393.75,393.75,362.25,366.75,193.3688869552,0
VLCN.US,D,20230302,000000,366.75,375.75,353.25,371.25,71.5866659508,0
VLCN.US,D,20230303,000000,382.5,391.5,375.75,389.25,632.933327004,0
VLCN.US,D,20230306,000000,378,391.5,378,382.5,85.9733324736,0
VLCN.US,D,20230307,000000,373.5,390.172,369,378,207.6088868128,0
VLCN.US,D,20230308,000000,378,383.355,371.25,373.5,119.9466654672,0
VLCN.US,D,20230309,000000,375.75,378,366.75,366.75,438.066662286,0
VLCN.US,D,20230310,000000,366.75,366.75,326.475,344.25,493.4711061764,0
VLCN.US,D,20230313,000000,344.25,344.25,315,324,721.022215012,0
VLCN.US,D,20230314,000000,319.5,357.682,319.5,339.75,324.6755523088,0
VLCN.US,D,20230315,000000,337.5,355.5,326.25,339.75,280.177774976,0
VLCN.US,D,20230316,000000,337.5,348.525,297,312.75,445.3466622132,0
VLCN.US,D,20230317,000000,351,351,315,324,195.2177758256,0
VLCN.US,D,20230320,000000,317.25,319.5,299.25,301.5,202.8044424164,0
VLCN.US,D,20230321,000000,308.25,318.69,295.177,308.25,115.488887734,0
VLCN.US,D,20230322,000000,312.75,319.5,301.5,306,179.8755537568,0
VLCN.US,D,20230323,000000,312.75,315,299.272,309.847,68.3911104272,0
VLCN.US,D,20230324,000000,315,315,306,310.5,50.1244439432,0
VLCN.US,D,20230327,000000,308.25,326.25,306,326.25,78.3244436612,0
VLCN.US,D,20230328,000000,328.5,337.5,315,324,150.9155540464,0
VLCN.US,D,20230329,000000,337.5,337.5,315,321.75,96.311110148,0
VLCN.US,D,20230330,000000,333,337.5,319.5,326.25,128.7022209352,0
VLCN.US,D,20230331,000000,333,337.5,315,337.5,153.3822206884,0
VLCN.US,D,20230403,000000,337.5,337.5,317.588,319.5,150.622220716,0
VLCN.US,D,20230404,000000,325.575,333,317.25,319.5,155.6044428884,0
VLCN.US,D,20230405,000000,326.25,326.25,306,319.5,76.88888812,0
VLCN.US,D,20230406,000000,315,328.5,306,312.75,115.6177766216,0
VLCN.US,D,20230410,000000,306,324,306,315,191.3022203092,0
VLCN.US,D,20230411,000000,315,326.25,306.022,317.25,618.9911049212,0
VLCN.US,D,20230412,000000,333,378,315,339.75,2536.7510857436,0
VLCN.US,D,20230413,000000,333,348.75,317.272,337.5,385.5822183664,0
VLCN.US,D,20230414,000000,333,337.5,326.25,334.125,106.6266656004,0
VLCN.US,D,20230417,000000,337.5,337.5,328.5,333,79.288888096,0
VLCN.US,D,20230418,000000,333,337.5,333,337.5,95.8977768188,0
VLCN.US,D,20230419,000000,333,333,321.75,328.5,254.3822196784,0
VLCN.US,D,20230420,000000,328.5,337.5,319.5,321.75,116.8977766088,0
VLCN.US,D,20230421,000000,321.75,321.75,299.25,306,326.7377745104,0
VLCN.US,D,20230424,000000,299.25,306,299.25,301.5,177.0133315632,0
VLCN.US,D,20230425,000000,294.75,299.25,267.75,283.5,231.6711087944,0
VLCN.US,D,20230426,000000,281.25,296.1,275.355,290.25,210.6933312264,0
VLCN.US,D,20230427,000000,292.522,299.227,282.15,293.332,132.4088875648,0
VLCN.US,D,20230428,000000,292.5,299.227,285.75,288,31.9155552364,0
VLCN.US,D,20230501,000000,294.75,306,279,279,81.4488880744,0
VLCN.US,D,20230502,000000,283.5,294.705,279,285.75,197.7777758,0
VLCN.US,D,20230503,000000,281.25,287.235,258.75,261,514.5866615208,0
VLCN.US,D,20230504,000000,261,281.25,261,281.25,99.0533323428,0
VLCN.US,D,20230505,000000,281.25,286.312,270,272.25,115.4311099568,0
VLCN.US,D,20230508,000000,281.25,291.938,274.5,283.05,101.0533323228,0
VLCN.US,D,20230509,000000,270,283.5,265.5,270,209.511109016,0
VLCN.US,D,20230510,000000,281.25,281.25,270,272.25,108.466665582,0
VLCN.US,D,20230511,000000,279,279,265.5,267.75,135.9199986408,0
VLCN.US,D,20230512,000000,267.75,274.5,265.5,265.5,116.199998838,0
VLCN.US,D,20230515,000000,274.5,274.5,265.5,267.75,388.4488850044,0
VLCN.US,D,20230516,000000,261,267.75,261,261.247,189.1466647752,0
VLCN.US,D,20230517,000000,258.75,264.555,227.25,247.5,628.244438162,0
VLCN.US,D,20230518,000000,258.75,258.75,244.125,246.668,203.7377757404,0
VLCN.US,D,20230519,000000,245.25,245.25,236.25,245.25,392.6533294068,0
VLCN.US,D,20230522,000000,162,166.05,157.5,163.822,8559.9732477336,0
VLCN.US,D,20230523,000000,160.042,161.978,135.225,151.762,3051.2977472648,0
VLCN.US,D,20230524,000000,146.25,159.75,146.25,158.4,1262.733320706,0
VLCN.US,D,20230525,000000,157.5,166.5,150.75,163.125,1701.822205204,0
VLCN.US,D,20230526,000000,164.25,166.5,155.25,158.288,764.088881248,0
VLCN.US,D,20230530,000000,158.288,161.978,153,158.602,580.8266608584,0
VLCN.US,D,20230531,000000,157.5,157.522,150.75,155.295,677.266659894,0
VLCN.US,D,20230601,000000,159.075,162,150.75,154.688,688.5199931148,0
VLCN.US,D,20230602,000000,160.763,162,155.25,161.572,608.4488828044,0
VLCN.US,D,20230605,000000,162,164.228,157.612,162,1184.0399881596,0
VLCN.US,D,20230606,000000,162,173.25,156.668,165.532,1894.4844254996,0
VLCN.US,D,20230607,000000,168.75,168.75,165.532,166.5,1371.7866529488,0
VLCN.US,D,20230608,000000,171,173.25,159.03,161.888,439.77777338,0
VLCN.US,D,20230609,000000,159.75,162.028,152.685,155.25,727.0355482852,0
VLCN.US,D,20230612,000000,155.25,157.5,153.068,155.25,315.4488857344,0
VLCN.US,D,20230613,000000,157.5,157.5,153,153.517,460.5733287276,0
VLCN.US,D,20230614,000000,157.5,157.5,153,155.228,565.6622165656,0
VLCN.US,D,20230615,000000,159.615,159.705,153.608,155.902,694.133326392,0
VLCN.US,D,20230616,000000,155.25,164.228,153.18,154.508,963.4799903652,0
VLCN.US,D,20230620,000000,153,159.75,144,148.478,1656.0710945504,0
VLCN.US,D,20230621,000000,148.5,150.008,139.365,139.365,724.2088816468,0
VLCN.US,D,20230622,000000,136.71,140.04,130.612,135,1199.9022102232,0
VLCN.US,D,20230623,000000,135,140.625,135,138.15,285.3955527016,0
VLCN.US,D,20230626,000000,144,146.16,135,139.432,132.9466653372,0
VLCN.US,D,20230627,000000,135,142.852,135,136.035,576.33332757,0
VLCN.US,D,20230628,000000,138.578,138.578,117.652,128.206,1878.4755367708,0
VLCN.US,D,20230629,000000,125.775,126.877,101.25,119.947,578.8266608784,0
VLCN.US,D,20230630,000000,126,135,118.575,128.182,470.9377730684,0
VLCN.US,D,20230703,000000,130.5,152.055,128.25,152.055,505.311106058,0
VLCN.US,D,20230705,000000,153,159.75,145.8,152.212,1137.88887751,0
VLCN.US,D,20230706,000000,155.25,155.25,137.295,143.978,662.7822155944,0
VLCN.US,D,20230707,000000,148.545,150.795,145.35,148.905,306.3822191584,0
VLCN.US,D,20230710,000000,153,153,144,148.5,138.4133319492,0
VLCN.US,D,20230711,000000,150.75,164.25,146.25,159.3,691.9511041916,0
VLCN.US,D,20230712,000000,164.025,164.25,150.75,154.125,645.133326882,0
VLCN.US,D,20230713,000000,157.5,159.75,150.772,154.17,293.688885952,0
VLCN.US,D,20230714,000000,153,155.205,148.5,151.132,254.8755530068,0
VLCN.US,D,20230717,000000,159.75,159.75,146.25,147.06,501.2755505428,0
VLCN.US,D,20230718,000000,146.362,152.28,146.25,152.28,463.599995364,0
VLCN.US,D,20230719,000000,151.515,155.25,141.075,141.75,643.6799935632,0
VLCN.US,D,20230720,000000,143.842,150.075,132.75,136.26,604.0088828488,0
VLCN.US,D,20230721,000000,139.5,139.5,129.375,132.75,403.8755515168,0
VLCN.US,D,20230724,000000,139.972,139.972,128.272,130.5,259.9822196224,0
VLCN.US,D,20230725,000000,130.5,132.705,128.7,128.925,891.3911021972,0
VLCN.US,D,20230726,000000,128.925,129.352,120.375,126,1008.8044343564,0
VLCN.US,D,20230727,000000,126.698,126.698,120.375,126.698,350.0177742776,0
VLCN.US,D,20230728,000000,126.698,140.962,123.772,135.09,490.4088839848,0
VLCN.US,D,20230731,000000,131.22,143.955,130.995,139.5,508.33332825,0
VLCN.US,D,20230801,000000,143.775,144,132.772,139.05,360.4044408404,0
VLCN.US,D,20230802,000000,134.888,141.75,130.612,134.752,99.4711101164,0
VLCN.US,D,20230803,000000,128.88,133.2,120.375,123.975,401.6399959836,0
VLCN.US,D,20230804,000000,120.488,132.952,120.488,121.522,203.0044424144,0
VLCN.US,D,20230807,000000,128.025,137.25,126,126,265.688886232,0
VLCN.US,D,20230808,000000,129.038,130.5,120.375,123.75,184.1377759364,0
VLCN.US,D,20230809,000000,126,126,117.225,118.125,189.3511092176,0
VLCN.US,D,20230810,000000,119.25,125.212,114.975,121.14,300.466663662,0
VLCN.US,D,20230811,000000,112.725,119.25,108,112.455,297.4977748028,0
VLCN.US,D,20230814,000000,108.788,112.5,94.545,103.545,1299.4355425612,0
VLCN.US,D,20230815,000000,112.5,114.727,101.272,105.75,343.3288854556,0
VLCN.US,D,20230816,000000,101.362,106.942,99.5625,99.8775,281.288886076,0
VLCN.US,D,20230817,000000,101.25,105.75,99,101.25,84.0399991596,0
VLCN.US,D,20230818,000000,103.275,112.5,94.5,101.25,270.0355528552,0
VLCN.US,D,20230821,000000,112.5,114.75,108.675,108.9,371.4311073968,0
VLCN.US,D,20230822,000000,109.35,113.625,101.25,102.42,98.1155545744,0
VLCN.US,D,20230823,000000,101.25,111.375,101.25,107.122,482.911106282,0
VLCN.US,D,20230824,000000,111.6,111.6,103.396,107.572,115.044443294,0
VLCN.US,D,20230825,000000,103.725,112.342,103.725,107.91,198.7466646792,0
VLCN.US,D,20230828,000000,106.65,109.035,99.18,107.91,154.5511095656,0
VLCN.US,D,20230829,000000,108,108,101.25,105.21,253.7244419072,0
VLCN.US,D,20230830,000000,107.775,108,105.75,108,123.533332098,0
VLCN.US,D,20230831,000000,108,109.125,103.86,106.898,335.0133299832,0
VLCN.US,D,20230901,000000,109.125,109.125,103.815,105.75,259.5199974048,0
VLCN.US,D,20230905,000000,108,112.162,105.75,106.02,720.3022150192,0
VLCN.US,D,20230906,000000,104.625,110.227,103.5,106.65,237.7733309556,0
VLCN.US,D,20230907,000000,110.205,119.25,103.5,118.598,915.5066575116,0
VLCN.US,D,20230908,000000,119.25,120.352,112.5,112.658,142.7644430168,0
VLCN.US,D,20230911,000000,120.375,134.55,114.75,132.255,625.7599937424,0
VLCN.US,D,20230912,000000,132.345,133.875,130.5,131.355,265.7644417868,0
VLCN.US,D,20230913,000000,135.225,135.225,130.5,130.5,230.4577754732,0
VLCN.US,D,20230914,000000,132.75,145.98,130.746,144,456.8711065424,0
VLCN.US,D,20230915,000000,95.625,119.25,95.625,112.5,4402.599955974,0
VLCN.US,D,20230918,000000,114.75,114.75,99.0225,103.725,2330.355532252,0
VLCN.US,D,20230919,000000,97.065,101.25,96.75,101.25,1190.9866547568,0
VLCN.US,D,20230920,000000,101.25,104.952,90,90.5175,1020.6488786824,0
VLCN.US,D,20230921,000000,94.5,95.6925,87.75,89.9325,1226.6488766224,0
VLCN.US,D,20230922,000000,92.25,94.455,87.75,92.025,250.5599974944,0
VLCN.US,D,20230925,000000,93.42,95.625,87.75,87.75,207.1822201504,0
VLCN.US,D,20230926,000000,93.6,94.5,85.545,86.22,455.0311065608,0
VLCN.US,D,20230927,000000,98.775,98.775,87.7725,92.2725,165.3422205688,0
VLCN.US,D,20230928,000000,96.75,98.325,90,94.5,335.6577744212,0
VLCN.US,D,20230929,000000,99.3375,114.75,95.1975,113.625,1371.1822085104,0
VLCN.US,D,20231002,000000,110.25,112.5,90,97.0425,1348.2622087396,0
VLCN.US,D,20231003,000000,94.14,97.425,81,85.9725,883.1955467236,0
VLCN.US,D,20231004,000000,85.5,85.5,74.295,77.6475,1277.5866538908,0
VLCN.US,D,20231005,000000,85.5,85.5,76.23,76.23,633.6622158856,0
VLCN.US,D,20231006,000000,80.0325,82.1025,74.9925,78.3,380.7377739704,0
VLCN.US,D,20231009,000000,81,90,76.5,83.25,652.1688823672,0
VLCN.US,D,20231010,000000,81.09,110.25,76.5,90.225,3026.0488586284,0
VLCN.US,D,20231011,000000,90.45,106.875,90.0245,94.4775,612.311104988,0
VLCN.US,D,20231012,000000,98.4825,98.4825,87.975,87.975,359.0133297432,0
VLCN.US,D,20231013,000000,84.645,98.4825,78.75,85.545,1636.9066502976,0
VLCN.US,D,20231016,000000,83.25,108.9,80.5455,91.8,3855.688850332,0
VLCN.US,D,20231017,000000,95.4,95.4,53.1,58.5,8370.644360738,0
VLCN.US,D,20231018,000000,58.5,66.6,58.5,61.65,3639.155519164,0
VLCN.US,D,20231019,000000,62.1,65.25,59.4,61.65,2825.577749522,0
VLCN.US,D,20231020,000000,63.9,64.9575,60.75,62.1,1510.11109601,0
VLCN.US,D,20231023,000000,62.55,62.55,49.95,53.55,3419.488854694,0
VLCN.US,D,20231024,000000,52.2,53.55,51.75,51.75,471.66666195,0
VLCN.US,D,20231025,000000,52.2,57.15,49.95,51.075,1209.644432348,0
VLCN.US,D,20231026,000000,53.1,54.6975,49.95,52.65,1582.733317506,0
VLCN.US,D,20231027,000000,57.15,59.85,50.8545,53.1,11678.310994328,0
VLCN.US,D,20231030,000000,52.2,53.5545,49.5,50.4,2278.33331055,0
VLCN.US,D,20231031,000000,48.6,51.75,48.6,50.85,631.1111048,0
VLCN.US,D,20231101,000000,52.2,57.6,49.95,51.3,1800.199981998,0
VLCN.US,D,20231102,000000,54,54.207,46.8,48.6,1763.688871252,0
VLCN.US,D,20231103,000000,50.4,50.4,45.9,48.15,2101.22220121,0
VLCN.US,D,20231106,000000,46.35,47.25,37.53,41.4,2638.955529166,0
VLCN.US,D,20231107,000000,42.3,42.84,41.4,41.58,535.199994648,0
VLCN.US,D,20231108,000000,40.491,40.5,33.75,37.8,2081.155534744,0
VLCN.US,D,20231109,000000,37.8,37.8,32.5665,35.1,1522.711095884,0
VLCN.US,D,20231110,000000,34.047,40.095,32.904,34.965,1881.399981186,0
VLCN.US,D,20231113,000000,35.1,36,32.4,33.705,560.577772172,0
VLCN.US,D,20231114,000000,32.4,35.721,31.5,35.55,1095.466655712,0
VLCN.US,D,20231115,000000,33.3,33.3045,28.8045,29.25,4077.11107034,0
VLCN.US,D,20231116,000000,12.6,13.095,9.1125,10.377,211741.64232703,0
VLCN.US,D,20231117,000000,10.485,10.8,9.054,9.864,38216.021840062,0
VLCN.US,D,20231120,000000,10.233,10.422,9,9.1485,34022.55521533,0
VLCN.US,D,20231121,000000,9.225,9.3465,8.01,8.1945,43703.77734074,0
VLCN.US,D,20231122,000000,7.8705,7.875,7.2,7.4205,44197.99955802,0
VLCN.US,D,20231124,000000,7.2,7.425,6.9795,7.3575,16445.244279992,0
VLCN.US,D,20231127,000000,7.4205,8.9955,7.3485,8.388,118926.6654774,0
VLCN.US,D,20231128,000000,8.1,8.3205,6.435,7.0875,110539.06556128,0
VLCN.US,D,20231129,000000,6.885,7.11,6.1245,6.66,56855.643875888,0
VLCN.US,D,20231130,000000,6.3,6.6825,6.1695,6.1695,33507.821887144,0
VLCN.US,D,20231201,000000,6.75,8.01,6.462,6.678,344370.81877851,0
VLCN.US,D,20231204,000000,6.525,6.615,5.4,5.877,217092.19782908,0
VLCN.US,D,20231205,000000,6.0165,6.615,5.715,5.895,187189.77590588,0
VLCN.US,D,20231206,000000,5.805,5.94,5.4675,5.6745,97597.399024026,0
VLCN.US,D,20231207,000000,5.625,5.8545,5.4,5.535,81800.88807088,0
VLCN.US,D,20231208,000000,5.6655,5.6655,4.6125,4.8375,142262.68746626,0
VLCN.US,D,20231211,000000,4.365,4.365,3.555,3.9645,195102.37582675,0
VLCN.US,D,20231212,000000,3.69,4.14,3.3615,3.78,146496.19853504,0
VLCN.US,D,20231213,000000,3.6675,4.05,3.5775,3.96,69658.99930341,0
VLCN.US,D,20231214,000000,4.005,4.3425,4.005,4.23,122169.10988942,0
VLCN.US,D,20231215,000000,4.1625,4.2525,4.05,4.1625,49527.021726952,0
VLCN.US,D,20231218,000000,4.14,4.275,3.6,3.87,68039.154875164,0
VLCN.US,D,20231219,000000,3.78,3.78,3.3435,3.4155,96000.354595552,0
VLCN.US,D,20231220,000000,3.4245,3.6,2.979,3.2715,143280.1985672,0
VLCN.US,D,20231221,000000,3.33,3.996,3.159,3.6,249084.30862027,0
VLCN.US,D,20231222,000000,3.51,4.8465,3.37955,4.455,823780.01398442,0
VLCN.US,D,20231226,000000,9.63,9.927,5.8995,6.3,3648100.6079634,0
VLCN.US,D,20231227,000000,5.346,5.7375,4.7295,5.445,402012.79597987,0
VLCN.US,D,20231228,000000,5.3955,5.43348,4.545,4.59,191699.73141634,0
VLCN.US,D,20231229,000000,4.7025,4.833,4.23,4.4595,122036.48766852,0
VLCN.US,D,20240102,000000,4.41,4.437,3.906,4.365,152187.5762559,0
VLCN.US,D,20240103,000000,4.41,4.41,4.05,4.392,93547.44350897,0
VLCN.US,D,20240104,000000,4.815,5.49,4.3965,4.68,517117.08371772,0
VLCN.US,D,20240105,000000,4.4865,4.716,3.8745,4.5,159197.33174136,0
VLCN.US,D,20240108,000000,4.527,4.6125,4.2435,4.509,92587.621296346,0
VLCN.US,D,20240109,000000,4.4235,4.4235,3.6,4.095,90784.154647714,0
VLCN.US,D,20240110,000000,4.041,4.6305,3.798,4.005,175948.30935163,0
VLCN.US,D,20240111,000000,3.987,4.491,3.7845,4.455,619508.74936047,0
VLCN.US,D,20240112,000000,6.102,7.875,4.6485,4.662,3017404.2364926,0
VLCN.US,D,20240116,000000,4.7835,5.5305,4.0545,4.725,461935.46204731,0
VLCN.US,D,20240117,000000,4.725,5.175,4.32,4.698,254652.26412014,0
VLCN.US,D,20240118,000000,4.842,4.95,4.5135,4.734,143474.70967636,0
VLCN.US,D,20240119,000000,4.8825,4.8825,4.1895,4.6125,134839.70976271,0
VLCN.US,D,20240122,000000,4.68,4.95,4.3695,4.8015,127147.68761741,0
VLCN.US,D,20240123,000000,4.95,5.247,4.689,5.1165,142168.02080054,0
VLCN.US,D,20240124,000000,5.076,5.805,5.076,5.31,172714.75382841,0
VLCN.US,D,20240125,000000,5.895,7.362,5.4675,6.21,633326.41588896,0
VLCN.US,D,20240126,000000,6.3,6.3,5.40945,5.472,183305.19816695,0
VLCN.US,D,20240129,000000,5.85,6.94152,5.7915,6.3,235206.79764793,0
VLCN.US,D,20240130,000000,6.615,6.615,5.715,5.9535,133491.26533175,0
VLCN.US,D,20240131,000000,6.156,6.165,5.4,6.0615,260666.41961556,0
VLCN.US,D,20240201,000000,4.725,4.725,4.32,4.4955,264066.50847045,0
VLCN.US,D,20240202,000000,4.167,4.5,3.93773,4.0095,176444.53156889,0
VLCN.US,D,20240205,000000,4.4,4.84,2.6,3.22,1330500,0
VLCN.US,D,20240206,000000,3.14,3.49,3.14,3.43,1418171,0
VLCN.US,D,20240207,000000,3.43,3.44,2.61,2.76,1395308,0
VLCN.US,D,20240208,000000,2.51,2.6399,2.2201,2.5,637931,0
VLCN.US,D,20240209,000000,2.42,3.29,1.58,1.87,4955545,0
VLCN.US,D,20240212,000000,1.81,2.17,1.56,1.85,2954046,0
VLCN.US,D,20240213,000000,1.73,1.8,1.6,1.68,1607849,0
VLCN.US,D,20240214,000000,1.74,2.01,1.274,1.3,5450445,0
VLCN.US,D,20240215,000000,1.18,1.19,0.98,1.105,2704322,0
VLCN.US,D,20240216,000000,1.15,1.28,1.03,1.21,3678828,0
VLCN.US,D,20240220,000000,1.24,1.25,1.02,1.16,2368653,0
VLCN.US,D,20240221,000000,1.08,1.12,1.04,1.07,974613,0
VLCN.US,D,20240222,000000,1.05,1.06,1.02,1.06,574547,0
VLCN.US,D,20240223,000000,1.05,1.08,0.8355,0.8851,2328752,0
VLCN.US,D,20240226,000000,0.89,0.92,0.8122,0.83,1050132,0
VLCN.US,D,20240227,000000,0.8299,1.04,0.81,0.8725,5089970,0
VLCN.US,D,20240228,000000,0.8684,1.44,0.83,1.21,21366499,0
VLCN.US,D,20240229,000000,1.83,2.38,1.09,1.33,116871227,0
VLCN.US,D,20240301,000000,1.28,1.28,0.914201,0.98,14790148,0
VLCN.US,D,20240304,000000,1,1.26,0.94,1.06,9990872,0
VLCN.US,D,20240305,000000,0.96,1.18,0.96,1,4734773,0
VLCN.US,D,20240306,000000,1,1,0.866,0.8701,4255124,0
VLCN.US,D,20240307,000000,0.879,1.07,0.859,0.9359,4468112,0
VLCN.US,D,20240308,000000,0.937,0.9767,0.8901,0.928,2156215,0
VLCN.US,D,20240311,000000,0.89,0.933,0.881,0.9022,1380560,0
VLCN.US,D,20240312,000000,0.8958,0.9,0.8101,0.8298,2174308,0
VLCN.US,D,20240313,000000,0.83,0.849,0.77,0.78,1799067,0
VLCN.US,D,20240314,000000,0.77,0.82,0.565,0.672,2695602,0
VLCN.US,D,20240315,000000,0.659,0.77,0.6126,0.7102,3068954,0
VLCN.US,D,20240318,000000,0.747,0.75,0.6837,0.7025,1000211,0
VLCN.US,D,20240319,000000,0.695,0.695,0.62,0.6635,1188738,0
VLCN.US,D,20240320,000000,0.68,0.75,0.573574,0.715,1712220,0
VLCN.US,D,20240321,000000,0.7487,0.7488,0.69,0.7301,758731,0
VLCN.US,D,20240322,000000,0.691,0.715,0.668,0.6837,991884,0
VLCN.US,D,20240325,000000,0.6905,0.6989,0.6601,0.68,755923,0
VLCN.US,D,20240326,000000,0.6651,0.6819,0.6124,0.642,1036675,0
VLCN.US,D,20240327,000000,0.64,0.69,0.6301,0.6801,1080092,0
VLCN.US,D,20240328,000000,0.68,0.7381,0.6504,0.68,1128868,0
VLCN.US,D,20240401,000000,0.6578,0.6659,0.5978,0.611,1331118,0
VLCN.US,D,20240402,000000,0.5999,0.5999,0.4206,0.4377,3728747,0
VLCN.US,D,20240403,000000,0.4267,0.4499,0.3027,0.35,6839795,0
VLCN.US,D,20240404,000000,0.3863,0.48,0.37,0.3901,11207798,0
VLCN.US,D,20240405,000000,0.3925,0.3999,0.321,0.3261,3751243,0
VLCN.US,D,20240408,000000,0.3206,0.3206,0.2725,0.293,3064910,0
VLCN.US,D,20240409,000000,0.2987,0.337,0.29,0.325,5486449,0
VLCN.US,D,20240410,000000,0.3009,0.308,0.2911,0.2974,1971558,0
VLCN.US,D,20240411,000000,0.2901,0.2908,0.26,0.2771,2727200,0
VLCN.US,D,20240412,000000,0.2729,0.275,0.2513,0.2721,2128347,0
VLCN.US,D,20240415,000000,0.2835,0.2845,0.257,0.2662,1183917,0
VLCN.US,D,20240416,000000,0.2671,0.2698,0.2438,0.252,1682535,0
VLCN.US,D,20240417,000000,0.25,0.2525,0.2318,0.2362,1424416,0
VLCN.US,D,20240418,000000,0.235,0.2359,0.2119,0.2265,1021340,0
VLCN.US,D,20240419,000000,0.2261,0.23,0.218,0.229,944398,0
VLCN.US,D,20240422,000000,0.23,0.2361,0.22,0.2331,1071418,0
VLCN.US,D,20240423,000000,0.241,0.3487,0.241,0.2946,15776448,0
VLCN.US,D,20240424,000000,0.29,0.3045,0.2305,0.2579,4631237,0
VLCN.US,D,20240425,000000,0.2604,0.2667,0.22,0.263,2428508,0
VLCN.US,D,20240426,000000,0.2629,0.2629,0.2426,0.2527,1155293,0
VLCN.US,D,20240429,000000,0.254,0.2625,0.2455,0.2607,980503,0
VLCN.US,D,20240430,000000,0.2629,0.27,0.2531,0.2578,804170,0
VLCN.US,D,20240501,000000,0.2646,0.2646,0.245,0.2525,581960,0
VLCN.US,D,20240502,000000,0.25,0.25,0.2326,0.236,874472,0
VLCN.US,D,20240503,000000,0.24,0.25,0.228,0.2366,726269,0
VLCN.US,D,20240506,000000,0.244,0.2445,0.2288,0.2373,569411,0
VLCN.US,D,20240507,000000,0.2395,0.3284,0.2316,0.2949,9552724,0
VLCN.US,D,20240508,000000,0.25,0.283,0.25,0.276,1905473,0
VLCN.US,D,20240509,000000,0.2738,0.3149,0.2687,0.303,1946872,0
VLCN.US,D,20240510,000000,0.3166,0.375,0.3166,0.3556,3897387,0
VLCN.US,D,20240513,000000,0.3509,0.4127,0.3477,0.3833,2836060,0
VLCN.US,D,20240514,000000,0.3911,0.3967,0.31,0.314,1933785,0
VLCN.US,D,20240515,000000,0.33,0.3499,0.322,0.3354,1423746,0
VLCN.US,D,20240516,000000,0.33,0.3357,0.2798,0.283,1646835,0
VLCN.US,D,20240517,000000,0.34,0.345,0.24,0.2888,4469495,0
VLCN.US,D,20240520,000000,0.26,0.268,0.236,0.236,4472914,0
VLCN.US,D,20240521,000000,0.24,0.24,0.19,0.2131,4623800,0
VLCN.US,D,20240522,000000,0.2191,0.2272,0.21,0.22,2613856,0
VLCN.US,D,20240523,000000,0.2158,0.2179,0.2002,0.2063,1630839,0
VLCN.US,D,20240524,000000,0.213,0.213,0.19,0.1964,2514239,0
VLCN.US,D,20240528,000000,0.2064,0.237,0.2017,0.213,6888420,0
VLCN.US,D,20240529,000000,0.216,0.216,0.1925,0.1996,4131019,0
VLCN.US,D,20240530,000000,0.1971,0.1983,0.182,0.1873,3414885,0
VLCN.US,D,20240531,000000,0.1938,0.1938,0.1716,0.177,3303454,0
VLCN.US,D,20240603,000000,0.1728,0.176,0.161,0.167,2635759,0
VLCN.US,D,20240604,000000,0.1689,0.1725,0.1615,0.1669,1440690,0
VLCN.US,D,20240605,000000,0.1234,0.1389,0.1216,0.1335,10937097,0
VLCN.US,D,20240606,000000,0.1421,0.14753,0.1274,0.14,6727665,0
VLCN.US,D,20240607,000000,10.63,10.99,9.1135,10.32,245626,0
VLCN.US,D,20240610,000000,9.63,9.8259,8.07,8.1,103329,0
VLCN.US,D,20240611,000000,7.55,7.85,7.11,7.16,88488,0
VLCN.US,D,20240612,000000,7.26,7.57,6.7003,6.88,67323,0
VLCN.US,D,20240613,000000,6.87,6.92,5.8501,5.9333,158243,0
VLCN.US,D,20240614,000000,6.42,7.23,4.3465,4.73,1057303,0
VLCN.US,D,20240617,000000,4.15,4.59,3.65,3.67,276909,0
VLCN.US,D,20240618,000000,3.74,6.05,3.6,4.09,1754162,0
VLCN.US,D,20240620,000000,3.91,4.35,3.61,3.94,216050,0
VLCN.US,D,20240621,000000,3.84,3.9,3.36,3.65,186950,0
VLCN.US,D,20240624,000000,3.49,4.11,3.45,3.88,400584,0
VLCN.US,D,20240625,000000,5.74,12.67,5.5304,5.56,28496427,0
VLCN.US,D,20240626,000000,8.1,9.6,5.72,6.6,9999451,0
VLCN.US,D,20240627,000000,6.19,6.3,4.8181,5.09,1497995,0
VLCN.US,D,20240628,000000,4.78,4.94,3.99,4.28,662286,0
VLCN.US,D,20240701,000000,4.28,6.65,4.28,4.66,10358319,0
VLCN.US,D,20240702,000000,5.96,6.33,4.61,5.05,8464526,0
VLCN.US,D,20240703,000000,4.89,5.13,4.33,4.51,641252,0
VLCN.US,D,20240705,000000,4.56,4.76,4.33,4.42,473082,0
VLCN.US,D,20240708,000000,4.55,4.73,3.69,3.8,769398,0
VLCN.US,D,20240709,000000,3.91,4.36,3.51,3.89,734558,0
VLCN.US,D,20240710,000000,3.8,3.9,3.51,3.65,2629864,0
VLCN.US,D,20240711,000000,6.092,7,3.35,3.74,29100912,0
VLCN.US,D,20240712,000000,3.72,4.13,3.35,3.69,2217560,0
VLCN.US,D,20240715,000000,3.62,3.66,3.1,3.3,1564533,0
VLCN.US,D,20240716,000000,3.25,3.64,3.19,3.26,1146023,0
VLCN.US,D,20240717,000000,3.23,3.24,3.04,3.07,696717,0
VLCN.US,D,20240718,000000,3.08,3.42,2.82,3.15,1610023,0
VLCN.US,D,20240719,000000,3.15,3.1847,2.9204,3,612581,0
VLCN.US,D,20240722,000000,3.27,3.4,2.965,3.08,952293,0
VLCN.US,D,20240723,000000,3.05,3.19,2.86,3.11,566487,0
VLCN.US,D,20240724,000000,2.99,2.99,2.51,2.62,847485,0
VLCN.US,D,20240725,000000,2.53,2.82,2.53,2.66,481844,0
VLCN.US,D,20240726,000000,2.61,2.68,2.54,2.57,256511,0
VLCN.US,D,20240729,000000,2.54,2.56,2.36,2.4,344010,0
VLCN.US,D,20240730,000000,2.3,2.33,2,2.19,464352,0
VLCN.US,D,20240731,000000,2.15,2.31,2.145,2.24,297566,0
VLCN.US,D,20240801,000000,2.22,2.25,1.96,2.04,355781,0
VLCN.US,D,20240802,000000,1.99,2,1.93,1.98,194142,0
VLCN.US,D,20240805,000000,1.75,1.8824,1.75,1.79,247469,0
VLCN.US,D,20240806,000000,1.9,2.11,1.76,1.88,398910,0
VLCN.US,D,20240807,000000,1.93,1.9301,1.7,1.71,336890,0
VLCN.US,D,20240808,000000,1.8,1.8434,1.63,1.72,244073,0
VLCN.US,D,20240809,000000,1.69,1.72,1.63,1.68,139930,0
VLCN.US,D,20240812,000000,1.68,1.8264,1.61,1.79,237470,0
VLCN.US,D,20240813,000000,1.82,1.82,1.675,1.69,167196,0
VLCN.US,D,20240814,000000,1.68,1.71,1.57,1.58,204585,0
VLCN.US,D,20240815,000000,1.59,1.605,1.45,1.48,256305,0
VLCN.US,D,20240816,000000,1.49,1.75,1.41,1.75,755953,0
VLCN.US,D,20240819,000000,1.7,1.72,1.57,1.63,247564,0
VLCN.US,D,20240820,000000,1.61,1.68,1.5297,1.56,300867,0
VLCN.US,D,20240821,000000,1.56,1.58,1.47,1.54,194829,0
VLCN.US,D,20240822,000000,1.53,2.06,1.47,1.61,3930068,0
VLCN.US,D,20240823,000000,1.68,1.7322,1.55,1.62,542615,0
VLCN.US,D,20240826,000000,1.62,1.73,1.5208,1.68,422439,0
VLCN.US,D,20240827,000000,1.64,1.68,1.57,1.6,179373,0
VLCN.US,D,20240828,000000,1.6,1.6,1.48,1.53,308399,0
VLCN.US,D,20240829,000000,1.51,1.5499,1.45,1.47,214018,0
VLCN.US,D,20240830,000000,1.45,1.48,1.41,1.46,151204,0
VLCN.US,D,20240903,000000,1.51,1.51,1.4,1.43,223776,0
VLCN.US,D,20240904,000000,1.41,1.45,1.3,1.38,370417,0
VLCN.US,D,20240905,000000,1.36,1.42,1.3,1.41,167763,0
VLCN.US,D,20240906,000000,1.38,1.39,1.26,1.29,280664,0
VLCN.US,D,20240909,000000,1.32,1.36,1.24,1.31,156701,0
VLCN.US,D,20240910,000000,1.31,1.33,1.26,1.3,124549,0
VLCN.US,D,20240911,000000,1.28,1.3004,1.255,1.28,135744,0
VLCN.US,D,20240912,000000,1.31,1.3899,1.24,1.26,378803,0
VLCN.US,D,20240913,000000,1.26,1.3094,1.24,1.27,160256,0
VLCN.US,D,20240916,000000,1.24,1.28,1.15,1.17,640398,0
VLCN.US,D,20240917,000000,1.2,1.25,1.11,1.21,883608,0
VLCN.US,D,20240918,000000,1.18,1.18,1.12,1.15,344706,0
VLCN.US,D,20240919,000000,1.15,1.32,1.12,1.27,617999,0
VLCN.US,D,20240920,000000,1.23,1.23,1.14,1.175,244969,0
VLCN.US,D,20240923,000000,1.2,1.21,1.13,1.2,366568,0
VLCN.US,D,20240924,000000,1.2,1.3093,1.16,1.26,346890,0
VLCN.US,D,20240925,000000,1.28,1.28,1.2,1.2,158471,0
VLCN.US,D,20240926,000000,1.2,1.23,1.165,1.18,155614,0
VLCN.US,D,20240927,000000,1.18,1.22,1.15,1.155,196726,0
VLCN.US,D,20240930,000000,1.15,1.15,1.03,1.04,279088,0
VLCN.US,D,20241001,000000,1.04,1.04,0.8672,0.8844,542517,0
VLCN.US,D,20241002,000000,0.9201,0.9368,0.8617,0.8633,219057,0
VLCN.US,D,20241003,000000,0.8633,0.91829,0.8633,0.887,133341,0
VLCN.US,D,20241004,000000,0.9,0.913201,0.8723,0.8811,108828,0
VLCN.US,D,20241007,000000,0.86,0.89,0.79,0.7921,291383,0
VLCN.US,D,20241008,000000,0.819,0.819,0.76,0.7623,200012,0
VLCN.US,D,20241009,000000,0.78,0.782,0.7278,0.7726,258451,0
VLCN.US,D,20241010,000000,0.7567,0.8278,0.75,0.819,220765,0
VLCN.US,D,20241011,000000,0.82,0.8259,0.7528,0.799,206335,0
VLCN.US,D,20241014,000000,0.81,0.82,0.7799,0.81,79289,0
VLCN.US,D,20241015,000000,0.81,0.898,0.7729,0.8799,286619,0
VLCN.US,D,20241016,000000,0.8778,1.02,0.8601,0.982,571903,0
VLCN.US,D,20241017,000000,0.98,1.03,0.98,1.01,203744,0
VLCN.US,D,20241018,000000,0.989,0.989,0.93,0.9302,209112,0
VLCN.US,D,20241021,000000,0.9217,0.9217,0.8355,0.8733,181612,0
VLCN.US,D,20241022,000000,0.8795,0.887244,0.8565,0.8729,81367,0
VLCN.US,D,20241023,000000,0.876,0.876,0.84,0.856,63787,0
VLCN.US,D,20241024,000000,0.8763,0.88,0.8222,0.8425,106173,0
VLCN.US,D,20241025,000000,0.85,0.8679,0.82,0.8352,84564,0
VLCN.US,D,20241028,000000,0.85,0.8798,0.8201,0.876,91036,0
VLCN.US,D,20241029,000000,0.8744,0.8745,0.8401,0.8705,31256,0
