<TICKER>,<PER>,<DATE>,<TIME>,<OPEN>,<HIGH>,<LOW>,<CLOSE>,<VOL>,<OPENINT>
VRM.US,D,20200609,000000,3220,3910.4,3076.8,3832,204581.2625,0
VRM.US,D,20200610,000000,4116,4720,3600,3999.2,167514.05,0
VRM.US,D,20200611,000000,3476,3793.6,3324.8,3648,41714.45,0
VRM.US,D,20200612,000000,3780,3804,3329.6,3442.4,38186.825,0
VRM.US,D,20200615,000000,3240,3480,3200,3440,45072.9875,0
VRM.US,D,20200616,000000,3460,3527.2,3320,3368,17436.4625,0
VRM.US,D,20200617,000000,3364.8,3656,3328,3468.8,15586.25,0
VRM.US,D,20200618,000000,3402.4,3780.8,3402.4,3644.8,16055.1375,0
VRM.US,D,20200619,000000,3800,3908,3688.8,3800.8,23769.0125,0
VRM.US,D,20200622,000000,3848,4176.8,3779.48,4045.6,19119.825,0
VRM.US,D,20200623,000000,4080,4184,3806.66,4039.2,19888.875,0
VRM.US,D,20200624,000000,3927.2,4065.6,3764,3815.2,11418.9125,0
VRM.US,D,20200625,000000,3768,4631.2,3696,4603.2,25738.7875,0
VRM.US,D,20200626,000000,4451.2,4718.4,4244,4328,24184.3875,0
VRM.US,D,20200629,000000,4392,4480,4048,4400.8,12635.4625,0
VRM.US,D,20200630,000000,4324,4444,4049.6,4171.2,11799.125,0
VRM.US,D,20200701,000000,4196,4515.2,4165.91,4335.2,15029.9125,0
VRM.US,D,20200702,000000,4421.6,4559.2,4332.8,4344,7286.7625,0
VRM.US,D,20200706,000000,4519.2,4872.8,4456.8,4467.2,22273.5375,0
VRM.US,D,20200707,000000,4421.6,4466.4,4116,4169.6,11819.95,0
VRM.US,D,20200708,000000,4253.6,4284.4,4000,4019.2,15747.425,0
VRM.US,D,20200709,000000,4048,4155.2,3840,3916,10298.2875,0
VRM.US,D,20200710,000000,3918.4,4036.4,3880,3940.8,4884.7625,0
VRM.US,D,20200713,000000,4024,4160,3576.8,3595.2,19603.9875,0
VRM.US,D,20200714,000000,3556,3692.8,3457.2,3535.2,11120,0
VRM.US,D,20200715,000000,3626.4,3820.8,3552.8,3735.2,8853.5625,0
VRM.US,D,20200716,000000,3688.8,3725.46,3510.4,3523.2,11750.7125,0
VRM.US,D,20200717,000000,3584,3749.6,3577.2,3736,7477.5625,0
VRM.US,D,20200720,000000,3727.2,4008.8,3680,3973.6,10300.0125,0
VRM.US,D,20200721,000000,3983.2,4055.2,3784.8,3896.8,12590.05,0
VRM.US,D,20200722,000000,3888,3990,3879.6,3921.6,4347.2125,0
VRM.US,D,20200723,000000,3960,4108,3903.91,4017.6,6994.0125,0
VRM.US,D,20200724,000000,3848,4020,3797.6,3920,7028.6875,0
VRM.US,D,20200727,000000,3940,4079.2,3893.6,4052,5098.075,0
VRM.US,D,20200728,000000,4040,4238.4,4002.4,4022.4,10799.7,0
VRM.US,D,20200729,000000,4062.4,4445.6,4048,4400,12087.575,0
VRM.US,D,20200730,000000,4354.4,4583.2,4323.2,4497.6,9957.3125,0
VRM.US,D,20200731,000000,4552.8,4800,4470.4,4735.2,12985.9625,0
VRM.US,D,20200803,000000,4720.28,5000,4695.2,4753.6,11742.4125,0
VRM.US,D,20200804,000000,4708.8,4865.6,4640,4752.8,5831.3125,0
VRM.US,D,20200805,000000,4776,5131.2,4720,5068,15111.1125,0
VRM.US,D,20200806,000000,4991.2,5814.4,4920,5400.8,25959.7875,0
VRM.US,D,20200807,000000,5596,5680,5019.2,5117.6,16188.9,0
VRM.US,D,20200810,000000,5243.2,5351.98,5040.8,5120,9948.3875,0
VRM.US,D,20200811,000000,5118.4,5362.4,5081.6,5180.8,11316.125,0
VRM.US,D,20200812,000000,5266.4,5687.2,5179.2,5520.8,25296.3625,0
VRM.US,D,20200813,000000,4418.4,4904,4252,4509.6,85153.5625,0
VRM.US,D,20200814,000000,4440,4800,4402.4,4676,31350.6625,0
VRM.US,D,20200817,000000,4754.4,4759.2,4567.44,4665.6,9491.0625,0
VRM.US,D,20200818,000000,4686.4,4831.2,4640.01,4790.4,8400.55,0
VRM.US,D,20200819,000000,4826.4,4995.2,4688,4858.4,13016.1875,0
VRM.US,D,20200820,000000,4832,4880,4742.4,4788.8,5767.025,0
VRM.US,D,20200821,000000,4800,5065.6,4730.46,4970.4,9871.8125,0
VRM.US,D,20200824,000000,5022.4,5293.6,4985.6,5257.6,12187.7875,0
VRM.US,D,20200825,000000,5283.2,5318.4,5140.8,5228.8,7285.7875,0
VRM.US,D,20200826,000000,5364,5440,5211.2,5252.8,10517.325,0
VRM.US,D,20200827,000000,5275.2,5360,5192.01,5291.2,6318.9625,0
VRM.US,D,20200828,000000,5334.4,5398.8,5156.8,5200.8,7568.3625,0
VRM.US,D,20200831,000000,5222.4,5524,5162.4,5490.4,8441.9375,0
VRM.US,D,20200901,000000,5560.8,6039.2,5492.8,5909.6,12654.25,0
VRM.US,D,20200902,000000,5920,5952,5360,5509.6,16289.3,0
VRM.US,D,20200903,000000,5454.4,5465.6,4785.6,4838.4,15093.6,0
VRM.US,D,20200904,000000,4856.8,4941.6,4400.4,4643.2,15809.8,0
VRM.US,D,20200908,000000,4522.4,4800,4408.01,4498.4,10357.425,0
VRM.US,D,20200909,000000,4412.8,4808,4280,4576,24353.3875,0
VRM.US,D,20200910,000000,4621.6,4702.4,4324,4504.8,14745.3,0
VRM.US,D,20200911,000000,4440,4464,4060,4097.6,83587.175,0
VRM.US,D,20200914,000000,4188,4232,4038.4,4076.8,33730.6,0
VRM.US,D,20200915,000000,4132.8,4292.8,4132.8,4245.6,20677.675,0
VRM.US,D,20200916,000000,4223.2,4354.4,3968,4031.2,29113.825,0
VRM.US,D,20200917,000000,3988.8,4048,3750.4,3880,25882.2125,0
VRM.US,D,20200918,000000,3920,3960,3681.6,3735.2,52944.5625,0
VRM.US,D,20200921,000000,3660,3792.44,3526.4,3714.4,29112.6625,0
VRM.US,D,20200922,000000,4080.8,4393.6,3948,4260.8,85054.2625,0
VRM.US,D,20200923,000000,4298.4,4334.4,4088,4138.4,17881.45,0
VRM.US,D,20200924,000000,4032,4052,3784,3928.8,33353.5875,0
VRM.US,D,20200925,000000,3920,3995.2,3876.14,3962.4,25920.725,0
VRM.US,D,20200928,000000,4053.6,4091.2,3920,4069.6,11490.075,0
VRM.US,D,20200929,000000,4080,4179.2,4040,4156.8,9065.25,0
VRM.US,D,20200930,000000,4136,4244,4028.4,4142.4,19823.0875,0
VRM.US,D,20201001,000000,4171.2,4195.2,4040.9,4116,16514.45,0
VRM.US,D,20201002,000000,3932,4106.4,3900.81,4040.8,17952.5,0
VRM.US,D,20201005,000000,4099.2,4107.2,3983.2,4088,11214.25,0
VRM.US,D,20201006,000000,4040,4176,3921.6,3928,17480.725,0
VRM.US,D,20201007,000000,4002.4,4195.2,3929.6,4072.8,22545.7,0
VRM.US,D,20201008,000000,4099.2,4160.8,3969.6,3972,15357.025,0
VRM.US,D,20201009,000000,3989.6,4024,3940,3961.6,10347.6,0
VRM.US,D,20201012,000000,4009.6,4019.2,3760,3765.6,19700.6125,0
VRM.US,D,20201013,000000,3798.4,3849.59,3748.4,3784,20065.8875,0
VRM.US,D,20201014,000000,3856,3976,3846.4,3918.4,18693.775,0
VRM.US,D,20201015,000000,3804,3916,3752,3905.6,13624.65,0
VRM.US,D,20201016,000000,3944.8,4036,3870.4,3871.2,9752.45,0
VRM.US,D,20201019,000000,3952.8,4206.4,3922.4,3948.8,28708.0375,0
VRM.US,D,20201020,000000,3980,4051.2,3830.4,3988.8,19527.45,0
VRM.US,D,20201021,000000,4000,4140.79,3601.6,3616,26526.5625,0
VRM.US,D,20201022,000000,3640.8,3708.8,3544,3607.2,14291.1,0
VRM.US,D,20201023,000000,3692.8,3700,3550.4,3688,16050.025,0
VRM.US,D,20201026,000000,3629.6,3656.1,3336.8,3402.4,28884.725,0
VRM.US,D,20201027,000000,3394.4,3477.6,3304,3448,21707,0
VRM.US,D,20201028,000000,3332,3452.8,3307.96,3386.4,12683.5625,0
VRM.US,D,20201029,000000,3380,3475.2,3220.8,3228.8,13184.4125,0
VRM.US,D,20201030,000000,3270.4,3318.4,3025.6,3288,25589.2125,0
VRM.US,D,20201102,000000,3316.8,3339.2,3089.6,3096.8,14304.8,0
VRM.US,D,20201103,000000,3148,3231.2,3097.6,3184.8,7954.95,0
VRM.US,D,20201104,000000,3289.6,3294.4,3127.2,3263.2,14261.4125,0
VRM.US,D,20201105,000000,3339.2,3418.4,3312,3380.8,12402.8125,0
VRM.US,D,20201106,000000,3360,3434.4,3215.2,3432.8,13533.1125,0
VRM.US,D,20201109,000000,3488,3504,3032,3056,36557.3,0
VRM.US,D,20201110,000000,3191.2,3191.2,3008.8,3063.2,26062.2875,0
VRM.US,D,20201111,000000,3080.8,3316.8,3080.8,3264,70003.775,0
VRM.US,D,20201112,000000,2840.8,3063.2,2800.8,2839.2,115589.7125,0
VRM.US,D,20201113,000000,2854.37,2932,2771.2,2898.4,40672.775,0
VRM.US,D,20201116,000000,2893.03,2939.2,2639.2,2684.8,61189.475,0
VRM.US,D,20201117,000000,2674.4,2920,2663.2,2844.8,38784.175,0
VRM.US,D,20201118,000000,2860,3008,2846.4,2861.6,26798.8,0
VRM.US,D,20201119,000000,2864.8,2968,2828,2936.8,22891.3125,0
VRM.US,D,20201120,000000,2948,2976,2816.8,2918.4,23829.4625,0
VRM.US,D,20201123,000000,2914.4,3003.2,2908,2977.6,23136.3125,0
VRM.US,D,20201124,000000,2993.6,3171.2,2942.4,2969.6,32230.125,0
VRM.US,D,20201125,000000,3016.8,3092,2936,3046.4,19029.25,0
VRM.US,D,20201127,000000,3075.2,3108.8,2948.8,2994.4,14052.075,0
VRM.US,D,20201130,000000,3029.6,3036.8,2790.4,2868.8,30323.7,0
VRM.US,D,20201201,000000,2904,2920,2794.4,2828.8,24486,0
VRM.US,D,20201202,000000,2776.8,2783.19,2650.43,2692,32816.925,0
VRM.US,D,20201203,000000,2696,2782.4,2649.6,2659.2,27317.6375,0
VRM.US,D,20201204,000000,2666.4,2698.4,2627.2,2650.4,33215.1125,0
VRM.US,D,20201207,000000,2577.42,2877.65,2560,2836.8,85710.2625,0
VRM.US,D,20201208,000000,2854.4,2863.05,2727.2,2733.6,24544.475,0
VRM.US,D,20201209,000000,2755.2,2800,2636,2660.8,24679.6375,0
VRM.US,D,20201210,000000,2652,2728,2592,2720,33912.9125,0
VRM.US,D,20201211,000000,2721.6,2799.2,2700,2777.6,25997.0125,0
VRM.US,D,20201214,000000,2796,2880,2712.8,2835.2,34562.1125,0
VRM.US,D,20201215,000000,2820,2997.6,2806.4,2986.4,60813.8625,0
VRM.US,D,20201216,000000,3032,3194.4,3009.6,3172.8,67839.8,0
VRM.US,D,20201217,000000,3180,3196,3086,3174.4,45983.175,0
VRM.US,D,20201218,000000,3194.4,3347.2,3168.8,3283.2,55528.9375,0
VRM.US,D,20201221,000000,3188.8,3351.2,3140,3336,31572.175,0
VRM.US,D,20201222,000000,3360,3520,3320.01,3496,40757.3125,0
VRM.US,D,20201223,000000,3557.6,3568,3426.4,3484.8,27393.45,0
VRM.US,D,20201224,000000,3436.8,3504,3389.6,3431.2,12773.25,0
VRM.US,D,20201228,000000,3451.6,3547.2,3331.2,3517.6,28234.0875,0
VRM.US,D,20201229,000000,3520,3522.4,3416,3476.8,24097.65,0
VRM.US,D,20201230,000000,3468,3593.6,3440.8,3504,22938.7375,0
VRM.US,D,20201231,000000,3478.4,3478.4,3274.4,3277.6,18925.2,0
VRM.US,D,20210104,000000,3274.4,3334.4,3174.4,3197.6,20752.375,0
VRM.US,D,20210105,000000,3123.2,3344,3088,3205.6,20743.6875,0
VRM.US,D,20210106,000000,3185.6,3293.2,3171.2,3236,33241.175,0
VRM.US,D,20210107,000000,3287.2,3400.8,3279.2,3328,42886.7625,0
VRM.US,D,20210108,000000,3364,3364,3207.2,3259.2,43492.2375,0
VRM.US,D,20210111,000000,3211.2,3272.8,3111.2,3224,28864.275,0
VRM.US,D,20210112,000000,3192,3215.2,3062.4,3120,47163.3875,0
VRM.US,D,20210113,000000,3134.4,3176.4,3096,3111.2,28990.1125,0
VRM.US,D,20210114,000000,3125.6,3144.8,3046.4,3059.2,32719.175,0
VRM.US,D,20210115,000000,3072,3099.6,2890.5,2947.2,36167.4625,0
VRM.US,D,20210119,000000,2984,3000,2881.6,2900.8,28358.8375,0
VRM.US,D,20210120,000000,2924,3047.2,2898.4,2926.4,49621.8625,0
VRM.US,D,20210121,000000,2968,3031.2,2936,2939.2,42893.0125,0
VRM.US,D,20210122,000000,2931.2,2955.2,2884,2924,30009.6125,0
VRM.US,D,20210125,000000,2989.64,3108.56,2924,3071.2,56852.1375,0
VRM.US,D,20210126,000000,3120,3139.2,3040,3094.4,39070.0875,0
VRM.US,D,20210127,000000,3080.8,3124.8,2920,2982.4,35374.85,0
VRM.US,D,20210128,000000,2984,3009.6,2823.2,2862.4,33773.5875,0
VRM.US,D,20210129,000000,2892,3001.6,2852.8,2946.4,49072.2,0
VRM.US,D,20210201,000000,2976.8,3273.6,2976,3224,66223.0375,0
VRM.US,D,20210202,000000,3297.6,3384,3196.8,3199.2,57990.5625,0
VRM.US,D,20210203,000000,3254.4,3306.4,3161.6,3232,21657.375,0
VRM.US,D,20210204,000000,3332,3539.2,3282.4,3442.4,53840.4375,0
VRM.US,D,20210205,000000,3476.8,3758.4,3448,3736.8,58817.025,0
VRM.US,D,20210208,000000,3835.2,3977.6,3760.8,3967.2,59487.7875,0
VRM.US,D,20210209,000000,3896.8,4004.8,3873.52,3985.6,45823.0625,0
VRM.US,D,20210210,000000,4002.88,4057.6,3792,3916.8,39928.6375,0
VRM.US,D,20210211,000000,3960,4077.6,3860,3890.4,24457.8625,0
VRM.US,D,20210212,000000,3842.4,4077.6,3832,4074.4,22530.675,0
VRM.US,D,20210216,000000,4136.8,4266.35,4024.8,4024.8,24329.8625,0
VRM.US,D,20210217,000000,4041.6,4041.6,3761.61,3829.6,27734.375,0
VRM.US,D,20210218,000000,3752,3956,3690.4,3896,23595.5,0
VRM.US,D,20210219,000000,3907.2,3960,3814.4,3958.4,20202.0375,0
VRM.US,D,20210222,000000,3888.8,3944,3728,3814,28660.475,0
VRM.US,D,20210223,000000,3608,3749.6,3464.8,3720,28913.5,0
VRM.US,D,20210224,000000,3701.6,3739.03,3604,3681.6,21660.1,0
VRM.US,D,20210225,000000,3669.6,3796,3384,3437.6,23554.7,0
VRM.US,D,20210226,000000,3455.2,3578.4,3361.6,3540,22855.925,0
VRM.US,D,20210301,000000,3635.54,3824,3604.8,3754.4,20443.875,0
VRM.US,D,20210302,000000,3804,3922.4,3772.8,3829.6,25186.025,0
VRM.US,D,20210303,000000,3808.8,3866.4,3477.6,3512,39354.8125,0
VRM.US,D,20210304,000000,2766.91,2839.2,2376,2528.8,246136.2,0
VRM.US,D,20210305,000000,2563.9,2600,2156.8,2557.6,137057.6875,0
VRM.US,D,20210308,000000,2520,2674.4,2440.8,2646.4,57106.075,0
VRM.US,D,20210309,000000,2737.6,2860,2715.2,2737.6,49857.175,0
VRM.US,D,20210310,000000,2820.8,2910.4,2696,2728,70599.8375,0
VRM.US,D,20210311,000000,2750.4,2948.8,2747.2,2912.8,47938.975,0
VRM.US,D,20210312,000000,2806.4,3102.4,2804.8,3008,38339,0
VRM.US,D,20210315,000000,3010.4,3100,2904,2994.4,30815.4625,0
VRM.US,D,20210316,000000,3016,3079.2,2932.8,2976.8,26888.05,0
VRM.US,D,20210317,000000,2947.2,3064,2862.4,2978.4,50294.15,0
VRM.US,D,20210318,000000,2908,2958.4,2861.6,2876.8,33121.1125,0
VRM.US,D,20210319,000000,2885.6,2996.8,2842,2942.4,84013.925,0
VRM.US,D,20210322,000000,2991.2,3035.2,2927.6,2972.8,34752.6,0
VRM.US,D,20210323,000000,2988,3091.2,2901.6,2944,32838.35,0
VRM.US,D,20210324,000000,2961.6,2983.2,2829.6,2846.4,26377.575,0
VRM.US,D,20210325,000000,2768.8,2906.4,2680.08,2854.4,20545.075,0
VRM.US,D,20210326,000000,2863.2,2999.2,2823.2,2994.4,26052.0375,0
VRM.US,D,20210329,000000,2986.4,3068.8,2935.2,2961.6,21532.7375,0
VRM.US,D,20210330,000000,2946.4,3007.2,2889.6,2995.2,14425.3,0
VRM.US,D,20210331,000000,3027.2,3158.4,3023.6,3119.2,19522.8,0
VRM.US,D,20210401,000000,3136.8,3170.4,3072.8,3137.6,20020.3625,0
VRM.US,D,20210405,000000,3184,3266.4,3176.8,3239.2,18382.275,0
VRM.US,D,20210406,000000,3215.2,3228,3146,3188.8,11179.75,0
VRM.US,D,20210407,000000,3170.4,3180.8,3045.6,3075.2,9153,0
VRM.US,D,20210408,000000,3166.4,3200,3129.6,3179.2,9943.325,0
VRM.US,D,20210409,000000,3158.4,3229.6,3099.2,3227.2,18300.0875,0
VRM.US,D,20210412,000000,3188.8,3272.8,3155.2,3264.8,30931.8125,0
VRM.US,D,20210413,000000,3384,3384,3264.8,3365.6,22880.3875,0
VRM.US,D,20210414,000000,3365.6,3465.6,3311.2,3348,20417.725,0
VRM.US,D,20210415,000000,3396,3426.4,3270.8,3362.4,9364.6125,0
VRM.US,D,20210416,000000,3360,3380,3269.69,3318.4,9432.375,0
VRM.US,D,20210419,000000,3284,3356,3166.4,3348,20362.9,0
VRM.US,D,20210420,000000,3335.2,3338.8,3187.2,3329.6,27905.5875,0
VRM.US,D,20210421,000000,3334.78,3496.8,3270.4,3428,27432.225,0
VRM.US,D,20210422,000000,3485.6,3535.2,3432,3476,27270.825,0
VRM.US,D,20210423,000000,3500,3648.4,3480,3639.2,24080.9625,0
VRM.US,D,20210426,000000,3640,3874.89,3640,3851.2,27620.1375,0
VRM.US,D,20210427,000000,3754.4,3888,3728,3817.6,20651.3625,0
VRM.US,D,20210428,000000,3800,3853.6,3770.4,3781.6,20850.275,0
VRM.US,D,20210429,000000,3892,3904,3750.4,3772,20048.4625,0
VRM.US,D,20210430,000000,3770.4,3787.2,3653.6,3701.6,12016.9375,0
VRM.US,D,20210503,000000,3784.8,3786.4,3665.6,3673.6,10879.4625,0
VRM.US,D,20210504,000000,3639.2,3700,3529.6,3619.2,19625.7125,0
VRM.US,D,20210505,000000,3651.2,3681.6,3540.8,3552,17687.8125,0
VRM.US,D,20210506,000000,3512,3557.6,3396,3440,14503.9375,0
VRM.US,D,20210507,000000,3469.6,3518.4,3189.6,3192,30977.0875,0
VRM.US,D,20210510,000000,3190.4,3192,2972,3065.2,35260.8875,0
VRM.US,D,20210511,000000,2858.4,3016.8,2844,2950.4,40465.3875,0
VRM.US,D,20210512,000000,2901.43,2930.4,2811.2,2832.8,45187.95,0
VRM.US,D,20210513,000000,3232,3272.8,2724.8,2889.6,142673.9375,0
VRM.US,D,20210514,000000,2916,3230.8,2912.8,3108.8,64799.125,0
VRM.US,D,20210517,000000,3109.6,3216.06,3085.6,3212,55161.05,0
VRM.US,D,20210518,000000,3260,3364.8,3192,3332,33257.5375,0
VRM.US,D,20210519,000000,3236.8,3373.6,3200,3372,25818.5125,0
VRM.US,D,20210520,000000,3416,3492.8,3332,3472,31875.8625,0
VRM.US,D,20210521,000000,3520,3548,3444.8,3527.2,24934.95,0
VRM.US,D,20210524,000000,3548.8,3703.2,3526.4,3528,29980.3,0
VRM.US,D,20210525,000000,3560,3618.4,3530.38,3586.4,20675.275,0
VRM.US,D,20210526,000000,3596,3629,3474.4,3497.6,20829.1,0
VRM.US,D,20210527,000000,3515.2,3648.78,3414.4,3639.2,22505.875,0
VRM.US,D,20210528,000000,3680,3704,3528.8,3536.8,20679.65,0
VRM.US,D,20210601,000000,3548,3673.6,3513.2,3627.2,13430.4125,0
VRM.US,D,20210602,000000,3644.8,3644.8,3561.6,3592,18730.4,0
VRM.US,D,20210603,000000,3500,3549.6,3441.6,3453.6,16156.8125,0
VRM.US,D,20210604,000000,3472.8,3500,3407.2,3483.2,36495.5125,0
VRM.US,D,20210607,000000,3496,3520.8,3411.2,3470.4,19710.55,0
VRM.US,D,20210608,000000,3491.2,3528,3439.2,3463.2,17150.6625,0
VRM.US,D,20210609,000000,3440.8,3526.4,3389.76,3412,21067.075,0
VRM.US,D,20210610,000000,3404,3451.2,3343.2,3418.4,17687.3875,0
VRM.US,D,20210611,000000,3431.2,3551.2,3416.8,3539.2,12658.8625,0
VRM.US,D,20210614,000000,3579.6,3670.4,3560,3615.2,22215.0625,0
VRM.US,D,20210615,000000,3365.6,3428,3200,3200.8,124553.3125,0
VRM.US,D,20210616,000000,3172.8,3300,3092.8,3292.8,81178,0
VRM.US,D,20210617,000000,3304.8,3360,3187.2,3261.6,25272.7125,0
VRM.US,D,20210618,000000,3236,3300,3212.4,3286.4,27348.0375,0
VRM.US,D,20210621,000000,3292.8,3357.6,3153.6,3344,24071.9625,0
VRM.US,D,20210622,000000,3344.8,3449.6,3312.8,3441.6,18924.5625,0
VRM.US,D,20210623,000000,3440,3522.8,3380,3393.6,21307.825,0
VRM.US,D,20210624,000000,3432.8,3451.2,3359.2,3377.6,15451.725,0
VRM.US,D,20210625,000000,3412,3548,3399.6,3532.8,42253.6125,0
VRM.US,D,20210628,000000,3580,3585.6,3336.99,3362.4,28651.7875,0
VRM.US,D,20210629,000000,3368,3416,3340.8,3351.2,19279.55,0
VRM.US,D,20210630,000000,3352.8,3390.4,3296.8,3348.8,19004.75,0
VRM.US,D,20210701,000000,3362.4,3445.6,3332,3400.8,13849.0125,0
VRM.US,D,20210702,000000,3432,3468,3378.4,3438.4,10362.5125,0
VRM.US,D,20210706,000000,3437.6,3486.4,3327.2,3361.6,19153.2625,0
VRM.US,D,20210707,000000,3366.4,3368.8,3248.8,3251.2,16749.7625,0
VRM.US,D,20210708,000000,3169.6,3261.6,3120,3255.2,16333,0
VRM.US,D,20210709,000000,3260,3340,3241.6,3316,12997.6125,0
VRM.US,D,20210712,000000,3316,3333.6,3207.2,3250.4,14243.825,0
VRM.US,D,20210713,000000,3216.8,3350.4,3193.6,3312,17595.75,0
VRM.US,D,20210714,000000,3340,3356.8,3195.37,3211.2,19353.1375,0
VRM.US,D,20210715,000000,3203.2,3212.8,3058.4,3080.8,17989.7,0
VRM.US,D,20210716,000000,3100,3144,3032.8,3052,16335.9625,0
VRM.US,D,20210719,000000,2987.2,3055.2,2933.1,2991.2,13861.7625,0
VRM.US,D,20210720,000000,2995.2,3142.4,2954.8,3120,13911.725,0
VRM.US,D,20210721,000000,3141.6,3220,3132.8,3197.6,7516.95,0
VRM.US,D,20210722,000000,3216,3221.2,3056.8,3066.4,9841.8875,0
VRM.US,D,20210723,000000,3084,3133.6,3025.6,3088,8712.8125,0
VRM.US,D,20210726,000000,3076.8,3104.8,3024,3048,11109.6875,0
VRM.US,D,20210727,000000,3004.8,3076.8,2896,3064,17664.9375,0
VRM.US,D,20210728,000000,3091.2,3168,3048.67,3100.8,12245.9125,0
VRM.US,D,20210729,000000,3102.4,3164.8,3089.6,3091.2,12431.8625,0
VRM.US,D,20210730,000000,3051.2,3090.4,2950.4,2963.2,16289.9,0
VRM.US,D,20210802,000000,2972,3020.8,2934.4,2977.6,13644.2125,0
VRM.US,D,20210803,000000,2999.2,3012.8,2899.2,2988.8,21760.9,0
VRM.US,D,20210804,000000,2987.2,2992,2907.2,2961.6,13174.6875,0
VRM.US,D,20210805,000000,2961.6,3000,2911.2,2958.4,12225.875,0
VRM.US,D,20210806,000000,3068.8,3113.6,2984.8,3002.4,15981.525,0
VRM.US,D,20210809,000000,2983.2,3158.4,2965.6,3098.4,17096.725,0
VRM.US,D,20210810,000000,3096.8,3152,2992.96,3080,21825.9625,0
VRM.US,D,20210811,000000,3124,3132,2950.4,3036.8,37485.775,0
VRM.US,D,20210812,000000,2952,2955.2,2426.4,2430.4,120982.375,0
VRM.US,D,20210813,000000,2448,2479.2,2380.8,2404,44660.4125,0
VRM.US,D,20210816,000000,2372,2383.99,2268,2328,40776.15,0
VRM.US,D,20210817,000000,2284.8,2285.6,2168,2183.2,45040.125,0
VRM.US,D,20210818,000000,2160,2165.6,2052,2056,53044.5125,0
VRM.US,D,20210819,000000,2026.4,2140.8,2026.4,2076.8,42573.0875,0
VRM.US,D,20210820,000000,2064,2080.8,1981.6,2001.6,31187.6375,0
VRM.US,D,20210823,000000,2008,2044.8,1970.4,2026.4,24121.55,0
VRM.US,D,20210824,000000,2059.2,2142.4,2059.2,2107.2,25022.6875,0
VRM.US,D,20210825,000000,2114.4,2154.4,2087.2,2125.6,18341.925,0
VRM.US,D,20210826,000000,2110.4,2152,2064,2076,14498.575,0
VRM.US,D,20210827,000000,2075.2,2193.2,2056,2178.4,21453.7375,0
VRM.US,D,20210830,000000,2186.4,2206.24,2132.08,2185.6,18295.2375,0
VRM.US,D,20210831,000000,2214.8,2214.8,2121.6,2148.8,22959.075,0
VRM.US,D,20210901,000000,2172,2215.2,2121.6,2167.2,21914.175,0
VRM.US,D,20210902,000000,2180.8,2189.6,2107.2,2128.8,19998.725,0
VRM.US,D,20210903,000000,2128.8,2137.3,2087.6,2130.4,13626.375,0
VRM.US,D,20210907,000000,2140.8,2220,2134.4,2136,18127.25,0
VRM.US,D,20210908,000000,2127.2,2129.6,2044.8,2084,16011.0375,0
VRM.US,D,20210909,000000,2066.16,2174.4,2052,2146.4,16134.7375,0
VRM.US,D,20210910,000000,2151.2,2194.4,2114.4,2116.8,10530.6625,0
VRM.US,D,20210913,000000,2115.2,2128.58,2043.6,2069.6,20871.8625,0
VRM.US,D,20210914,000000,2073.6,2105.6,1960.8,1967.2,22237.55,0
VRM.US,D,20210915,000000,1948,1984,1928,1975.2,30223.95,0
VRM.US,D,20210916,000000,1962.4,1987.6,1926.4,1957.6,21080.1375,0
VRM.US,D,20210917,000000,1960,1967.9,1927.2,1939.2,89932.3875,0
VRM.US,D,20210920,000000,1879.2,1936.8,1840,1930.4,34264.2875,0
VRM.US,D,20210921,000000,1943.2,1980,1848.4,1852,21590.3375,0
VRM.US,D,20210922,000000,1866.4,1940.8,1860,1896.8,16943.9,0
VRM.US,D,20210923,000000,1908.97,1967.2,1893.35,1960,17788.2625,0
VRM.US,D,20210924,000000,1944,1952,1883.2,1925.6,15366.3125,0
VRM.US,D,20210927,000000,1932,2024.16,1900.8,2016,22220.8125,0
VRM.US,D,20210928,000000,2010.4,2010.4,1884.8,1888.8,20047.5,0
VRM.US,D,20210929,000000,1892.8,1894.74,1814.4,1825.6,20135,0
VRM.US,D,20210930,000000,1800,1810.4,1734.4,1765.6,22792.025,0
VRM.US,D,20211001,000000,1779.2,1795.88,1732,1740,16079.4625,0
VRM.US,D,20211004,000000,1727.2,1729.2,1648,1660,20797.0125,0
VRM.US,D,20211005,000000,1660.8,1696.8,1636.8,1640,21500.35,0
VRM.US,D,20211006,000000,1612,1712,1584,1693.6,19615.3625,0
VRM.US,D,20211007,000000,1732,1771.2,1699.2,1700.8,20495.8875,0
VRM.US,D,20211008,000000,1703.2,1774.4,1700.8,1704,11009.675,0
VRM.US,D,20211011,000000,1703.2,1737.6,1642.4,1644.8,11410.9875,0
VRM.US,D,20211012,000000,1701.6,1711.2,1662.4,1685.6,29649.1875,0
VRM.US,D,20211013,000000,1712,1736,1678.4,1708,20141.125,0
VRM.US,D,20211014,000000,1716,1761.6,1705.6,1738.4,15824.9375,0
VRM.US,D,20211015,000000,1756,1804.8,1741.68,1787.2,22272.5125,0
VRM.US,D,20211018,000000,1788.8,1809.6,1738,1804,16817.5375,0
VRM.US,D,20211019,000000,1824.8,1863.6,1779.2,1827.2,14642.0625,0
VRM.US,D,20211020,000000,1821.6,1825.6,1748,1756,21600.4125,0
VRM.US,D,20211021,000000,1760,1820,1755.2,1784,12099.975,0
VRM.US,D,20211022,000000,1763.2,1768.99,1640.8,1643.2,22358.9875,0
VRM.US,D,20211025,000000,1640,1664.8,1614.4,1618.4,18132.1875,0
VRM.US,D,20211026,000000,1629.6,1637.54,1552.38,1562.4,29809.3625,0
VRM.US,D,20211027,000000,1563.2,1572.38,1520,1528.8,20643.525,0
VRM.US,D,20211028,000000,1533.6,1581.6,1496.8,1563.2,18180.4375,0
VRM.US,D,20211029,000000,1550.4,1586.4,1520,1530.4,16606.175,0
VRM.US,D,20211101,000000,1547.2,1648,1527.2,1635.2,20337.475,0
VRM.US,D,20211102,000000,1635.2,1661.6,1556.8,1603.2,29301.8375,0
VRM.US,D,20211103,000000,1602.4,1632,1569.6,1590.4,24574.3375,0
VRM.US,D,20211104,000000,1592.8,1604,1544,1557.6,24663.475,0
VRM.US,D,20211105,000000,1565.6,1584,1527.1,1532.8,23103.025,0
VRM.US,D,20211108,000000,1544,1549.6,1512,1530.4,20875.4875,0
VRM.US,D,20211109,000000,1536.8,1588,1514.4,1550.4,43632.3875,0
VRM.US,D,20211110,000000,1474.4,1692,1404,1649.6,103932.875,0
VRM.US,D,20211111,000000,1640,1668,1485.6,1487.2,47074.5,0
VRM.US,D,20211112,000000,1487.2,1535.2,1457.6,1487.2,43006.7625,0
VRM.US,D,20211115,000000,1502.4,1623.2,1500.8,1599.2,39420.4125,0
VRM.US,D,20211116,000000,1586.4,1601.6,1561.6,1581.6,31218.6,0
VRM.US,D,20211117,000000,1576,1598.4,1472.4,1477.6,33670.7,0
VRM.US,D,20211118,000000,1480,1481.6,1328,1374.4,45311.2625,0
VRM.US,D,20211119,000000,1363.2,1389.2,1320,1330.4,23182.4125,0
VRM.US,D,20211122,000000,1340.8,1354.4,1292,1328.8,33880.4125,0
VRM.US,D,20211123,000000,1324,1330.4,1235.6,1261.6,37210.35,0
VRM.US,D,20211124,000000,1245.6,1283.2,1224,1256.8,30037.5,0
VRM.US,D,20211126,000000,1224,1263.2,1205.6,1243.2,21768.95,0
VRM.US,D,20211129,000000,1257.6,1262.39,1176.8,1179.2,31361.725,0
VRM.US,D,20211130,000000,1172,1176.8,1076.8,1106.4,54779,0
VRM.US,D,20211201,000000,1121.6,1179.2,1057.6,1064,63424.6375,0
VRM.US,D,20211202,000000,1055.42,1112,1045.6,1085.6,34754.3375,0
VRM.US,D,20211203,000000,1085.6,1085.6,982.4,1012,41204.025,0
VRM.US,D,20211206,000000,1012,1104.8,976,1080.8,31934.3,0
VRM.US,D,20211207,000000,1056,1117.6,1053.6,1072,53809.475,0
VRM.US,D,20211208,000000,1076.8,1118.4,1033.6,1084.8,24466.7,0
VRM.US,D,20211209,000000,1080,1104.8,967.2,977.6,41461.45,0
VRM.US,D,20211210,000000,984.8,1020.8,945.6,969.6,37806.85,0
VRM.US,D,20211213,000000,968,980,897.2,931.2,39968.7,0
VRM.US,D,20211214,000000,913.6,940,868.8,871.2,45034.125,0
VRM.US,D,20211215,000000,864.8,884.8,814.4,874.4,56922.175,0
VRM.US,D,20211216,000000,888.8,919.2,832,842.4,39245.15,0
VRM.US,D,20211217,000000,840.8,912.8,809.496,906.4,65085.875,0
VRM.US,D,20211220,000000,876.8,916.8,816.8,828.8,56575.2875,0
VRM.US,D,20211221,000000,847.2,895.2,844,892.8,48902.6625,0
VRM.US,D,20211222,000000,898.4,914.4,849.6,867.2,33701.125,0
VRM.US,D,20211223,000000,875.2,897.6,849.4,880,27540.7125,0
VRM.US,D,20211227,000000,884.4,886.4,840,856,22847.6625,0
VRM.US,D,20211228,000000,849.864,877.6,838.4,843.2,26985.475,0
VRM.US,D,20211229,000000,840,846.8,810.4,816,30365.5625,0
VRM.US,D,20211230,000000,815.2,917.6,814.4,888.8,49011.2,0
VRM.US,D,20211231,000000,881.6,908.216,856,863.2,31228.7875,0
VRM.US,D,20220103,000000,880.8,916.328,865.6,893.6,40144.4,0
VRM.US,D,20220104,000000,918.4,952,859.2,875.2,50169.25,0
VRM.US,D,20220105,000000,860,887.2,776.8,782.4,64147.6375,0
VRM.US,D,20220106,000000,777.6,791.2,722.4,770.4,48980.3,0
VRM.US,D,20220107,000000,775.2,803.6,756.8,778.4,37069.6,0
VRM.US,D,20220110,000000,759.872,762.8,701.6,737.6,38776.05,0
VRM.US,D,20220111,000000,731.2,791.2,726.4,776,29094.4625,0
VRM.US,D,20220112,000000,781.6,783.2,733.6,741.6,27807.8125,0
VRM.US,D,20220113,000000,743.2,748.8,691.2,692.8,45106.625,0
VRM.US,D,20220114,000000,683.2,694.4,615.2,641.6,73909.0875,0
VRM.US,D,20220118,000000,628,637.8,595.2,608,61088,0
VRM.US,D,20220119,000000,614.4,628,575.2,588.8,63930.4375,0
VRM.US,D,20220120,000000,630.4,683.2,614.4,616,91617.7625,0
VRM.US,D,20220121,000000,598.4,606.4,552.8,584.8,87119.325,0
VRM.US,D,20220124,000000,568.8,641.6,549.6,639.2,65654.425,0
VRM.US,D,20220125,000000,616,639.6,576.8,620,50872.875,0
VRM.US,D,20220126,000000,636.8,646.392,562.8,564,62464.075,0
VRM.US,D,20220127,000000,570.4,592.8,540,545.6,48182.95,0
VRM.US,D,20220128,000000,580,581.264,512.6,564.8,54327.55,0
VRM.US,D,20220131,000000,563.2,649.2,563.2,641.6,53150.3875,0
VRM.US,D,20220201,000000,649.6,686.4,629.6,672.8,41519.85,0
VRM.US,D,20220202,000000,680,689.6,612,614.4,42697.6125,0
VRM.US,D,20220203,000000,606.4,630.4,572,575.2,40548.7375,0
VRM.US,D,20220204,000000,580.8,597.6,556.8,581.6,53381.8375,0
VRM.US,D,20220207,000000,590.4,617.6,555.2,563.2,46317.15,0
VRM.US,D,20220208,000000,558.4,590.4,551.2,580,36558.0875,0
VRM.US,D,20220209,000000,589.6,646.616,580.008,633.6,162891.2,0
VRM.US,D,20220210,000000,603.2,648,592,598.4,83797.4375,0
VRM.US,D,20220211,000000,593.6,621.224,558.4,560.8,77308.975,0
VRM.US,D,20220214,000000,560,581.6,546.8,553.6,55102.7875,0
VRM.US,D,20220215,000000,571.2,610.4,568,602.4,58716.275,0
VRM.US,D,20220216,000000,588.8,590.4,565.6,568,47453.6,0
VRM.US,D,20220217,000000,565.6,575.2,520.8,526.4,82237.6125,0
VRM.US,D,20220218,000000,522.4,532,494,506.4,59825.6375,0
VRM.US,D,20220222,000000,492.8,517.6,476,478.4,72603.25,0
VRM.US,D,20220223,000000,488.4,488.8,442.4,445.6,95419.2,0
VRM.US,D,20220224,000000,410.4,484.4,408,481.6,81165.7375,0
VRM.US,D,20220225,000000,484,502.4,458.4,496,83451.7375,0
VRM.US,D,20220228,000000,484.8,510,472.8,486.4,95229.1375,0
VRM.US,D,20220301,000000,361.6,366.392,256,260,724186.7625,0
VRM.US,D,20220302,000000,263.2,267.192,230.4,238.4,463092.375,0
VRM.US,D,20220303,000000,242.4,244,225.6,231.6,193009.3,0
VRM.US,D,20220304,000000,230.4,240,227.2,233.6,191548.975,0
VRM.US,D,20220307,000000,230.4,240.8,221.6,226.4,162255.7375,0
VRM.US,D,20220308,000000,228,238.4,204.8,218.4,265200.175,0
VRM.US,D,20220309,000000,226.4,241.6,215.2,234.4,187674.5125,0
VRM.US,D,20220310,000000,227.2,240,220.184,228.8,94302.4125,0
VRM.US,D,20220311,000000,233.6,233.6,212,217.6,95618.7875,0
VRM.US,D,20220314,000000,212,213.2,185.6,186.4,150649.3875,0
VRM.US,D,20220315,000000,189.6,200,178.4,197.6,101543.15,0
VRM.US,D,20220316,000000,200,220,193.6,215.2,167141.15,0
VRM.US,D,20220317,000000,211.2,219.2,200.8,212.8,381641.1625,0
VRM.US,D,20220318,000000,210.4,239.2,208,230.4,316444.075,0
VRM.US,D,20220321,000000,236.8,247.2,212.8,219.2,214241.5625,0
VRM.US,D,20220322,000000,220,254.4,219.2,237.6,203963.4125,0
VRM.US,D,20220323,000000,243.2,272,230.4,247.2,218421.6125,0
VRM.US,D,20220324,000000,258.4,258.4,232.8,248,178925.65,0
VRM.US,D,20220325,000000,245.6,246.4,220.8,227.2,152503.175,0
VRM.US,D,20220328,000000,228.8,232.8,218.4,230.4,101354.375,0
VRM.US,D,20220329,000000,233.6,252.8,231.6,248,229134.4875,0
VRM.US,D,20220330,000000,240.8,264.8,228,228,153862.275,0
VRM.US,D,20220331,000000,232,234.4,212,212.8,123265.0125,0
VRM.US,D,20220401,000000,216,217.6,204.8,209.6,120315.8625,0
VRM.US,D,20220404,000000,212.8,235.12,208.8,226.4,153265.3125,0
VRM.US,D,20220405,000000,223.2,224,204,204.8,191811.4125,0
VRM.US,D,20220406,000000,202,202.4,187.2,193.6,163592.7625,0
VRM.US,D,20220407,000000,192.8,195.2,173.6,182.4,187169.4,0
VRM.US,D,20220408,000000,183.2,186.4,178.4,178.4,126878.7375,0
VRM.US,D,20220411,000000,176,180.8,168,172.8,134642.925,0
VRM.US,D,20220412,000000,180.8,184.8,164,166.4,147385.125,0
VRM.US,D,20220413,000000,164.8,176.4,160.8,169.6,120468.4625,0
VRM.US,D,20220414,000000,166.4,168,156.8,160,120948.7,0
VRM.US,D,20220418,000000,157.6,160.8,148,152,128740.5,0
VRM.US,D,20220419,000000,149.6,164,149.592,157.6,118854.9,0
VRM.US,D,20220420,000000,156,157.6,136,136,164284.725,0
VRM.US,D,20220421,000000,136,143.2,126.4,129.6,195036.475,0
VRM.US,D,20220422,000000,129.6,142.4,127.296,132,142484.125,0
VRM.US,D,20220425,000000,133.6,156,130.4,148,227585.2375,0
VRM.US,D,20220426,000000,148,148.8,132,132.8,144146.3,0
VRM.US,D,20220427,000000,132.8,142.4,128,131.6,147576.6,0
VRM.US,D,20220428,000000,130.4,133.6,118.4,129.6,236507.65,0
VRM.US,D,20220429,000000,125.6,144,122,124.8,135958.2125,0
VRM.US,D,20220502,000000,128,131.2,120.8,129.6,182303.7,0
VRM.US,D,20220503,000000,128,129.776,123.2,124,120161.4875,0
VRM.US,D,20220504,000000,123.2,128,116.8,127.2,151103.025,0
VRM.US,D,20220505,000000,123.2,124,113.6,114.4,126951.725,0
VRM.US,D,20220506,000000,113.6,114,101.6,108,102810.5625,0
VRM.US,D,20220509,000000,104,104.8,86.4,86.4,202929.6,0
VRM.US,D,20220510,000000,136,154.4,98.4,114.4,1898217.625,0
VRM.US,D,20220511,000000,110.4,126.4,101.6,107.2,752994.05,0
VRM.US,D,20220512,000000,104.8,128,100,113.6,488171.3625,0
VRM.US,D,20220513,000000,118.4,140,117.6,128,528596.075,0
VRM.US,D,20220516,000000,130.4,146,116.8,117.6,551210.175,0
VRM.US,D,20220517,000000,122.4,132,116,120,303134.5875,0
VRM.US,D,20220518,000000,116,117.6,108,108.8,214526.675,0
VRM.US,D,20220519,000000,108.8,120,107.2,116,202535.7,0
VRM.US,D,20220520,000000,120,120.8,104.8,116,275105.1625,0
VRM.US,D,20220523,000000,116,116,107.2,111.2,230380.7,0
VRM.US,D,20220524,000000,107.2,108.16,100,102.4,143552.05,0
VRM.US,D,20220525,000000,101.6,115.2,101.6,114.4,184475.3125,0
VRM.US,D,20220526,000000,114.4,127.2,112.8,115.2,268162.375,0
VRM.US,D,20220527,000000,115.2,120.8,108.8,111.2,188828.45,0
VRM.US,D,20220531,000000,113.6,120,109.6,114.4,225555.2625,0
VRM.US,D,20220601,000000,116.8,118.4,105.6,107.2,166503.3625,0
VRM.US,D,20220602,000000,108,113.6,103.2,111.2,168126.65,0
VRM.US,D,20220603,000000,109.6,110.4,103.2,104,140346.55,0
VRM.US,D,20220606,000000,105.6,106.4,95.6,97.6,165985.8125,0
VRM.US,D,20220607,000000,96,108.8,93.6,103.2,183955.9375,0
VRM.US,D,20220608,000000,102.4,110.4,100.8,103.2,130200.7875,0
VRM.US,D,20220609,000000,107.2,108.8,93.6,93.6,160405.8375,0
VRM.US,D,20220610,000000,92.8,96,89.6,92,178165.5375,0
VRM.US,D,20220613,000000,87.84,91.2,82.4,85.6,170525.175,0
VRM.US,D,20220614,000000,88.8,90.4,85.6,88.8,82532.175,0
VRM.US,D,20220615,000000,88,100,84.8,96.8,141931.05,0
VRM.US,D,20220616,000000,92.8,94.4,86.4,89.6,108887.6625,0
VRM.US,D,20220617,000000,90.4,96.8,90.4,96,193340.975,0
VRM.US,D,20220621,000000,100,104.8,95.2,96,142203.1,0
VRM.US,D,20220622,000000,94.4,100,93.6,94.4,97319.55,0
VRM.US,D,20220623,000000,96,144,96,128.8,1155247.125,0
VRM.US,D,20220624,000000,122.8,144.8,110.4,116.8,550875.425,0
VRM.US,D,20220627,000000,124.8,140,120,128.8,335630.475,0
VRM.US,D,20220628,000000,135.2,136,105.6,108,343992.1625,0
VRM.US,D,20220629,000000,107.2,108.8,96.8,101.6,174615.125,0
VRM.US,D,20220630,000000,98.4,105.6,93.6,100,152109.6625,0
VRM.US,D,20220701,000000,99.2,105.6,99.2,100.8,123247.0875,0
VRM.US,D,20220705,000000,98.4,116.8,95.2,114.4,168786.125,0
VRM.US,D,20220706,000000,110.4,117.6,106.4,115.2,162656.6375,0
VRM.US,D,20220707,000000,115.2,124,112.8,123.2,132127.05,0
VRM.US,D,20220708,000000,119.2,131.2,117.6,126.4,116281.35,0
VRM.US,D,20220711,000000,126.4,126.4,113.6,115.2,101469.9625,0
VRM.US,D,20220712,000000,116,117.6,109.6,114.4,68494.2125,0
VRM.US,D,20220713,000000,112,124.8,105.6,122.4,100920.0125,0
VRM.US,D,20220714,000000,118.4,127.2,116.8,118.4,69588.875,0
VRM.US,D,20220715,000000,118.4,128,118.4,127.2,85590.2375,0
VRM.US,D,20220718,000000,130.4,140.4,128,133.6,127339.4875,0
VRM.US,D,20220719,000000,135.2,138.4,125.6,134.4,78960.2,0
VRM.US,D,20220720,000000,134.4,156,134.4,147.2,241345.725,0
VRM.US,D,20220721,000000,149.6,158.4,144,156,148460.025,0
VRM.US,D,20220722,000000,155.2,156,128,131.2,160809.1,0
VRM.US,D,20220725,000000,131.2,132.8,123.2,129.6,103778.4375,0
VRM.US,D,20220726,000000,125.6,125.6,116.8,119.2,104428.5625,0
VRM.US,D,20220727,000000,122.4,125.2,116,124,110259.325,0
VRM.US,D,20220728,000000,121.6,127.2,114.4,123.2,88266.7875,0
VRM.US,D,20220729,000000,122.4,124,116,119.2,95782.4875,0
VRM.US,D,20220801,000000,118.4,124,114.4,116.8,92159.8875,0
VRM.US,D,20220802,000000,118.4,140,115.2,138.4,195409.625,0
VRM.US,D,20220803,000000,144,152,133.6,146.4,118258.0375,0
VRM.US,D,20220804,000000,145.6,154.4,140.8,144,91227.975,0
VRM.US,D,20220805,000000,144,187.2,140.8,185.6,468602.6375,0
VRM.US,D,20220808,000000,207.2,220.8,189.6,196.8,457245.2,0
VRM.US,D,20220809,000000,160,160,122.8,127.2,423878.2875,0
VRM.US,D,20220810,000000,136,136,127.2,132,216682.35,0
VRM.US,D,20220811,000000,134.4,163.2,132.8,142.4,337759.125,0
VRM.US,D,20220812,000000,147.2,171.2,140,169.6,250135.675,0
VRM.US,D,20220815,000000,159.6,165.6,148.8,152,187973.625,0
VRM.US,D,20220816,000000,159.2,187.2,148,176.8,295293.05,0
VRM.US,D,20220817,000000,188.8,188.8,165.6,174.4,210921.3,0
VRM.US,D,20220818,000000,176,176.8,162.4,168.8,157280.1875,0
VRM.US,D,20220819,000000,164,165.392,140,147.2,158960.725,0
VRM.US,D,20220822,000000,143.2,151.2,140,140.8,96035.075,0
VRM.US,D,20220823,000000,141.6,145.6,134,142.4,96795.425,0
VRM.US,D,20220824,000000,140,154.4,140,147.2,78150.7875,0
VRM.US,D,20220825,000000,149.6,158.4,148,156.8,118048.9125,0
VRM.US,D,20220826,000000,157.6,159.2,144.8,148,91469.475,0
VRM.US,D,20220829,000000,143.2,153.2,143.2,144.8,73480.2875,0
VRM.US,D,20220830,000000,148,150.8,132.8,134.4,96629.95,0
VRM.US,D,20220831,000000,136.8,138.4,128.72,130.4,69246.725,0
VRM.US,D,20220901,000000,128,132.8,123.2,132.8,66910.425,0
VRM.US,D,20220902,000000,134.4,135.2,125.6,128.8,75298.675,0
VRM.US,D,20220906,000000,132,132,124,126.4,36850.9875,0
VRM.US,D,20220907,000000,123.6,133.6,122.4,132.8,42923.2625,0
VRM.US,D,20220908,000000,129.6,146.4,127.2,144,123151.7625,0
VRM.US,D,20220909,000000,141.6,147.2,140.8,142.4,57845.7125,0
VRM.US,D,20220912,000000,140.8,150.4,138.144,148.8,84802.25,0
VRM.US,D,20220913,000000,138.4,143.2,133.6,135.2,61293.125,0
VRM.US,D,20220914,000000,137.6,143.2,132.8,143.2,36261.35,0
VRM.US,D,20220915,000000,137.6,147.2,137.6,144,49922.7875,0
VRM.US,D,20220916,000000,141.6,141.6,129.6,132,78628.25,0
VRM.US,D,20220919,000000,131.2,134.4,128,131.2,47392.025,0
VRM.US,D,20220920,000000,129.6,130.8,120.8,121.6,60113.4125,0
VRM.US,D,20220921,000000,121.6,128,117.6,121.6,56088.3125,0
VRM.US,D,20220922,000000,120.8,122,103.2,106.4,127513.525,0
VRM.US,D,20220923,000000,104,107.2,98.4,101.6,67574.725,0
VRM.US,D,20220926,000000,101.6,107.2,94.4,94.4,73865.55,0
VRM.US,D,20220927,000000,100,104.4,97.6,101.6,53453.675,0
VRM.US,D,20220928,000000,100,107.192,98.4,104.8,52077.325,0
VRM.US,D,20220929,000000,101.6,102.4,93.16,95.2,92433.0125,0
VRM.US,D,20220930,000000,94.4,99.2,92,92.8,30106.35,0
VRM.US,D,20221003,000000,94.4,101.2,88.8,98.4,67045.8875,0
VRM.US,D,20221004,000000,101.6,107.2,99.6,102.4,69351.25,0
VRM.US,D,20221005,000000,100,102,96,99.2,31664.4,0
VRM.US,D,20221006,000000,99.2,104.8,94.4,96,55062.3875,0
VRM.US,D,20221007,000000,93.6,94.8,88,90.4,50082.2875,0
VRM.US,D,20221010,000000,92,92,83.2,88,62653.425,0
VRM.US,D,20221011,000000,88,90.4,83.2,86.4,57499.2,0
VRM.US,D,20221012,000000,88.8,93.6,86.4,93.6,38614.3,0
VRM.US,D,20221013,000000,88,92.8,86.4,89.6,60369.5875,0
VRM.US,D,20221014,000000,92.8,94.4,80.8,81.6,106210.5625,0
VRM.US,D,20221017,000000,84.8,86.4,80.8,83.2,101554.575,0
VRM.US,D,20221018,000000,85.6,86.4,80,85.6,137620,0
VRM.US,D,20221019,000000,82.4,87.2,80.8,82.4,70997.2625,0
VRM.US,D,20221020,000000,83.2,85.6,81.6,82.4,35508.85,0
VRM.US,D,20221021,000000,80.8,82.4,78.68,81.6,42598.3375,0
VRM.US,D,20221024,000000,82.4,82.4,72,79.752,66432.3625,0
VRM.US,D,20221025,000000,79.752,87.2,79.22,84,51859.15,0
VRM.US,D,20221026,000000,80.8,91.2,80.8,84.8,50940.65,0
VRM.US,D,20221027,000000,86.4,88.8,82,83.2,43807,0
VRM.US,D,20221028,000000,83.2,85.6,80,83.2,40718.45,0
VRM.US,D,20221031,000000,83.2,87.2,82.4,83.2,33809.25,0
VRM.US,D,20221101,000000,85.6,92.8,85.6,88,68866.15,0
VRM.US,D,20221102,000000,88.8,88.8,74.564,76.76,108431.8375,0
VRM.US,D,20221103,000000,78.4,80.8,74.488,77.504,67553.9875,0
VRM.US,D,20221104,000000,78.416,80,67.2,70.4,112481.0625,0
VRM.US,D,20221107,000000,71.2,72.8,66,72.8,96830.5875,0
VRM.US,D,20221108,000000,74.4,83.2,70.408,78.36,66537.4,0
VRM.US,D,20221109,000000,77.936,82,72.424,73.552,29727.7625,0
VRM.US,D,20221110,000000,82.4,82.4,73.608,76.24,73611.875,0
VRM.US,D,20221111,000000,76,89.6,75.216,88.8,81926.1125,0
VRM.US,D,20221114,000000,89.6,89.6,83.2,84,36866.7125,0
VRM.US,D,20221115,000000,88,94.4,87.2,91.2,75726.75,0
VRM.US,D,20221116,000000,88.8,104.4,83.2,99.2,119111.5125,0
VRM.US,D,20221117,000000,94.4,111.2,94.4,102.4,141030.85,0
VRM.US,D,20221118,000000,103.2,105.6,95.2,104.8,62124.35,0
VRM.US,D,20221121,000000,102.4,104,91.2,96,63081.2,0
VRM.US,D,20221122,000000,94.4,96,88.8,92.4,48143.8125,0
VRM.US,D,20221123,000000,91.2,101.6,89.6,100.8,54012.225,0
VRM.US,D,20221125,000000,99.2,100,93.6,99.2,24892.8,0
VRM.US,D,20221128,000000,96.8,102.4,94.4,100.8,42484.4875,0
VRM.US,D,20221129,000000,100.8,107.2,99.408,102.4,43621.075,0
VRM.US,D,20221130,000000,101.6,104.8,89.6,98.4,82650.0875,0
VRM.US,D,20221201,000000,97.6,100.8,92.8,94.4,46699.7125,0
VRM.US,D,20221202,000000,92,94.36,90.4,92.8,30737.6875,0
VRM.US,D,20221205,000000,92.8,94.4,83.2,88.8,61429.2,0
VRM.US,D,20221206,000000,88.8,88.8,83.2,84,32659.65,0
VRM.US,D,20221207,000000,80,83.2,74.408,76.16,85632.675,0
VRM.US,D,20221208,000000,78.408,84.8,77.6081,84,27988.575,0
VRM.US,D,20221209,000000,81.6,86.4,80.008,82.4,31423.0125,0
VRM.US,D,20221212,000000,82.4,82.4,80,80.8,31034.1875,0
VRM.US,D,20221213,000000,84.8,87.2,80.4,80.8,38852.2,0
VRM.US,D,20221214,000000,80.8,87.2,80.8,84,29319.1875,0
VRM.US,D,20221215,000000,84.8,87.2,81.6,82.4,30633.6625,0
VRM.US,D,20221216,000000,82.4,86.4,79.208,84,33716.3125,0
VRM.US,D,20221219,000000,81.6,82.4,75.2,77.744,53322.875,0
VRM.US,D,20221220,000000,76.8,78.4,75.2,75.608,22188.1375,0
VRM.US,D,20221221,000000,76,79.36,73.6,77.44,28772.025,0
VRM.US,D,20221222,000000,75.2,75.976,68.4,72.8,41154.85,0
VRM.US,D,20221223,000000,73.6,75.736,71.1759,75.16,20794.6875,0
VRM.US,D,20221227,000000,72.8,74,68.4,70.4,47360.9125,0
VRM.US,D,20221228,000000,69.6,74.4,69.6,71.552,29865.5375,0
VRM.US,D,20221229,000000,71.048,81.6,69.608,79.608,55308.0125,0
VRM.US,D,20221230,000000,76,83.2,74.432,81.6,39182.25,0
VRM.US,D,20230103,000000,81.6,84.8,76.096,76.8,20536.1875,0
VRM.US,D,20230104,000000,76.8,86.4,76.8,85.6,29193.675,0
VRM.US,D,20230105,000000,80.8,86.4,80,85.6,15557.6625,0
VRM.US,D,20230106,000000,84.8,84.8,80.8,83.2,14873.225,0
VRM.US,D,20230109,000000,83.2,88,80.8,82.4,26995.9375,0
VRM.US,D,20230110,000000,81.6,86,81.6,83.2,28416.5875,0
VRM.US,D,20230111,000000,84,88.8,82.4,83.2,46545.4,0
VRM.US,D,20230112,000000,84,96.8,80.8,91.2,111852.0375,0
VRM.US,D,20230113,000000,92.8,96,81.6,84,96600.8375,0
VRM.US,D,20230117,000000,85.6,86.4,81.6,83.2,64576.65,0
VRM.US,D,20230118,000000,84,89.6,75.2,76.408,90061.8875,0
VRM.US,D,20230119,000000,78.392,78.4,72.56,73.568,32444.025,0
VRM.US,D,20230120,000000,74.4,77.592,73.6001,74.8,29492.6,0
VRM.US,D,20230123,000000,75.264,81.6,75.264,77.784,45284.7125,0
VRM.US,D,20230124,000000,76.848,79.96,74.4,74.736,26548.35,0
VRM.US,D,20230125,000000,76,76,72,74.4,26806.5625,0
VRM.US,D,20230126,000000,74.4,77.592,74.384,76.8,19646.3,0
VRM.US,D,20230127,000000,76.592,87.2,76,84.8,68582.6875,0
VRM.US,D,20230130,000000,84,92.8,83.6,86.4,107080.525,0
VRM.US,D,20230131,000000,89.6,92,86.4,92,42312.15,0
VRM.US,D,20230201,000000,92,103.2,88.8,101.6,107900.7125,0
VRM.US,D,20230202,000000,113.6,123.2,104.8,112.8,271201.7625,0
VRM.US,D,20230203,000000,107.2,117.6,104.8,110.4,79634.5875,0
VRM.US,D,20230206,000000,108,109.6,98.4,101.6,57167.475,0
VRM.US,D,20230207,000000,101.6,102.4,95.2,100,39951.7625,0
VRM.US,D,20230208,000000,97.6,103.2,90.4,94.4,125561.275,0
VRM.US,D,20230209,000000,96,96.8,85.6,86.4,81128.775,0
VRM.US,D,20230210,000000,87.2,88,82.4,84,43381.8375,0
VRM.US,D,20230213,000000,84,88,80.8,86.4,47049.575,0
VRM.US,D,20230214,000000,84.8,91.2,83.2,88.8,44674.4,0
VRM.US,D,20230215,000000,86.4,100,86.4,99.2,53869.2125,0
VRM.US,D,20230216,000000,92,97.6,88,88.8,40011.7125,0
VRM.US,D,20230217,000000,87.2,90.4,84.8,88,21986.7375,0
VRM.US,D,20230221,000000,87.2,88,80.8,80.8,43088.6125,0
VRM.US,D,20230222,000000,81.6,86.4,80,84.8,33937.575,0
VRM.US,D,20230223,000000,86.392,86.4,80.8,84,27235.525,0
VRM.US,D,20230224,000000,80.8,83.8,77.6,79.64,45463,0
VRM.US,D,20230227,000000,81.6,84,80,82.4,33020.95,0
VRM.US,D,20230228,000000,82.4,84.8,80.8,84.8,32780.575,0
VRM.US,D,20230301,000000,82.4,82.4,76.08,81.6,50453.1375,0
VRM.US,D,20230302,000000,80,80,77.6,77.76,25642.5625,0
VRM.US,D,20230303,000000,78.08,79.2,77.2,77.6,26684.8375,0
VRM.US,D,20230306,000000,77.92,79.416,73.6,73.6,32303.2625,0
VRM.US,D,20230307,000000,75.2,77.104,73.04,74.008,24729.6375,0
VRM.US,D,20230308,000000,73.76,76.752,72.08,75.248,19028.3,0
VRM.US,D,20230309,000000,75.144,76.4,72,72.56,19262.6125,0
VRM.US,D,20230310,000000,72.8,75.2,68.048,68.096,52388.2375,0
VRM.US,D,20230313,000000,68,70.4,64.344,66.832,31753.35,0
VRM.US,D,20230314,000000,68,68.8,64,64.32,32181,0
VRM.US,D,20230315,000000,65.6,67.2,62.432,66.08,26814.225,0
VRM.US,D,20230316,000000,65.6,68.792,64,68.76,21950.5875,0
VRM.US,D,20230317,000000,67.2,74.87,66.4,73.784,63707.725,0
VRM.US,D,20230320,000000,71.096,72.296,67.72,70.4,20600.2375,0
VRM.US,D,20230321,000000,70.4,72.8,69.6,72.272,17741.275,0
VRM.US,D,20230322,000000,74.112,74.4,69.6,71.176,20588,0
VRM.US,D,20230323,000000,71.176,72.8,67.2,69.968,13177.1875,0
VRM.US,D,20230324,000000,69.6,72.792,67.12,68.72,12938.5125,0
VRM.US,D,20230327,000000,68,69.912,65.6,67.224,13517.3375,0
VRM.US,D,20230328,000000,66.696,68.784,65.6,66.648,13051.0375,0
VRM.US,D,20230329,000000,67.2,71.96,66.4,70.92,15483.1,0
VRM.US,D,20230330,000000,70.872,74.4,69.608,72,14536.275,0
VRM.US,D,20230331,000000,71.64,76,71.2,71.896,24315.8375,0
VRM.US,D,20230403,000000,72.528,73.6,68.968,70.576,10040.7625,0
VRM.US,D,20230404,000000,70.4,72.768,68.96,72.76,9435.8,0
VRM.US,D,20230405,000000,71.2,71.9135,66.4,68.152,11062.9125,0
VRM.US,D,20230406,000000,68.64,72.8,67.2,71.832,10593.075,0
VRM.US,D,20230410,000000,69.6,74.4,69.6,73.44,12752.375,0
VRM.US,D,20230411,000000,74.712,78.4,73.768,74.88,20034.5625,0
VRM.US,D,20230412,000000,75.208,78.296,72,72.904,11417.2875,0
VRM.US,D,20230413,000000,72,74.3999,70.568,72.144,8659.5625,0
VRM.US,D,20230414,000000,72.8,75.752,71.2,73.536,10443.6125,0
VRM.US,D,20230417,000000,72.8,76.496,72.008,72.952,8844.75,0
VRM.US,D,20230418,000000,74.4,76.8,73.168,73.992,11314.5125,0
VRM.US,D,20230419,000000,72.8,73.5919,70.168,71.112,8886.9375,0
VRM.US,D,20230420,000000,70.408,73.592,66.4,67.064,14815.975,0
VRM.US,D,20230421,000000,67.992,69.56,66.4,68.592,6388.05,0
VRM.US,D,20230424,000000,66.56,71.2,65.608,67.04,9667.8,0
VRM.US,D,20230425,000000,66.4,71.192,64.08,64.168,14356.525,0
VRM.US,D,20230426,000000,66.4,69.6,64,65.592,9819.7375,0
VRM.US,D,20230427,000000,66.4,68.976,60.88,61.6,22909.3375,0
VRM.US,D,20230428,000000,62.4,65.6,61.68,64.712,11258.2375,0
VRM.US,D,20230501,000000,64,66.8,63.1072,64.8,10567.15,0
VRM.US,D,20230502,000000,64,65.712,61.6,62,10562.6125,0
VRM.US,D,20230503,000000,61.6,65.544,61.6,62,11890.3,0
VRM.US,D,20230504,000000,62.12,64.832,58.72,59.832,21476.125,0
VRM.US,D,20230505,000000,64.752,67.92,63.416,66.8,43161.4625,0
VRM.US,D,20230508,000000,66.8,78.4,66.7001,71.84,56272.2,0
VRM.US,D,20230509,000000,71.84,76,68.816,73.6,50609.5625,0
VRM.US,D,20230510,000000,64,68.8,62,66.992,36784.825,0
VRM.US,D,20230511,000000,64.288,69.616,64.288,64.408,13549.4375,0
VRM.US,D,20230512,000000,65.6,65.6,60,60.752,25218.0375,0
VRM.US,D,20230515,000000,60.8,64.64,60.8,63.128,19173.7125,0
VRM.US,D,20230516,000000,62.976,63.84,61.144,62.072,7736.95,0
VRM.US,D,20230517,000000,62.376,63.984,60.8,63.4,17683.475,0
VRM.US,D,20230518,000000,62.776,64.8,62.776,63.936,10017.7125,0
VRM.US,D,20230519,000000,63.936,64.952,60.8,60.8,11614.625,0
VRM.US,D,20230522,000000,60.96,63.936,60.816,62.128,13569.45,0
VRM.US,D,20230523,000000,61.584,64.712,60.8,60.96,14745.2875,0
VRM.US,D,20230524,000000,60.8,61.592,59.272,60.616,11354.425,0
VRM.US,D,20230525,000000,61.296,62.384,58.8,60.336,21048.9375,0
VRM.US,D,20230526,000000,62.032,63.52,60.824,62.808,19063.6375,0
VRM.US,D,20230530,000000,61.6,64.8,61.6,63.52,13830.75,0
VRM.US,D,20230531,000000,62.52,64.8,61.12,63.864,19046.6625,0
VRM.US,D,20230601,000000,63.2,68.8,61.744,67.36,36274.725,0
VRM.US,D,20230602,000000,65.6,69.6,65.208,69.56,20466.525,0
VRM.US,D,20230605,000000,68.552,72.8,68.0401,70.784,19700.275,0
VRM.US,D,20230606,000000,71.2,75.2,68.648,74.4,18005.6625,0
VRM.US,D,20230607,000000,72.8,79.992,72.8,76.288,29922.2,0
VRM.US,D,20230608,000000,84,95.2,80,92,156629.075,0
VRM.US,D,20230609,000000,92,96.8,78.808,82.4,76676.0625,0
VRM.US,D,20230612,000000,82.4,100,82.4,93.6,125016.175,0
VRM.US,D,20230613,000000,96.8,100,89.6,96.8,72264.3875,0
VRM.US,D,20230614,000000,99.2,100,92,96,48022.2125,0
VRM.US,D,20230615,000000,91.2,103.2,87.2,96,67876.1625,0
VRM.US,D,20230616,000000,99.2,102.4,92.8,100.8,112069.9875,0
VRM.US,D,20230620,000000,100,107.6,94.4,94.4,47567.0125,0
VRM.US,D,20230621,000000,94.4,108,93.2,101.6,56760.075,0
VRM.US,D,20230622,000000,101.6,115.6,101.2,108.8,70406.1125,0
VRM.US,D,20230623,000000,110.4,114.8,101.6,102.4,48533.7125,0
VRM.US,D,20230626,000000,106.8,112,104,104.8,38592.55,0
VRM.US,D,20230627,000000,108,112,101.6,109.6,35897.2125,0
VRM.US,D,20230628,000000,109.6,121.6,107.6,118.4,70260.4625,0
VRM.US,D,20230629,000000,122.4,136,120.8,125.6,102270.6625,0
VRM.US,D,20230630,000000,131.2,137.6,112.8,115.2,85401.7625,0
VRM.US,D,20230703,000000,116.8,124.8,116.8,123.2,36533.8625,0
VRM.US,D,20230705,000000,126.4,137.6,118.4,133.2,64497.75,0
VRM.US,D,20230706,000000,132,132.8,119.2,121.6,50364.3,0
VRM.US,D,20230707,000000,123.2,144,122.8,142.4,82910.6,0
VRM.US,D,20230710,000000,144,163.192,141.2,159.2,130806.5,0
VRM.US,D,20230711,000000,159.2,176.8,148,173.6,112509.975,0
VRM.US,D,20230712,000000,180,212,172.8,195.2,231413.3625,0
VRM.US,D,20230713,000000,184.8,192.8,161.6,176,162228.0625,0
VRM.US,D,20230714,000000,174.4,192.8,133.6,146.4,193403.0125,0
VRM.US,D,20230717,000000,150.4,172.488,147.2,163.2,106003.55,0
VRM.US,D,20230718,000000,167.2,185.6,160.8,179.2,135087.9375,0
VRM.US,D,20230719,000000,200.4,225.6,186.4,213.6,490826.2,0
VRM.US,D,20230720,000000,193.6,209.6,177.6,182,167659.1125,0
VRM.US,D,20230721,000000,189.6,200.4,171.2,172.8,110150.025,0
VRM.US,D,20230724,000000,173.6,176,157.6,171.2,116756.5,0
VRM.US,D,20230725,000000,172.8,188,167.2,180,91456.525,0
VRM.US,D,20230726,000000,184.8,190.4,170.4,175.2,66386.3,0
VRM.US,D,20230727,000000,176.8,182.52,160,161.2,82988.025,0
VRM.US,D,20230728,000000,164.8,176.8,160,170.4,80539.8375,0
VRM.US,D,20230731,000000,172,188.8,169.6,184.8,67755.8,0
VRM.US,D,20230801,000000,180,194.8,175.2,184,83861.775,0
VRM.US,D,20230802,000000,180.8,186.4,174,180.8,61045.575,0
VRM.US,D,20230803,000000,177.6,196,176.8,179.2,80173.1875,0
VRM.US,D,20230804,000000,185.6,187.2,160.8,164.8,83132.075,0
VRM.US,D,20230807,000000,169.6,170.4,149.6,158.4,63919.8125,0
VRM.US,D,20230808,000000,154.4,164,152,157.6,60375.625,0
VRM.US,D,20230809,000000,133.6,134.4,105.6,109.6,194946.7125,0
VRM.US,D,20230810,000000,112.8,124,108.8,112.8,86670.2625,0
VRM.US,D,20230811,000000,108.8,117.6,108,114.4,49281.875,0
VRM.US,D,20230814,000000,112,115.6,108.8,114.4,38031.225,0
VRM.US,D,20230815,000000,112,114.4,108.4,108.8,40489.9125,0
VRM.US,D,20230816,000000,103.2,108,97.6,100.4,54497.6875,0
VRM.US,D,20230817,000000,100,104.8,95.2,95.6,40874.7375,0
VRM.US,D,20230818,000000,93.6,100,91.208,97.6,40089.075,0
VRM.US,D,20230821,000000,96,98.8,93.6,95.2,21826.1125,0
VRM.US,D,20230822,000000,96,98.4,84.8,86,46375.6125,0
VRM.US,D,20230823,000000,86.4,96,85.6,94.4,28496.925,0
VRM.US,D,20230824,000000,95.2,95.2,86.4,88.8,28858.175,0
VRM.US,D,20230825,000000,89.6,92,86.4,90.4,32829.0375,0
VRM.US,D,20230828,000000,90.4,99.2,89.6,96.8,48464.475,0
VRM.US,D,20230829,000000,95.2,104,94.4,100,43701.2125,0
VRM.US,D,20230830,000000,99.2,109.6,96,108.8,59085.625,0
VRM.US,D,20230831,000000,108,118,103.2,104.8,77759.8875,0
VRM.US,D,20230901,000000,108,109.448,103.2,104.8,30031.85,0
VRM.US,D,20230905,000000,102.4,106,100.4,100.8,23584.375,0
VRM.US,D,20230906,000000,100,102.36,96.8,98.4,25288.6,0
VRM.US,D,20230907,000000,96,96,90.4,92,27916.05,0
VRM.US,D,20230908,000000,92,92.8,86.4,88,23168.6375,0
VRM.US,D,20230911,000000,91.2,98.4,88.8,96,33148.5,0
VRM.US,D,20230912,000000,93.6,101.6,93.6,99.2,22909.8125,0
VRM.US,D,20230913,000000,96.8,100.8,93.6,96,21537.1,0
VRM.US,D,20230914,000000,96,106.8,96,102.4,37191.5125,0
VRM.US,D,20230915,000000,104,107.2,98.4,102.4,66547.375,0
VRM.US,D,20230918,000000,100,102.4,96,96.8,22043.2125,0
VRM.US,D,20230919,000000,95.2,96,88.8,94.4,29716.725,0
VRM.US,D,20230920,000000,93.6,95.2,89.6,89.6,25668.9875,0
VRM.US,D,20230921,000000,88.8,92.8,86.4,88,26085.8125,0
VRM.US,D,20230922,000000,88,90.4,84,87.2,20036.7875,0
VRM.US,D,20230925,000000,84.8,86.4,81.6,84,29524.9125,0
VRM.US,D,20230926,000000,84,88.8,83.12,85.6,15970.15,0
VRM.US,D,20230927,000000,85.6,91.6,85.6,89.6,19520.7875,0
VRM.US,D,20230928,000000,89.6,90.4,84.8,88,20392.5125,0
VRM.US,D,20230929,000000,91.2,92.8,88.8,89.6,17849.65,0
VRM.US,D,20231002,000000,91.2,95.136,85.6,87.2,23617,0
VRM.US,D,20231003,000000,88,88,80,82.4,23997.4125,0
VRM.US,D,20231004,000000,83.2,84.8,81.6,83.2,19720.9,0
VRM.US,D,20231005,000000,84,84.4,80.8,81.6,15853.1875,0
VRM.US,D,20231006,000000,82.4,89.6,82.4,88,19739.9375,0
VRM.US,D,20231009,000000,85.6,86.4,82.4,84,12785.775,0
VRM.US,D,20231010,000000,84.8,91.2,83.2,88.4,24719.7,0
VRM.US,D,20231011,000000,88,92.8,84,84.8,12148.2375,0
VRM.US,D,20231012,000000,85.6,87.2,81.6,82.4,21185.0125,0
VRM.US,D,20231013,000000,81.6,83.2,75.28,78.424,49761.4,0
VRM.US,D,20231016,000000,80,83.2,76.104,80.8,19756.5875,0
VRM.US,D,20231017,000000,80,85.6,79.216,81.6,13196.9,0
VRM.US,D,20231018,000000,80.8,83.2,75.184,77.096,16962.225,0
VRM.US,D,20231019,000000,77.6,78.376,71.4364,72,16382.25,0
VRM.US,D,20231020,000000,72,75.992,71.2,73.976,19880.375,0
VRM.US,D,20231023,000000,74.4,75.6,70.4,70.744,19212.525,0
VRM.US,D,20231024,000000,72,76,68.24,68.4,19644.9625,0
VRM.US,D,20231025,000000,69.52,69.52,64.168,65.088,21170.3375,0
VRM.US,D,20231026,000000,64.8,68.8,61.832,65.36,19092.275,0
VRM.US,D,20231027,000000,66.168,69.56,62.464,65.512,18792.425,0
VRM.US,D,20231030,000000,67.2,68.784,65.4,67.36,9359.9,0
VRM.US,D,20231031,000000,66.536,68.288,64.72,64.8,8018.5875,0
VRM.US,D,20231101,000000,66.4,66.4,62.48,64.296,15127,0
VRM.US,D,20231102,000000,67.2,74.096,66.4,72.184,38925.3875,0
VRM.US,D,20231103,000000,75.2,86.4,75.192,82.4,42271.825,0
VRM.US,D,20231106,000000,84.8,87.2,79.6,84,29487.325,0
VRM.US,D,20231107,000000,80,88,80,86.4,28691.225,0
VRM.US,D,20231108,000000,69.6,75.56,64,64,103066.775,0
VRM.US,D,20231109,000000,65.6,66.4,61.6,61.68,33257.4875,0
VRM.US,D,20231110,000000,61.2,63.928,58.368,59.24,36628.7375,0
VRM.US,D,20231113,000000,60,60.696,57.6,58.704,23995.1,0
VRM.US,D,20231114,000000,61.552,68.8,61.496,63.456,45087.1375,0
VRM.US,D,20231115,000000,64.872,70.32,64.08,65.64,35911.2125,0
VRM.US,D,20231116,000000,65.6,69.592,60.8,61.6,24452.225,0
VRM.US,D,20231117,000000,61.6,64,59.36,59.56,21076.425,0
VRM.US,D,20231120,000000,61.528,61.6,58.4,58.944,21691,0
VRM.US,D,20231121,000000,58.344,59.2,54.88,55.84,42997.1875,0
VRM.US,D,20231122,000000,57.36,57.4842,52.968,53.04,37515.325,0
VRM.US,D,20231124,000000,52.96,56.152,52.96,53.88,13981.5,0
VRM.US,D,20231127,000000,54.4,55.768,52.408,53.568,29462.025,0
VRM.US,D,20231128,000000,52.672,52.968,47.232,49.352,43491.7,0
VRM.US,D,20231129,000000,49.6,55.168,49.6,54,31248.575,0
VRM.US,D,20231130,000000,54.4,56,51.304,52.784,19770.5625,0
VRM.US,D,20231201,000000,53.2,55.72,51.2,55.704,30508.275,0
VRM.US,D,20231204,000000,52.808,61.6,52.808,55.28,39474.625,0
VRM.US,D,20231205,000000,56,56.144,52,52.872,28894.2375,0
VRM.US,D,20231206,000000,53.888,58.368,53.208,54.4,31598.45,0
VRM.US,D,20231207,000000,54.4,56.8,53.92,54.4,10288.225,0
VRM.US,D,20231208,000000,54.4,56.8,54.4,55.424,12617.625,0
VRM.US,D,20231211,000000,55.248,56.8,52.816,53.6,14752.5375,0
VRM.US,D,20231212,000000,53.6,54.136,52.16,52.224,16166.925,0
VRM.US,D,20231213,000000,53.232,53.992,49.688,52.48,24883.1375,0
VRM.US,D,20231214,000000,55.28,63.2,53.856,59.008,69576.65,0
VRM.US,D,20231215,000000,59.008,59.748,56,59.2,74914.7125,0
VRM.US,D,20231218,000000,60.48,68.176,58.488,65.616,54111.2375,0
VRM.US,D,20231219,000000,67.2,76.928,60.8,61.6,76766.5875,0
VRM.US,D,20231220,000000,62.4,66.88,56.208,57.096,47908.75,0
VRM.US,D,20231221,000000,59.776,60.792,56.168,59.984,18112.175,0
VRM.US,D,20231222,000000,59.056,62.384,56.8,58.904,27518.3375,0
VRM.US,D,20231226,000000,54.8,55.192,46.4,50.072,112320.025,0
VRM.US,D,20231227,000000,51.208,52,48.8,49.576,42348.2,0
VRM.US,D,20231228,000000,48.16,49.92,48,49.216,30210.1375,0
VRM.US,D,20231229,000000,50.064,50.192,47.232,48.2,31204.8875,0
VRM.US,D,20240102,000000,48,50.656,47.2,48.984,15374.7625,0
VRM.US,D,20240103,000000,48.544,48.688,45.6,46.272,30372.575,0
VRM.US,D,20240104,000000,45.648,47.68,44.8,44.8,25276.5625,0
VRM.US,D,20240105,000000,45.28,45.648,40.248,40.96,39419.1,0
VRM.US,D,20240108,000000,40.496,44,40.4,42.304,26749.35,0
VRM.US,D,20240109,000000,41.6,43.744,39.6,43.12,26421.8125,0
VRM.US,D,20240110,000000,42.672,43.176,40.072,40.376,14901.4875,0
VRM.US,D,20240111,000000,40.584,41.512,37.072,38.56,30079.5375,0
VRM.US,D,20240112,000000,38.56,39.2,34.024,34.872,31844.7875,0
VRM.US,D,20240116,000000,36.144,36.368,33.6,33.776,18560.3625,0
VRM.US,D,20240117,000000,32.776,35.968,30.408,35.184,30646.975,0
VRM.US,D,20240118,000000,35.36,36.792,33.776,34.672,10487.8625,0
VRM.US,D,20240119,000000,34.4,37.584,32.936,35.104,20845.65,0
VRM.US,D,20240122,000000,36.272,43.2,35.208,42.224,118599.8375,0
VRM.US,D,20240123,000000,22.856,26.664,21.656,24.328,258351.3,0
VRM.US,D,20240124,000000,23.2,24.328,20,20.808,116501.05,0
VRM.US,D,20240125,000000,20.8,22,20,20.888,41552.5375,0
VRM.US,D,20240126,000000,20,21.6,19.208,19.536,39406.9,0
VRM.US,D,20240129,000000,19.928,20.64,18.72,19.04,45610.875,0
VRM.US,D,20240130,000000,18.928,19.6,17.648,18.56,38979.75,0
VRM.US,D,20240131,000000,18.88,20.56,18.648,19.712,50454.6,0
VRM.US,D,20240201,000000,19.2,19.8,18.488,19.368,20420.4,0
VRM.US,D,20240202,000000,16.8,19.2,16.8,17.44,25535.8375,0
VRM.US,D,20240205,000000,17.6,17.6,15.12,15.696,39343.0125,0
VRM.US,D,20240206,000000,15.808,17.8,15.36,16.736,37725.225,0
VRM.US,D,20240207,000000,16.888,16.888,15.688,16.176,18437.225,0
VRM.US,D,20240208,000000,16.264,16.48,15.672,15.92,18566.3375,0
VRM.US,D,20240209,000000,15.832,16.8,15.832,16.144,17832.125,0
VRM.US,D,20240212,000000,16,17.6,15.88,17.04,35391.75,0
VRM.US,D,20240213,000000,16.8,16.8,15.2,15.312,35842.5625,0
VRM.US,D,20240214,000000,15.2,15.2,13.3072,14.54,97895,0
VRM.US,D,20240215,000000,14.06,14.3198,12.77,13,98910,0
VRM.US,D,20240216,000000,12.2,12.95,10.46,10.51,115208,0
VRM.US,D,20240220,000000,10.55,10.55,9.86,10.27,103179,0
VRM.US,D,20240221,000000,10.02,10.55,9.85,9.85,51495,0
VRM.US,D,20240222,000000,9.95,10,8.11,8.37,149523,0
VRM.US,D,20240223,000000,9.01,12.25,9.01,9.95,494923,0
VRM.US,D,20240226,000000,9.95,14.1,9.86,13.58,293014,0
VRM.US,D,20240227,000000,13.87,14.67,11.8928,12.78,227757,0
VRM.US,D,20240228,000000,12.51,13.0492,11.82,11.96,65205,0
VRM.US,D,20240229,000000,12.01,12.3084,11.675,11.7,28807,0
VRM.US,D,20240301,000000,11.95,12.75,11.8225,11.97,75778,0
VRM.US,D,20240304,000000,11.71,11.885,10.34,10.54,115072,0
VRM.US,D,20240305,000000,11.06,11.68,10.765,10.95,65821,0
VRM.US,D,20240306,000000,10.97,11.75,10.97,11.5,37172,0
VRM.US,D,20240307,000000,11.98,13.29,11.8,12.74,81938,0
VRM.US,D,20240308,000000,12.92,14.4,12.2328,12.54,105573,0
VRM.US,D,20240311,000000,12.79,13.66,12.25,13.1,71841,0
VRM.US,D,20240312,000000,13.51,13.51,11.35,11.37,96867,0
VRM.US,D,20240313,000000,11.21,22.22,10.84,17.49,4253479,0
VRM.US,D,20240314,000000,15.2,19.21,14,15.01,1275514,0
VRM.US,D,20240315,000000,15.86,16.5,12.63,13,598701,0
VRM.US,D,20240318,000000,13,13,10.85,11.3,216432,0
VRM.US,D,20240319,000000,11.12,11.36,10.1588,10.3,121136,0
VRM.US,D,20240320,000000,10.73,11.195,10.01,11.11,96545,0
VRM.US,D,20240321,000000,11.18,13.97,11.0985,13.72,324873,0
VRM.US,D,20240322,000000,13.7,13.85,12.2,13.05,78094,0
VRM.US,D,20240325,000000,13.54,14.4999,12.81,12.96,98589,0
VRM.US,D,20240326,000000,13.16,13.5466,12.46,12.85,61313,0
VRM.US,D,20240327,000000,12.9,13.24,12.315,13.17,56931,0
VRM.US,D,20240328,000000,13.26,13.9,13.13,13.43,49997,0
VRM.US,D,20240401,000000,13.36,13.48,12.6601,12.99,42066,0
VRM.US,D,20240402,000000,13,13.0493,12.1201,12.34,32485,0
VRM.US,D,20240403,000000,12.26,12.45,11.1485,11.4,56083,0
VRM.US,D,20240404,000000,11.62,12.25,11.27,11.46,49370,0
VRM.US,D,20240405,000000,11.38,12.4299,11.33,12.11,43699,0
VRM.US,D,20240408,000000,12.51,12.895,12.06,12.61,46889,0
VRM.US,D,20240409,000000,12.71,13.4,12.535,12.98,36354,0
VRM.US,D,20240410,000000,12.34,12.8696,11.76,12.14,41441,0
VRM.US,D,20240411,000000,12.1,12.31,11.6001,12.06,26876,0
VRM.US,D,20240412,000000,12.02,12.302,11.57,11.84,30664,0
VRM.US,D,20240415,000000,12,12,11,11.04,32836,0
VRM.US,D,20240416,000000,11,11.18,10.43,10.86,36755,0
VRM.US,D,20240417,000000,10.87,11.225,10.715,11.07,15946,0
VRM.US,D,20240418,000000,11.25,11.5,10.9201,10.94,16666,0
VRM.US,D,20240419,000000,10.97,11.36,10.6397,11.36,30740,0
VRM.US,D,20240422,000000,11.33,11.36,10.5505,11.03,27294,0
VRM.US,D,20240423,000000,11.03,12.43,11.02,11.63,50340,0
VRM.US,D,20240424,000000,11.61,12.24,11.49,11.68,13893,0
VRM.US,D,20240425,000000,11.44,12.3787,11.0122,11.48,17396,0
VRM.US,D,20240426,000000,11.58,12.14,11.33,11.41,17774,0
VRM.US,D,20240429,000000,11.45,12.13,11.23,11.59,14276,0
VRM.US,D,20240430,000000,11.2,11.445,11.16,11.17,15178,0
VRM.US,D,20240501,000000,11.52,11.75,11.14,11.48,38546,0
VRM.US,D,20240502,000000,12.35,13.88,12.28,12.49,165548,0
VRM.US,D,20240503,000000,12.59,13.4671,12.59,12.84,28794,0
VRM.US,D,20240506,000000,13.63,16.8213,12.81,15.39,266055,0
VRM.US,D,20240507,000000,15,15.09,13.06,13.06,124429,0
VRM.US,D,20240508,000000,12.82,13.7899,12.04,12.64,52574,0
VRM.US,D,20240509,000000,12.57,13.705,12.22,13.32,60305,0
VRM.US,D,20240510,000000,13.52,13.6217,12.35,12.4,29223,0
VRM.US,D,20240513,000000,12.45,12.4771,9.97,11.5,235494,0
VRM.US,D,20240514,000000,12.01,12.03,11.01,11.5,62438,0
VRM.US,D,20240515,000000,11.63,11.63,10.96,11.2,40447,0
VRM.US,D,20240516,000000,11.25,11.76,11.0188,11.67,25383,0
VRM.US,D,20240517,000000,11.67,11.67,11.1301,11.17,28074,0
VRM.US,D,20240520,000000,11.16,11.9,11.15,11.65,28971,0
VRM.US,D,20240521,000000,11.5,11.5,11,11,24552,0
VRM.US,D,20240522,000000,11,11.38,10.71,10.74,34637,0
VRM.US,D,20240523,000000,10.8,11.4246,10.5,10.6,25344,0
VRM.US,D,20240524,000000,10.43,10.9888,10.43,10.56,19003,0
VRM.US,D,20240528,000000,10.61,11.24,10.61,10.81,23321,0
VRM.US,D,20240529,000000,10.71,11.1299,10.6016,10.99,15266,0
VRM.US,D,20240530,000000,11,11.02,10.55,10.55,12642,0
VRM.US,D,20240531,000000,10.7,10.91,10.51,10.56,23161,0
VRM.US,D,20240603,000000,10.79,11.08,9.85,9.85,38167,0
VRM.US,D,20240604,000000,9.85,10.75,9.802,10.1,16288,0
VRM.US,D,20240605,000000,10.12,10.39,9.88,10.39,18423,0
VRM.US,D,20240606,000000,10.32,10.69,10.2,10.56,12175,0
VRM.US,D,20240607,000000,10.38,10.77,10.38,10.42,10677,0
VRM.US,D,20240610,000000,10.31,10.7,9.85,10.01,34052,0
VRM.US,D,20240611,000000,9.91,10.34,9.8,10.34,14847,0
VRM.US,D,20240612,000000,10.63,10.9,10.01,10.03,24075,0
VRM.US,D,20240613,000000,10.03,10.095,9.61,9.88,30955,0
VRM.US,D,20240614,000000,9.98,9.99,9.655,9.77,15572,0
VRM.US,D,20240617,000000,9.87,9.87,9.31,9.31,26203,0
VRM.US,D,20240618,000000,9.31,9.8134,9.27,9.6,22916,0
VRM.US,D,20240620,000000,9.47,9.745,9.1901,9.63,14954,0
VRM.US,D,20240621,000000,9.45,9.68,9.29,9.29,91505,0
VRM.US,D,20240624,000000,9.3738,10.19,9.28,10.01,31674,0
VRM.US,D,20240625,000000,10.01,10.01,9.45,9.51,14923,0
VRM.US,D,20240626,000000,9.51,9.6403,9.15,9.3,19413,0
VRM.US,D,20240627,000000,9.43,9.45,9,9.25,8966,0
VRM.US,D,20240628,000000,9.43,9.6999,9.16,9.32,7733,0
VRM.US,D,20240701,000000,9.27,9.59,9.2,9.58,15434,0
VRM.US,D,20240702,000000,9.49,9.7,9.2,9.3,17047,0
VRM.US,D,20240703,000000,9.37,9.59,9.2712,9.46,6639,0
VRM.US,D,20240705,000000,9.43,9.5784,9.2,9.27,12892,0
VRM.US,D,20240708,000000,9.4,9.5,9.2,9.5,12810,0
VRM.US,D,20240709,000000,9.26,9.59,9.25,9.25,12775,0
VRM.US,D,20240710,000000,9.25,9.4178,9.0244,9.05,20195,0
VRM.US,D,20240711,000000,9.05,9.27,8.8,9.17,28922,0
VRM.US,D,20240712,000000,9.18,9.55,9.08,9.21,22723,0
VRM.US,D,20240715,000000,9.24,9.4625,9.05,9.43,12267,0
VRM.US,D,20240716,000000,9.39,9.65,9.33,9.36,30942,0
VRM.US,D,20240717,000000,9.22,9.58,9.12,9.42,11225,0
VRM.US,D,20240718,000000,9.6999,9.6999,9.3135,9.48,16259,0
VRM.US,D,20240719,000000,9.48,9.57,9.4,9.49,7709,0
VRM.US,D,20240722,000000,9.39,9.55,9.24,9.4,17275,0
VRM.US,D,20240723,000000,9.31,9.4,9.26,9.29,9317,0
VRM.US,D,20240724,000000,9.17,9.4,9.14,9.25,16273,0
VRM.US,D,20240725,000000,9.2501,9.59,9.2501,9.35,30398,0
VRM.US,D,20240726,000000,9.32,9.5,9.16,9.2,8273,0
VRM.US,D,20240729,000000,9.21,9.22,8.82,8.87,22368,0
VRM.US,D,20240730,000000,9.09,9.1213,8.52,8.63,26784,0
VRM.US,D,20240731,000000,8.63,9.19,8.63,9.01,21987,0
VRM.US,D,20240801,000000,9.1748,9.2,8.77,8.94,18555,0
VRM.US,D,20240802,000000,8.76,9.1989,8.43,8.51,20205,0
VRM.US,D,20240805,000000,8.14,8.17,7.8,8.05,20032,0
VRM.US,D,20240806,000000,8.05,8.06,7.71,7.72,16840,0
VRM.US,D,20240807,000000,7.91,7.98,7.5,7.59,14310,0
VRM.US,D,20240808,000000,7.58,7.6329,7.1,7.16,59580,0
VRM.US,D,20240809,000000,7.16,7.16,5,5.61,203251,0
VRM.US,D,20240812,000000,5.95,6,5.1045,5.62,105408,0
VRM.US,D,20240813,000000,5.47,6.47,5.47,6.42,48590,0
VRM.US,D,20240814,000000,6.4,6.6808,5.8863,6.21,29808,0
VRM.US,D,20240815,000000,6.09,6.84,6.09,6.82,49642,0
VRM.US,D,20240816,000000,6.85,9.32,6.85,9.1951,176104,0
VRM.US,D,20240819,000000,9.46,10.98,8.753,9.86,356405,0
VRM.US,D,20240820,000000,9.64,9.685,9.05,9.31,46917,0
VRM.US,D,20240821,000000,9.26,9.84,9.15,9.65,29892,0
VRM.US,D,20240822,000000,9.5,9.5,9.04,9.04,22290,0
VRM.US,D,20240823,000000,9.22,9.5,9.1,9.115,31140,0
VRM.US,D,20240826,000000,9.2,9.44,9.02,9.17,12965,0
VRM.US,D,20240827,000000,9.05,9.1896,8.5,8.86,29768,0
VRM.US,D,20240828,000000,9,9.6749,8.12,8.41,23897,0
VRM.US,D,20240829,000000,8.41,8.41,7.56,7.56,29768,0
VRM.US,D,20240830,000000,8.04,8.3042,7.52,7.65,100432,0
VRM.US,D,20240903,000000,7.5,7.9,7.215,7.5,36939,0
VRM.US,D,20240904,000000,7.6,7.9,7.51,7.65,24923,0
VRM.US,D,20240905,000000,7.54,7.91,7.3,7.39,19802,0
VRM.US,D,20240906,000000,7.41,8.15,6.9,6.99,32953,0
VRM.US,D,20240909,000000,7,7.115,6.61,6.64,24755,0
VRM.US,D,20240910,000000,6.69,7.029,6.56,6.98,40384,0
VRM.US,D,20240911,000000,6.88,7.2399,6.5,6.65,22595,0
VRM.US,D,20240912,000000,6.66,6.74,6.31,6.54,40888,0
VRM.US,D,20240913,000000,6.6,7.59,6.6,7.08,36893,0
VRM.US,D,20240916,000000,7.07,7.4515,6.75,6.86,19484,0
VRM.US,D,20240917,000000,6.9,7.5435,6.9,7.41,23906,0
VRM.US,D,20240918,000000,7.3,7.85,7.09,7.32,48799,0
VRM.US,D,20240919,000000,7.6,8.2998,7.25,7.31,122610,0
VRM.US,D,20240920,000000,7.31,7.34,6.82,7.32,104372,0
VRM.US,D,20240923,000000,8.1,8.9,7.525909,8.86,96909,0
VRM.US,D,20240924,000000,9.01,9.46,7.88,7.91,59968,0
VRM.US,D,20240925,000000,7.91,8.66,7.7452,7.87,62532,0
VRM.US,D,20240926,000000,8.01,8.615,7.87,8.18,70395,0
VRM.US,D,20240927,000000,8.18,8.915,8.18,8.57,29703,0
VRM.US,D,20240930,000000,8.47,9.44,8.47,9.37,38641,0
VRM.US,D,20241001,000000,9.4,10.34,9.4,10.34,135176,0
VRM.US,D,20241002,000000,10.21,10.38,9.51,10.01,58584,0
VRM.US,D,20241003,000000,9.87,10.2377,9.64,9.76,30225,0
VRM.US,D,20241004,000000,9.84,10.13,8.9654,10.13,39937,0
VRM.US,D,20241007,000000,10.06,10.13,9.57,9.7,29889,0
VRM.US,D,20241008,000000,9.58,9.8196,8.99,9.18,20007,0
VRM.US,D,20241009,000000,9.3472,9.6401,9.1,9.22,22208,0
VRM.US,D,20241010,000000,9.1139,9.37,8.95,9.09,10216,0
VRM.US,D,20241011,000000,9.15,9.725,9.15,9.44,23535,0
VRM.US,D,20241014,000000,9.39,9.71,8.94,9.39,54283,0
VRM.US,D,20241015,000000,9.44,9.98,8.88,9,31424,0
VRM.US,D,20241016,000000,9,9.6556,8.88,9.3,20388,0
VRM.US,D,20241017,000000,9.3,9.3,8.6,9.24,35331,0
VRM.US,D,20241018,000000,9.19,9.29,8.8113,9.01,29270,0
VRM.US,D,20241021,000000,9.07,9.095,8.66,9.07,12072,0
VRM.US,D,20241022,000000,8.92,9.6,8.92,9.28,29520,0
VRM.US,D,20241023,000000,9.34,9.34,8.68,8.77,18525,0
VRM.US,D,20241024,000000,8.87,9.2,8.8,9.01,18739,0
VRM.US,D,20241025,000000,9.01,9.2406,8.7,8.7,31440,0
VRM.US,D,20241028,000000,8.7,9.28,8.67,9.28,26964,0
VRM.US,D,20241029,000000,9.12,9.28,9.12,9.145,12403,0
