<TICKER>,<PER>,<DATE>,<TIME>,<OPEN>,<HIGH>,<LOW>,<CLOSE>,<VOL>,<OPENINT>
VSME.US,D,20230928,000000,6,7.77,3.56,3.81,6265000,0
VSME.US,D,20230929,000000,4.81,6.35,4.06,4.3,4872445,0
VSME.US,D,20231002,000000,3.77,4.2157,3.56,3.8701,443796,0
VSME.US,D,20231003,000000,3.54,4,3.5,3.93,172793,0
VSME.US,D,20231004,000000,3.7,5.49,3.7,4.65,6551850,0
VSME.US,D,20231005,000000,5.64,8.64,2.12,2.27,37713436,0
VSME.US,D,20231006,000000,2.41,2.41,1.76,1.88,3376802,0
VSME.US,D,20231009,000000,1.7,1.77,1.51,1.51,1197921,0
VSME.US,D,20231010,000000,1.48,1.6,1.3601,1.4,969962,0
VSME.US,D,20231011,000000,1.41,1.6,0.81,1.1,3531902,0
VSME.US,D,20231012,000000,0.9799,1.0988,0.9601,1.03,873984,0
VSME.US,D,20231013,000000,1,1.08,0.94,1.04,567917,0
VSME.US,D,20231016,000000,1.01,1.08,0.96,0.995,681727,0
VSME.US,D,20231017,000000,0.982,1.04,0.962,0.98,365013,0
VSME.US,D,20231018,000000,1.03,1.05,0.97,1.04,220435,0
VSME.US,D,20231019,000000,1.01,1.03,0.9805,0.997,193644,0
VSME.US,D,20231020,000000,1.02,1.06,0.96,1.04,991892,0
VSME.US,D,20231023,000000,1.1,1.17,1.05,1.12,801616,0
VSME.US,D,20231024,000000,1.15,1.15,1.02,1.04,337635,0
VSME.US,D,20231025,000000,1.02,1.04,0.97,1,301200,0
VSME.US,D,20231026,000000,1.01,1.02,0.8235,0.896051,616326,0
VSME.US,D,20231027,000000,0.8799,0.8999,0.72,0.7213,426861,0
VSME.US,D,20231030,000000,0.757,0.7711,0.6701,0.68,2001761,0
VSME.US,D,20231031,000000,0.802,0.98,0.7011,0.82,18608725,0
VSME.US,D,20231101,000000,0.745,0.9263,0.745,0.864,1955176,0
VSME.US,D,20231102,000000,0.871,1.28,0.871,1.22,6597434,0
VSME.US,D,20231103,000000,1.04,1.18,1.03,1.1,1151335,0
VSME.US,D,20231106,000000,1.06,1.28,1,1.13,1785376,0
VSME.US,D,20231107,000000,1.27,1.38,1.12,1.21,1615269,0
VSME.US,D,20231108,000000,1.14,1.17,0.9,0.98,1035059,0
VSME.US,D,20231109,000000,1.01,1.07,0.95,1.02,428626,0
VSME.US,D,20231110,000000,0.989,1.02,0.9002,0.93,612164,0
VSME.US,D,20231113,000000,0.9519,0.969999,0.82,0.82,232865,0
VSME.US,D,20231114,000000,0.85,0.8882,0.71,0.7867,349176,0
VSME.US,D,20231115,000000,0.725,0.7993,0.725,0.759,291075,0
VSME.US,D,20231116,000000,0.7427,0.8799,0.74,0.8118,427084,0
VSME.US,D,20231117,000000,0.8059,0.82,0.752,0.76,232344,0
VSME.US,D,20231120,000000,0.77,0.8,0.7068,0.7598,114296,0
VSME.US,D,20231121,000000,0.7615,0.78,0.7224,0.775,84979,0
VSME.US,D,20231122,000000,0.755,0.78,0.74,0.770536,79944,0
VSME.US,D,20231124,000000,0.769,0.7777,0.6841,0.7509,67931,0
VSME.US,D,20231127,000000,0.7284,0.76,0.7,0.759999,168906,0
VSME.US,D,20231128,000000,0.7243,0.748524,0.7201,0.73,65588,0
VSME.US,D,20231129,000000,0.73,0.7477,0.7003,0.711,89177,0
VSME.US,D,20231130,000000,0.7,0.7174,0.67001,0.685,274110,0
VSME.US,D,20231201,000000,0.6798,0.8888,0.65,0.8475,572071,0
VSME.US,D,20231204,000000,0.8295,0.88,0.8,0.88,136875,0
VSME.US,D,20231205,000000,0.894,0.894,0.71,0.754,288959,0
VSME.US,D,20231206,000000,0.7314,0.816399,0.7171,0.749899,200466,0
VSME.US,D,20231207,000000,0.726,0.798,0.69,0.7014,240118,0
VSME.US,D,20231208,000000,0.72,0.78,0.68,0.692,441609,0
VSME.US,D,20231211,000000,0.7266,0.7266,0.6521,0.653,175290,0
VSME.US,D,20231212,000000,0.65,0.69,0.5973,0.62,877894,0
VSME.US,D,20231213,000000,0.58,0.6199,0.5558,0.6001,569987,0
VSME.US,D,20231214,000000,0.5831,0.5831,0.5069,0.538,520900,0
VSME.US,D,20231215,000000,0.5,0.519,0.4133,0.4211,1022304,0
VSME.US,D,20231218,000000,0.419,0.45,0.3601,0.362,778766,0
VSME.US,D,20231219,000000,0.39,0.43,0.3493,0.42,686948,0
VSME.US,D,20231220,000000,0.4159,0.43,0.37,0.43,522320,0
VSME.US,D,20231221,000000,0.414,0.46,0.390101,0.4538,276225,0
VSME.US,D,20231222,000000,0.4402,0.4668,0.4062,0.42,233527,0
VSME.US,D,20231226,000000,0.42,0.4848,0.42,0.4305,340847,0
VSME.US,D,20231227,000000,0.469,0.4747,0.4,0.4052,216839,0
VSME.US,D,20231228,000000,0.4,0.43,0.4,0.4062,207268,0
VSME.US,D,20231229,000000,0.42,0.448,0.35,0.378,269167,0
VSME.US,D,20240102,000000,0.3667,0.405,0.3667,0.403525,212612,0
VSME.US,D,20240103,000000,0.38,0.418,0.369,0.418,46979,0
VSME.US,D,20240104,000000,0.4035,0.412999,0.3851,0.3851,173983,0
VSME.US,D,20240105,000000,0.3853,0.41,0.38,0.385,134750,0
VSME.US,D,20240108,000000,0.3666,0.395,0.3666,0.3851,54286,0
VSME.US,D,20240109,000000,0.3901,0.41,0.3851,0.387,48455,0
VSME.US,D,20240110,000000,0.398,0.438999,0.398,0.418,1494093,0
VSME.US,D,20240111,000000,0.4055,0.432,0.3566,0.39,440469,0
VSME.US,D,20240112,000000,0.398,0.417,0.3885,0.4065,91791,0
VSME.US,D,20240116,000000,0.396,0.44,0.363,0.3714,216032,0
VSME.US,D,20240117,000000,0.415,0.415,0.365,0.3775,104990,0
VSME.US,D,20240118,000000,0.398,0.4075,0.366,0.369,92410,0
VSME.US,D,20240119,000000,0.3691,0.379999,0.32,0.33,249119,0
VSME.US,D,20240122,000000,0.3201,0.339099,0.3118,0.3185,83465,0
VSME.US,D,20240123,000000,0.3168,0.344,0.3168,0.328,2417100,0
VSME.US,D,20240124,000000,0.3994,0.8797,0.345,0.649,58612894,0
VSME.US,D,20240125,000000,0.442,0.5841,0.433,0.487,5388952,0
VSME.US,D,20240126,000000,0.4286,0.8,0.4271,0.65,10857777,0
VSME.US,D,20240129,000000,0.6877,0.7489,0.56,0.5985,3162594,0
VSME.US,D,20240130,000000,0.5566,0.59,0.4655,0.4775,1405575,0
VSME.US,D,20240131,000000,0.4729,0.495,0.42,0.427,947512,0
VSME.US,D,20240201,000000,0.4719,0.51,0.42,0.47,1035853,0
VSME.US,D,20240202,000000,0.45,0.485,0.435,0.46,363598,0
VSME.US,D,20240205,000000,0.4625,0.47,0.3802,0.3814,935300,0
VSME.US,D,20240206,000000,0.3905,0.4187,0.376,0.4117,305436,0
VSME.US,D,20240207,000000,0.3993,0.4,0.37,0.399,251906,0
VSME.US,D,20240208,000000,0.4,0.4,0.3399,0.3879,329686,0
VSME.US,D,20240209,000000,0.38,0.39,0.3505,0.371,211001,0
VSME.US,D,20240212,000000,0.379,0.4,0.34,0.3684,371384,0
VSME.US,D,20240213,000000,0.3624,0.622,0.3624,0.44,6343937,0
VSME.US,D,20240214,000000,0.43,0.72,0.43,0.584,7548675,0
VSME.US,D,20240215,000000,0.49,0.63,0.4838,0.5895,1435583,0
VSME.US,D,20240216,000000,0.6,0.628,0.5335,0.6063,615891,0
VSME.US,D,20240220,000000,0.5833,0.612399,0.550001,0.5526,260916,0
VSME.US,D,20240221,000000,0.5798,0.5798,0.4635,0.518,319691,0
VSME.US,D,20240222,000000,0.5299,0.5299,0.46,0.4831,242076,0
VSME.US,D,20240223,000000,0.4686,0.483,0.445,0.4699,166874,0
VSME.US,D,20240226,000000,0.449,0.4699,0.4351,0.459,326832,0
VSME.US,D,20240227,000000,0.44,0.5488,0.44,0.506,963164,0
VSME.US,D,20240228,000000,0.529,0.5299,0.45,0.4738,393932,0
VSME.US,D,20240229,000000,0.5,0.5,0.44,0.489,177896,0
VSME.US,D,20240301,000000,0.4743,0.494,0.4552,0.4603,122946,0
VSME.US,D,20240304,000000,0.4695,0.486,0.4151,0.42,171054,0
VSME.US,D,20240305,000000,0.4374,0.4504,0.38,0.3989,200630,0
VSME.US,D,20240306,000000,0.3869,0.4789,0.3869,0.464,328305,0
VSME.US,D,20240307,000000,0.467,0.468,0.4285,0.4311,131807,0
VSME.US,D,20240308,000000,0.4364,0.458,0.41,0.413,58628,0
VSME.US,D,20240311,000000,0.4096,0.44,0.4,0.41,71238,0
VSME.US,D,20240312,000000,0.41,0.419,0.38,0.419,97908,0
VSME.US,D,20240313,000000,0.403,0.42,0.3651,0.3721,316803,0
VSME.US,D,20240314,000000,0.37,0.41,0.3521,0.3521,93729,0
VSME.US,D,20240315,000000,0.3502,0.39,0.3414,0.359,331161,0
VSME.US,D,20240318,000000,0.353,0.38,0.35,0.3523,129654,0
VSME.US,D,20240319,000000,0.3511,0.38,0.34,0.3426,105312,0
VSME.US,D,20240320,000000,0.35,0.38,0.34,0.3725,79317,0
VSME.US,D,20240321,000000,0.346,0.3799,0.346,0.3632,47344,0
VSME.US,D,20240322,000000,0.3511,0.370192,0.3511,0.3616,93701,0
VSME.US,D,20240325,000000,0.37,0.39,0.3413,0.3591,259483,0
VSME.US,D,20240326,000000,0.354,0.37,0.35,0.369,63930,0
VSME.US,D,20240327,000000,0.3615,0.38,0.352001,0.378,83972,0
VSME.US,D,20240328,000000,0.3755,0.3798,0.3527,0.374,36732,0
VSME.US,D,20240401,000000,0.374,0.38,0.357,0.361,91902,0
VSME.US,D,20240402,000000,0.369,0.3725,0.357,0.3725,44914,0
VSME.US,D,20240403,000000,0.3717,0.38,0.3511,0.3655,82077,0
VSME.US,D,20240404,000000,0.353,0.37,0.353,0.368,70767,0
VSME.US,D,20240405,000000,0.354,0.37,0.353068,0.355,42419,0
VSME.US,D,20240408,000000,0.3648,0.38,0.3552,0.373,47857,0
VSME.US,D,20240409,000000,0.361,0.439999,0.361,0.39,199724,0
VSME.US,D,20240410,000000,0.418,0.47,0.3939,0.4488,403133,0
VSME.US,D,20240411,000000,0.4594,0.58,0.41,0.44,1150204,0
VSME.US,D,20240412,000000,0.469,0.489,0.4104,0.4349,284406,0
VSME.US,D,20240415,000000,0.4319,0.4511,0.3813,0.395,207243,0
VSME.US,D,20240416,000000,0.39,0.406,0.35,0.381,187148,0
VSME.US,D,20240417,000000,0.381,0.4,0.381,0.4,24418,0
VSME.US,D,20240418,000000,0.386,0.4398,0.386,0.4314,137523,0
VSME.US,D,20240419,000000,0.4171,0.583,0.372,0.4102,891007,0
VSME.US,D,20240422,000000,0.3997,0.4402,0.3872,0.426,141515,0
VSME.US,D,20240423,000000,0.431,0.4396,0.39,0.412,84576,0
VSME.US,D,20240424,000000,0.406,0.435,0.395,0.422,104992,0
VSME.US,D,20240425,000000,0.4185,0.47999,0.401,0.44,777821,0
VSME.US,D,20240426,000000,0.42,0.4346,0.405,0.429899,169219,0
VSME.US,D,20240429,000000,0.42,0.4292,0.403,0.42,55462,0
VSME.US,D,20240430,000000,0.416,0.43,0.3902,0.41,193474,0
VSME.US,D,20240501,000000,0.43,0.43,0.39,0.4126,112794,0
VSME.US,D,20240502,000000,0.4122,0.4122,0.3616,0.4,132601,0
VSME.US,D,20240503,000000,0.3876,0.4,0.375,0.39,155540,0
VSME.US,D,20240506,000000,0.399,0.399,0.3615,0.3813,124957,0
VSME.US,D,20240507,000000,0.376,0.39,0.375,0.3761,56851,0
VSME.US,D,20240508,000000,0.394,0.394,0.37,0.3928,53451,0
VSME.US,D,20240509,000000,0.389,0.3899,0.361,0.37,72398,0
VSME.US,D,20240510,000000,0.375,0.387,0.3592,0.3834,145879,0
VSME.US,D,20240513,000000,0.3841,0.3842,0.3505,0.3663,106274,0
VSME.US,D,20240514,000000,0.363,0.3739,0.356,0.3738,107032,0
VSME.US,D,20240515,000000,0.365,0.3799,0.3645,0.3799,99512,0
VSME.US,D,20240516,000000,0.3809,0.411,0.3751,0.3801,176975,0
VSME.US,D,20240517,000000,0.395,0.44,0.3851,0.4184,409905,0
VSME.US,D,20240520,000000,0.4058,0.488,0.398,0.4299,492577,0
VSME.US,D,20240521,000000,0.4196,0.4499,0.362,0.375,156621,0
VSME.US,D,20240522,000000,0.3978,0.425,0.3506,0.37,321673,0
VSME.US,D,20240523,000000,0.37,0.37,0.34,0.35,222311,0
VSME.US,D,20240524,000000,0.36,0.364,0.3303,0.3499,132746,0
VSME.US,D,20240528,000000,0.358,0.365,0.3304,0.3401,215442,0
VSME.US,D,20240529,000000,0.36,0.376,0.3302,0.342,184525,0
VSME.US,D,20240530,000000,0.3317,0.3571,0.3123,0.3403,191713,0
VSME.US,D,20240531,000000,0.344,0.3895,0.32,0.32665,142042,0
VSME.US,D,20240603,000000,0.348,0.348,0.301,0.3199,221347,0
VSME.US,D,20240604,000000,0.33,0.35,0.3057,0.335,298059,0
VSME.US,D,20240605,000000,0.341,0.3466,0.307,0.3234,331918,0
VSME.US,D,20240606,000000,0.315,0.346599,0.2503,0.2779,687931,0
VSME.US,D,20240607,000000,0.27,0.2892,0.236,0.28,491434,0
VSME.US,D,20240610,000000,0.2716,0.29,0.25,0.2898,573814,0
VSME.US,D,20240611,000000,0.2811,0.33,0.205,0.2125,1685123,0
VSME.US,D,20240612,000000,0.227,0.227,0.1901,0.2198,554197,0
VSME.US,D,20240613,000000,0.228,0.2288,0.2,0.225,289395,0
VSME.US,D,20240614,000000,0.228,0.245,0.21,0.22,205626,0
VSME.US,D,20240617,000000,0.2166,0.237,0.195,0.207,375507,0
VSME.US,D,20240618,000000,1.45,1.6,1.38,1.46,148595,0
VSME.US,D,20240620,000000,1.5,1.56,1.42,1.56,46120,0
VSME.US,D,20240621,000000,1.49,1.5034,1.42,1.42,26769,0
VSME.US,D,20240624,000000,1.4,1.84,1.4,1.64,267317,0
VSME.US,D,20240625,000000,1.65,1.8,1.44,1.73,113227,0
VSME.US,D,20240626,000000,1.5623,2,1.5,1.83,227462,0
VSME.US,D,20240627,000000,1.82,1.98,1.66,1.91,130185,0
VSME.US,D,20240628,000000,1.9,2.018,1.6,2,542133,0
VSME.US,D,20240701,000000,1.92,2.19,1.74,2.04,234669,0
VSME.US,D,20240702,000000,2.08,2.175,1.61,1.69,201815,0
VSME.US,D,20240703,000000,1.8,2.2,1.75,2.1,240113,0
VSME.US,D,20240705,000000,2.11,2.16,1.97,2.06,95600,0
VSME.US,D,20240708,000000,1.97,2,1.705,1.77,211929,0
VSME.US,D,20240709,000000,1.7,1.738,1.51,1.51,90200,0
VSME.US,D,20240710,000000,1.51,1.7,1.41,1.53,50062,0
VSME.US,D,20240711,000000,1.48,1.71,1.4,1.62,108498,0
VSME.US,D,20240712,000000,1.61,1.7,1.4,1.5596,104407,0
VSME.US,D,20240715,000000,1.5,1.9299,1.48,1.76,309896,0
VSME.US,D,20240716,000000,1.75,2.43,1.69,2.26,2967930,0
VSME.US,D,20240717,000000,2.07,2.22,1.9,2.11,401559,0
VSME.US,D,20240718,000000,2.01,2.17,1.83,2,194547,0
VSME.US,D,20240719,000000,1.9501,2,1.82,1.87,76187,0
VSME.US,D,20240722,000000,1.88,1.99,1.67,1.75,65976,0
VSME.US,D,20240723,000000,1.62,1.72,1.5,1.64,138603,0
VSME.US,D,20240724,000000,1.641,1.71,1.51,1.6501,84723,0
VSME.US,D,20240725,000000,1.6,1.71,1.34,1.69,3563851,0
VSME.US,D,20240726,000000,1.55,1.72,1.49,1.58,179277,0
VSME.US,D,20240729,000000,1.59,1.64,1.48,1.5,43264,0
VSME.US,D,20240730,000000,1.49,1.548,1.41,1.48,67759,0
VSME.US,D,20240731,000000,1.42,1.588,1.412,1.43,101980,0
VSME.US,D,20240801,000000,1.45,1.4828,1.32,1.35,85352,0
VSME.US,D,20240802,000000,1.389,1.39,1.26,1.26,91461,0
VSME.US,D,20240805,000000,1.06,1.14,1,1.11,112856,0
VSME.US,D,20240806,000000,1.1,1.11,0.8935,0.9381,95118,0
VSME.US,D,20240807,000000,0.9449,1.02,0.901,0.901,74257,0
VSME.US,D,20240808,000000,0.8827,0.92,0.7508,0.8,132812,0
VSME.US,D,20240809,000000,0.776,0.809053,0.75,0.755,74233,0
VSME.US,D,20240812,000000,0.784,0.784,0.712,0.733,60519,0
VSME.US,D,20240813,000000,0.7011,0.7538,0.6505,0.673,102763,0
VSME.US,D,20240814,000000,0.6911,0.7884,0.6763,0.7269,6864525,0
VSME.US,D,20240815,000000,1.02,1.27,0.9101,0.991,49241683,0
VSME.US,D,20240816,000000,1.01,1.14,0.9722,1.14,1684314,0
VSME.US,D,20240819,000000,1.08,1.3,0.99,1.16,1076144,0
VSME.US,D,20240820,000000,1.15,1.17,0.9429,1.11,306677,0
VSME.US,D,20240821,000000,1.09,1.13,1.02,1.1,89727,0
VSME.US,D,20240822,000000,1.03,1.08,1.02,1.02,81979,0
VSME.US,D,20240823,000000,1,1.1,0.99,1.04,84763,0
VSME.US,D,20240826,000000,1.01,1.08,0.99,0.99,50111,0
VSME.US,D,20240827,000000,1,1,0.93,0.97355,61797,0
VSME.US,D,20240828,000000,0.9956,1.02,0.93,0.9302,18176,0
VSME.US,D,20240829,000000,0.97,0.9805,0.93,0.9498,27845,0
VSME.US,D,20240830,000000,0.94,0.96,0.91,0.95,48578,0
VSME.US,D,20240903,000000,0.95,0.97,0.92,0.92,26427,0
VSME.US,D,20240904,000000,0.88,0.97,0.8511,0.9459,27808,0
VSME.US,D,20240905,000000,0.9178,1,0.9178,0.9602,38246,0
VSME.US,D,20240906,000000,0.94,1,0.92,0.99,32525,0
VSME.US,D,20240909,000000,0.9603,1,0.92,0.9316,24442,0
VSME.US,D,20240910,000000,0.946,0.986,0.92,0.9477,39048,0
VSME.US,D,20240911,000000,0.9477,1.03,0.925,0.9655,85245,0
VSME.US,D,20240912,000000,0.95,0.97,0.7565,0.8752,41980,0
VSME.US,D,20240913,000000,0.8749,0.9256,0.8101,0.83165,49737,0
VSME.US,D,20240916,000000,0.8325,0.8325,0.752,0.8,19578,0
VSME.US,D,20240917,000000,0.849,0.849,0.7351,0.7905,28231,0
VSME.US,D,20240918,000000,0.7895,0.7895,0.701,0.729,25663,0
VSME.US,D,20240919,000000,0.73,0.808,0.72,0.76895,41384,0
VSME.US,D,20240920,000000,0.769,0.809,0.7351,0.778,12971,0
VSME.US,D,20240923,000000,0.7131,0.9,0.713,0.8533,83179,0
VSME.US,D,20240924,000000,0.898001,1.37,0.8601,1.23,5407293,0
VSME.US,D,20240925,000000,1.4237,1.64,1.35,1.52,16292613,0
VSME.US,D,20240926,000000,1.17,1.21,1.02,1.21,1310311,0
VSME.US,D,20240927,000000,1.15,1.1636,0.96,0.98,464689,0
VSME.US,D,20240930,000000,0.81,0.93,0.72,0.8926,473447,0
VSME.US,D,20241001,000000,0.87,0.8875,0.8223,0.8301,66953,0
VSME.US,D,20241002,000000,0.831,0.8506,0.78,0.78,58816,0
VSME.US,D,20241003,000000,0.829,0.829,0.77,0.796,88419,0
VSME.US,D,20241004,000000,0.7699,0.96,0.752,0.8701,483727,0
VSME.US,D,20241007,000000,0.854,0.928299,0.8212,0.883,94391,0
VSME.US,D,20241008,000000,0.8565,0.89,0.8289,0.871,44760,0
VSME.US,D,20241009,000000,0.8342,0.8881,0.8075,0.87,15092,0
VSME.US,D,20241010,000000,0.8013,0.94,0.8013,0.847,110149,0
VSME.US,D,20241011,000000,0.8812,0.91,0.815,0.822,41048,0
VSME.US,D,20241014,000000,0.841,0.88,0.822,0.8699,23231,0
VSME.US,D,20241015,000000,0.896,0.97,0.769799,0.9637,561631,0
VSME.US,D,20241016,000000,1.07,2.7,1.0101,2.22,26682381,0
VSME.US,D,20241017,000000,3.42,3.69,1.75,2.25,25711544,0
VSME.US,D,20241018,000000,2.29,2.43,1.8,2.35,1095133,0
VSME.US,D,20241021,000000,2.11,2.53,2.11,2.35,390251,0
VSME.US,D,20241022,000000,2.4,2.75,2.11,2.5,449307,0
VSME.US,D,20241023,000000,2.43,2.52,2.17,2.23,118387,0
VSME.US,D,20241024,000000,2.29,2.29,1.95,1.96,129882,0
VSME.US,D,20241025,000000,1.95,2.1628,1.6693,1.67,189943,0
VSME.US,D,20241028,000000,1.6,1.8975,1.46,1.55,147831,0
VSME.US,D,20241029,000000,1.54,1.5558,1.31,1.3107,97837,0
