<TICKER>,<PER>,<DATE>,<TIME>,<OPEN>,<HIGH>,<LOW>,<CLOSE>,<VOL>,<OPENINT>
XCUR.US,D,20190731,000000,66,84,64.5,78.9,31162.566355041,0
XCUR.US,D,20190801,000000,78.9,97.8,78.9,79.5,11279.699887203,0
XCUR.US,D,20190802,000000,81.9,89.4,81.9,88.5,1748.933315844,0
XCUR.US,D,20190805,000000,89.1,90.3,78.9,85.2,2607.433307259,0
XCUR.US,D,20190806,000000,69.3,87,64.8,69.3,5361.66661305,0
XCUR.US,D,20190807,000000,69,72,66,71.1,2171.066644956,0
XCUR.US,D,20190808,000000,76.5,83.781,69.9,76.5,924.299990757,0
XCUR.US,D,20190809,000000,76.5,80.1,72,74.1,1617.166650495,0
XCUR.US,D,20190812,000000,84.9,84.9,72,75.6,1539.266651274,0
XCUR.US,D,20190813,000000,73.8,79.5,72,72,3677.199963228,0
XCUR.US,D,20190814,000000,72.3,80.4,72,75.6,5103.199948968,0
XCUR.US,D,20190815,000000,73.8,78.795,72.3,73.05,961.066657056,0
XCUR.US,D,20190816,000000,72,81.9,72,81.9,851.799991482,0
XCUR.US,D,20190819,000000,81,83.1,72,78.9,1810.699981893,0
XCUR.US,D,20190820,000000,80.7,83.4,72.3,72.3,1557.133317762,0
XCUR.US,D,20190821,000000,78,81.27,72.6,77.4,2040.133312932,0
XCUR.US,D,20190822,000000,79.5,82.8,73.2,79.8,549.766661169,0
XCUR.US,D,20190823,000000,78.3,81,72.915,76.65,753.833325795,0
XCUR.US,D,20190826,000000,79.5,80.4,69.114,70.8,1871.766647949,0
XCUR.US,D,20190827,000000,73.5,73.5,69.3,72.45,657.133326762,0
XCUR.US,D,20190828,000000,68.1,73.5,68.1,68.4,427.733329056,0
XCUR.US,D,20190829,000000,73.5,73.5,64.2,64.8,2011.33331322,0
XCUR.US,D,20190830,000000,70.161,72,65.1,72,594.033327393,0
XCUR.US,D,20190903,000000,72,72,66.9,68.1,1018.466656482,0
XCUR.US,D,20190904,000000,70.2,71.4,66.3,69.3,344.66666322,0
XCUR.US,D,20190905,000000,66.9,73.2,66.3,69.3,1340.66665326,0
XCUR.US,D,20190906,000000,67.2,72.9,66.6,68.4,999.766656669,0
XCUR.US,D,20190909,000000,67.2,75.9,64.8,68.1,12379.399876206,0
XCUR.US,D,20190910,000000,67.8,77.4,67.8,72,9817.733235156,0
XCUR.US,D,20190911,000000,75,84,68.4,75,10562.633227707,0
XCUR.US,D,20190912,000000,76.341,82.5,73.5,77.1,6432.199935678,0
XCUR.US,D,20190913,000000,77.1,82.5,74.4,78,6266.033270673,0
XCUR.US,D,20190916,000000,75,81,74.7,78.6,7421.933259114,0
XCUR.US,D,20190917,000000,78,81.6,74.7,80.7,7875.699921243,0
XCUR.US,D,20190918,000000,81,91.2,79.5,85.5,35734.299642657,0
XCUR.US,D,20190919,000000,86.7,91.2,86.1,86.4,16928.899830711,0
XCUR.US,D,20190920,000000,86.4,96.6,86.4,93,70031.765966349,0
XCUR.US,D,20190923,000000,93.6,93.6,77.703,82.2,6215.199937848,0
XCUR.US,D,20190924,000000,81.6,85.5,79.5,83.7,3943.833293895,0
XCUR.US,D,20190925,000000,83.1,86.7,79.5,81.3,43113.299568867,0
XCUR.US,D,20190926,000000,80.7,82.8,79.5,79.8,2937.533303958,0
XCUR.US,D,20190927,000000,82.2,84,78.6,81,3587.33329746,0
XCUR.US,D,20190930,000000,80.4,84.3,75,75.9,1333.533319998,0
XCUR.US,D,20191001,000000,75.6,81.9,74.7,74.7,14946.733183866,0
XCUR.US,D,20191002,000000,75,80.4,74.1,74.1,1315.733320176,0
XCUR.US,D,20191003,000000,73.5,78.3,67.5,70.8,2821.166638455,0
XCUR.US,D,20191004,000000,71.4,74.1,71.4,72.3,172.499998275,0
XCUR.US,D,20191007,000000,75,75,72,72,422.966662437,0
XCUR.US,D,20191008,000000,74.1,74.622,70.5,70.5,755.533325778,0
XCUR.US,D,20191009,000000,70.8,72.3,70.5,70.8,1054.299989457,0
XCUR.US,D,20191010,000000,70.5,71.7,70.5,70.5,765.633325677,0
XCUR.US,D,20191011,000000,71.4,76.8,71.4,75.6,1452.533318808,0
XCUR.US,D,20191014,000000,77.1,80.4,73.8,80.4,1280.599987194,0
XCUR.US,D,20191015,000000,77.1,80.664,75.654,79.2,1459.533318738,0
XCUR.US,D,20191016,000000,81,85.5,79.2,83.7,3140.033301933,0
XCUR.US,D,20191017,000000,84.3,84.3,79.5,81,437.33332896,0
XCUR.US,D,20191018,000000,81.3,85.2,80.4,84.3,271.066663956,0
XCUR.US,D,20191021,000000,85.5,85.5,80.1,81.9,981.566656851,0
XCUR.US,D,20191022,000000,83.7,84.3,80.862,84.3,505.733328276,0
XCUR.US,D,20191023,000000,84,84,81,81,226.266664404,0
XCUR.US,D,20191024,000000,82.5,83.4,79.8,82.2,684.466659822,0
XCUR.US,D,20191025,000000,83.7,84.3,79.8,82.35,667.933326654,0
XCUR.US,D,20191028,000000,80.1,82.5,74.1,75.9,2124.499978755,0
XCUR.US,D,20191029,000000,78.6,78.9,73.5,75.6,1289.399987106,0
XCUR.US,D,20191030,000000,77.7,78.9,75.336,78.9,402.366662643,0
XCUR.US,D,20191031,000000,78.9,79.8,69.9,78.3,1840.166648265,0
XCUR.US,D,20191101,000000,79.5,80.4,78,79.65,456.133328772,0
XCUR.US,D,20191104,000000,79.008,79.008,71.1,73.8,1066.066656006,0
XCUR.US,D,20191105,000000,77.1,77.1,75,75.75,112.466665542,0
XCUR.US,D,20191106,000000,77.1,77.502,72.6,72.6,580.933327524,0
XCUR.US,D,20191107,000000,72.9,78.9,72.9,78.6,722.033326113,0
XCUR.US,D,20191108,000000,78.6,79.497,73.5,74.7,1098.933322344,0
XCUR.US,D,20191111,000000,76.2,76.8,73.5,73.5,553.899994461,0
XCUR.US,D,20191112,000000,75.6,78,74.1,77.4,314.099996859,0
XCUR.US,D,20191113,000000,77.1,77.1,73.5,73.8,342.566663241,0
XCUR.US,D,20191114,000000,94.8,96,80.85,82.2,234768.06431899,0
XCUR.US,D,20191115,000000,84,84,72.3,74.1,27856.499721435,0
XCUR.US,D,20191118,000000,73.5,75.9,72,73.8,8859.699911403,0
XCUR.US,D,20191119,000000,72.6,82.2,72.6,78,5590.099944099,0
XCUR.US,D,20191120,000000,85.5,86.1,78.3,78.3,11390.399886096,0
XCUR.US,D,20191121,000000,79.5,79.5,75,79.5,5763.399942366,0
XCUR.US,D,20191122,000000,80.1,80.1,75,75.6,2036.433312969,0
XCUR.US,D,20191125,000000,75.6,82.5,75.6,81.3,4414.166622525,0
XCUR.US,D,20191126,000000,81,82.8,79.5,79.8,2742.866639238,0
XCUR.US,D,20191127,000000,79.8,86.4,79.8,86.1,4233.699957663,0
XCUR.US,D,20191129,000000,88.5,104.1,88.2,101.4,23443.899765561,0
XCUR.US,D,20191202,000000,104.1,104.4,90.3,91.5,21705.833116275,0
XCUR.US,D,20191203,000000,92.4,95.4,91.5,92.1,12169.733211636,0
XCUR.US,D,20191204,000000,91.8,94.5,90,90.6,10726.899892731,0
XCUR.US,D,20191205,000000,90.9,91.5,81.303,85.2,11310.199886898,0
XCUR.US,D,20191206,000000,85.2,89.1,83.622,86.7,3908.66662758,0
XCUR.US,D,20191209,000000,85.8,91.5,85.506,86.7,2852.266638144,0
XCUR.US,D,20191210,000000,89.4,90.9,87.6,89.7,13350.599866494,0
XCUR.US,D,20191211,000000,92.7,97.2,84,95.1,15155.199848448,0
XCUR.US,D,20191212,000000,97.2,109.65,95.733,109.5,42692.066239746,0
XCUR.US,D,20191213,000000,109.2,115.2,102.9,102.9,27818.499721815,0
XCUR.US,D,20191216,000000,105.6,107.385,94.8,101.7,22247.899777521,0
XCUR.US,D,20191217,000000,101.7,102.3,90,93.6,20407.533129258,0
XCUR.US,D,20191218,000000,94.5,97.5,88.2,88.8,13852.499861475,0
XCUR.US,D,20191219,000000,82.2,84.84,81.3,83.7,73120.899268791,0
XCUR.US,D,20191220,000000,84.9,87.6,82.8,84,39355.266273114,0
XCUR.US,D,20191223,000000,84.6,85.5,81.9,82.8,20332.099796679,0
XCUR.US,D,20191224,000000,87.3,88.5,83.1,84.3,9178.633241547,0
XCUR.US,D,20191226,000000,87.3,87.9,82.8,83.4,10841.099891589,0
XCUR.US,D,20191227,000000,85.5,85.5,81.9,83.4,13372.266532944,0
XCUR.US,D,20191230,000000,83.7,87.9,82.8,85.2,17443.566492231,0
XCUR.US,D,20191231,000000,87,87.9,83.4,85.8,11591.499884085,0
XCUR.US,D,20200102,000000,87.9,87.9,82.5,84,10796.833225365,0
XCUR.US,D,20200103,000000,82.8,85.5,82.8,84.9,19294.766473719,0
XCUR.US,D,20200106,000000,84,87,82.5,85.8,8220.233251131,0
XCUR.US,D,20200107,000000,86.4,86.7,83.1,84,7965.933253674,0
XCUR.US,D,20200108,000000,84,84.6,75.6,77.4,32793.233005401,0
XCUR.US,D,20200109,000000,77.4,79.5,75.3,77.1,33382.866332838,0
XCUR.US,D,20200110,000000,78,82.2,76.2,81.9,10166.366565003,0
XCUR.US,D,20200113,000000,83.4,84,76.8,77.7,13579.66653087,0
XCUR.US,D,20200114,000000,76.8,78.9,76.8,77.7,4174.133291592,0
XCUR.US,D,20200115,000000,77.7,80.7,77.7,79.2,5772.566608941,0
XCUR.US,D,20200116,000000,79.8,81,73.2,74.4,13039.166536275,0
XCUR.US,D,20200117,000000,74.7,78.9,74.1,74.7,12801.066538656,0
XCUR.US,D,20200121,000000,73.8,77.7,72.6,77.1,5735.33327598,0
XCUR.US,D,20200122,000000,79.8,80.7,75.9,79.8,5915.99994084,0
XCUR.US,D,20200123,000000,79.8,81.492,77.4,78.9,5733.733275996,0
XCUR.US,D,20200124,000000,78.9,80.1,72.9,72.9,6235.66660431,0
XCUR.US,D,20200127,000000,72.3,75.6,71.1,71.1,14954.99985045,0
XCUR.US,D,20200128,000000,71.1,77.1,71.1,73.8,40029.466266372,0
XCUR.US,D,20200129,000000,75.3,78.6,75,75.3,8140.066585266,0
XCUR.US,D,20200130,000000,76.5,77.349,75.3,75.9,5374.466612922,0
XCUR.US,D,20200131,000000,76.5,77.1,69.3,71.7,8408.533249248,0
XCUR.US,D,20200203,000000,72,74.4,71.7,72.9,9426.066572406,0
XCUR.US,D,20200204,000000,73.8,76.5,73.5,75,4820.733285126,0
XCUR.US,D,20200205,000000,76.8,77.4,75,76.2,9084.699909153,0
XCUR.US,D,20200206,000000,76.5,78.6,75.3,77.7,3904.966627617,0
XCUR.US,D,20200207,000000,78.3,79.197,75.3,76.2,4128.266625384,0
XCUR.US,D,20200210,000000,75.3,76.8,73.8,75,6730.199932698,0
XCUR.US,D,20200211,000000,75.6,77.4,74.4,75,3722.899962771,0
XCUR.US,D,20200212,000000,75.3,75.891,71.4,72.3,5708.399942916,0
XCUR.US,D,20200213,000000,72.3,75,69.6,71.7,13613.233197201,0
XCUR.US,D,20200214,000000,71.7,73.5,69.3,71.4,5840.99994159,0
XCUR.US,D,20200218,000000,72.9,72.9,68.4,69.6,5286.966613797,0
XCUR.US,D,20200219,000000,70.5,73.8,63.9,66.3,11470.433218629,0
XCUR.US,D,20200220,000000,66,67.2,62.1,63.9,15830.533175028,0
XCUR.US,D,20200221,000000,63.9,66,62.802,64.5,12323.099876769,0
XCUR.US,D,20200224,000000,62.7,66,61.8,63.6,5257.166614095,0
XCUR.US,D,20200225,000000,63,65.1,58.8,60.3,18885.899811141,0
XCUR.US,D,20200226,000000,60.3,62.946,57.6,58.8,15183.99984816,0
XCUR.US,D,20200227,000000,58.95,60.9,54,59.7,9893.033234403,0
XCUR.US,D,20200228,000000,57.3,60.9,55.5,58.5,11361.966553047,0
XCUR.US,D,20200302,000000,61.2,61.2,56.7,58.8,5270.266613964,0
XCUR.US,D,20200303,000000,62.7,64.8,57,59.1,8037.433252959,0
XCUR.US,D,20200304,000000,60.9,68.4,59.1,66.9,12542.466541242,0
XCUR.US,D,20200305,000000,65.4,68.55,61.5,64.5,33757.966329087,0
XCUR.US,D,20200306,000000,63.9,66,63.6,63.6,5676.599943234,0
XCUR.US,D,20200309,000000,61.2,61.5,54,56.7,12788.66653878,0
XCUR.US,D,20200310,000000,58.2,61.2,46.5,53.1,8744.33324589,0
XCUR.US,D,20200311,000000,50.1,56.1,48.6,49.8,8708.133246252,0
XCUR.US,D,20200312,000000,45.6,46.35,33,39.3,18417.133149162,0
XCUR.US,D,20200313,000000,41.1,41.568,35.4,35.7,29856.166368105,0
XCUR.US,D,20200316,000000,34.5,36.6,32.7,34.2,14716.766519499,0
XCUR.US,D,20200317,000000,34.5,37.8,33.6,37.5,9797.566568691,0
XCUR.US,D,20200318,000000,37.2,37.2,30.6,30.9,7794.433255389,0
XCUR.US,D,20200319,000000,30.9,32.7,30,31.2,22111.99977888,0
XCUR.US,D,20200320,000000,33.6,35.4,28.719,30.9,16135.933171974,0
XCUR.US,D,20200323,000000,32.1,32.7,29.1,32.4,10702.33322631,0
XCUR.US,D,20200324,000000,33.3,34.2,31.5,31.8,5607.066610596,0
XCUR.US,D,20200325,000000,32.4,36.6,32.4,36,21944.733113886,0
XCUR.US,D,20200326,000000,36.3,41.4,36.3,40.8,8227.233251061,0
XCUR.US,D,20200327,000000,41.1,41.7,37.8,39.6,8438.166582285,0
XCUR.US,D,20200330,000000,39.3,41.7,39,41.1,3182.966634837,0
XCUR.US,D,20200331,000000,42.9,45,41.4,44.4,4188.033291453,0
XCUR.US,D,20200401,000000,42.9,44.1,39.9,42.3,6680.266599864,0
XCUR.US,D,20200402,000000,42,43.8,39.9,40.5,3445.33329888,0
XCUR.US,D,20200403,000000,39.3,42.3,39,40.8,3876.933294564,0
XCUR.US,D,20200406,000000,41.4,44.7,40.5,42.3,5103.966615627,0
XCUR.US,D,20200407,000000,45,49.8,42.6,48.3,6746.699932533,0
XCUR.US,D,20200408,000000,49.5,54.9,49.2,54.9,4887.33328446,0
XCUR.US,D,20200409,000000,57,60,51,58.5,10455.966562107,0
XCUR.US,D,20200413,000000,57.9,61.5,52.8,59.7,5815.366608513,0
XCUR.US,D,20200414,000000,60.9,62.4,55.503,58.2,3204.699967953,0
XCUR.US,D,20200415,000000,57,59.7,56.139,57.3,1728.399982716,0
XCUR.US,D,20200416,000000,58.2,60,57.303,58.5,2852.766638139,0
XCUR.US,D,20200417,000000,60,62.4,59.1,61.5,3301.499966985,0
XCUR.US,D,20200420,000000,61.5,61.5,57.3,59.4,2944.133303892,0
XCUR.US,D,20200421,000000,58.5,66.6,58.2,65.1,9451.033238823,0
XCUR.US,D,20200422,000000,66.3,67.5,63.9,64.5,5314.033280193,0
XCUR.US,D,20200423,000000,64.5,67.2,64.131,66,2771.99997228,0
XCUR.US,D,20200424,000000,66.9,71.7,65.4,65.4,8518.33324815,0
XCUR.US,D,20200427,000000,65.7,68.7,61.5,64.8,6477.266601894,0
XCUR.US,D,20200428,000000,66,67.2,63.6,66,3776.233295571,0
XCUR.US,D,20200429,000000,66,66.9,65.1,65.1,4357.499956425,0
XCUR.US,D,20200430,000000,65.7,66.9,60.6,63.3,4512.233288211,0
XCUR.US,D,20200501,000000,63,63,55.5,56.1,4973.3332836,0
XCUR.US,D,20200504,000000,56.1,63.9,56.1,62.1,6277.633270557,0
XCUR.US,D,20200505,000000,63,70.2,62.7,67.5,6427.933269054,0
XCUR.US,D,20200506,000000,67.8,74.7,65.403,74.1,9974.233233591,0
XCUR.US,D,20200507,000000,74.7,74.7,70.2,71.4,4237.066624296,0
XCUR.US,D,20200508,000000,71.7,79.5,69.903,76.8,8691.866579748,0
XCUR.US,D,20200511,000000,77.1,82.5,76.014,79.8,13325.966533407,0
XCUR.US,D,20200512,000000,81.6,83.1,76.5,80.7,7954.766587119,0
XCUR.US,D,20200513,000000,79.5,80.7,72.9,74.1,4350.833289825,0
XCUR.US,D,20200514,000000,76.8,77.55,66,70.5,5167.366614993,0
XCUR.US,D,20200515,000000,71.4,75,70.8,72.9,3775.599962244,0
XCUR.US,D,20200518,000000,75.3,82.2,72.9,80.7,9379.099906209,0
XCUR.US,D,20200519,000000,82.5,82.5,80.4,80.7,8528.433248049,0
XCUR.US,D,20200520,000000,80.1,85.5,80.1,83.1,6622.933267104,0
XCUR.US,D,20200521,000000,83.1,85.2,81.78,82.5,7439.933258934,0
XCUR.US,D,20200522,000000,82.8,84,79.2,83.1,4646.533286868,0
XCUR.US,D,20200526,000000,83.1,83.7,77.4,79.8,6197.299938027,0
XCUR.US,D,20200527,000000,79.8,81.3,75.3,77.4,6630.633267027,0
XCUR.US,D,20200528,000000,78.6,82.5,75.3,80.1,4388.599956114,0
XCUR.US,D,20200529,000000,80.4,83.1,77.1,83.1,5629.499943705,0
XCUR.US,D,20200601,000000,82.8,85.5,80.1,83.7,6434.599935654,0
XCUR.US,D,20200602,000000,84,85.5,80.1,81.9,8778.066578886,0
XCUR.US,D,20200603,000000,81.9,85.5,79.2,81.6,5507.099944929,0
XCUR.US,D,20200604,000000,81.6,87,81.6,83.7,20612.66646054,0
XCUR.US,D,20200605,000000,87,91.5,84,88.8,29775.766368909,0
XCUR.US,D,20200608,000000,99,99,90.6,93,18441.233148921,0
XCUR.US,D,20200609,000000,94.2,95.7,90,90,8889.033244443,0
XCUR.US,D,20200610,000000,90.9,94.5,85.8,94.5,11350.699886493,0
XCUR.US,D,20200611,000000,90,90,75,77.7,17122.899828771,0
XCUR.US,D,20200612,000000,81.9,92.7,81.3,82.5,13402.833199305,0
XCUR.US,D,20200615,000000,88.5,93,84,85.2,20031.66646635,0
XCUR.US,D,20200616,000000,88.5,90,85.2,87.9,11314.466553522,0
XCUR.US,D,20200617,000000,89.1,89.793,81.3,84,9698.33323635,0
XCUR.US,D,20200618,000000,82.5,88.197,79.5,80.4,8265.466584012,0
XCUR.US,D,20200619,000000,82.8,89.4,82.5,89.4,15339.533179938,0
XCUR.US,D,20200622,000000,93,94.2,73.5,78,22624.633107087,0
XCUR.US,D,20200623,000000,80.4,84.9,80.4,84.6,10410.366562563,0
XCUR.US,D,20200624,000000,84.9,88.5,80.4,83.4,13825.699861743,0
XCUR.US,D,20200625,000000,79.5,92.7,79.5,87.6,27440.266392264,0
XCUR.US,D,20200626,000000,85.8,89.7,77.1,80.4,250309.63083024,0
XCUR.US,D,20200629,000000,81,81.117,72.9,75,18215.166484515,0
XCUR.US,D,20200630,000000,74.1,75.3,70.2,73.2,10913.166557535,0
XCUR.US,D,20200701,000000,73.8,75.003,71.565,72,5048.399949516,0
XCUR.US,D,20200702,000000,74.4,76.5,72,74.4,5330.233280031,0
XCUR.US,D,20200706,000000,76.2,76.2,73.2,75.15,8858.599911414,0
XCUR.US,D,20200707,000000,74.1,75.3,70.8,71.4,4160.599958394,0
XCUR.US,D,20200708,000000,71.4,73.5,67.8,71.1,7568.199924318,0
XCUR.US,D,20200709,000000,70.5,72.3,66.9,68.1,8219.699917803,0
XCUR.US,D,20200710,000000,67.8,71.55,67.5,71.4,3577.433297559,0
XCUR.US,D,20200713,000000,72.3,72.3,67.2,67.5,4349.166623175,0
XCUR.US,D,20200714,000000,67.8,70.8,66.303,70.5,4088.933292444,0
XCUR.US,D,20200715,000000,72,76.5,71.4,73.8,9470.99990529,0
XCUR.US,D,20200716,000000,74.1,76.8,72,74.4,4144.066625226,0
XCUR.US,D,20200717,000000,74.4,75.6,72,72.3,7460.366592063,0
XCUR.US,D,20200720,000000,72,76.8,71.4,75.9,7321.533260118,0
XCUR.US,D,20200721,000000,76.8,79.2,75.3,77.1,5774.699942253,0
XCUR.US,D,20200722,000000,76.5,78.6,73.5,73.8,4061.099959389,0
XCUR.US,D,20200723,000000,72.9,73.5,69.9,70.5,5639.899943601,0
XCUR.US,D,20200724,000000,69.6,72,69,69.3,3548.166631185,0
XCUR.US,D,20200727,000000,69.3,70.8,66.957,68.1,8993.899910061,0
XCUR.US,D,20200728,000000,69,72,67.8,68.4,4022.699959773,0
XCUR.US,D,20200729,000000,68.4,71.1,67.8,69.9,3956.466627102,0
XCUR.US,D,20200730,000000,67.8,70.5,67.8,68.4,3436.966632297,0
XCUR.US,D,20200731,000000,67.5,69.9,66,67.2,4969.466616972,0
XCUR.US,D,20200803,000000,67.5,70.2,67.5,69.3,3353.433299799,0
XCUR.US,D,20200804,000000,68.7,70.5,68.7,69.9,2019.9999798,0
XCUR.US,D,20200805,000000,70.8,71.7,70.467,71.4,3289.699967103,0
XCUR.US,D,20200806,000000,72,72.3,68.4,69.3,2116.599978834,0
XCUR.US,D,20200807,000000,69.3,72.3,68.448,72,4497.33328836,0
XCUR.US,D,20200810,000000,72.3,74.7,69.3,71.7,7454.33325879,0
XCUR.US,D,20200811,000000,73.2,74.1,69.6,69.6,4326.533290068,0
XCUR.US,D,20200812,000000,71.4,71.4,68.4,69,7226.633261067,0
XCUR.US,D,20200813,000000,69.3,70.2,65.1,66.9,6743.899932561,0
XCUR.US,D,20200814,000000,66.9,70.2,66.237,69,3597.866630688,0
XCUR.US,D,20200817,000000,68.7,71.7,68.7,70.2,2768.066638986,0
XCUR.US,D,20200818,000000,70.5,70.5,68.1,68.4,2672.99997327,0
XCUR.US,D,20200819,000000,68.7,70.5,67.2,68.1,2447.66664219,0
XCUR.US,D,20200820,000000,66.9,69.3,66.9,68.4,2214.866644518,0
XCUR.US,D,20200821,000000,68.4,69,61.854,63.6,6547.533267858,0
XCUR.US,D,20200824,000000,63.3,65.1,60.3,60.9,7088.99992911,0
XCUR.US,D,20200825,000000,62.1,63.3,61.416,62.7,2880.33330453,0
XCUR.US,D,20200826,000000,63,66.3,62.7,64.5,3141.066635256,0
XCUR.US,D,20200827,000000,65.4,66.6,62.4,63.3,4132.033292013,0
XCUR.US,D,20200828,000000,63.9,64.5,61.803,63.45,2180.66664486,0
XCUR.US,D,20200831,000000,62.7,65.4,56.1,59.7,12491.833208415,0
XCUR.US,D,20200901,000000,59.4,60,58.5,58.8,2941.99997058,0
XCUR.US,D,20200902,000000,58.5,60.6,57,60.3,3798.133295352,0
XCUR.US,D,20200903,000000,60.9,61.5,54.9,57.3,5425.466612412,0
XCUR.US,D,20200904,000000,57.9,59.4,54,56.7,2641.199973588,0
XCUR.US,D,20200908,000000,55.5,57.9,54.438,56.7,1958.699980413,0
XCUR.US,D,20200909,000000,57.9,58.2,56.1,56.7,1784.699982153,0
XCUR.US,D,20200910,000000,57,62.1,57,58.8,5659.166610075,0
XCUR.US,D,20200911,000000,58.5,61.2,54.9,54.9,8025.166586415,0
XCUR.US,D,20200914,000000,55.5,62.1,54.9,59.7,3596.599964034,0
XCUR.US,D,20200915,000000,60,62.1,59.1,60.3,47519.599524804,0
XCUR.US,D,20200916,000000,62.1,63,60.3,61.35,7392.099926079,0
XCUR.US,D,20200917,000000,63.9,65.097,60.3,60.9,10494.533228388,0
XCUR.US,D,20200918,000000,61.8,62.4,58.5,61.5,12434.099875659,0
XCUR.US,D,20200921,000000,60.6,61.2,55.65,57.3,10972.433223609,0
XCUR.US,D,20200922,000000,59.85,59.85,57,57.6,3823.499961765,0
XCUR.US,D,20200923,000000,57.9,59.4,54.6,55.5,4921.499950785,0
XCUR.US,D,20200924,000000,54.9,60,53.4,54,7874.533254588,0
XCUR.US,D,20200925,000000,54.9,54.9,51.63,52.5,9036.933242964,0
XCUR.US,D,20200928,000000,53.1,53.7,50.7,51.9,7219.866594468,0
XCUR.US,D,20200929,000000,51.3,52.5,50.7,52.2,4766.066619006,0
XCUR.US,D,20200930,000000,52.5,52.5,51.6,52.5,2166.933311664,0
XCUR.US,D,20201001,000000,53.4,53.7,50.4,51.6,4895.633284377,0
XCUR.US,D,20201002,000000,49.5,51.6,49.5,50.1,4085.633292477,0
XCUR.US,D,20201005,000000,51,52.5,50.202,50.7,4321.33329012,0
XCUR.US,D,20201006,000000,51,52.2,48,48,7080.166595865,0
XCUR.US,D,20201007,000000,49.2,50.1,48.3,49.5,5650.199943498,0
XCUR.US,D,20201008,000000,51.6,60,50.805,58.2,14814.533185188,0
XCUR.US,D,20201009,000000,57.9,58.053,55.5,57.3,7383.599926164,0
XCUR.US,D,20201012,000000,58.5,58.5,55.5,55.8,3704.266629624,0
XCUR.US,D,20201013,000000,55.8,58.2,55.2,57,1773.399982266,0
XCUR.US,D,20201014,000000,57.6,60,55.2,55.5,2365.199976348,0
XCUR.US,D,20201015,000000,55.2,58.5,53.7,57.9,3913.366627533,0
XCUR.US,D,20201016,000000,56.4,60,56.4,59.4,4689.599953104,0
XCUR.US,D,20201019,000000,57.75,60,55.5,55.8,3362.466633042,0
XCUR.US,D,20201020,000000,56.7,57.9,52.8,53.4,3959.933293734,0
XCUR.US,D,20201021,000000,53.7,54.9,50.4,50.7,4545.033287883,0
XCUR.US,D,20201022,000000,50.7,51,45,48.3,12928.933204044,0
XCUR.US,D,20201023,000000,49.2,50.997,48.6,50.1,3532.399964676,0
XCUR.US,D,20201026,000000,49.5,49.8,45.3,46.2,5882.899941171,0
XCUR.US,D,20201027,000000,46.2,47.733,45.6,47.4,2722.633306107,0
XCUR.US,D,20201028,000000,46.5,49.2,45,45.3,4720.866619458,0
XCUR.US,D,20201029,000000,46.95,46.95,43.5,45,2652.366640143,0
XCUR.US,D,20201030,000000,45,45.3,43.8,45,3464.299965357,0
XCUR.US,D,20201102,000000,45.6,49.2,44.1,45.6,5911.466607552,0
XCUR.US,D,20201103,000000,45.9,48.3,45,48,4699.633286337,0
XCUR.US,D,20201104,000000,47.4,49.2,46.203,48,2254.766644119,0
XCUR.US,D,20201105,000000,48.3,48.3,45.9,47.4,3045.66663621,0
XCUR.US,D,20201106,000000,48.3,48.3,46.2,46.5,1643.833316895,0
XCUR.US,D,20201109,000000,48.9,52.2,47.4,49.2,6879.799931202,0
XCUR.US,D,20201110,000000,49.8,56.4,49.8,54.6,5321.933280114,0
XCUR.US,D,20201111,000000,55.5,60,53.703,58.2,10592.699894073,0
XCUR.US,D,20201112,000000,57.3,58.5,51,52.8,7529.399924706,0
XCUR.US,D,20201113,000000,53.1,55.8,49.8,51.6,15911.533174218,0
XCUR.US,D,20201116,000000,52.2,54.3,49.65,51.6,12821.199871788,0
XCUR.US,D,20201117,000000,51.9,51.9,44.1,45,25683.3330765,0
XCUR.US,D,20201118,000000,47.1,47.1,45,45.3,9134.166575325,0
XCUR.US,D,20201119,000000,45.3,45.9,41.7,44.1,16652.699833473,0
XCUR.US,D,20201120,000000,44.1,44.7,41.7,43.5,14157.533191758,0
XCUR.US,D,20201123,000000,43.5,43.8,41.4,42.9,16104.266505624,0
XCUR.US,D,20201124,000000,43.5,44.1,41.7,42,11151.633221817,0
XCUR.US,D,20201125,000000,42.3,44.4,42,42.3,9795.833235375,0
XCUR.US,D,20201127,000000,43.5,48.393,42.6,48,7883.199921168,0
XCUR.US,D,20201130,000000,48.6,48.9,43.5,46.8,14247.899857521,0
XCUR.US,D,20201201,000000,47.7,48,44.1,44.4,9125.099908749,0
XCUR.US,D,20201202,000000,44.7,45.45,43.8,44.1,5622.899943771,0
XCUR.US,D,20201203,000000,44.4,44.619,42.3,43.2,11258.199887418,0
XCUR.US,D,20201204,000000,43.2,46.2,41.7,45.3,33575.099664249,0
XCUR.US,D,20201207,000000,45.3,45.9,43.5,43.5,9733.266569334,0
XCUR.US,D,20201208,000000,43.8,47.961,43.2,45.3,20495.099795049,0
XCUR.US,D,20201209,000000,48.6,51,45,45.9,15774.766508919,0
XCUR.US,D,20201210,000000,46.2,52.8,46.2,51.3,21071.366455953,0
XCUR.US,D,20201211,000000,51.3,52.5,48.3,48.9,5795.299942047,0
XCUR.US,D,20201214,000000,49.5,51,44.7,44.7,21503.733118296,0
XCUR.US,D,20201215,000000,45.9,48,44.7,47.7,10457.733228756,0
XCUR.US,D,20201216,000000,48.6,49.5,45.9,46.2,7337.699926623,0
XCUR.US,D,20201217,000000,46.8,47.7,45.6,47.4,4324.699956753,0
XCUR.US,D,20201218,000000,54.3,60,48.3,59.7,105814.86560852,0
XCUR.US,D,20201221,000000,64.5,67.5,60,63,45582.532877508,0
XCUR.US,D,20201222,000000,60,61.5,54.6,57.9,29127.866375388,0
XCUR.US,D,20201223,000000,58.5,61.5,56.4,59.4,14758.466519082,0
XCUR.US,D,20201224,000000,60,60.6,57,57.9,6600.899933991,0
XCUR.US,D,20201228,000000,60.3,61.2,54.6,55.5,13490.133198432,0
XCUR.US,D,20201229,000000,56.1,57.9,51.9,53.4,13111.966535547,0
XCUR.US,D,20201230,000000,54.3,55.5,52.8,54.6,10043.899899561,0
XCUR.US,D,20201231,000000,54.9,54.9,51,53.1,16347.66650319,0
XCUR.US,D,20210104,000000,55.2,56.166,52.8,54.6,11149.733221836,0
XCUR.US,D,20210105,000000,55.2,62.1,55.2,60.9,23023.099769769,0
XCUR.US,D,20210106,000000,61.5,62.7,57,60,23297.33310036,0
XCUR.US,D,20210107,000000,60,62.1,57.9,59.1,18401.966482647,0
XCUR.US,D,20210108,000000,60,61.5,57.6,60,11431.366552353,0
XCUR.US,D,20210111,000000,63.6,73.5,62.1,69,57136.33276197,0
XCUR.US,D,20210112,000000,66.3,67.5,62.1,67.5,22811.066438556,0
XCUR.US,D,20210113,000000,66.9,73.5,65.1,72,23976.199760238,0
XCUR.US,D,20210114,000000,71.814,76.2,69.6,75,20454.966462117,0
XCUR.US,D,20210115,000000,75,76.2,67.5,69.3,20724.833126085,0
XCUR.US,D,20210119,000000,74.1,75,64.95,68.4,32839.866338268,0
XCUR.US,D,20210120,000000,68.4,72.6,67.8,68.1,20032.699799673,0
XCUR.US,D,20210121,000000,70.5,71.4,66.6,69.3,11461.566552051,0
XCUR.US,D,20210122,000000,68.4,70.5,66.9,69.9,11526.899884731,0
XCUR.US,D,20210125,000000,69.6,69.9,66.3,68.7,13075.699869243,0
XCUR.US,D,20210126,000000,69.9,69.9,66,66.6,19409.733139236,0
XCUR.US,D,20210127,000000,66,71.7,60.9,66,25930.233074031,0
XCUR.US,D,20210128,000000,67.5,68.637,62.7,64.5,10336.299896637,0
XCUR.US,D,20210129,000000,64.2,66.6,60.3,63.9,19486.733138466,0
XCUR.US,D,20210201,000000,63.9,67.5,60.9,65.1,12492.933208404,0
XCUR.US,D,20210202,000000,66.6,67.5,64.8,67.2,6978.066596886,0
XCUR.US,D,20210203,000000,67.2,71.052,67.2,69.3,11184.566554821,0
XCUR.US,D,20210204,000000,69.9,73.5,67.2,69.3,14925.233184081,0
XCUR.US,D,20210205,000000,71.1,71.697,65.1,69.9,18179.233151541,0
XCUR.US,D,20210208,000000,70.5,71.91,68.4,70.2,17289.566493771,0
XCUR.US,D,20210209,000000,72,74.7,71.1,72.6,25627.366410393,0
XCUR.US,D,20210210,000000,75,84,74.25,84,39060.566276061,0
XCUR.US,D,20210211,000000,84,84,75.9,78.6,28599.599714004,0
XCUR.US,D,20210212,000000,80.328,84.9,78.9,81.6,25439.033078943,0
XCUR.US,D,20210216,000000,82.2,82.8,75.3,80.1,21582.066450846,0
XCUR.US,D,20210217,000000,82.2,84,78.6,80.4,14469.933188634,0
XCUR.US,D,20210218,000000,80.7,82.197,75,76.8,13504.66653162,0
XCUR.US,D,20210219,000000,76.8,79.8,73.2,75.6,17998.099820019,0
XCUR.US,D,20210222,000000,75.3,76.5,70.506,71.7,19088.366475783,0
XCUR.US,D,20210223,000000,69.6,71.4,65.1,68.7,19326.99980673,0
XCUR.US,D,20210224,000000,69.9,74.1,68.7,72,6751.133265822,0
XCUR.US,D,20210225,000000,69.9,75,66,67.5,12722.799872772,0
XCUR.US,D,20210226,000000,67.5,68.253,63.6,65.1,11453.466552132,0
XCUR.US,D,20210301,000000,67.5,68.1,64.8,65.7,12055.566546111,0
XCUR.US,D,20210302,000000,72.3,72.3,65.4,68.1,23322.433100109,0
XCUR.US,D,20210303,000000,69,70.641,64.5,66.9,14978.633183547,0
XCUR.US,D,20210304,000000,65.4,67.8,60,62.1,46459.366202073,0
XCUR.US,D,20210305,000000,66,66,59.7,61.8,29267.599707324,0
XCUR.US,D,20210308,000000,63,63,58.5,60.9,22320.066443466,0
XCUR.US,D,20210309,000000,62.1,65.4,60.75,62.85,23896.499761035,0
XCUR.US,D,20210310,000000,64.5,64.5,57.9,58.2,18234.533150988,0
XCUR.US,D,20210311,000000,59.7,76.8,58.2,75,80600.432527329,0
XCUR.US,D,20210312,000000,71.7,75,67.5,73.5,29638.633036947,0
XCUR.US,D,20210315,000000,78,78,73.65,75.6,16607.399833926,0
XCUR.US,D,20210316,000000,77.7,78.3,72.3,77.7,46207.499537925,0
XCUR.US,D,20210317,000000,77.4,77.7,74.25,76.2,14011.533193218,0
XCUR.US,D,20210318,000000,80.1,80.391,70.5,70.8,22846.933104864,0
XCUR.US,D,20210319,000000,73.8,74.1,69.6,73.5,28439.733048936,0
XCUR.US,D,20210322,000000,75,79.2,74.403,77.1,30584.599694154,0
XCUR.US,D,20210323,000000,76.8,79.2,67.8,68.1,24887.033084463,0
XCUR.US,D,20210324,000000,68.1,68.7,60.9,62.1,24957.933083754,0
XCUR.US,D,20210325,000000,60.6,65.7,59.4,65.4,19312.799806872,0
XCUR.US,D,20210326,000000,66.9,67.02,63.3,65.7,16092.099839079,0
XCUR.US,D,20210329,000000,64.5,65.4,61.881,63,12396.833209365,0
XCUR.US,D,20210330,000000,62.7,65.7,62.13,64.2,13548.466531182,0
XCUR.US,D,20210331,000000,64.2,66,63.6,65.4,13611.299863887,0
XCUR.US,D,20210401,000000,66.3,67.353,64.8,67.2,10225.899897741,0
XCUR.US,D,20210405,000000,66.6,67.5,64.5,65.4,13534.566531321,0
XCUR.US,D,20210406,000000,65.1,66.3,64.8,65.4,10897.599891024,0
XCUR.US,D,20210407,000000,65.4,66.6,62.1,62.7,12452.766542139,0
XCUR.US,D,20210408,000000,62.7,64.2,60.9,63.6,21240.66645426,0
XCUR.US,D,20210409,000000,63,64.2,60,60.9,17399.099826009,0
XCUR.US,D,20210412,000000,60.6,60.9,57.003,57.9,17130.933162024,0
XCUR.US,D,20210413,000000,59.1,59.1,57,57.9,11026.466556402,0
XCUR.US,D,20210414,000000,57.6,59.4,57,57,8522.66658144,0
XCUR.US,D,20210415,000000,57.069,57.6,52.8,55.2,26175.799738242,0
XCUR.US,D,20210416,000000,54.9,55.65,53.1,54,11004.66655662,0
XCUR.US,D,20210419,000000,55.2,55.2,50.7,51,14491.199855088,0
XCUR.US,D,20210420,000000,51,51.9,48.9,50.1,11465.699885343,0
XCUR.US,D,20210421,000000,50.1,52.8,49.8,51.6,8890.933244424,0
XCUR.US,D,20210422,000000,51.3,53.1,49.8,51,10495.33322838,0
XCUR.US,D,20210423,000000,51,54.6,51,54,11400.499885995,0
XCUR.US,D,20210426,000000,54,56.4,53.25,56.4,7137.766595289,0
XCUR.US,D,20210427,000000,56.1,57.3,55.5,57,8616.433247169,0
XCUR.US,D,20210428,000000,57,60.87,57,60.3,21337.833119955,0
XCUR.US,D,20210429,000000,60,60,58.2,59.1,12228.166544385,0
XCUR.US,D,20210430,000000,58.5,60,57.6,59.1,11403.033219303,0
XCUR.US,D,20210503,000000,59.1,59.1,57.3,58.2,8220.766584459,0
XCUR.US,D,20210504,000000,57.9,57.9,55.2,55.5,10043.399899566,0
XCUR.US,D,20210505,000000,55.8,56.07,53.1,53.7,10385.066562816,0
XCUR.US,D,20210506,000000,53.7,55.812,52.8,53.4,14403.533189298,0
XCUR.US,D,20210507,000000,54,54.6,53.1,54.3,7657.866590088,0
XCUR.US,D,20210510,000000,54.3,54.3,51.9,52.2,11245.833220875,0
XCUR.US,D,20210511,000000,51.3,53.4,49.8,52.5,5050.099949499,0
XCUR.US,D,20210512,000000,51.3,53.1,49.8,50.4,7796.466588702,0
XCUR.US,D,20210513,000000,49.8,51.9,44.103,46.2,22164.899778351,0
XCUR.US,D,20210514,000000,46.5,47.7,44.4,44.55,12035.766546309,0
XCUR.US,D,20210517,000000,43.5,45.3,42.75,43.8,18585.799814142,0
XCUR.US,D,20210518,000000,44.4,48.6,44.1,46.2,13310.399866896,0
XCUR.US,D,20210519,000000,44.7,45.9,44.1,45.6,14251.066524156,0
XCUR.US,D,20210520,000000,45.6,49.8,45.6,48.3,11093.233222401,0
XCUR.US,D,20210521,000000,52.5,54,47.4,48.6,22765.599772344,0
XCUR.US,D,20210524,000000,48.9,50.7,47.4,49.8,18432.699815673,0
XCUR.US,D,20210525,000000,50.4,50.4,48,48.3,9468.366571983,0
XCUR.US,D,20210526,000000,48,49.5,48,49.5,3929.733294036,0
XCUR.US,D,20210527,000000,49.2,52.5,48.3,51.9,6176.266604904,0
XCUR.US,D,20210528,000000,51.9,52.35,49.8,50.1,5207.066614596,0
XCUR.US,D,20210601,000000,51.3,51.6,50.1,51.6,5361.866613048,0
XCUR.US,D,20210602,000000,51.6,51.6,50.4,51.3,6301.633270317,0
XCUR.US,D,20210603,000000,51,52.05,50.1,51,4931.433284019,0
XCUR.US,D,20210604,000000,51,51.3,49.8,50.1,9074.99990925,0
XCUR.US,D,20210607,000000,52.2,53.4,50.4,52.2,10277.533230558,0
XCUR.US,D,20210608,000000,52.2,53.4,50.4,51.6,6634.166600325,0
XCUR.US,D,20210609,000000,50.7,53.1,50.7,51.6,5278.699947213,0
XCUR.US,D,20210610,000000,51.6,52.5,50.4,52.2,3508.99996491,0
XCUR.US,D,20210611,000000,52.2,52.2,49.5,50.4,19923.266467434,0
XCUR.US,D,20210614,000000,50.1,51.6,49.8,50.7,7438.266592284,0
XCUR.US,D,20210615,000000,51.3,51.6,49.5,50.1,8686.733246466,0
XCUR.US,D,20210616,000000,50.1,50.7,49.5,49.8,9038.66657628,0
XCUR.US,D,20210617,000000,49.8,50.4,49.2,50.1,9928.733234046,0
XCUR.US,D,20210618,000000,49.5,50.1,48.6,49.8,10775.99989224,0
XCUR.US,D,20210621,000000,48.9,48.9,46.5,47.1,21330.366453363,0
XCUR.US,D,20210622,000000,46.5,46.5,45,46.2,12305.533210278,0
XCUR.US,D,20210623,000000,46.2,46.8,44.4,45.3,20864.99979135,0
XCUR.US,D,20210624,000000,45.3,45.6,43.8,45.3,18822.133145112,0
XCUR.US,D,20210625,000000,45.6,49.2,45,46.8,257987.86408679,0
XCUR.US,D,20210628,000000,47.1,49.05,46.5,48,10427.466562392,0
XCUR.US,D,20210629,000000,48.6,49.2,45,45.9,7748.466589182,0
XCUR.US,D,20210630,000000,46.2,46.698,44.7,45,10728.233226051,0
XCUR.US,D,20210701,000000,45,46.2,43.8,45.9,18453.899815461,0
XCUR.US,D,20210702,000000,45.9,47.097,44.1,45.9,12623.466540432,0
XCUR.US,D,20210706,000000,46.2,46.2,43.2,43.5,14776.99985223,0
XCUR.US,D,20210707,000000,43.5,43.8,42.3,42.6,8498.233248351,0
XCUR.US,D,20210708,000000,42,43.8,41.1,43.8,10913.633224197,0
XCUR.US,D,20210709,000000,44.7,47.4,42.9,46.8,22812.699771873,0
XCUR.US,D,20210712,000000,47.4,47.4,44.7,44.7,14056.466526102,0
XCUR.US,D,20210713,000000,45,45.6,44.1,44.1,9450.599905494,0
XCUR.US,D,20210714,000000,44.7,45,44.1,44.1,8948.399910516,0
XCUR.US,D,20210715,000000,44.1,44.697,42,42.6,11212.299887877,0
XCUR.US,D,20210716,000000,43.2,43.2,42,42,6342.33326991,0
XCUR.US,D,20210719,000000,42,43.5,41.4,43.5,8851.33324482,0
XCUR.US,D,20210720,000000,43.8,44.1,41.4,41.4,10923.466557432,0
XCUR.US,D,20210721,000000,41.4,43.8,41.4,42.9,4772.99995227,0
XCUR.US,D,20210722,000000,43.2,43.5,42.3,42.9,1506.166651605,0
XCUR.US,D,20210723,000000,42.6,43.2,41.7,42.9,3541.966631247,0
XCUR.US,D,20210726,000000,42.9,43.5,41.1,41.7,4875.833284575,0
XCUR.US,D,20210727,000000,42.3,42.3,40.2,40.8,5834.33327499,0
XCUR.US,D,20210728,000000,40.5,42,40.2,41.7,3001.33330332,0
XCUR.US,D,20210729,000000,42,42.201,40.5,40.8,3648.299963517,0
XCUR.US,D,20210730,000000,40.2,42,40.2,40.5,3797.899962021,0
XCUR.US,D,20210802,000000,55.5,59.4,50.4,54.3,3588482.2974485,0
XCUR.US,D,20210803,000000,50.1,52.2,44.7,45.6,384184.72949149,0
XCUR.US,D,20210804,000000,43.8,45.9,42,42.3,110894.39889106,0
XCUR.US,D,20210805,000000,41.7,42.3,39.3,39.6,88800.932445324,0
XCUR.US,D,20210806,000000,39,40.5,38.4,39.3,51606.33281727,0
XCUR.US,D,20210809,000000,39,39.6,37.5,38.1,46323.032870103,0
XCUR.US,D,20210810,000000,38.1,38.4,35.4,35.7,48526.799514732,0
XCUR.US,D,20210811,000000,36,36,34.5,35.4,35475.99964524,0
XCUR.US,D,20210812,000000,35.493,37.2,33.9,36.6,41045.166256215,0
XCUR.US,D,20210813,000000,36.9,36.9,35.37,35.7,17091.099829089,0
XCUR.US,D,20210816,000000,35.1,35.7,33.9,34.5,22029.166446375,0
XCUR.US,D,20210817,000000,34.8,34.8,32.7,33.9,40622.866260438,0
XCUR.US,D,20210818,000000,32.7,35.1,32.7,34.2,16138.066505286,0
XCUR.US,D,20210819,000000,34.8,35.1,32.7,33,14825.366518413,0
XCUR.US,D,20210820,000000,33.9,35.4,33.219,34.5,11473.933218594,0
XCUR.US,D,20210823,000000,35.4,36.9,34.5,36.6,10922.033224113,0
XCUR.US,D,20210824,000000,36.6,38.85,36.348,38.1,13216.033201173,0
XCUR.US,D,20210825,000000,37.041,40.245,37.041,39.9,15101.66651565,0
XCUR.US,D,20210826,000000,40.2,40.8,39,40.2,13042.66653624,0
XCUR.US,D,20210827,000000,40.2,42,39.6,41.1,20402.499795975,0
XCUR.US,D,20210830,000000,40.2,41.1,39,40.2,14484.33318849,0
XCUR.US,D,20210831,000000,40.8,42.3,39.9,42,12547.033207863,0
XCUR.US,D,20210901,000000,42.6,42.6,41.1,41.1,4721.033286123,0
XCUR.US,D,20210902,000000,41.7,43.5,41.1,42,12333.799876662,0
XCUR.US,D,20210903,000000,42,42,40.5,42,8666.633246667,0
XCUR.US,D,20210907,000000,41.4,42.6,39.9,40.8,8307.633250257,0
XCUR.US,D,20210908,000000,41.4,41.7,38.7,40.5,9207.899907921,0
XCUR.US,D,20210909,000000,40.5,42.3,40.17,42,7871.833254615,0
XCUR.US,D,20210910,000000,42.3,42.3,40.5,40.8,7806.6665886,0
XCUR.US,D,20210913,000000,41.4,42,39.9,41.1,11028.099889719,0
XCUR.US,D,20210914,000000,41.7,41.7,39.6,40.2,7110.466595562,0
XCUR.US,D,20210915,000000,40.2,40.8,39.6,40.5,6947.599930524,0
XCUR.US,D,20210916,000000,40.8,41.7,39.9,41.4,4683.966619827,0
XCUR.US,D,20210917,000000,40.8,42.3,40.2,42.3,8911.566577551,0
XCUR.US,D,20210920,000000,41.1,41.7,39.9,39.9,5701.033276323,0
XCUR.US,D,20210921,000000,40.2,41.7,39.9,40.8,4058.099959419,0
XCUR.US,D,20210922,000000,40.2,41.1,38.4,38.4,17712.533156208,0
XCUR.US,D,20210923,000000,39,39.6,38.7,39.3,6261.099937389,0
XCUR.US,D,20210924,000000,39,40.2,38.1,38.7,9710.733236226,0
XCUR.US,D,20210927,000000,38.4,40.5,38.4,38.7,8616.399913836,0
XCUR.US,D,20210928,000000,38.4,38.4,36.6,36.6,5329.733280036,0
XCUR.US,D,20210929,000000,36.9,37.5,35.7,36,5125.066615416,0
XCUR.US,D,20210930,000000,35.7,36.6,35.4,36,126591.03206742,0
XCUR.US,D,20211001,000000,36,36.3,34.8,34.8,6790.933265424,0
XCUR.US,D,20211004,000000,35.4,38.1,34.8,37.5,13274.66653392,0
XCUR.US,D,20211005,000000,37.5,37.5,34.8,36,4725.233286081,0
XCUR.US,D,20211006,000000,35.1,36.6,34.212,35.1,4300.033290333,0
XCUR.US,D,20211007,000000,34.8,37.8,34.8,37.5,32868.399671316,0
XCUR.US,D,20211008,000000,37.5,39,37.5,38.4,10575.933227574,0
XCUR.US,D,20211011,000000,37.8,39,36.3,36.6,8561.233247721,0
XCUR.US,D,20211012,000000,36,37.5,33.06,34.2,13764.799862352,0
XCUR.US,D,20211013,000000,35.4,36.6,35.397,36,11260.099887399,0
XCUR.US,D,20211014,000000,36.6,36.6,35.4,36.3,6045.33327288,0
XCUR.US,D,20211015,000000,36.3,36.3,34.8,35.4,5265.766614009,0
XCUR.US,D,20211018,000000,35.4,35.4,34.5,34.8,3015.899969841,0
XCUR.US,D,20211019,000000,34.5,35.4,34.5,35.4,2962.299970377,0
XCUR.US,D,20211020,000000,35.1,36,34.5,35.4,3427.833299055,0
XCUR.US,D,20211021,000000,35.1,35.4,34.8,35.1,2945.499970545,0
XCUR.US,D,20211022,000000,34.8,36,33.9,34.5,7338.866593278,0
XCUR.US,D,20211025,000000,34.5,35.1,33.9,34.5,1792.366648743,0
XCUR.US,D,20211026,000000,35.1,35.55,29.76,34.5,14133.66652533,0
XCUR.US,D,20211027,000000,33.9,34.494,33.6,34.2,5706.266609604,0
XCUR.US,D,20211028,000000,33.6,34.8,33.6,34.2,6083.933272494,0
XCUR.US,D,20211029,000000,34.2,34.8,33.3,33.9,3508.966631577,0
XCUR.US,D,20211101,000000,34.2,35.4,34.2,34.8,3939.899960601,0
XCUR.US,D,20211102,000000,34.8,35.7,34.35,35.1,3821.433295119,0
XCUR.US,D,20211103,000000,35.1,35.7,34.5,35.7,4193.166624735,0
XCUR.US,D,20211104,000000,36,36,34.5,35.4,5498.199945018,0
XCUR.US,D,20211105,000000,35.4,35.583,32.7,33.3,9861.66656805,0
XCUR.US,D,20211108,000000,32.7,33.3,32.1,33.3,4751.733285816,0
XCUR.US,D,20211109,000000,32.4,32.7,31.5,32.1,4115.233292181,0
XCUR.US,D,20211110,000000,31.8,33,31.8,32.1,7481.199925188,0
XCUR.US,D,20211111,000000,31.8,34.5,31.8,33.6,7880.33325453,0
XCUR.US,D,20211112,000000,33.6,34.5,31.5,33,5291.599947084,0
XCUR.US,D,20211115,000000,32.7,33.6,32.1,32.1,10968.599890314,0
XCUR.US,D,20211116,000000,27.414,28.5,22.5,23.31,59950.932733824,0
XCUR.US,D,20211117,000000,24,24.6,20.9994,21.3,27807.133055262,0
XCUR.US,D,20211118,000000,19.8,21.126,19.5,19.74,18938.466477282,0
XCUR.US,D,20211119,000000,18.42,18.42,13.65,13.8,112540.89887459,0
XCUR.US,D,20211122,000000,13.956,14.58,13.5,13.74,45614.466210522,0
XCUR.US,D,20211123,000000,13.881,14.37,13.233,13.728,31669.633016637,0
XCUR.US,D,20211124,000000,14.067,16.5,13.335,16.389,30331.099696689,0
XCUR.US,D,20211126,000000,16.2,16.2,14.859,14.868,7154.699928453,0
XCUR.US,D,20211129,000000,15.54,15.54,13.812,14.256,19023.266476434,0
XCUR.US,D,20211130,000000,14.4,15,13.623,14.067,9596.799904032,0
XCUR.US,D,20211201,000000,14.4,14.943,13.95,14.085,10882.066557846,0
XCUR.US,D,20211202,000000,13.881,14.1,13.527,13.659,5147.066615196,0
XCUR.US,D,20211203,000000,13.527,14.4,12.66,12.741,10282.99989717,0
XCUR.US,D,20211206,000000,12.9,14.1,12.3,12.6,21090.066455766,0
XCUR.US,D,20211207,000000,12.3,13.542,12.3,13.053,20163.99979836,0
XCUR.US,D,20211208,000000,13.5,14.55,12.651,13.815,22926.066437406,0
XCUR.US,D,20211209,000000,13.95,14.337,13.5,14.013,8823.799911762,0
XCUR.US,D,20211210,000000,12.768,14.37,12.768,13.659,30981.199690188,0
XCUR.US,D,20211213,000000,12,12.015,8.1,8.103,190116.7647655,0
XCUR.US,D,20211214,000000,10.179,12.207,7.428,7.593,1576607.1175673,0
XCUR.US,D,20211215,000000,7.878,8.046,7.29,7.65,366919.39633081,0
XCUR.US,D,20211216,000000,7.662,7.998,7.305,7.8,155659.73177674,0
XCUR.US,D,20211217,000000,7.29,7.77,7.215,7.536,88795.032445383,0
XCUR.US,D,20211220,000000,7.485,7.95,6.909,7.224,202299.897977,0
XCUR.US,D,20211221,000000,7.2,7.5,6.759,7.26,274232.86392434,0
XCUR.US,D,20211222,000000,6.759,7.053,6.681,6.723,97190.66569476,0
XCUR.US,D,20211223,000000,6.6,6.801,6.15,6.525,186458.69813541,0
XCUR.US,D,20211227,000000,6.6,6.603,6.315,6.453,115545.09884455,0
XCUR.US,D,20211228,000000,6.3,6.594,6.099,6.3,106155.36560511,0
XCUR.US,D,20211229,000000,6.438,6.9,5.64,5.736,497234.32836099,0
XCUR.US,D,20211230,000000,5.79,6.147,5.778,5.868,136219.93197113,0
XCUR.US,D,20211231,000000,6.033,6.447,5.7,6.063,246525.93086807,0
XCUR.US,D,20220103,000000,6.621,7.35,6.45,6.753,631779.42701554,0
XCUR.US,D,20220104,000000,7.08,7.098,6.45,6.663,246886.73086447,0
XCUR.US,D,20220105,000000,7.149,7.149,6.03603,6.06,219194.06447473,0
XCUR.US,D,20220106,000000,6.06,6.3,5.805,6.09,168623.5316471,0
XCUR.US,D,20220107,000000,6,6.3,5.85,5.985,84355.899156441,0
XCUR.US,D,20220110,000000,5.928,5.97,5.685,5.709,114407.83218926,0
XCUR.US,D,20220111,000000,6.015,6.087,5.58,5.88009,160234.39839766,0
XCUR.US,D,20220112,000000,6,6.006,5.706,5.724,123819.16542847,0
XCUR.US,D,20220113,000000,5.991,5.991,5.403,5.406,152092.79847907,0
XCUR.US,D,20220114,000000,5.4,5.45535,5.022,5.31,96396.99903603,0
XCUR.US,D,20220118,000000,5.16,5.193,4.68,5.166,143263.96523403,0
XCUR.US,D,20220119,000000,5.166,5.30397,4.92,4.983,95401.065712656,0
XCUR.US,D,20220120,000000,5.4,5.64,4.896,4.935,300100.196999,0
XCUR.US,D,20220121,000000,5.079,5.1,4.737,4.737,115839.53217494,0
XCUR.US,D,20220124,000000,5.034,5.061,4.245,4.719,200135.46466531,0
XCUR.US,D,20220125,000000,4.875,5.01,4.503,4.887,708490.65958176,0
XCUR.US,D,20220126,000000,5.7,6.3,4.611,4.944,2343170.143235,0
XCUR.US,D,20220127,000000,4.95,5.04,4.68,4.731,426256.92907076,0
XCUR.US,D,20220128,000000,4.857,4.923,4.515,4.686,519375.42813958,0
XCUR.US,D,20220131,000000,4.74,6,4.68,5.964,1171008.9882899,0
XCUR.US,D,20220201,000000,5.874,6.5895,5.415,6.3,720145.15946521,0
XCUR.US,D,20220202,000000,6.201,7.797,5.952,7.335,1315409.1201792,0
XCUR.US,D,20220203,000000,7.2,7.275,6.039,6.33,1091454.5557521,0
XCUR.US,D,20220204,000000,5.7,6.564,5.409,6.297,590504.92742828,0
XCUR.US,D,20220207,000000,6.09,6.555,5.7,5.724,436051.22897282,0
XCUR.US,D,20220208,000000,5.763,5.763,5.19,5.316,543612.06123055,0
XCUR.US,D,20220209,000000,5.31,5.7,5.178,5.331,372034.39627966,0
XCUR.US,D,20220210,000000,5.007,5.79,5.007,5.61,342479.02990854,0
XCUR.US,D,20220211,000000,5.58,5.58,5.145,5.226,242662.03090671,0
XCUR.US,D,20220214,000000,5.298,5.55,5.181,5.19,178562.46488104,0
XCUR.US,D,20220215,000000,5.34,5.397,5.253,5.352,129142.09870858,0
XCUR.US,D,20220216,000000,5.4,5.787,5.28,5.544,247359.29752641,0
XCUR.US,D,20220217,000000,5.907,5.907,5.31,5.418,261328.29738672,0
XCUR.US,D,20220218,000000,5.247,5.622,5.247,5.313,181182.16485485,0
XCUR.US,D,20220222,000000,5.103,5.25,5.058,5.136,184531.03148802,0
XCUR.US,D,20220223,000000,5.103,5.337,4.833,4.875,204917.99795082,0
XCUR.US,D,20220224,000000,4.26,5.33697,4.08,5.004,221058.76445608,0
XCUR.US,D,20220225,000000,5.403,5.7,5.22,5.445,223959.7977604,0
XCUR.US,D,20220228,000000,5.517,6.15,5.325,6.009,348023.39651977,0
XCUR.US,D,20220301,000000,6.075,6.51,5.91,6.297,552654.16114013,0
XCUR.US,D,20220302,000000,7.5,9.6,6.666,7.917,2283415.8438325,0
XCUR.US,D,20220303,000000,7.917,7.917,6.3,6.9,687288.45979378,0
XCUR.US,D,20220304,000000,6.696,6.87,6,6.102,290219.76376447,0
XCUR.US,D,20220307,000000,5.607,6.597,5.58,6.213,297218.09702782,0
XCUR.US,D,20220308,000000,5.772,7.02,5.709,6.795,407718.76258948,0
XCUR.US,D,20220309,000000,7.14,7.35,6.6,6.978,304711.53028622,0
XCUR.US,D,20220310,000000,6.48,6.9,6.21,6.375,192959.29807041,0
XCUR.US,D,20220311,000000,6.348,6.75,5.865,5.922,253528.03079805,0
XCUR.US,D,20220314,000000,5.7,6.342,5.595,6.219,259264.79740735,0
XCUR.US,D,20220315,000000,6.303,6.735,5.88,6.516,320297.86346369,0
XCUR.US,D,20220316,000000,6.666,8.34,6.666,7.629,364755.02968578,0
XCUR.US,D,20220317,000000,6.6,8.51697,6.6,8.007,288819.06377848,0
XCUR.US,D,20220318,000000,8.103,8.907,7.854,8.1,230338.09769662,0
XCUR.US,D,20220321,000000,8.691,9.6,8.106,9.15,249906.4641676,0
XCUR.US,D,20220322,000000,9.6,10.155,8.505,8.949,336027.52997306,0
XCUR.US,D,20220323,000000,9.15,9.6,8.793,8.964,127867.065388,0
XCUR.US,D,20220324,000000,8.763,9.597,8.73,9.363,101551.29898449,0
XCUR.US,D,20220325,000000,9.3,9.363,7.695,7.8,457159.7954284,0
XCUR.US,D,20220328,000000,6.099,6.861,5.85,5.916,489392.16177275,0
XCUR.US,D,20220329,000000,5.94,6.504,5.703,6.378,372851.82960481,0
XCUR.US,D,20220330,000000,6.42,6.6,6.126,6.189,242338.09757662,0
XCUR.US,D,20220331,000000,6.189,6.3,5.796,5.985,228421.23104912,0
XCUR.US,D,20220401,000000,5.856,5.967,5.436,5.508,302051.56364615,0
XCUR.US,D,20220404,000000,5.688,5.991,5.583,5.937,111202.53222131,0
XCUR.US,D,20220405,000000,5.754,5.871,5.46,5.49,188427.53144906,0
XCUR.US,D,20220406,000000,5.46,6.15,5.022,6.06,716177.89283822,0
XCUR.US,D,20220407,000000,6.144,6.441,5.874,6.27,1408566.2859143,0
XCUR.US,D,20220408,000000,6.72,8.1,6.015,6.369,2422876.5091046,0
XCUR.US,D,20220411,000000,5.784,5.844,5.4045,5.472,558581.09441419,0
XCUR.US,D,20220412,000000,5.46,5.919,5.403,5.457,617023.09382977,0
XCUR.US,D,20220413,000000,5.46,5.76,5.43,5.55,296554.79703445,0
XCUR.US,D,20220414,000000,5.592,5.595,5.103,5.247,339331.62994002,0
XCUR.US,D,20220418,000000,5.247,5.505,4.98,5.049,145416.49854583,0
XCUR.US,D,20220419,000000,5.049,5.4,4.935,5.244,137480.43195853,0
XCUR.US,D,20220420,000000,5.112,5.202,4.95,4.974,157090.49842909,0
XCUR.US,D,20220421,000000,5.1,5.21997,4.92,5.172,126257.46540409,0
XCUR.US,D,20220422,000000,4.947,5.451,4.947,5.178,196387.79803612,0
XCUR.US,D,20220425,000000,5.1,5.1,4.818,4.893,90588.599094114,0
XCUR.US,D,20220426,000000,4.893,4.944,4.353,4.371,258816.9640785,0
XCUR.US,D,20220427,000000,4.08,4.5,4.08,4.41,112905.39887095,0
XCUR.US,D,20220428,000000,4.554,4.608,4.275,4.575,106454.89893545,0
XCUR.US,D,20220429,000000,4.575,4.65,4.2,4.2,80503.432528299,0
XCUR.US,D,20220502,000000,4.365,4.392,3.69,3.84,257026.6640964,0
XCUR.US,D,20220503,000000,3.9,4.61697,3.9,4.437,238668.99761331,0
XCUR.US,D,20220504,000000,4.263,4.482,3.996,4.242,148660.3985134,0
XCUR.US,D,20220505,000000,4.2,4.212,3.942,4.047,101447.53231886,0
XCUR.US,D,20220506,000000,3.9,3.903,3.6,3.717,110513.89889486,0
XCUR.US,D,20220509,000000,3.6,3.609,3.003,3.003,265314.89734685,0
XCUR.US,D,20220510,000000,3.003,3.276,2.997,3.189,321799.896782,0
XCUR.US,D,20220511,000000,3.948,4.374,3.21,3.42,2446981.7088635,0
XCUR.US,D,20220512,000000,3.093,3.657,2.85,3.45,655445.36011221,0
XCUR.US,D,20220513,000000,3.747,3.777,3.486,3.681,399446.5626722,0
XCUR.US,D,20220516,000000,3.528,3.885,3.315,3.453,430099.96236567,0
XCUR.US,D,20220517,000000,3.531,4.08,3.531,3.771,490089.5950991,0
XCUR.US,D,20220518,000000,3.726,4.05,3.45,3.534,684450.12648883,0
XCUR.US,D,20220519,000000,3.45,3.744,3.426,3.63,455495.62877838,0
XCUR.US,D,20220520,000000,4.551,4.587,3.75,4.35,2055148.9794485,0
XCUR.US,D,20220523,000000,4.2,4.2,3.786,3.864,486332.06180335,0
XCUR.US,D,20220524,000000,3.675,3.756,3.36,3.507,266988.16399679,0
XCUR.US,D,20220525,000000,3.39,3.6,3.09,3.498,177611.29822389,0
XCUR.US,D,20220526,000000,3.576,3.699,3.45,3.645,175206.73158127,0
XCUR.US,D,20220527,000000,3.6,3.95697,3.6,3.768,325023.7300831,0
XCUR.US,D,20220531,000000,3.9,4.38,3.765,4.02,338890.96327776,0
XCUR.US,D,20220601,000000,3.9,4.038,3.636,3.855,123958.56542708,0
XCUR.US,D,20220602,000000,3.678,3.993,3.66,3.777,229610.33103723,0
XCUR.US,D,20220603,000000,3.6,3.9,3.6,3.735,185825.89814174,0
XCUR.US,D,20220606,000000,3.822,3.822,3.57,3.6,186821.26479845,0
XCUR.US,D,20220607,000000,3.567,3.594,3.366,3.39,297789.73035544,0
XCUR.US,D,20220608,000000,3.906,4.605,3.849,4.017,1741037.315923,0
XCUR.US,D,20220609,000000,3.852,4.275,3.75,4.11,425081.62908252,0
XCUR.US,D,20220610,000000,4.05,4.131,3.9,3.96,171964.43161369,0
XCUR.US,D,20220613,000000,4.041,4.35,3.75,3.78,647906.52685427,0
XCUR.US,D,20220614,000000,3.78,3.888,3.648,3.657,211836.19788164,0
XCUR.US,D,20220615,000000,3.6,3.69,3.54,3.588,347621.62985712,0
XCUR.US,D,20220616,000000,3.606,3.87,3.546,3.549,295640.36371026,0
XCUR.US,D,20220617,000000,3.615,3.81,3.555,3.633,195899.83137433,0
XCUR.US,D,20220621,000000,3.705,4.104,3.705,3.786,211769.33121564,0
XCUR.US,D,20220622,000000,3.876,4.035,3.702,3.78,226274.56440392,0
XCUR.US,D,20220623,000000,3.825,4.38,3.75,4.113,271627.43061706,0
XCUR.US,D,20220624,000000,4.053,4.347,3.993,4.026,111259.09888741,0
XCUR.US,D,20220627,000000,4.158,4.299,4.023,4.152,69708.899302911,0
XCUR.US,D,20220628,000000,4.254,4.254,3.69,3.84,135148.99864851,0
XCUR.US,D,20220629,000000,3.9,4.95,2.538,2.772,1629958.5837004,0
XCUR.US,D,20220630,000000,2.16,2.28,2.02,2.16,436076,0
XCUR.US,D,20220701,000000,2.1,2.21,2,2.07,231709,0
XCUR.US,D,20220705,000000,2.02,2.03,1.85,2,189372,0
XCUR.US,D,20220706,000000,1.95,2.06,1.892,2.01,157570,0
XCUR.US,D,20220707,000000,1.97,2.13,1.945,2.02,239272,0
XCUR.US,D,20220708,000000,1.97,2.0498,1.9672,1.98,107859,0
XCUR.US,D,20220711,000000,1.97,2.03,1.86,1.93,198941,0
XCUR.US,D,20220712,000000,1.93,2.12,1.91,2.01,478606,0
XCUR.US,D,20220713,000000,1.96,1.97,1.88,1.91,83615,0
XCUR.US,D,20220714,000000,1.88,1.99,1.75,1.76,202923,0
XCUR.US,D,20220715,000000,1.75,1.75,1.61,1.68,205696,0
XCUR.US,D,20220718,000000,1.7,1.87,1.64,1.66,212226,0
XCUR.US,D,20220719,000000,1.63,1.83,1.6,1.7,309666,0
XCUR.US,D,20220720,000000,1.68,1.7395,1.65,1.73,73041,0
XCUR.US,D,20220721,000000,1.72,1.75,1.63,1.7,92696,0
XCUR.US,D,20220722,000000,1.7,1.99,1.5,1.99,507865,0
XCUR.US,D,20220725,000000,1.91,1.92,1.7401,1.79,275905,0
XCUR.US,D,20220726,000000,1.76,1.761,1.5,1.55,262586,0
XCUR.US,D,20220727,000000,1.55,1.58,1.5,1.53,115650,0
XCUR.US,D,20220728,000000,1.5,1.64,1.49,1.62,157893,0
XCUR.US,D,20220729,000000,1.64,1.65,1.57,1.62,117752,0
XCUR.US,D,20220801,000000,1.58,1.64,1.51,1.53,127536,0
XCUR.US,D,20220802,000000,1.51,1.58,1.49,1.57,128637,0
XCUR.US,D,20220803,000000,1.56,2.25,1.55,1.99,4048920,0
XCUR.US,D,20220804,000000,2.85,3.24,2.1,2.5,13305560,0
XCUR.US,D,20220805,000000,2.04,2.3975,2.01,2.27,886472,0
XCUR.US,D,20220808,000000,2.23,2.5909,2.2201,2.47,853233,0
XCUR.US,D,20220809,000000,2.41,2.5,2.15,2.17,314519,0
XCUR.US,D,20220810,000000,2.24,2.41,2.06,2.3,236039,0
XCUR.US,D,20220811,000000,2.33,2.38,2.1427,2.21,198821,0
XCUR.US,D,20220812,000000,2.19,2.3299,2.1705,2.28,140903,0
XCUR.US,D,20220815,000000,2.27,2.39,2.17,2.32,198805,0
XCUR.US,D,20220816,000000,2.34,2.34,2.185,2.24,169484,0
XCUR.US,D,20220817,000000,2.24,2.697,2.19,2.28,863479,0
XCUR.US,D,20220818,000000,2.25,2.28,2.06,2.13,226004,0
XCUR.US,D,20220819,000000,2.08,2.0975,1.905,1.92,117953,0
XCUR.US,D,20220822,000000,1.86,1.8971,1.8,1.84,59047,0
XCUR.US,D,20220823,000000,1.91,1.97,1.8815,1.95,33847,0
XCUR.US,D,20220824,000000,1.96,2.0699,1.92,2.01,119765,0
XCUR.US,D,20220825,000000,2.03,2.09,1.9997,2,61895,0
XCUR.US,D,20220826,000000,2.03,2.03,1.78,1.8,82102,0
XCUR.US,D,20220829,000000,1.77,1.805,1.69,1.73,55464,0
XCUR.US,D,20220830,000000,1.78,1.98,1.65,1.79,124463,0
XCUR.US,D,20220831,000000,1.8,1.8986,1.7106,1.83,71821,0
XCUR.US,D,20220901,000000,1.78,1.81,1.7175,1.79,55250,0
XCUR.US,D,20220902,000000,1.75,1.7799,1.67,1.69,56866,0
XCUR.US,D,20220906,000000,1.7,1.78,1.63,1.64,41085,0
XCUR.US,D,20220907,000000,1.6341,1.76,1.6341,1.72,26546,0
XCUR.US,D,20220908,000000,1.72,1.85,1.72,1.8,53660,0
XCUR.US,D,20220909,000000,1.86,1.89,1.76,1.77,41984,0
XCUR.US,D,20220912,000000,1.81,1.969,1.76,1.92,195083,0
XCUR.US,D,20220913,000000,1.86,2.08,1.84,2.07,161247,0
XCUR.US,D,20220914,000000,2.1014,2.125,1.901,2.03,108020,0
XCUR.US,D,20220915,000000,1.97,2.17,1.9511,2.07,149040,0
XCUR.US,D,20220916,000000,2.09,2.11,1.85,1.85,159916,0
XCUR.US,D,20220919,000000,1.85,2,1.85,1.93,72705,0
XCUR.US,D,20220920,000000,1.94,2.01,1.69,1.75,72963,0
XCUR.US,D,20220921,000000,1.72,1.81,1.6,1.62,39288,0
XCUR.US,D,20220922,000000,1.6,1.6722,1.49,1.56,97222,0
XCUR.US,D,20220923,000000,1.57,1.6,1.47,1.54,33244,0
XCUR.US,D,20220926,000000,1.5748,1.72,1.5748,1.7,162130,0
XCUR.US,D,20220927,000000,1.65,1.66,1.3888,1.41,108233,0
XCUR.US,D,20220928,000000,1.36,1.572,1.36,1.47,58447,0
XCUR.US,D,20220929,000000,1.52,1.5437,1.47,1.48,41020,0
XCUR.US,D,20220930,000000,1.47,1.67,1.47,1.57,25018,0
XCUR.US,D,20221003,000000,1.56,1.73,1.55,1.69,63669,0
XCUR.US,D,20221004,000000,1.66,1.96,1.66,1.86,60281,0
XCUR.US,D,20221005,000000,1.88,1.88,1.73,1.77,19928,0
XCUR.US,D,20221006,000000,1.86,1.86,1.73,1.8,25210,0
XCUR.US,D,20221007,000000,1.81,1.8201,1.7,1.7,14202,0
XCUR.US,D,20221010,000000,1.68,1.7422,1.6,1.6,22020,0
XCUR.US,D,20221011,000000,1.52,1.65,1.5011,1.59,10083,0
XCUR.US,D,20221012,000000,1.5807,1.6399,1.58,1.6,7914,0
XCUR.US,D,20221013,000000,1.5213,1.69,1.52,1.53,32592,0
XCUR.US,D,20221014,000000,1.55,1.61,1.51,1.55,9605,0
XCUR.US,D,20221017,000000,1.5201,1.55,1.51,1.53,19039,0
XCUR.US,D,20221018,000000,1.6,1.6016,1.5,1.5,13537,0
XCUR.US,D,20221019,000000,1.55,1.55,1.38,1.39,37055,0
XCUR.US,D,20221020,000000,1.4058,1.4784,1.33,1.34,17102,0
XCUR.US,D,20221021,000000,1.31,1.4,1.31,1.3999,70195,0
XCUR.US,D,20221024,000000,1.4,1.42,1.2201,1.39,76855,0
XCUR.US,D,20221025,000000,1.35,1.41,1.32,1.39,57077,0
XCUR.US,D,20221026,000000,1.35,1.3999,1.34,1.375,14612,0
XCUR.US,D,20221027,000000,1.35,1.42,1.34,1.42,39934,0
XCUR.US,D,20221028,000000,1.45,1.45,1.3946,1.41,16138,0
XCUR.US,D,20221031,000000,1.39,1.46,1.36,1.43,15920,0
XCUR.US,D,20221101,000000,1.41,1.49,1.4,1.48,13886,0
XCUR.US,D,20221102,000000,1.4,1.53,1.4,1.4,14135,0
XCUR.US,D,20221103,000000,1.4001,1.42,1.37,1.4,5155,0
XCUR.US,D,20221104,000000,1.4,1.41,1.3,1.3,20589,0
XCUR.US,D,20221107,000000,1.32,1.3999,1.275,1.275,16366,0
XCUR.US,D,20221108,000000,1.37,1.37,1.25,1.25,20769,0
XCUR.US,D,20221109,000000,1.275,1.3096,1.14,1.16,19571,0
XCUR.US,D,20221110,000000,1.2201,1.27,1.14,1.14,19693,0
XCUR.US,D,20221111,000000,1.1557,1.28,1.15,1.23,17433,0
XCUR.US,D,20221114,000000,1.2,1.3,1.2,1.26,19704,0
XCUR.US,D,20221115,000000,1.1,1.295,1.1,1.15,38870,0
XCUR.US,D,20221116,000000,1.1799,1.185,1.15,1.17,13028,0
XCUR.US,D,20221117,000000,1.14,1.2,1.1172,1.2,11902,0
XCUR.US,D,20221118,000000,1.18,1.2,1.1,1.1366,5268,0
XCUR.US,D,20221121,000000,1.12,1.18,1.115,1.18,19759,0
XCUR.US,D,20221122,000000,1.15,1.16,1.11,1.13,24924,0
XCUR.US,D,20221123,000000,1.1999,1.1999,1.115,1.12,17458,0
XCUR.US,D,20221125,000000,1.12,1.1959,1.11,1.13,9460,0
XCUR.US,D,20221128,000000,1.08,1.1134,1.08,1.1134,14961,0
XCUR.US,D,20221129,000000,1.085,1.13,1,1.07,53888,0
XCUR.US,D,20221130,000000,1.04,1.06,1,1,19853,0
XCUR.US,D,20221201,000000,0.9657,1.02,0.9657,1.015,25001,0
XCUR.US,D,20221202,000000,1.02,1.02,0.972,0.9872,28726,0
XCUR.US,D,20221205,000000,1,1.06,0.98,1.06,38793,0
XCUR.US,D,20221206,000000,1.06,1.06,0.95,1.01,26068,0
XCUR.US,D,20221207,000000,0.94,0.98,0.8558,0.87,47449,0
XCUR.US,D,20221208,000000,0.87,0.899999,0.87,0.870401,22940,0
XCUR.US,D,20221209,000000,0.85,0.9,0.8278,0.84,12080,0
XCUR.US,D,20221212,000000,0.82,0.8411,0.6841,0.76,25910,0
XCUR.US,D,20221213,000000,0.7449,0.76,0.7001,0.7342,25171,0
XCUR.US,D,20221214,000000,0.7342,0.816,0.7342,0.74,23846,0
XCUR.US,D,20221215,000000,0.71,0.8,0.71,0.78,22030,0
XCUR.US,D,20221216,000000,0.750001,0.776,0.63,0.71,22917,0
XCUR.US,D,20221219,000000,0.71,0.76,0.6601,0.7101,512655,0
XCUR.US,D,20221220,000000,0.88,0.96,0.64,0.78,4635940,0
XCUR.US,D,20221221,000000,0.7795,1.56,0.7215,1.11,3521375,0
XCUR.US,D,20221222,000000,0.976,1.6,0.95,1.46,2145492,0
XCUR.US,D,20221223,000000,1.55,1.68,1.0605,1.28,1293831,0
XCUR.US,D,20221227,000000,1.23,1.31,1.11,1.24,163751,0
XCUR.US,D,20221228,000000,1.2,1.27,1.04,1.16,111230,0
XCUR.US,D,20221229,000000,1.13,1.28,1.07,1.17,175860,0
XCUR.US,D,20221230,000000,1.15,1.15,1.08,1.15,91853,0
XCUR.US,D,20230103,000000,1.13,1.4144,1.13,1.37,142687,0
XCUR.US,D,20230104,000000,1.35,1.78,1.33,1.58,775313,0
XCUR.US,D,20230105,000000,1.6,1.6,1.4,1.49,72532,0
XCUR.US,D,20230106,000000,1.46,1.54,1.4553,1.53,54878,0
XCUR.US,D,20230109,000000,1.47,1.47,1.3099,1.34,48903,0
XCUR.US,D,20230110,000000,1.32,1.4257,1.29,1.405,22218,0
XCUR.US,D,20230111,000000,1.39,1.47,1.39,1.42,24956,0
XCUR.US,D,20230112,000000,1.43,1.43,1.2,1.23,57869,0
XCUR.US,D,20230113,000000,1.28,1.369,1.19,1.31,43524,0
XCUR.US,D,20230117,000000,1.3,1.35,1.25,1.333,38153,0
XCUR.US,D,20230118,000000,1.29,1.5,1.29,1.44,52916,0
XCUR.US,D,20230119,000000,1.37,1.4,1.32,1.36,23414,0
XCUR.US,D,20230120,000000,1.3272,1.49,1.3272,1.48,23884,0
XCUR.US,D,20230123,000000,1.5,1.5,1.42,1.44,39400,0
XCUR.US,D,20230124,000000,1.42,1.47,1.4126,1.42,17033,0
XCUR.US,D,20230125,000000,1.41,1.47,1.38,1.38,41006,0
XCUR.US,D,20230126,000000,1.37,1.43,1.34,1.39,18902,0
XCUR.US,D,20230127,000000,1.38,1.435,1.38,1.4,11195,0
XCUR.US,D,20230130,000000,1.42,1.42,1.36,1.37,5986,0
XCUR.US,D,20230131,000000,1.35,1.4399,1.35,1.41,8564,0
XCUR.US,D,20230201,000000,1.44,1.44,1.37,1.38,20816,0
XCUR.US,D,20230202,000000,1.43,1.5,1.3955,1.465,20192,0
XCUR.US,D,20230203,000000,1.47,1.5799,1.42,1.43,78290,0
XCUR.US,D,20230206,000000,1.52,1.52,1.4,1.41,19123,0
XCUR.US,D,20230207,000000,1.46,1.46,1.4,1.42,25714,0
XCUR.US,D,20230208,000000,1.42,1.48,1.4,1.48,10404,0
XCUR.US,D,20230209,000000,1.51,1.51,1.4,1.4,13798,0
XCUR.US,D,20230210,000000,1.45,1.45,1.2801,1.3499,16299,0
XCUR.US,D,20230213,000000,1.3,1.39,1.3,1.33,9262,0
XCUR.US,D,20230214,000000,1.29,1.36,1.2799,1.28,7143,0
XCUR.US,D,20230215,000000,1.28,1.34,1.2601,1.3,15034,0
XCUR.US,D,20230216,000000,1.31,1.3299,1.24,1.24,10771,0
XCUR.US,D,20230217,000000,1.24,1.24,1.18,1.1838,5451,0
XCUR.US,D,20230221,000000,1.15,1.25,1.15,1.205,13583,0
XCUR.US,D,20230222,000000,1.2499,1.2499,1.157,1.16,13927,0
XCUR.US,D,20230223,000000,1.16,1.226,1.16,1.16,19739,0
XCUR.US,D,20230224,000000,1.16,1.2197,1.14,1.14,9057,0
XCUR.US,D,20230227,000000,1.19,1.29,1.19,1.22,12442,0
XCUR.US,D,20230228,000000,1.2,1.22,1.12,1.16,26984,0
XCUR.US,D,20230301,000000,1.16,1.16,1.0916,1.13,21771,0
XCUR.US,D,20230302,000000,1.12,1.16,1.115,1.115,17436,0
XCUR.US,D,20230303,000000,1.12,1.16,1.11,1.16,29545,0
XCUR.US,D,20230306,000000,1.165,1.1707,1.14,1.1542,4694,0
XCUR.US,D,20230307,000000,1.17,1.17,1.1324,1.14,3325,0
XCUR.US,D,20230308,000000,1.1427,1.1498,1.11,1.11,4440,0
XCUR.US,D,20230309,000000,1.1868,1.1868,1.1238,1.1238,7177,0
XCUR.US,D,20230310,000000,1.1242,1.1398,1.02,1.0699,9679,0
XCUR.US,D,20230313,000000,1.06,1.06,1.0101,1.06,13849,0
XCUR.US,D,20230314,000000,1.02,1.09,1.01,1.06,11900,0
XCUR.US,D,20230315,000000,1.05,1.07,1.0361,1.04,6324,0
XCUR.US,D,20230316,000000,1.04,1.07,0.9596,1.07,26880,0
XCUR.US,D,20230317,000000,1.04,1.07,0.98,1.01,18009,0
XCUR.US,D,20230320,000000,0.95,1.01,0.95,0.9768,11031,0
XCUR.US,D,20230321,000000,0.99,1,0.952,0.96,7532,0
XCUR.US,D,20230322,000000,0.94,1.0999,0.909,0.9849,49269,0
XCUR.US,D,20230323,000000,0.92,0.975,0.92,0.975,8302,0
XCUR.US,D,20230324,000000,0.955,0.969,0.911,0.95,4049,0
XCUR.US,D,20230327,000000,0.9001,0.9451,0.897,0.9,11347,0
XCUR.US,D,20230328,000000,0.86,0.9,0.784,0.8024,28544,0
XCUR.US,D,20230329,000000,0.75,0.7999,0.7178,0.78,29135,0
XCUR.US,D,20230330,000000,0.77,0.85,0.769909,0.8349,17637,0
XCUR.US,D,20230331,000000,0.8925,0.9,0.860001,0.871,73352,0
XCUR.US,D,20230403,000000,0.8708,0.871,0.8655,0.871,3978,0
XCUR.US,D,20230404,000000,0.890501,0.91,0.88001,0.91,33806,0
XCUR.US,D,20230405,000000,0.88,1.18,0.88,1.02,201967,0
XCUR.US,D,20230406,000000,1.0981,1.1,1.06,1.06,39409,0
XCUR.US,D,20230410,000000,1,1,0.975,0.9801,35187,0
XCUR.US,D,20230411,000000,1.05,1.1,1.03,1.1,25537,0
XCUR.US,D,20230412,000000,1.14,1.159,1.05,1.06,13148,0
XCUR.US,D,20230413,000000,1.0892,1.12,1.075,1.1101,2702,0
XCUR.US,D,20230414,000000,1.1,1.145,1,1.02,24840,0
XCUR.US,D,20230417,000000,1.04,1.04,1.0027,1.03,19421,0
XCUR.US,D,20230418,000000,1,1.09,1,1.08,6703,0
XCUR.US,D,20230419,000000,1.03,1.105,1.03,1.1,4333,0
XCUR.US,D,20230420,000000,1.11,1.11,1,1,10698,0
XCUR.US,D,20230421,000000,1,1.036,0.99,0.9901,9563,0
XCUR.US,D,20230424,000000,0.99,1.024,0.94,0.9448,5803,0
XCUR.US,D,20230425,000000,0.94,0.94,0.9029,0.9153,18286,0
XCUR.US,D,20230426,000000,0.915317,0.918,0.8999,0.918,6309,0
XCUR.US,D,20230427,000000,0.9012,0.931204,0.89,0.9,6942,0
XCUR.US,D,20230428,000000,0.93,1.02,0.93,0.979,22213,0
XCUR.US,D,20230501,000000,1.094,1.15,1.04,1.08,23059,0
XCUR.US,D,20230502,000000,1.0286,1.14,1.0286,1.09,8029,0
XCUR.US,D,20230503,000000,1.06,1.1199,1.06,1.08,6042,0
XCUR.US,D,20230504,000000,1.05,1.09,1.04,1.05,6627,0
XCUR.US,D,20230505,000000,1.05,1.06,1.05,1.06,5682,0
XCUR.US,D,20230508,000000,1.0502,1.0999,1.0502,1.08,5586,0
XCUR.US,D,20230509,000000,1.075,1.38,1.0577,1.1659,93794,0
XCUR.US,D,20230510,000000,1.255,1.255,1.0115,1.02,34343,0
XCUR.US,D,20230511,000000,1.03,1.04,1.0001,1.01,4790,0
XCUR.US,D,20230512,000000,0.98,0.9999,0.9411,0.966,5936,0
XCUR.US,D,20230515,000000,1.01,1.1093,0.97,1.1093,9183,0
XCUR.US,D,20230516,000000,1.11,1.13,1.0501,1.0728,16965,0
XCUR.US,D,20230517,000000,1.07,1.1634,1.03,1.03,41725,0
XCUR.US,D,20230518,000000,1.08,1.08,0.98,0.98,31893,0
XCUR.US,D,20230519,000000,0.9822,0.994,0.9647,0.9704,6738,0
XCUR.US,D,20230522,000000,1.01,1.01,0.860001,0.8818,27165,0
XCUR.US,D,20230523,000000,0.9,0.9153,0.89,0.8901,15102,0
XCUR.US,D,20230524,000000,0.8901,0.8901,0.83,0.8598,25580,0
XCUR.US,D,20230525,000000,0.86,0.86,0.83,0.85,25554,0
XCUR.US,D,20230526,000000,0.83,0.8525,0.828949,0.8525,9024,0
XCUR.US,D,20230530,000000,0.88,0.88,0.8459,0.856,6521,0
XCUR.US,D,20230531,000000,0.856,0.885,0.8551,0.881,5512,0
XCUR.US,D,20230601,000000,0.8308,0.8896,0.8308,0.8769,7279,0
XCUR.US,D,20230602,000000,0.84,0.8999,0.835434,0.8999,8888,0
XCUR.US,D,20230605,000000,0.8583,0.9,0.85,0.9,13187,0
XCUR.US,D,20230606,000000,0.9,0.98,0.9,0.97,5420,0
XCUR.US,D,20230607,000000,0.98,0.98,0.9001,0.94,17404,0
XCUR.US,D,20230608,000000,0.9399,0.94,0.9399,0.94,2466,0
XCUR.US,D,20230609,000000,0.93,0.9586,0.925,0.95,91646,0
XCUR.US,D,20230612,000000,1.04,1.0499,0.9807,1.02,12432,0
XCUR.US,D,20230613,000000,1.0312,1.12,1.03,1.11,37731,0
XCUR.US,D,20230614,000000,1.2,1.2,1.07,1.08,105211,0
XCUR.US,D,20230615,000000,1.1,1.18,1.05,1.15,38226,0
XCUR.US,D,20230616,000000,1.1589,1.18,1.15,1.15,44511,0
XCUR.US,D,20230620,000000,1.15,1.38,1.15,1.24,36593,0
XCUR.US,D,20230621,000000,1.24,1.24,1.145,1.15,19741,0
XCUR.US,D,20230622,000000,1.15,1.2599,1.15,1.22,62358,0
XCUR.US,D,20230623,000000,1.2,1.2699,1.15,1.17,12556,0
XCUR.US,D,20230626,000000,1.2198,1.23,1.19,1.2287,10880,0
XCUR.US,D,20230627,000000,1.21,1.21,1.16,1.16,2849,0
XCUR.US,D,20230628,000000,1.21,1.23,1.17,1.22,14598,0
XCUR.US,D,20230629,000000,1.26,1.4941,1.23,1.4442,195743,0
XCUR.US,D,20230630,000000,1.5,1.5,1.3,1.31,82262,0
XCUR.US,D,20230703,000000,1.38,1.38,1.22,1.23,9284,0
XCUR.US,D,20230705,000000,1.27,1.3543,1.24,1.26,22516,0
XCUR.US,D,20230706,000000,1.29,1.3082,1.149,1.15,11811,0
XCUR.US,D,20230707,000000,1.11,1.15,0.9994,1.0618,51091,0
XCUR.US,D,20230710,000000,1.06,1.1829,0.9906,1.13,35317,0
XCUR.US,D,20230711,000000,1.1299,1.16,1.0701,1.125,35528,0
XCUR.US,D,20230712,000000,1.1,1.2034,1.0702,1.14,11238,0
XCUR.US,D,20230713,000000,1.13,1.47,1.13,1.26,234671,0
XCUR.US,D,20230714,000000,1.4,1.44,1.26,1.36,146131,0
XCUR.US,D,20230717,000000,1.2,1.33,1.2,1.3,145969,0
XCUR.US,D,20230718,000000,1.34,1.3408,1.2,1.24,59224,0
XCUR.US,D,20230719,000000,1.25,1.25,1.09,1.15,78284,0
XCUR.US,D,20230720,000000,1.18,1.18,1.13,1.13,10947,0
XCUR.US,D,20230721,000000,1.12,1.1205,1.04,1.08,46521,0
XCUR.US,D,20230724,000000,1.0687,1.0687,0.9046,1,128152,0
XCUR.US,D,20230725,000000,1.02,1.02,0.9902,0.9964,28299,0
XCUR.US,D,20230726,000000,0.99,1.04,0.99,1.04,28888,0
XCUR.US,D,20230727,000000,1.05,1.0801,1.03,1.07,19678,0
XCUR.US,D,20230728,000000,1.06,1.14,1.02,1.07,37198,0
XCUR.US,D,20230731,000000,1.01,1.12,1,1.03,81845,0
XCUR.US,D,20230801,000000,1.06,1.06,0.93,0.9552,33923,0
XCUR.US,D,20230802,000000,0.995,1.01,0.95,0.96,19328,0
XCUR.US,D,20230803,000000,0.98,1.01,0.9475,0.9481,18393,0
XCUR.US,D,20230804,000000,1.0042,1.0337,0.948,0.95,7450,0
XCUR.US,D,20230807,000000,0.95,0.9975,0.9057,0.9057,12585,0
XCUR.US,D,20230808,000000,0.9055,0.9055,0.85,0.855,14111,0
XCUR.US,D,20230809,000000,0.86,0.9,0.85,0.86,19719,0
XCUR.US,D,20230810,000000,0.85,0.864999,0.84,0.859,8140,0
XCUR.US,D,20230811,000000,0.8204,0.8524,0.82,0.8524,15715,0
XCUR.US,D,20230814,000000,0.86,0.861001,0.81,0.83,23640,0
XCUR.US,D,20230815,000000,0.83,0.8559,0.83,0.8559,10590,0
XCUR.US,D,20230816,000000,0.87,0.87,0.83,0.8302,13479,0
XCUR.US,D,20230817,000000,0.8388,0.845,0.82,0.8201,14421,0
XCUR.US,D,20230818,000000,0.86,0.87,0.83,0.832,17430,0
XCUR.US,D,20230821,000000,0.86,0.86,0.825,0.826,6641,0
XCUR.US,D,20230822,000000,0.85,0.85,0.811,0.817,17304,0
XCUR.US,D,20230823,000000,0.817,0.824,0.74,0.802,33284,0
XCUR.US,D,20230824,000000,0.836,0.836,0.81,0.8344,14400,0
XCUR.US,D,20230825,000000,0.859,0.859,0.836,0.84,4061,0
XCUR.US,D,20230828,000000,0.837,0.8681,0.790501,0.802,14259,0
XCUR.US,D,20230829,000000,0.8201,0.85,0.8201,0.85,13243,0
XCUR.US,D,20230830,000000,0.85,0.978,0.85,0.930201,43771,0
XCUR.US,D,20230831,000000,0.978,0.978,0.85,0.91,20878,0
XCUR.US,D,20230901,000000,0.915,0.925,0.89,0.91,6542,0
XCUR.US,D,20230905,000000,0.9717,0.98,0.94,0.94,34422,0
XCUR.US,D,20230906,000000,0.9501,0.9501,0.8552,0.89,17770,0
XCUR.US,D,20230907,000000,0.87,0.87,0.8301,0.8301,10568,0
XCUR.US,D,20230908,000000,0.8219,0.8629,0.805,0.8082,6467,0
XCUR.US,D,20230911,000000,0.8386,0.9209,0.83,0.83,13860,0
XCUR.US,D,20230912,000000,0.83,0.844,0.8101,0.83,15136,0
XCUR.US,D,20230913,000000,0.889,0.9,0.81,0.8107,8481,0
XCUR.US,D,20230914,000000,0.8932,0.898,0.81,0.8573,6922,0
XCUR.US,D,20230915,000000,0.85,0.93,0.7202,0.93,83397,0
XCUR.US,D,20230918,000000,0.9,0.9,0.8,0.8177,6967,0
XCUR.US,D,20230919,000000,0.8175,0.8998,0.78,0.78,7638,0
XCUR.US,D,20230920,000000,0.7802,0.8,0.74,0.74,10995,0
XCUR.US,D,20230921,000000,0.7212,0.834,0.7212,0.75,7154,0
XCUR.US,D,20230922,000000,0.76,0.805045,0.7204,0.751,6114,0
XCUR.US,D,20230925,000000,0.78,0.78,0.7202,0.7202,9167,0
XCUR.US,D,20230926,000000,0.742,0.78,0.742,0.78,1829,0
XCUR.US,D,20230927,000000,0.78,0.78,0.7,0.71,13513,0
XCUR.US,D,20230928,000000,0.76,0.76,0.72,0.72,2603,0
XCUR.US,D,20230929,000000,0.71,0.72,0.7,0.72,5477,0
XCUR.US,D,20231002,000000,0.756,0.756,0.7,0.742,5773,0
XCUR.US,D,20231003,000000,0.72,0.749999,0.72,0.73,4326,0
XCUR.US,D,20231004,000000,0.709,0.73,0.68,0.73,9410,0
XCUR.US,D,20231005,000000,0.72,0.73,0.6801,0.69,6603,0
XCUR.US,D,20231006,000000,0.71,0.719,0.69,0.718999,3761,0
XCUR.US,D,20231009,000000,0.69,0.75,0.6814,0.7006,4684,0
XCUR.US,D,20231010,000000,0.725301,0.725301,0.6624,0.68,16067,0
XCUR.US,D,20231011,000000,0.691,0.691,0.663,0.663,4819,0
XCUR.US,D,20231012,000000,0.67,0.8,0.665,0.749499,32379,0
XCUR.US,D,20231013,000000,0.74,0.745,0.6701,0.745,21568,0
XCUR.US,D,20231016,000000,0.7162,0.745,0.691,0.691,5429,0
XCUR.US,D,20231017,000000,0.691,0.732,0.691,0.701,8539,0
XCUR.US,D,20231018,000000,0.72,0.72,0.681635,0.6999,5860,0
XCUR.US,D,20231019,000000,0.681,0.702399,0.67,0.6862,6985,0
XCUR.US,D,20231020,000000,0.72,0.72,0.6428,0.66,19724,0
XCUR.US,D,20231023,000000,0.6501,0.6699,0.6201,0.631,12067,0
XCUR.US,D,20231024,000000,0.65,0.679899,0.5201,0.5714,35247,0
XCUR.US,D,20231025,000000,0.65,0.659899,0.6,0.63,8627,0
XCUR.US,D,20231026,000000,0.62,0.67,0.5722,0.5828,23811,0
XCUR.US,D,20231027,000000,0.6119,0.6495,0.5918,0.6406,4098,0
XCUR.US,D,20231030,000000,0.6195,0.639999,0.6195,0.62,3688,0
XCUR.US,D,20231031,000000,0.6386,0.6386,0.6202,0.63,10295,0
XCUR.US,D,20231101,000000,0.62,0.638,0.62,0.6222,6006,0
XCUR.US,D,20231102,000000,0.61,0.69,0.61,0.6405,13421,0
XCUR.US,D,20231103,000000,0.66,0.67,0.6,0.63,12883,0
XCUR.US,D,20231106,000000,0.66,0.66,0.6,0.6102,5265,0
XCUR.US,D,20231107,000000,0.6101,0.64,0.61,0.61,21826,0
XCUR.US,D,20231108,000000,0.61135,0.6222,0.5776,0.6111,19391,0
XCUR.US,D,20231109,000000,0.615,0.6499,0.57,0.6,16898,0
XCUR.US,D,20231110,000000,0.57,0.594,0.55,0.594,25851,0
XCUR.US,D,20231113,000000,0.57,0.5881,0.56,0.5881,5538,0
XCUR.US,D,20231114,000000,0.57,0.6114,0.57,0.57,10037,0
XCUR.US,D,20231115,000000,0.584251,0.59,0.57,0.57,9311,0
XCUR.US,D,20231116,000000,0.55,0.5747,0.55,0.565,9567,0
XCUR.US,D,20231117,000000,0.59,0.595,0.5551,0.59,20561,0
XCUR.US,D,20231120,000000,0.5596,0.5835,0.5555,0.5555,16679,0
XCUR.US,D,20231121,000000,0.5555,0.58,0.4398,0.494,29999,0
XCUR.US,D,20231122,000000,0.505,0.53,0.486,0.5,5776,0
XCUR.US,D,20231124,000000,0.5,0.53,0.5,0.5001,19419,0
XCUR.US,D,20231127,000000,0.549,0.549,0.49,0.506,20464,0
XCUR.US,D,20231128,000000,0.506,0.51,0.4933,0.5,26482,0
XCUR.US,D,20231129,000000,0.47,0.501,0.45,0.47,20231,0
XCUR.US,D,20231130,000000,0.4988,0.4988,0.4601,0.461,4043,0
XCUR.US,D,20231201,000000,0.478,0.478,0.46,0.4701,5699,0
XCUR.US,D,20231204,000000,0.4858,0.487981,0.3943,0.4,68225,0
XCUR.US,D,20231205,000000,0.4,0.4266,0.3681,0.37,28983,0
XCUR.US,D,20231206,000000,0.3729,0.4,0.37,0.38,17935,0
XCUR.US,D,20231207,000000,0.409,0.44,0.3647,0.402299,3612550,0
XCUR.US,D,20231208,000000,0.62,0.66,0.465,0.5173,24941156,0
XCUR.US,D,20231211,000000,0.4784,0.6639,0.4784,0.624,2277471,0
XCUR.US,D,20231212,000000,0.58,0.65,0.5641,0.64,923622,0
XCUR.US,D,20231213,000000,0.64,0.6599,0.5512,0.59,251505,0
XCUR.US,D,20231214,000000,0.62,0.62,0.553,0.58,169895,0
XCUR.US,D,20231215,000000,0.5892,0.77,0.53,0.5817,1505184,0
XCUR.US,D,20231218,000000,0.59,0.59,0.555,0.57,200551,0
XCUR.US,D,20231219,000000,0.5634,0.62,0.5568,0.62,87818,0
XCUR.US,D,20231220,000000,0.67,0.679,0.5918,0.622,92536,0
XCUR.US,D,20231221,000000,0.5851,0.63,0.5451,0.578,139455,0
XCUR.US,D,20231222,000000,0.5528,0.627,0.5528,0.627,114421,0
XCUR.US,D,20231226,000000,0.6944,0.6944,0.583,0.606521,103966,0
XCUR.US,D,20231227,000000,0.5928,0.6497,0.59,0.6438,32279,0
XCUR.US,D,20231228,000000,0.623761,0.632,0.5901,0.5901,49655,0
XCUR.US,D,20231229,000000,0.5863,0.62,0.58,0.5803,47357,0
XCUR.US,D,20240102,000000,0.5874,0.61,0.5739,0.5763,26679,0
XCUR.US,D,20240103,000000,0.6051,0.62,0.5625,0.606,41525,0
XCUR.US,D,20240104,000000,0.58,0.606,0.567,0.5958,19377,0
XCUR.US,D,20240105,000000,0.6079,0.6079,0.5701,0.5856,21053,0
XCUR.US,D,20240108,000000,0.57,0.6,0.5601,0.5601,27053,0
XCUR.US,D,20240109,000000,0.5794,0.630699,0.562,0.6201,6019067,0
XCUR.US,D,20240110,000000,0.7486,0.8,0.686,0.7835,8497212,0
XCUR.US,D,20240111,000000,0.685,0.8333,0.685,0.76,945640,0
XCUR.US,D,20240112,000000,0.72,0.86,0.72,0.835,594837,0
XCUR.US,D,20240116,000000,0.78,0.8115,0.6334,0.6624,252729,0
XCUR.US,D,20240117,000000,0.63,0.66,0.6202,0.643,66604,0
XCUR.US,D,20240118,000000,0.62,0.655,0.59,0.606,95770,0
XCUR.US,D,20240119,000000,0.6,0.62,0.58,0.6,74114,0
XCUR.US,D,20240122,000000,0.57,0.5899,0.56,0.561,59202,0
XCUR.US,D,20240123,000000,0.5681,0.5781,0.56,0.5601,20980,0
XCUR.US,D,20240124,000000,0.5601,0.58,0.54,0.5603,28842,0
XCUR.US,D,20240125,000000,0.547,0.556292,0.5202,0.533,39713,0
XCUR.US,D,20240126,000000,0.53,0.5487,0.525,0.5264,52090,0
XCUR.US,D,20240129,000000,0.52,0.548899,0.52,0.5482,11050,0
XCUR.US,D,20240130,000000,0.57,0.57,0.5376,0.5406,32575,0
XCUR.US,D,20240131,000000,0.5676,0.5676,0.5311,0.540449,10278,0
XCUR.US,D,20240201,000000,0.5338,0.5444,0.53,0.53985,23253,0
XCUR.US,D,20240202,000000,0.545,0.5677,0.5401,0.544,18454,0
XCUR.US,D,20240205,000000,0.55,0.56,0.54,0.5597,4040476,0
XCUR.US,D,20240206,000000,0.65,0.73,0.613,0.7141,6483379,0
XCUR.US,D,20240207,000000,0.6348,0.7848,0.61,0.6783,662220,0
XCUR.US,D,20240208,000000,0.59,0.604099,0.55,0.59,258057,0
XCUR.US,D,20240209,000000,0.5723,0.598899,0.57,0.59,42433,0
XCUR.US,D,20240212,000000,0.5949,0.6218,0.59,0.597,88631,0
XCUR.US,D,20240213,000000,0.59,0.597,0.57,0.592,40722,0
XCUR.US,D,20240214,000000,0.59,0.614999,0.5831,0.614,34474,0
XCUR.US,D,20240215,000000,0.59,0.614,0.59,0.61,24979,0
XCUR.US,D,20240216,000000,0.59635,0.617,0.5902,0.5978,29478,0
XCUR.US,D,20240220,000000,0.600001,0.61,0.5902,0.5903,15797,0
XCUR.US,D,20240221,000000,0.62,0.62,0.5807,0.5888,21616,0
XCUR.US,D,20240222,000000,0.6,0.61,0.58715,0.5927,29327,0
XCUR.US,D,20240223,000000,0.5927,0.72,0.59,0.61,129244,0
XCUR.US,D,20240226,000000,0.6003,0.6801,0.6,0.65,56669,0
XCUR.US,D,20240227,000000,0.6778,0.6778,0.616,0.62,44120,0
XCUR.US,D,20240228,000000,0.64,0.69,0.64,0.665,95687,0
XCUR.US,D,20240229,000000,0.66,0.7309,0.66,0.7101,60333,0
XCUR.US,D,20240301,000000,0.72,0.745,0.6674,0.744,87313,0
XCUR.US,D,20240304,000000,0.76,0.76,0.7,0.74,43256,0
XCUR.US,D,20240305,000000,0.793,0.793,0.7,0.7019,22138,0
XCUR.US,D,20240306,000000,0.7,0.743999,0.66,0.661,47183,0
XCUR.US,D,20240307,000000,0.653,0.7128,0.65,0.65,50971,0
XCUR.US,D,20240308,000000,0.64,0.6962,0.64,0.66,44565,0
XCUR.US,D,20240311,000000,0.65,0.6977,0.65,0.6765,20324,0
XCUR.US,D,20240312,000000,0.686,0.686,0.66,0.68,32212,0
XCUR.US,D,20240313,000000,0.67,0.6928,0.5214,0.6486,59901,0
XCUR.US,D,20240314,000000,0.635,0.648,0.58,0.611,16392,0
XCUR.US,D,20240315,000000,0.62,0.6576,0.61,0.657,30283,0
XCUR.US,D,20240318,000000,0.631,0.68,0.62,0.64,24807,0
XCUR.US,D,20240319,000000,0.64,0.659,0.601,0.614,24370,0
XCUR.US,D,20240320,000000,0.614,0.65,0.601,0.6261,21803,0
XCUR.US,D,20240321,000000,0.65,0.65,0.6132,0.623,7230,0
XCUR.US,D,20240322,000000,0.61,0.6286,0.5846,0.6286,13321,0
XCUR.US,D,20240325,000000,0.63,0.6495,0.6001,0.6286,9996,0
XCUR.US,D,20240326,000000,0.645,0.647,0.5846,0.6238,21400,0
XCUR.US,D,20240327,000000,0.6326,0.6326,0.5846,0.6176,22011,0
XCUR.US,D,20240328,000000,0.62,0.628,0.555,0.6015,34162,0
XCUR.US,D,20240401,000000,0.61,0.62,0.58,0.62,18290,0
XCUR.US,D,20240402,000000,0.6099,0.617,0.5799,0.6127,14997,0
XCUR.US,D,20240403,000000,0.596349,0.6127,0.55,0.56,31567,0
XCUR.US,D,20240404,000000,0.54,0.56,0.5,0.56,56248,0
XCUR.US,D,20240405,000000,0.56,0.56,0.53,0.5599,14893,0
XCUR.US,D,20240408,000000,0.542,0.593,0.54,0.5839,33114,0
XCUR.US,D,20240409,000000,0.565,0.6057,0.56,0.6,12927,0
XCUR.US,D,20240410,000000,0.61,0.61,0.580001,0.6055,5798,0
XCUR.US,D,20240411,000000,0.590851,0.6039,0.58,0.5878,7618,0
XCUR.US,D,20240412,000000,0.5878,0.6017,0.576,0.58,13028,0
XCUR.US,D,20240415,000000,0.597,0.6086,0.59,0.6084,12568,0
XCUR.US,D,20240416,000000,0.5949,0.728,0.58,0.635,476958,0
XCUR.US,D,20240417,000000,0.6159,0.6295,0.58,0.5975,31098,0
XCUR.US,D,20240418,000000,0.6,0.61,0.57,0.5788,23891,0
XCUR.US,D,20240419,000000,0.57,0.596,0.561,0.561,21705,0
XCUR.US,D,20240422,000000,0.56,0.572,0.535,0.5397,20107,0
XCUR.US,D,20240423,000000,0.525,0.5498,0.525,0.5403,7040,0
XCUR.US,D,20240424,000000,0.519,0.5481,0.507,0.515,18589,0
XCUR.US,D,20240425,000000,0.522,0.522,0.505,0.509,18698,0
XCUR.US,D,20240426,000000,0.500001,0.529,0.5,0.5001,28416,0
XCUR.US,D,20240429,000000,0.5038,0.52,0.5038,0.5146,8685,0
XCUR.US,D,20240430,000000,0.52,0.5275,0.5,0.516,7193,0
XCUR.US,D,20240501,000000,0.516,0.5345,0.51,0.51,4517,0
XCUR.US,D,20240502,000000,0.51495,0.51495,0.4977,0.501,25687,0
XCUR.US,D,20240503,000000,0.49,0.51,0.49,0.501,6709,0
XCUR.US,D,20240506,000000,0.4999,0.52,0.4902,0.497,8986,0
XCUR.US,D,20240507,000000,0.51,0.515,0.497,0.5,22466,0
XCUR.US,D,20240508,000000,0.525,0.525,0.4805,0.4805,20662,0
XCUR.US,D,20240509,000000,0.48,0.4805,0.461,0.46365,15990,0
XCUR.US,D,20240510,000000,0.47,0.4791,0.4505,0.4564,11378,0
XCUR.US,D,20240513,000000,0.4508,0.483,0.4508,0.483,2321,0
XCUR.US,D,20240514,000000,0.49,0.5,0.48,0.49,10592,0
XCUR.US,D,20240515,000000,0.528,0.528,0.49,0.5,4937,0
XCUR.US,D,20240516,000000,0.5,0.5282,0.5,0.519,11002,0
XCUR.US,D,20240517,000000,0.5065,0.508,0.4704,0.4955,34686,0
XCUR.US,D,20240520,000000,0.481,0.49,0.4577,0.4752,26803,0
XCUR.US,D,20240521,000000,0.47,0.4752,0.451,0.474,41786,0
XCUR.US,D,20240522,000000,0.4498,0.4789,0.4498,0.4651,20517,0
XCUR.US,D,20240523,000000,0.4789,0.4789,0.4325,0.448,21609,0
XCUR.US,D,20240524,000000,0.42,0.42,0.3,0.33,159350,0
XCUR.US,D,20240528,000000,0.4628,0.6371,0.357,0.360201,5656444,0
XCUR.US,D,20240529,000000,0.3151,0.4391,0.3151,0.4,696504,0
XCUR.US,D,20240530,000000,0.3804,0.3822,0.34,0.351,132440,0
XCUR.US,D,20240531,000000,0.3699,0.47,0.351,0.4442,341223,0
XCUR.US,D,20240603,000000,0.452,0.8549,0.42,0.541,8768012,0
XCUR.US,D,20240604,000000,0.5031,0.586,0.5,0.555,639179,0
XCUR.US,D,20240605,000000,0.519,0.54,0.4588,0.5,539429,0
XCUR.US,D,20240606,000000,0.4977,0.508006,0.4709,0.4735,66586,0
XCUR.US,D,20240607,000000,0.42,0.4397,0.3719,0.3961,199133,0
XCUR.US,D,20240610,000000,0.4017,0.4069,0.34,0.3414,212840,0
XCUR.US,D,20240611,000000,0.34,0.36,0.338999,0.348,123291,0
XCUR.US,D,20240612,000000,0.357,0.37,0.357,0.3699,47586,0
XCUR.US,D,20240613,000000,0.360099,0.360099,0.3352,0.3352,65913,0
XCUR.US,D,20240614,000000,0.3322,0.3501,0.3202,0.3302,118376,0
XCUR.US,D,20240617,000000,0.3492,0.3499,0.3003,0.3153,205109,0
XCUR.US,D,20240618,000000,0.3233,0.34,0.311,0.33,50791,0
XCUR.US,D,20240620,000000,0.3465,0.349735,0.32,0.32645,68470,0
XCUR.US,D,20240621,000000,0.324,0.34,0.324,0.34,22304,0
XCUR.US,D,20240624,000000,0.3363,0.3448,0.3214,0.3286,25848,0
XCUR.US,D,20240625,000000,0.3282,0.3396,0.3103,0.3152,23651,0
XCUR.US,D,20240626,000000,0.32,0.33,0.31,0.3142,19399,0
XCUR.US,D,20240627,000000,0.3199,0.3199,0.3003,0.3024,27955,0
XCUR.US,D,20240628,000000,0.31,0.32,0.31,0.32,23638,0
XCUR.US,D,20240701,000000,0.337,0.34,0.3111,0.3151,22689,0
XCUR.US,D,20240702,000000,0.3259,0.33,0.31,0.3102,9997,0
XCUR.US,D,20240703,000000,0.315,0.324,0.315,0.3152,1529,0
XCUR.US,D,20240705,000000,0.34,0.34,0.3,0.3013,38361,0
XCUR.US,D,20240708,000000,0.315,0.315,0.3025,0.3025,20824,0
XCUR.US,D,20240709,000000,0.3022,0.3062,0.3001,0.3003,21302,0
XCUR.US,D,20240710,000000,0.3001,0.32,0.3001,0.306,32070,0
XCUR.US,D,20240711,000000,0.3035,0.33,0.3011,0.3281,60015,0
XCUR.US,D,20240712,000000,0.3285,0.34,0.3201,0.3303,22706,0
XCUR.US,D,20240715,000000,0.36,0.36,0.3201,0.3263,63715,0
XCUR.US,D,20240716,000000,0.3233,0.3262,0.320651,0.3228,8656,0
XCUR.US,D,20240717,000000,0.3265,0.34,0.2914,0.309,39270,0
XCUR.US,D,20240718,000000,0.3104,0.3104,0.3,0.304,29398,0
XCUR.US,D,20240719,000000,0.3039,0.5806,0.295,0.5351,14023735,0
XCUR.US,D,20240722,000000,0.482,0.53355,0.39,0.4998,2405883,0
XCUR.US,D,20240723,000000,0.4027,0.489,0.3365,0.419,1220245,0
XCUR.US,D,20240724,000000,0.4,0.42,0.3807,0.3989,214596,0
XCUR.US,D,20240725,000000,0.425,0.95,0.39,0.5,26157262,0
XCUR.US,D,20240726,000000,0.4332,0.5775,0.4332,0.48,1056159,0
XCUR.US,D,20240729,000000,0.4816,0.51,0.41,0.4372,341719,0
XCUR.US,D,20240730,000000,0.4241,0.48,0.41,0.46,178140,0
XCUR.US,D,20240731,000000,0.4592,0.46,0.421,0.4381,47094,0
XCUR.US,D,20240801,000000,0.4381,0.54,0.43,0.4949,5044750,0
XCUR.US,D,20240802,000000,0.8008,0.935,0.6171,0.662,67358085,0
XCUR.US,D,20240805,000000,0.51,0.565,0.443,0.5099,2035664,0
XCUR.US,D,20240806,000000,0.4954,0.6424,0.4878,0.6365,1703475,0
XCUR.US,D,20240807,000000,0.572,0.583395,0.49,0.511,299211,0
XCUR.US,D,20240808,000000,0.5102,0.58,0.5,0.5441,224127,0
XCUR.US,D,20240809,000000,0.55,0.575,0.5105,0.5301,122431,0
XCUR.US,D,20240812,000000,0.535,0.5722,0.483,0.4996,164579,0
XCUR.US,D,20240813,000000,0.4994,0.51,0.48,0.4923,193397,0
XCUR.US,D,20240814,000000,0.4775,0.4901,0.3603,0.3664,452673,0
XCUR.US,D,20240815,000000,0.37,0.4,0.3603,0.3621,147971,0
XCUR.US,D,20240816,000000,0.365,0.37,0.351001,0.36,161245,0
XCUR.US,D,20240819,000000,0.3718,0.4099,0.3677,0.3954,171365,0
XCUR.US,D,20240820,000000,0.386,0.3899,0.3701,0.374,112213,0
XCUR.US,D,20240821,000000,0.3751,0.399386,0.375,0.3853,32971,0
XCUR.US,D,20240822,000000,0.3771,0.41,0.3771,0.3915,85976,0
XCUR.US,D,20240823,000000,0.405,0.42,0.405,0.42,106982,0
XCUR.US,D,20240826,000000,0.4107,0.4497,0.3754,0.38,429048,0
XCUR.US,D,20240827,000000,0.38,0.4,0.3101,0.3149,622948,0
XCUR.US,D,20240828,000000,1.62,2.62,1.52,2.21,7806999,0
XCUR.US,D,20240829,000000,1.98,2.13,1.72,1.87,462514,0
XCUR.US,D,20240830,000000,1.81,2.15,1.65,1.97,385846,0
XCUR.US,D,20240903,000000,1.88,2.1,1.86,1.9416,118021,0
XCUR.US,D,20240904,000000,1.89,1.92,1.7305,1.77,59132,0
XCUR.US,D,20240905,000000,1.72,2.09,1.72,1.87,247173,0
XCUR.US,D,20240906,000000,1.85,2.02,1.73,1.74,115165,0
XCUR.US,D,20240909,000000,1.73,1.773135,1.6508,1.73,33851,0
XCUR.US,D,20240910,000000,1.73,1.9299,1.72,1.78,52095,0
XCUR.US,D,20240911,000000,1.75,1.75,1.52,1.55,67208,0
XCUR.US,D,20240912,000000,1.53,1.67,1.52,1.53,108403,0
XCUR.US,D,20240913,000000,1.5,1.63,1.44,1.6,3858349,0
XCUR.US,D,20240916,000000,2.28,2.67,1.91,2.26,19071470,0
XCUR.US,D,20240917,000000,2.19,2.38,2.0714,2.21,1016457,0
XCUR.US,D,20240918,000000,2.11,2.65,2.1,2.29,9088862,0
XCUR.US,D,20240919,000000,5.64,6,3.4601,3.93,17935720,0
XCUR.US,D,20240920,000000,3.38,4.73,3.34,4.23,1178810,0
XCUR.US,D,20240923,000000,3.71,4.52,3.71,4.03,318305,0
XCUR.US,D,20240924,000000,3.76,4.0299,3.5701,3.7,186938,0
XCUR.US,D,20240925,000000,3.66,3.82,3.55,3.66,63166,0
XCUR.US,D,20240926,000000,3.59,4.01,3.58,3.81,132346,0
XCUR.US,D,20240927,000000,3.73,3.85,3.58,3.64,47915,0
XCUR.US,D,20240930,000000,3.64,3.74,3.45,3.47,125174,0
XCUR.US,D,20241001,000000,3.63,3.63,3.04,3.09,46466,0
XCUR.US,D,20241002,000000,3.08,3.1,2.7533,2.78,37189,0
XCUR.US,D,20241003,000000,2.67,2.92,2.67,2.77,69956,0
XCUR.US,D,20241004,000000,2.7,2.82,2.7,2.7,13446,0
XCUR.US,D,20241007,000000,2.67,3.19,2.65,2.82,76919,0
XCUR.US,D,20241008,000000,2.81,2.9308,2.6,2.6,23179,0
XCUR.US,D,20241009,000000,2.52,2.52,2.398,2.41,51208,0
XCUR.US,D,20241010,000000,2.41,2.6476,2.34,2.57,151806,0
XCUR.US,D,20241011,000000,2.54,2.69,2.53,2.68,54976,0
XCUR.US,D,20241014,000000,2.64,2.72,2.54,2.58,15643,0
XCUR.US,D,20241015,000000,2.58,3.87,2.15,2.25,2556603,0
XCUR.US,D,20241016,000000,2.24,3.02,2.1701,2.91,320662,0
XCUR.US,D,20241017,000000,2.95,2.98,2.7501,2.91,44702,0
XCUR.US,D,20241018,000000,2.9,2.9,2.5897,2.68,24445,0
XCUR.US,D,20241021,000000,2.68,2.7295,2.5594,2.62,18489,0
XCUR.US,D,20241022,000000,2.57,2.65,2.57,2.57,12814,0
XCUR.US,D,20241023,000000,2.58,2.58,2.36,2.43,15557,0
XCUR.US,D,20241024,000000,2.43,2.46,2.33,2.33,7102,0
XCUR.US,D,20241025,000000,2.38,2.45,2.34,2.37,8581,0
XCUR.US,D,20241028,000000,2.39,2.48,2.39,2.41,9767,0
XCUR.US,D,20241029,000000,2.44,2.6,2.4367,2.59,7960,0
