<TICKER>,<PER>,<DATE>,<TIME>,<OPEN>,<HIGH>,<LOW>,<CLOSE>,<VOL>,<OPENINT>
XHG.US,D,20191105,000000,3470,3800,3412,3528,1871.1,0
XHG.US,D,20191106,000000,3576,3655,3528,3615,187.95,0
XHG.US,D,20191107,000000,3634,3900,3634,3800,226.975,0
XHG.US,D,20191108,000000,3880,4087.6,3734,3810,152.2,0
XHG.US,D,20191111,000000,3832,3832,3536,3676,134.625,0
XHG.US,D,20191112,000000,3616,3741,3600,3628,47.275,0
XHG.US,D,20191113,000000,3592,3598,3202,3500,62.3,0
XHG.US,D,20191114,000000,3548,3548,3300,3300,33.575,0
XHG.US,D,20191115,000000,3362,3362,2706.68,2742.08,130.125,0
XHG.US,D,20191118,000000,2788,2994,2740,2812,71.2,0
XHG.US,D,20191119,000000,2740,2964,2740,2876,37.675,0
XHG.US,D,20191120,000000,2834,3000,2824,2898,63.175,0
XHG.US,D,20191121,000000,2880,3020,2880,3020,36.375,0
XHG.US,D,20191122,000000,3024,3024,2904,3010,49.25,0
XHG.US,D,20191125,000000,3000,3000,2865.92,2988,27.575,0
XHG.US,D,20191126,000000,3000,3000,2940,2996,19.475,0
XHG.US,D,20191127,000000,2965.92,3035.12,2965.92,3020,7.075,0
XHG.US,D,20191129,000000,2944,2944,2944,2944,4.2,0
XHG.US,D,20191202,000000,3022,3037.12,2938,3030,19.7,0
XHG.US,D,20191203,000000,3080,3200,2886.72,3160,62.2,0
XHG.US,D,20191204,000000,3160,3160,3042,3096,19.675,0
XHG.US,D,20191205,000000,3080,3104,2774.24,2896,36.6,0
XHG.US,D,20191206,000000,2860,2876,2800,2876,21.075,0
XHG.US,D,20191209,000000,2876,2878,2602,2696,169.725,0
XHG.US,D,20191210,000000,2676,2690,2664,2690,5.175,0
XHG.US,D,20191211,000000,2690,2690,2450,2620,32.4,0
XHG.US,D,20191212,000000,2596,2662,2085.84,2226,141.95,0
XHG.US,D,20191213,000000,2224,2224,1960,2188,28.525,0
XHG.US,D,20191216,000000,2250,2250,2000,2208,21.6,0
XHG.US,D,20191217,000000,2200,2200,2020,2142,37.7,0
XHG.US,D,20191218,000000,2062,2088,2004,2060,43.25,0
XHG.US,D,20191219,000000,2052,2144,2052,2144,14,0
XHG.US,D,20191220,000000,2140,2160,2034,2136,31.15,0
XHG.US,D,20191223,000000,2134,2330,2100,2200,119.475,0
XHG.US,D,20191224,000000,2102,2210,2102,2210,47.3,0
XHG.US,D,20191226,000000,2200,2253.8,2022,2032,165.325,0
XHG.US,D,20191227,000000,2188,2201.48,2140,2196,26.475,0
XHG.US,D,20191230,000000,2140,2163.12,2100,2100,11.375,0
XHG.US,D,20191231,000000,2100,2448,2097.08,2200,95.9,0
XHG.US,D,20200102,000000,2640,2640,2159.84,2264,39.225,0
XHG.US,D,20200103,000000,2378.4,2378.4,2192,2224,14.975,0
XHG.US,D,20200106,000000,2350,2500,2240,2328,29.475,0
XHG.US,D,20200107,000000,2296,2334,2144.88,2296,17.425,0
XHG.US,D,20200108,000000,2520,2520,2262,2490,26.7,0
XHG.US,D,20200109,000000,2310,2426,2284,2360,20.125,0
XHG.US,D,20200110,000000,2336,2398,2336,2398,8.225,0
XHG.US,D,20200113,000000,2360,2360,2214.96,2358,20.85,0
XHG.US,D,20200114,000000,2340,2340,2068.16,2218,17.55,0
XHG.US,D,20200115,000000,2212,2251,2140,2190,333.95,0
XHG.US,D,20200116,000000,2500,3070,2342,2498,258.05,0
XHG.US,D,20200117,000000,2480,2494,2400,2402,39.625,0
XHG.US,D,20200121,000000,2480,2530,2440,2500,70.1,0
XHG.US,D,20200122,000000,2500,2500,2444,2444,14.075,0
XHG.US,D,20200123,000000,2400,2478,2400,2400,61.575,0
XHG.US,D,20200124,000000,2406.8,2406.8,2406.8,2406.8,3.125,0
XHG.US,D,20200127,000000,2322,2350,2322,2350,2,0
XHG.US,D,20200128,000000,2500,2500,2450,2500,13.15,0
XHG.US,D,20200129,000000,2490,2490,2408,2490,12.6,0
XHG.US,D,20200130,000000,2460,2490,2460,2490,3.975,0
XHG.US,D,20200131,000000,2440.72,2450,2440,2440,6,0
XHG.US,D,20200203,000000,2500,2500,2497,2500,6,0
XHG.US,D,20200204,000000,2500,2500,2450,2500,6.475,0
XHG.US,D,20200205,000000,2448.44,2500,2448.44,2498,42.4,0
XHG.US,D,20200206,000000,2500,2510,2500,2510,22.35,0
XHG.US,D,20200207,000000,2486.32,2498.16,2400,2496,25.275,0
XHG.US,D,20200210,000000,2481.4,2482,2480,2482,6.975,0
XHG.US,D,20200211,000000,2482,2482,2482,2482,2.5,0
XHG.US,D,20200212,000000,2482,2482,2482,2482,2.4,0
XHG.US,D,20200214,000000,2480,2482,2480,2482,3.55,0
XHG.US,D,20200218,000000,2468.4,2482,2463.92,2482,7.8,0
XHG.US,D,20200219,000000,2460,2482,2460,2482,5.2,0
XHG.US,D,20200220,000000,2490,2490,2490,2490,1.625,0
XHG.US,D,20200224,000000,2450,2480,2406,2480,8.625,0
XHG.US,D,20200225,000000,2478,2480,2478,2480,6.95,0
XHG.US,D,20200226,000000,2420,2424,2334.8,2397.8,3.525,0
XHG.US,D,20200227,000000,2395.84,2395.84,2350,2350,9.575,0
XHG.US,D,20200302,000000,2350,2350,2350,2350,0.525,0
XHG.US,D,20200303,000000,2426,2500,2352,2352,5.95,0
XHG.US,D,20200305,000000,2352,2352,2352,2352,1.05,0
XHG.US,D,20200306,000000,2480,2480,2480,2480,3.15,0
XHG.US,D,20200309,000000,2399,2498,2300,2498,38.25,0
XHG.US,D,20200310,000000,2392.16,2478,2392.16,2478,1.825,0
XHG.US,D,20200312,000000,2410,2500,2300,2500,9.225,0
XHG.US,D,20200313,000000,2478,2478,2478,2478,3.25,0
XHG.US,D,20200316,000000,2460,2460,2460,2460,2.525,0
XHG.US,D,20200317,000000,2460,2460,2316.24,2460,4,0
XHG.US,D,20200318,000000,2500,2520,2500,2520,3.075,0
XHG.US,D,20200319,000000,2520,2520,2400,2520,2.725,0
XHG.US,D,20200320,000000,2520,2520,2520,2520,2.05,0
XHG.US,D,20200323,000000,2340,2390,2200,2296,5.5,0
XHG.US,D,20200324,000000,2290,2290,2290,2290,5.875,0
XHG.US,D,20200325,000000,2200,2200,2200,2200,1,0
XHG.US,D,20200327,000000,2500,2500,2500,2500,1.85,0
XHG.US,D,20200330,000000,2520,2520,2520,2520,3.9,0
XHG.US,D,20200331,000000,2520,2520,2520,2520,4.175,0
XHG.US,D,20200401,000000,2520,2520,2520,2520,2.15,0
XHG.US,D,20200402,000000,2520,2520,2520,2520,1.55,0
XHG.US,D,20200403,000000,2520,2520,2520,2520,1.925,0
XHG.US,D,20200406,000000,2500,2500,2500,2500,0.6,0
XHG.US,D,20200413,000000,2312.32,2500,2312.32,2500,3.225,0
XHG.US,D,20200414,000000,2500,2500,2500,2500,3.675,0
XHG.US,D,20200415,000000,2498,2498,2498,2498,3.15,0
XHG.US,D,20200416,000000,2498,2500,2316,2500,6.25,0
XHG.US,D,20200417,000000,2500,2500,2500,2500,1.825,0
XHG.US,D,20200420,000000,2480,2480,2480,2480,1.65,0
XHG.US,D,20200421,000000,2500,2520,2500,2520,4.45,0
XHG.US,D,20200422,000000,2500,2520,2500,2520,2.1,0
XHG.US,D,20200423,000000,2520,2520,2520,2520,1.875,0
XHG.US,D,20200427,000000,2520,2520,2520,2520,1.7,0
XHG.US,D,20200428,000000,2510,2510,2510,2510,1.5,0
XHG.US,D,20200430,000000,2510,2510,2510,2510,1.55,0
XHG.US,D,20200504,000000,2510,2510,2372.64,2372.64,5.95,0
XHG.US,D,20200505,000000,2520,2520,2520,2520,1.95,0
XHG.US,D,20200506,000000,2520,2520,2520,2520,2.2,0
XHG.US,D,20200507,000000,2520,2520,2520,2520,1.725,0
XHG.US,D,20200508,000000,2520,2520,2520,2520,2,0
XHG.US,D,20200511,000000,2520,2520,2520,2520,1.575,0
XHG.US,D,20200512,000000,2520,2520,2520,2520,1.725,0
XHG.US,D,20200518,000000,2520,2520,2520,2520,1.025,0
XHG.US,D,20200521,000000,2402,2402,2402,2402,1.15,0
XHG.US,D,20200522,000000,2400,2400,2400,2400,3.25,0
XHG.US,D,20200527,000000,2400,2400,2400,2400,1.075,0
XHG.US,D,20200528,000000,2400,2440,2400,2400,46.5,0
XHG.US,D,20200529,000000,2360,2376,2300,2300,14.5,0
XHG.US,D,20200601,000000,2306,2400,2300,2400,143.15,0
XHG.US,D,20200602,000000,2400,2402,2400,2400,102.225,0
XHG.US,D,20200603,000000,2402,2402,2398,2400,151.9,0
XHG.US,D,20200604,000000,2400,2400,2330.76,2330.76,106.5,0
XHG.US,D,20200605,000000,2400,2440,2400,2400,33.35,0
XHG.US,D,20200608,000000,2400,2400,2400,2400,2.775,0
XHG.US,D,20200609,000000,2400,2400,2394,2394,5.45,0
XHG.US,D,20200610,000000,2302,2312,2300,2300,31.925,0
XHG.US,D,20200615,000000,2124,2200,2124,2130,4.125,0
XHG.US,D,20200616,000000,2200,2200,2200,2200,3.525,0
XHG.US,D,20200617,000000,2200,2200,2200,2200,1.325,0
XHG.US,D,20200619,000000,2182,2182,2182,2182,0.525,0
XHG.US,D,20200622,000000,2012,2147.04,2012,2147.04,4,0
XHG.US,D,20200624,000000,2148,2148,2148,2148,2.8,0
XHG.US,D,20200625,000000,2118,2144,2030,2030,5.75,0
XHG.US,D,20200626,000000,1800,2200,1800,2057.52,6.75,0
XHG.US,D,20200629,000000,2200,2200,2115.36,2115.36,1.85,0
XHG.US,D,20200630,000000,2200,2200,2200,2200,1.275,0
XHG.US,D,20200701,000000,1854,2129.04,1854,2129.04,7.375,0
XHG.US,D,20200702,000000,2013,2014,1830,1886.96,7.075,0
XHG.US,D,20200706,000000,2120,2190,1936,2100.16,34.425,0
XHG.US,D,20200707,000000,2020,2020,1950,1987.4,11.225,0
XHG.US,D,20200708,000000,1902,1902,1860,1867,15.525,0
XHG.US,D,20200709,000000,2000,2000,1872,1923,10.175,0
XHG.US,D,20200710,000000,2000,2000,1982,2000,3.65,0
XHG.US,D,20200713,000000,2000,2146,1900,2146,16.85,0
XHG.US,D,20200714,000000,2136,2136,1900,2042.52,7.95,0
XHG.US,D,20200715,000000,2084,2084,1890,1900,69.425,0
XHG.US,D,20200716,000000,1874,1966,1720,1818.04,22.075,0
XHG.US,D,20200717,000000,1750,1887.96,1742,1790.72,36.55,0
XHG.US,D,20200720,000000,1902,1902,1792,1890,43.65,0
XHG.US,D,20200721,000000,1942,1942,1730,1840,81.875,0
XHG.US,D,20200722,000000,1854,1920,1836,1904,122.35,0
XHG.US,D,20200723,000000,2000,2000,1818,1842,116.35,0
XHG.US,D,20200724,000000,1838,1838,1774,1830,114.325,0
XHG.US,D,20200727,000000,1830,1834,1780,1818,131.3,0
XHG.US,D,20200728,000000,1822,1978,1820,1978,114.35,0
XHG.US,D,20200729,000000,1942,2020,1916,1966,113,0
XHG.US,D,20200730,000000,1932,1980,1808,1980,119.5,0
XHG.US,D,20200731,000000,2000,2000,1790,1999.84,121.9,0
XHG.US,D,20200803,000000,2044,2080,1900,2017.44,122.475,0
XHG.US,D,20200804,000000,2030,2166,1970,2000,156.65,0
XHG.US,D,20200805,000000,2010,2010,1862,1994,110.65,0
XHG.US,D,20200806,000000,2070,2070,1880,1956,107.875,0
XHG.US,D,20200807,000000,1906,1984,1906,1984,104.575,0
XHG.US,D,20200810,000000,1984,1984,1864,1932,103.6,0
XHG.US,D,20200811,000000,1944,1944,1706,1850,113.55,0
XHG.US,D,20200812,000000,1848,1848,1632,1804,103.425,0
XHG.US,D,20200813,000000,1878,1878,1878,1878,102.425,0
XHG.US,D,20200814,000000,1812,1906,1706,1800,117.05,0
XHG.US,D,20200817,000000,1900,1900,1756.72,1798,100.825,0
XHG.US,D,20200818,000000,1780,1798,1764,1794,101.1,0
XHG.US,D,20200819,000000,1794,1820,1740,1820,103.6,0
XHG.US,D,20200820,000000,1722,1819.28,1668.28,1794,102.325,0
XHG.US,D,20200821,000000,1790,1804,1704,1790,102.3,0
XHG.US,D,20200824,000000,1788,1820,1780,1820,101.075,0
XHG.US,D,20200825,000000,1808,1818,1808,1818,101.125,0
XHG.US,D,20200826,000000,1810,1818,1800,1816,103.65,0
XHG.US,D,20200831,000000,1806,1820,1700,1700,106.375,0
XHG.US,D,20200901,000000,1778,1778,1670,1758,102.725,0
XHG.US,D,20200902,000000,1758,1794,1704,1714,103.775,0
XHG.US,D,20200903,000000,1724,1744,1620,1678,104.875,0
XHG.US,D,20200904,000000,1690,1762,1670,1690,101.75,0
XHG.US,D,20200908,000000,1690,1690,1590,1638,105.175,0
XHG.US,D,20200909,000000,1638,1690,1604,1632,104.475,0
XHG.US,D,20200910,000000,1620,1620,1512,1540,99.45,0
XHG.US,D,20200911,000000,1548,1582,1494,1494,100.6,0
XHG.US,D,20200914,000000,1472,1522,1472,1500,9.325,0
XHG.US,D,20200918,000000,1480,1480,1450,1450,8,0
XHG.US,D,20200922,000000,1390,1390,1130,1233,56.575,0
XHG.US,D,20200923,000000,1208,1300,1208,1270,84.075,0
XHG.US,D,20200924,000000,1222,1260,1222,1259.44,76.625,0
XHG.US,D,20200925,000000,1214,1290,1214,1290,76.5,0
XHG.US,D,20200928,000000,1256,1256,1229.92,1229.92,78.625,0
XHG.US,D,20200929,000000,1255.48,1272,1253,1272,78.45,0
XHG.US,D,20200930,000000,1278,1291.36,1270,1286,77.975,0
XHG.US,D,20201001,000000,1286,1340,1258,1300,77.525,0
XHG.US,D,20201002,000000,1300,1336,1260,1308,77.2,0
XHG.US,D,20201005,000000,1310,1330,1292,1328.32,75.8,0
XHG.US,D,20201006,000000,1330,1350,1302,1331,76.425,0
XHG.US,D,20201007,000000,1308,1340,1236,1332,86.4,0
XHG.US,D,20201008,000000,1300,1318,1210,1280,81.925,0
XHG.US,D,20201009,000000,1220,1278,1220,1240,75.825,0
XHG.US,D,20201012,000000,1230,1236,1222,1236,82.05,0
XHG.US,D,20201013,000000,1236,1236,1186,1206,80.575,0
XHG.US,D,20201014,000000,1204,1204,994,1054,88.3,0
XHG.US,D,20201015,000000,1024,1030,952,952,90.15,0
XHG.US,D,20201016,000000,966,970,900,904,95.025,0
XHG.US,D,20201019,000000,891.2,920,891.2,920,77.575,0
XHG.US,D,20201020,000000,920,920,898,906,80.175,0
XHG.US,D,20201021,000000,820,894.96,820,890.2,12.05,0
XHG.US,D,20201022,000000,888,888,837,840,9.15,0
XHG.US,D,20201023,000000,840,840,824,831,39.225,0
XHG.US,D,20201026,000000,829.8,829.8,820,828,3.275,0
XHG.US,D,20201027,000000,856,860,854,854,3.575,0
XHG.US,D,20201028,000000,807.84,850,807.84,850,28.4,0
XHG.US,D,20201029,000000,806,850,806,850,2.05,0
XHG.US,D,20201030,000000,850,850,680,800,12.8,0
XHG.US,D,20201102,000000,728,728,728,728,0.975,0
XHG.US,D,20201104,000000,740,740,738,740,88.65,0
XHG.US,D,20201105,000000,708,719,666,708,10.425,0
XHG.US,D,20201106,000000,718,720,688,688,26.95,0
XHG.US,D,20201109,000000,700,700,670,670,43.5,0
XHG.US,D,20201110,000000,667.12,691,666,690.76,5.225,0
XHG.US,D,20201111,000000,698,698,677.44,677.44,4.575,0
XHG.US,D,20201112,000000,862,862,730.6,782.6,31.875,0
XHG.US,D,20201113,000000,808,808,766.68,788.72,20.15,0
XHG.US,D,20201116,000000,784,784,784,784,1.75,0
XHG.US,D,20201117,000000,755,755,740,740,10.1,0
XHG.US,D,20201118,000000,760,860,708,836,269.875,0
XHG.US,D,20201119,000000,869.4,869.4,764,764,43.575,0
XHG.US,D,20201120,000000,730,780,728.48,751.92,34.825,0
XHG.US,D,20201123,000000,763,764,706.88,740,55.85,0
XHG.US,D,20201124,000000,710,740,696,722,46.275,0
XHG.US,D,20201125,000000,732.08,812,709.28,740,126.75,0
XHG.US,D,20201127,000000,714,740,714,740,3.925,0
XHG.US,D,20201130,000000,736,736,682,682,33.025,0
XHG.US,D,20201201,000000,727.96,727.96,684,686,13.3,0
XHG.US,D,20201202,000000,688.84,688.84,688.84,688.84,3.75,0
XHG.US,D,20201203,000000,680,699,680,699,14.5,0
XHG.US,D,20201204,000000,740,1150,692,834.28,4278.075,0
XHG.US,D,20201207,000000,844,844,740,830,294.45,0
XHG.US,D,20201208,000000,828,884,800,810,429.025,0
XHG.US,D,20201209,000000,820,878,800,876,208.75,0
XHG.US,D,20201210,000000,878,878,839,876,73.325,0
XHG.US,D,20201211,000000,826,875.88,810,820,50.375,0
XHG.US,D,20201214,000000,786,806.2,780,780,26.9,0
XHG.US,D,20201215,000000,762,776.2,704,723,40.725,0
XHG.US,D,20201216,000000,702,732,700,700,125.875,0
XHG.US,D,20201217,000000,768,768,666,684,96.45,0
XHG.US,D,20201218,000000,702,716,664,684,130.75,0
XHG.US,D,20201221,000000,726,842,670,672,906.325,0
XHG.US,D,20201222,000000,746,746,560,644,549.9,0
XHG.US,D,20201223,000000,642,646,622,630,169.95,0
XHG.US,D,20201224,000000,668,668,580,597.96,159.6,0
XHG.US,D,20201228,000000,601.16,604,556,564,266.575,0
XHG.US,D,20201229,000000,552,598,540,558,456.475,0
XHG.US,D,20201230,000000,542,593.96,500,552,201.375,0
XHG.US,D,20201231,000000,560,560,510,538,125.775,0
XHG.US,D,20210104,000000,542.2,542.2,497.08,530,205.125,0
XHG.US,D,20210105,000000,528,544,510,528,153.35,0
XHG.US,D,20210106,000000,530,530,518,524,112.125,0
XHG.US,D,20210107,000000,520,545.6,510,522,603.275,0
XHG.US,D,20210108,000000,558,580,515,532,782.625,0
XHG.US,D,20210111,000000,530,532,526,530,185.475,0
XHG.US,D,20210112,000000,524,538,516,530,921.3,0
XHG.US,D,20210113,000000,546,574,520,566,1333.025,0
XHG.US,D,20210114,000000,568,568,530,542,638.7,0
XHG.US,D,20210115,000000,560,560,514,530,886.775,0
XHG.US,D,20210119,000000,530,530,464,492,1027.275,0
XHG.US,D,20210120,000000,490,492,452,472,1050.625,0
XHG.US,D,20210121,000000,490,538,456,526,2169.2,0
XHG.US,D,20210122,000000,530,530,490,520,923.5,0
XHG.US,D,20210125,000000,540,638,528,554,4977,0
XHG.US,D,20210126,000000,600,734,556,720,7592.45,0
XHG.US,D,20210127,000000,660,676,614,638,2772.375,0
XHG.US,D,20210128,000000,638,638,568,578,1104.8,0
XHG.US,D,20210129,000000,584,598,540,546,1015.275,0
XHG.US,D,20210201,000000,556,614,520,604,1634.45,0
XHG.US,D,20210202,000000,606,606,562.2,576,451.825,0
XHG.US,D,20210203,000000,590,651.04,564,622,1458.525,0
XHG.US,D,20210204,000000,625.6,648.72,622,628,774.275,0
XHG.US,D,20210205,000000,658,690,640,664,2016.475,0
XHG.US,D,20210208,000000,700,786,700,774,2070.35,0
XHG.US,D,20210209,000000,774,796,722,750,1150.95,0
XHG.US,D,20210210,000000,776,790,680,728.08,1653.15,0
XHG.US,D,20210211,000000,742,760,706,732,821.975,0
XHG.US,D,20210212,000000,748,748,700,746,236.175,0
XHG.US,D,20210216,000000,766,768,702,724,796.175,0
XHG.US,D,20210217,000000,732,738,640,660,912.05,0
XHG.US,D,20210218,000000,718,718,606,606,821.725,0
XHG.US,D,20210219,000000,616,659.28,594,628,559.225,0
XHG.US,D,20210222,000000,624,638,600,622,557.2,0
XHG.US,D,20210223,000000,598,598,540,574,692.45,0
XHG.US,D,20210224,000000,570,598,570,592,392.925,0
XHG.US,D,20210225,000000,604,604,540,554,257.1,0
XHG.US,D,20210226,000000,548,576,510,518,383.725,0
XHG.US,D,20210301,000000,532,569.2,516,526,337.1,0
XHG.US,D,20210302,000000,550,550,510,520,150.2,0
XHG.US,D,20210303,000000,516,520,487.08,488,228.3,0
XHG.US,D,20210304,000000,488,500,452,472,630.8,0
XHG.US,D,20210305,000000,477.84,498,426,496,503.925,0
XHG.US,D,20210308,000000,500,514,473.88,498,113.375,0
XHG.US,D,20210309,000000,536,540,482,534,458.3,0
XHG.US,D,20210310,000000,550,552,523.04,550,522,0
XHG.US,D,20210311,000000,560,596,542.4,588,525.625,0
XHG.US,D,20210312,000000,586,620,546.28,604,701.075,0
XHG.US,D,20210315,000000,618,620,572,590,334.725,0
XHG.US,D,20210316,000000,572,610,570,582,262.75,0
XHG.US,D,20210317,000000,578,630,578,622,315.375,0
XHG.US,D,20210318,000000,602,641.6,582,592,196.375,0
XHG.US,D,20210319,000000,584,628,582,614,124.925,0
XHG.US,D,20210322,000000,614,614,592,596,157.6,0
XHG.US,D,20210323,000000,590,591.28,530,555,198.275,0
XHG.US,D,20210324,000000,556,568,520,520,91.125,0
XHG.US,D,20210325,000000,524,526,502,502,131.025,0
XHG.US,D,20210326,000000,524,542,486.32,534,220.625,0
XHG.US,D,20210329,000000,560,593.44,524,530,436.45,0
XHG.US,D,20210330,000000,510,529.72,506,526,88.325,0
XHG.US,D,20210331,000000,530.12,542,508,520,58.5,0
XHG.US,D,20210401,000000,527,527,512,520,43.675,0
XHG.US,D,20210405,000000,544,544,508,522,64.225,0
XHG.US,D,20210406,000000,506,528,502,508,95.575,0
XHG.US,D,20210407,000000,514,580,502,534,1242.075,0
XHG.US,D,20210408,000000,522,526,492,506,216.4,0
XHG.US,D,20210409,000000,500,500,484.56,494,67.725,0
XHG.US,D,20210412,000000,512,512,456,456,136.8,0
XHG.US,D,20210413,000000,458,458,436,450,51.325,0
XHG.US,D,20210414,000000,444,450.32,444,444,92.025,0
XHG.US,D,20210415,000000,444,444,422,424,64.525,0
XHG.US,D,20210416,000000,426.48,426.48,378,402,233.15,0
XHG.US,D,20210419,000000,418,448,418,438,136.3,0
XHG.US,D,20210420,000000,432,434,406,410,74,0
XHG.US,D,20210421,000000,407.36,412,400,402,169.45,0
XHG.US,D,20210422,000000,408,408,396,398,108.075,0
XHG.US,D,20210423,000000,400,420,396.4,420,86.6,0
XHG.US,D,20210426,000000,418,418,406,410,87.225,0
XHG.US,D,20210427,000000,416,416,402,410,154.2,0
XHG.US,D,20210428,000000,418,418,400,406,113.825,0
XHG.US,D,20210429,000000,406,414,396,398,120.975,0
XHG.US,D,20210430,000000,384,405,384,398,67.5,0
XHG.US,D,20210503,000000,402,402,394,396,34.45,0
XHG.US,D,20210504,000000,392,394,380,388,88.375,0
XHG.US,D,20210505,000000,386,400,384,400,117.175,0
XHG.US,D,20210506,000000,390,398,378,388,83.575,0
XHG.US,D,20210507,000000,398,398,382,386,15.675,0
XHG.US,D,20210510,000000,382,385.48,350,350,110.375,0
XHG.US,D,20210511,000000,340,360,324,358,66.25,0
XHG.US,D,20210512,000000,344,368,330,336,135.275,0
XHG.US,D,20210513,000000,328,336.6,300,300,220.625,0
XHG.US,D,20210514,000000,298,314,292,300,263.1,0
XHG.US,D,20210517,000000,304,308.08,242,262,1759.7,0
XHG.US,D,20210518,000000,264,280,254,278,2607.6,0
XHG.US,D,20210519,000000,268,296,248,258.02,949.775,0
XHG.US,D,20210520,000000,274,274,242,248,854.675,0
XHG.US,D,20210521,000000,258,286,236.56,254,1520,0
XHG.US,D,20210524,000000,262,266,238,242,705.875,0
XHG.US,D,20210525,000000,248,248,212,228,1937.975,0
XHG.US,D,20210526,000000,230,230,212,216,1896.8,0
XHG.US,D,20210527,000000,222,224,202,214,3477.25,0
XHG.US,D,20210528,000000,214,220,198,206,2498.675,0
XHG.US,D,20210601,000000,204,204,194,198.36,3729.8,0
XHG.US,D,20210602,000000,200,258,200,244,22016.075,0
XHG.US,D,20210603,000000,234,310,230,300,15625.25,0
XHG.US,D,20210604,000000,338,378,292,336,26716.35,0
XHG.US,D,20210607,000000,322,338.02,312,338,3989.175,0
XHG.US,D,20210608,000000,324,344,302,314,4034.375,0
XHG.US,D,20210609,000000,314,370,312,362,8396.425,0
XHG.US,D,20210610,000000,330,420,322,390,16683.675,0
XHG.US,D,20210611,000000,390,392,344,362,5836.9,0
XHG.US,D,20210614,000000,366,368,306.16,334,6519.15,0
XHG.US,D,20210615,000000,324,330,302,308,4784.25,0
XHG.US,D,20210616,000000,308,320,270,278,8530.25,0
XHG.US,D,20210617,000000,278,290,250.86,262,8836.925,0
XHG.US,D,20210618,000000,256,266,244,256,4191.9,0
XHG.US,D,20210621,000000,240,270,240,262,8065.55,0
XHG.US,D,20210622,000000,268,316,268,296,7524.375,0
XHG.US,D,20210623,000000,296,312,290,300,4218.525,0
XHG.US,D,20210624,000000,302,330,302,328,5870.8,0
XHG.US,D,20210625,000000,328,358,292,304,4858.6,0
XHG.US,D,20210628,000000,312,318,294,296,1783.475,0
XHG.US,D,20210629,000000,296,302,280.92,292,2603.25,0
XHG.US,D,20210630,000000,286,290,280,282,960.45,0
XHG.US,D,20210701,000000,290,290,250,270,5658.35,0
XHG.US,D,20210702,000000,282,284,262,282,1884.625,0
XHG.US,D,20210706,000000,270,280,254,262,1374.625,0
XHG.US,D,20210707,000000,266,270,246,254,1039.25,0
XHG.US,D,20210708,000000,242,250,240,242,1765.15,0
XHG.US,D,20210709,000000,250,268,242,268,793.6,0
XHG.US,D,20210712,000000,264,272,254,258,424.2,0
XHG.US,D,20210713,000000,256,259.98,222,224,2859.325,0
XHG.US,D,20210714,000000,230,230.38,212,212,1692.15,0
XHG.US,D,20210715,000000,214,226,204,206,1487.575,0
XHG.US,D,20210716,000000,214,232,204,228,1820.125,0
XHG.US,D,20210719,000000,222,226,202,226,1291.55,0
XHG.US,D,20210720,000000,220,226,210,222,922.75,0
XHG.US,D,20210721,000000,218,232,216,230,574.075,0
XHG.US,D,20210722,000000,230,234,220,220,677.45,0
XHG.US,D,20210723,000000,224,226,200,200,2026.4,0
XHG.US,D,20210726,000000,206,220,196,218,1906.775,0
XHG.US,D,20210727,000000,208,221.4,204,218,988.625,0
XHG.US,D,20210728,000000,216,224,204,218,335.375,0
XHG.US,D,20210729,000000,218,234,218,230,1332.95,0
XHG.US,D,20210730,000000,230,268,227.64,256,3187.6,0
XHG.US,D,20210802,000000,252,254,218,226,1390.3,0
XHG.US,D,20210803,000000,222,234,218,228,284.45,0
XHG.US,D,20210804,000000,222,228,210,210,644.925,0
XHG.US,D,20210805,000000,212,220,212,218,283.1,0
XHG.US,D,20210806,000000,212,220,212,215.98,249.475,0
XHG.US,D,20210809,000000,216,230,216,216,216.95,0
XHG.US,D,20210810,000000,220,224.12,210,212,235.025,0
XHG.US,D,20210811,000000,218,218,208,210,290.15,0
XHG.US,D,20210812,000000,204,212,200,210,634.575,0
XHG.US,D,20210813,000000,210,210,202,202,1157.225,0
XHG.US,D,20210816,000000,202,206.6,182,191.86,744.55,0
XHG.US,D,20210817,000000,190,190,162.02,165,1730.925,0
XHG.US,D,20210818,000000,162,170,152,165.64,845.55,0
XHG.US,D,20210819,000000,156.7,166.98,130,140,1731.65,0
XHG.US,D,20210820,000000,136,149.98,136,141.34,1150.55,0
XHG.US,D,20210823,000000,152,155.92,142.46,142.46,885.775,0
XHG.US,D,20210824,000000,148.12,158,144,157.58,2460.875,0
XHG.US,D,20210825,000000,152,159.96,150.2,156.58,603.125,0
XHG.US,D,20210826,000000,153.76,156.7,150,153.204,436.525,0
XHG.US,D,20210827,000000,156,161.24,150.08,157,779.225,0
XHG.US,D,20210830,000000,160,161.64,151.02,155.86,566.9,0
XHG.US,D,20210831,000000,160,161.76,148.12,154.22,843.575,0
XHG.US,D,20210901,000000,157,168.98,157,165.38,608.575,0
XHG.US,D,20210902,000000,170.6,176,160,169.06,370,0
XHG.US,D,20210903,000000,169.06,170.1,163,169.78,520.15,0
XHG.US,D,20210907,000000,177.94,179,158.04,162.98,657.625,0
XHG.US,D,20210908,000000,158.42,162.96,144,147.76,615.875,0
XHG.US,D,20210909,000000,148,154,146,149.96,477.1,0
XHG.US,D,20210910,000000,151,152,142,147.94,826.7,0
XHG.US,D,20210913,000000,142.96,147.5,130.04,135.12,944.5,0
XHG.US,D,20210914,000000,138,138,130,131.24,584.15,0
XHG.US,D,20210915,000000,140,140,120,126,763.55,0
XHG.US,D,20210916,000000,116.28,133.98,105.3,132,2585.725,0
XHG.US,D,20210917,000000,125.22,131.88,117.22,125.96,530.6,0
XHG.US,D,20210920,000000,120,125.96,117.14,124.9,596.775,0
XHG.US,D,20210921,000000,120,130,120,126.02,235.825,0
XHG.US,D,20210922,000000,128.52,135.98,125.02,129.58,415,0
XHG.US,D,20210923,000000,128,135.98,126.02,135.78,394.4,0
XHG.US,D,20210924,000000,130,142,130,142,368.475,0
XHG.US,D,20210927,000000,142,147,133.34,140.58,144.075,0
XHG.US,D,20210928,000000,140,146,138.6,138.92,487.075,0
XHG.US,D,20210929,000000,142.5,146,124.2,125.68,337.7,0
XHG.US,D,20210930,000000,130,140,128,134,548,0
XHG.US,D,20211001,000000,134,138,129.02,138,584.7,0
XHG.US,D,20211004,000000,140,140,120,126.38,416.425,0
XHG.US,D,20211005,000000,126.38,141.98,126.38,132.02,164.575,0
XHG.US,D,20211006,000000,132,132,128,131.98,91.825,0
XHG.US,D,20211007,000000,132,160,131.08,154,4309.3,0
XHG.US,D,20211008,000000,156,158,141,150.02,1460.025,0
XHG.US,D,20211011,000000,144.22,155.4,132.06,138.54,800.95,0
XHG.US,D,20211012,000000,139.8,149.96,137.02,144,430.95,0
XHG.US,D,20211013,000000,144.14,152.32,140,150,605.075,0
XHG.US,D,20211014,000000,158,162,144,146.98,569.575,0
XHG.US,D,20211015,000000,139.38,156,139.38,154,435.25,0
XHG.US,D,20211018,000000,156,172,148.98,166.56,1837.375,0
XHG.US,D,20211019,000000,172,179.8,170,178.32,1136.675,0
XHG.US,D,20211020,000000,178.32,180,170,179.92,500.35,0
XHG.US,D,20211021,000000,180,180,161.3,169.08,394.025,0
XHG.US,D,20211022,000000,156,166,152,165.5,503.725,0
XHG.US,D,20211025,000000,158,164,153.02,157.4,335,0
XHG.US,D,20211026,000000,161.7,180,154,169.52,1434.3,0
XHG.US,D,20211027,000000,170,204,170,173.8,3075.8,0
XHG.US,D,20211028,000000,169.52,183.94,169.52,177.44,419.95,0
XHG.US,D,20211029,000000,172,177.96,156,159.22,546.6,0
XHG.US,D,20211101,000000,162,170,150,155.6,671.525,0
XHG.US,D,20211102,000000,154,160,142.6,154,729.2,0
XHG.US,D,20211103,000000,148,150,140,141.94,754.875,0
XHG.US,D,20211104,000000,141.6,145.16,140,140.2,381.325,0
XHG.US,D,20211105,000000,140,149,135.88,146,1328.1,0
XHG.US,D,20211108,000000,146.98,149,140,148,420.675,0
XHG.US,D,20211109,000000,144.02,154,143.52,146,842.45,0
XHG.US,D,20211110,000000,143.32,148,140,140,401.85,0
XHG.US,D,20211111,000000,144,144,140,140,342.325,0
XHG.US,D,20211112,000000,144,151.18,140,150,742.85,0
XHG.US,D,20211115,000000,150,150,142.26,147.904,529.25,0
XHG.US,D,20211116,000000,147.72,156,141,149.94,738.975,0
XHG.US,D,20211117,000000,146.22,150,140.04,143.98,382.625,0
XHG.US,D,20211118,000000,141.54,141.98,126,129.98,767.6,0
XHG.US,D,20211119,000000,134,134,120,124,416.825,0
XHG.US,D,20211122,000000,124.9,125,110,110,1034.6,0
XHG.US,D,20211123,000000,108,129.94,108,111.06,2613.375,0
XHG.US,D,20211124,000000,110.4,112.98,109.02,110,1329.825,0
XHG.US,D,20211126,000000,113.6,116,98.82,102,806.1,0
XHG.US,D,20211129,000000,107.1,114,92.4,94,970.725,0
XHG.US,D,20211130,000000,90,92,81.06,84,1597.55,0
XHG.US,D,20211201,000000,92.38,98,83.78,83.8,1416.6,0
XHG.US,D,20211202,000000,90.6,96,84,86,1199.15,0
XHG.US,D,20211203,000000,89.9,89.9,66.6,69.6,3044.4,0
XHG.US,D,20211206,000000,53.64,88,53.64,87.96,972.4,0
XHG.US,D,20211207,000000,88.6,92,80.3,89.96,600.275,0
XHG.US,D,20211208,000000,116,116,88.36,92.68,699.375,0
XHG.US,D,20211209,000000,92,95.98,84,88,774.225,0
XHG.US,D,20211210,000000,92,92,80,90.8,2090.3,0
XHG.US,D,20211213,000000,96.64,96.64,76.4,80,315.85,0
XHG.US,D,20211214,000000,78,98,78,82,453.075,0
XHG.US,D,20211215,000000,86.1,110,80,92,2237.225,0
XHG.US,D,20211216,000000,96.6,96.6,84.1,90,363.65,0
XHG.US,D,20211217,000000,92,96,84.4,90,414.05,0
XHG.US,D,20211220,000000,86.5,93.76,78.2,82.66,989.575,0
XHG.US,D,20211221,000000,83.8,88,82.02,85,336.3,0
XHG.US,D,20211222,000000,85.98,90,79.92,90,740.775,0
XHG.US,D,20211223,000000,90,91.4,82,90,223.625,0
XHG.US,D,20211227,000000,90.1,100,82,90.02,683.375,0
XHG.US,D,20211228,000000,90.7,96,86,96,1563.875,0
XHG.US,D,20211229,000000,90,128,88.22,106,2599.4,0
XHG.US,D,20211230,000000,110,116.04,94.22,116.04,1656.6,0
XHG.US,D,20211231,000000,120,120,104,110.98,672.1,0
XHG.US,D,20220103,000000,106,110,89.04,100.8,507.3,0
XHG.US,D,20220104,000000,100,124,90,114,5013.3,0
XHG.US,D,20220105,000000,110,118.82,102.048,106.58,767.425,0
XHG.US,D,20220106,000000,112,112,100.32,103.58,477.825,0
XHG.US,D,20220107,000000,98,112,98,105.28,697.175,0
XHG.US,D,20220110,000000,100,110.26,83.2,100,759.4,0
XHG.US,D,20220111,000000,98.02,103.7,92,101.76,383.375,0
XHG.US,D,20220112,000000,98.4,100.8,78,95.5,987.975,0
XHG.US,D,20220113,000000,95,96,88.08,92.92,533.25,0
XHG.US,D,20220114,000000,88,90,84,89.46,284.675,0
XHG.US,D,20220118,000000,90.3,110,90.3,100,3284.625,0
XHG.US,D,20220119,000000,105.14,105.14,94.1,98.02,184.175,0
XHG.US,D,20220120,000000,102,102,87.18,93.26,420.4,0
XHG.US,D,20220121,000000,92.6,94.6,85,85.02,538.275,0
XHG.US,D,20220124,000000,84.04,103.98,78.4,90,1763.275,0
XHG.US,D,20220125,000000,91.8,95.404,82,90,480.075,0
XHG.US,D,20220126,000000,92.8,108,90,90,604.575,0
XHG.US,D,20220127,000000,92,100,80,82,578.7,0
XHG.US,D,20220128,000000,87.2,94,84,90.32,147.325,0
XHG.US,D,20220131,000000,86,100,86,98,570.975,0
XHG.US,D,20220201,000000,98,111,98,98.1,251.9,0
XHG.US,D,20220202,000000,104,106,98.32,98.42,39.725,0
XHG.US,D,20220203,000000,98.1,106,98,98,208.5,0
XHG.US,D,20220204,000000,100,106,98.44,100.62,68.525,0
XHG.US,D,20220207,000000,100,106,90.6,92.22,255.2,0
XHG.US,D,20220208,000000,92,97.02,92,94.62,136.075,0
XHG.US,D,20220209,000000,92.22,106,92,94.08,530.875,0
XHG.US,D,20220210,000000,94.08,97.04,88.24,88.64,311.925,0
XHG.US,D,20220211,000000,90,93.8,88,88,216.85,0
XHG.US,D,20220214,000000,91.46,91.46,86.74,87.02,135.025,0
XHG.US,D,20220215,000000,86.04,94,84.1,87.2,332.75,0
XHG.US,D,20220216,000000,96,99.8,88,92.02,323.275,0
XHG.US,D,20220217,000000,96,96,90,90.2,109.025,0
XHG.US,D,20220218,000000,88.3,89.96,86.62,86.62,67.7,0
XHG.US,D,20220222,000000,86.66,89.96,85.44,89.96,527.8,0
XHG.US,D,20220223,000000,76.04,86.3,76.04,83.28,501.525,0
XHG.US,D,20220224,000000,82.04,82.04,66,77.98,252.85,0
XHG.US,D,20220225,000000,75.18,79.94,74.08,75.98,61.475,0
XHG.US,D,20220228,000000,72,72,53.6,57.26,1627.8,0
XHG.US,D,20220301,000000,58,63.76,56.04,62,605.825,0
XHG.US,D,20220302,000000,62,69.96,59.6,62.6,1182.25,0
XHG.US,D,20220303,000000,59.22,65.8,59.22,60,649.95,0
XHG.US,D,20220304,000000,60.62,65.26,56.02,65.02,966.475,0
XHG.US,D,20220307,000000,57.6,64,44.404,48.4,1811.525,0
XHG.US,D,20220308,000000,48,48.4,43.56,46.4,833.875,0
XHG.US,D,20220309,000000,43.6,64.8,43.6,52,2251.725,0
XHG.US,D,20220310,000000,57.68,57.68,46,48.4,1223.95,0
XHG.US,D,20220311,000000,55.6,55.6,48.4,49.2,239.225,0
XHG.US,D,20220314,000000,50,72.4,50,67.68,8371.925,0
XHG.US,D,20220315,000000,65.6,70.864,58,67.2,7112.375,0
XHG.US,D,20220316,000000,69.6,87.6,62.8,72.8,10280.975,0
XHG.US,D,20220317,000000,72,75.2,65.6,65.6,2342.5,0
XHG.US,D,20220318,000000,64.4,68.4,63.6,67.6,1446.65,0
XHG.US,D,20220321,000000,67.176,67.96,57.2,57.6,847.55,0
XHG.US,D,20220322,000000,56.804,90.624,56.804,87.6,23193.125,0
XHG.US,D,20220323,000000,86,114,72.8,73.6,97088.825,0
XHG.US,D,20220324,000000,74,106.4,66.048,83.2,52425.175,0
XHG.US,D,20220325,000000,78.4,80.4,72,72.8,4298.875,0
XHG.US,D,20220328,000000,72,74.36,64.4,65.2,4161.4,0
XHG.US,D,20220329,000000,62.8,76,62.8,72.8,15170.425,0
XHG.US,D,20220330,000000,72,74.8,66.4,67.2,1818.925,0
XHG.US,D,20220331,000000,68.4,70.4,58.004,59.6,2443.75,0
XHG.US,D,20220401,000000,62.8,65.6,56,58.4,14538.375,0
XHG.US,D,20220404,000000,60.4,63.52,57.2,58.4,3183.3,0
XHG.US,D,20220405,000000,58.8,58.8,52,54.8,1925.1,0
XHG.US,D,20220406,000000,53.2,64.8,50.8,60.4,11312.2,0
XHG.US,D,20220407,000000,63.2,64.2,47.2,54.4,12710.325,0
XHG.US,D,20220408,000000,52.8,59.196,50.4,51.6,2704.725,0
XHG.US,D,20220411,000000,53,53.98,46.068,49.2,2413.3,0
XHG.US,D,20220412,000000,50.4,50.4,40.4,41.2,2750.4,0
XHG.US,D,20220413,000000,39.204,45.6,38.8,40,3285.025,0
XHG.US,D,20220414,000000,40,40.96,36.42,38.216,1005.8,0
XHG.US,D,20220418,000000,40,40,37.2,38.392,850.275,0
XHG.US,D,20220419,000000,38.2,46.396,36,42.4,6976.125,0
XHG.US,D,20220420,000000,40.8,48,40.404,45.2,9212.125,0
XHG.US,D,20220421,000000,44,50.4,43.6,46.8,8316.35,0
XHG.US,D,20220422,000000,46,46,40,41.2,2603.35,0
XHG.US,D,20220425,000000,37.2,41.6,37.2,39.2,7085.9,0
XHG.US,D,20220426,000000,50.8,51.6,40.8,47.2,172710.675,0
XHG.US,D,20220427,000000,42,44.8,34.4,35.2,17660.725,0
XHG.US,D,20220428,000000,36.8,39.2,27.756,32.8,12559.25,0
XHG.US,D,20220429,000000,36,36,30.064,31.2,3751.575,0
XHG.US,D,20220502,000000,29.604,32.872,29.6,32,1919.25,0
XHG.US,D,20220503,000000,34.084,36.2,28.4,35.396,11076.975,0
XHG.US,D,20220504,000000,33.6,38,33.6,38,2754.975,0
XHG.US,D,20220505,000000,37.996,38.38,32.084,33.2,4883.775,0
XHG.US,D,20220506,000000,31.2,35.092,31.2,34.24,1234.4,0
XHG.US,D,20220509,000000,32,32.324,30.404,32.324,515.025,0
XHG.US,D,20220510,000000,30.82,38,28.952,32,8723.25,0
XHG.US,D,20220511,000000,30.132,31.5,25.6,27.356,1552.325,0
XHG.US,D,20220512,000000,26.54,30,24.04,27.4,5112.275,0
XHG.US,D,20220513,000000,28.552,34.4,26.048,26.4,2147.25,0
XHG.US,D,20220516,000000,29.6,32.636,26.408,29.832,3552.825,0
XHG.US,D,20220517,000000,30.732,30.8,27.6,30.6,1280.625,0
XHG.US,D,20220518,000000,27.54,31.64,26.008,28.988,407.6,0
XHG.US,D,20220519,000000,27.36,31.6,27.36,28.4,1147.825,0
XHG.US,D,20220520,000000,28,30.4,28,28.008,347.975,0
XHG.US,D,20220523,000000,28,28.8,27.62,28.2,478.75,0
XHG.US,D,20220524,000000,28.072,32.604,26.44,31.004,3361.025,0
XHG.US,D,20220525,000000,29.488,49.2,29.416,40.8,27916.875,0
XHG.US,D,20220526,000000,36.396,38.4,36.004,37.512,1478.45,0
XHG.US,D,20220527,000000,38.72,40.804,32.84,40.4,1650.975,0
XHG.US,D,20220531,000000,44,44,37.2,41.2,782.225,0
XHG.US,D,20220601,000000,44,44,36.408,37.228,867.95,0
XHG.US,D,20220602,000000,37.228,41.6,36.8,41.2,376.775,0
XHG.US,D,20220603,000000,40.8,51.196,38.8,45.6,2714.9,0
XHG.US,D,20220606,000000,51.6,51.6,48,48.916,1629.1,0
XHG.US,D,20220607,000000,51.2,52,40,50.4,2758.75,0
XHG.US,D,20220608,000000,44.4,60.108,44,51.6,10590.55,0
XHG.US,D,20220609,000000,54.2,60.8,48.8,56,3759.7,0
XHG.US,D,20220610,000000,56,58.636,50.86,52.8,1314.525,0
XHG.US,D,20220613,000000,44,57.2,44,53.6,1375.825,0
XHG.US,D,20220614,000000,52.4,58.4,48.804,56.4,723.45,0
XHG.US,D,20220615,000000,59.2,62.4,49.2,58.148,1167.425,0
XHG.US,D,20220616,000000,63.18,63.18,54.4,54.724,133,0
XHG.US,D,20220617,000000,48,73.6,48,64,4050,0
XHG.US,D,20220621,000000,61.6,82,60.8,75.6,5963.6,0
XHG.US,D,20220622,000000,74.4,81.2,74.4,77.64,1587.75,0
XHG.US,D,20220623,000000,87.6,88,77.764,81.6,3206.675,0
XHG.US,D,20220624,000000,86.4,92,80.4,83.6,2874.25,0
XHG.US,D,20220627,000000,81.2,89.16,81.2,86.4,572.125,0
XHG.US,D,20220628,000000,84,86.58,77.248,77.6,321.95,0
XHG.US,D,20220629,000000,77.596,77.596,71.2,72,421.975,0
XHG.US,D,20220630,000000,66.8,76,64,76,176.5,0
XHG.US,D,20220701,000000,75.492,78.38,64,69.2,182.475,0
XHG.US,D,20220705,000000,68.004,73.6,60,73.6,257.325,0
XHG.US,D,20220706,000000,68.8,78.004,66,69.2,214.25,0
XHG.US,D,20220707,000000,70.32,76.8,68,70.4,212.2,0
XHG.US,D,20220708,000000,70.8,75,64,67.2,384.25,0
XHG.US,D,20220711,000000,66.492,69.6,60.4,60.4,237.45,0
XHG.US,D,20220712,000000,62,63.92,60,60,132.7,0
XHG.US,D,20220713,000000,60,66.364,56,56.8,375.55,0
XHG.US,D,20220714,000000,56,62.8,56,57.488,314.275,0
XHG.US,D,20220715,000000,60.8,60.8,60.4,60.4,51.8,0
XHG.US,D,20220718,000000,58.8,65.8,58.8,63.996,82.05,0
XHG.US,D,20220719,000000,62,66.016,62,64.8,292.5,0
XHG.US,D,20220720,000000,62.8,70,62.8,68.808,86.325,0
XHG.US,D,20220721,000000,60.4,67.552,60.4,61.2,179.65,0
XHG.US,D,20220722,000000,61.2,67.112,50.4,63.6,726.125,0
XHG.US,D,20220725,000000,62.4,62.4,51.2,57.6,348.2,0
XHG.US,D,20220726,000000,52.8,60.02,52.8,59.6,53.5,0
XHG.US,D,20220727,000000,57.196,57.2,53.728,57.2,258.875,0
XHG.US,D,20220728,000000,56.8,76.8,56,74.8,3540.875,0
XHG.US,D,20220729,000000,75.6,110.4,75.6,84,51095.65,0
XHG.US,D,20220801,000000,76,80.732,67.6,78.4,5747.1,0
XHG.US,D,20220802,000000,75.2,84,64.4,75.2,2158.125,0
XHG.US,D,20220803,000000,79.2,100.4,75.6,91.6,8788.05,0
XHG.US,D,20220804,000000,92.8,107.308,84,94.4,6403.9,0
XHG.US,D,20220805,000000,90.8,136,76.4,122,11822.775,0
XHG.US,D,20220808,000000,123.6,137.6,114,134.4,5091.7,0
XHG.US,D,20220809,000000,134.4,154.8,120,120.4,4045.9,0
XHG.US,D,20220810,000000,114.4,138,113.6,121.6,1373.775,0
XHG.US,D,20220811,000000,125.6,127.344,116.4,123.6,764.725,0
XHG.US,D,20220812,000000,126.8,126.8,120,122,575.5,0
XHG.US,D,20220815,000000,118.8,127.2,116,116.4,344.75,0
XHG.US,D,20220816,000000,116,127.996,116,119.6,168.8,0
XHG.US,D,20220817,000000,116.08,122.4,114.8,116.292,165.425,0
XHG.US,D,20220818,000000,115.2,122.8,112.4,115.2,491.875,0
XHG.US,D,20220819,000000,115.2,119.2,112,112,591.7,0
XHG.US,D,20220822,000000,110,136,110,123.6,2142.15,0
XHG.US,D,20220823,000000,124,136,124,130.4,425.125,0
XHG.US,D,20220824,000000,126,134,126,131.2,263.375,0
XHG.US,D,20220825,000000,133.596,133.596,118.8,131.6,994.225,0
XHG.US,D,20220826,000000,129.2,131.2,124.8,126,173.1,0
XHG.US,D,20220829,000000,121.2,124.4,116.4,124.4,1062.025,0
XHG.US,D,20220830,000000,121.4,127.6,119.6,127.2,521.85,0
XHG.US,D,20220831,000000,125.2,130.064,118.4,124.112,80.8,0
XHG.US,D,20220901,000000,117.2,117.2,104,113.8,440.375,0
XHG.US,D,20220902,000000,114.4,119.2,111.28,111.28,242.35,0
XHG.US,D,20220906,000000,118,118,112.4,114.4,148.6,0
XHG.US,D,20220907,000000,114,116,112.8,112.8,79.425,0
XHG.US,D,20220908,000000,118,120,113.6,120,159.425,0
XHG.US,D,20220909,000000,116.8,122.4,116.8,118.4,68.85,0
XHG.US,D,20220912,000000,116.8,120,112,119.8,232.375,0
XHG.US,D,20220913,000000,120,120,114,114,53.35,0
XHG.US,D,20220914,000000,116,116.7,116,116.7,14.15,0
XHG.US,D,20220915,000000,123.2,123.6,118,122.8,116.775,0
XHG.US,D,20220916,000000,117.4,122.4,115.2,122.4,49.425,0
XHG.US,D,20220919,000000,120,126.8,120,121.2,252.55,0
XHG.US,D,20220920,000000,123.2,123.2,116.8,118.04,59.875,0
XHG.US,D,20220921,000000,121.2,127.2,115.2,115.2,428.975,0
XHG.US,D,20220922,000000,114.8,114.8,108.4,108.4,159.375,0
XHG.US,D,20220923,000000,100.4,109.6,100.4,109.6,143.225,0
XHG.US,D,20220926,000000,93.2,93.2,93.2,93.2,7.5,0
XHG.US,D,20220927,000000,93.6,102.876,93.6,96,137.5,0
XHG.US,D,20220928,000000,96.4,97,88,88,77.5,0
XHG.US,D,20220929,000000,84.4,86,68.4,80.4,110,0
XHG.US,D,20220930,000000,72.4,73.848,72.4,73.848,7.5,0
XHG.US,D,20221003,000000,77.2,77.2,77.2,77.2,12.5,0
XHG.US,D,20221004,000000,69.6,70,60.4,69.2,77.5,0
XHG.US,D,20221005,000000,80.4,80.4,61.2,61.2,20,0
XHG.US,D,20221006,000000,68.4,68.4,60.404,68.4,55,0
XHG.US,D,20221007,000000,75,75,70.52,70.52,12.5,0
XHG.US,D,20221010,000000,61.2,61.2,61.2,61.2,12.5,0
XHG.US,D,20221011,000000,63.2,75.2,60.4,75.2,137.5,0
XHG.US,D,20221012,000000,72,152,72,114,111825,0
XHG.US,D,20221013,000000,99.2,105.6,84,88.8,10045,0
XHG.US,D,20221014,000000,87.2,108,86.8,92.8,8207.5,0
XHG.US,D,20221017,000000,96,96,70,78.8,2715,0
XHG.US,D,20221018,000000,87.6,92.4,49.2,61.2,7570,0
XHG.US,D,20221019,000000,60.4,67.6,56.688,60.8,1160,0
XHG.US,D,20221020,000000,57.6,62.2,54.508,56,550,0
XHG.US,D,20221021,000000,60,64.456,58.4,60.2,280,0
XHG.US,D,20221024,000000,58,61.8,56,59.6,337.975,0
XHG.US,D,20221025,000000,57.2,60.8,56.436,58,128.425,0
XHG.US,D,20221026,000000,53.2,58,53.2,56.8,154.775,0
XHG.US,D,20221027,000000,54,60.4,50.8,55.6,338.325,0
XHG.US,D,20221028,000000,57.6,60.4,45.6,51.2,285.525,0
XHG.US,D,20221031,000000,48.8,54,48.8,54,427.2,0
XHG.US,D,20221101,000000,53.6,57,53.6,57,700,0
XHG.US,D,20221102,000000,57.604,58.4,53.2,53.2,220.5,0
XHG.US,D,20221103,000000,53.2,55.6,52,54.2,170.4,0
XHG.US,D,20221104,000000,59.6,59.6,54.8,57.2,237.25,0
XHG.US,D,20221107,000000,52.992,61,52.992,54,146.65,0
XHG.US,D,20221108,000000,56.4,56.444,52,52.8,109.125,0
XHG.US,D,20221109,000000,56,58.4,44,50.4,349.1,0
XHG.US,D,20221110,000000,48.8,54.396,48.4,50.736,278.375,0
XHG.US,D,20221111,000000,54,56,52.8,52.8,430.15,0
XHG.US,D,20221114,000000,52.4,56,48.4,50.8,423.975,0
XHG.US,D,20221115,000000,53.568,57.2,52,52,447.3,0
XHG.US,D,20221116,000000,50.4,51.204,50,51.204,35.2,0
XHG.US,D,20221117,000000,51.6,55.6,51.2,55.256,100.75,0
XHG.US,D,20221118,000000,52.516,53.6,51.2,52.4,86.525,0
XHG.US,D,20221121,000000,52.8,55.944,52.8,55.6,88.8,0
XHG.US,D,20221122,000000,54,54,43.6,52.8,307,0
XHG.US,D,20221123,000000,53.6,53.6,52,52,123.125,0
XHG.US,D,20221125,000000,52.368,52.8,52,52.4,116.5,0
XHG.US,D,20221128,000000,52.4,52.8,52.4,52.8,57.75,0
XHG.US,D,20221129,000000,52.8,55.836,51.6,52.4,205.175,0
XHG.US,D,20221130,000000,52,55.2,52,52.456,103.4,0
XHG.US,D,20221201,000000,52.4,54.4,33.368,34.892,1096.875,0
XHG.US,D,20221202,000000,38.052,53.6,37.336,47.6,2618.75,0
XHG.US,D,20221205,000000,47.2,53.36,46.4,48,769.375,0
XHG.US,D,20221206,000000,47.6,65.2,47.2,53.4,7771.475,0
XHG.US,D,20221207,000000,59,94.4,59,84,19317.675,0
XHG.US,D,20221208,000000,75.6,102.4,74,92,9834.25,0
XHG.US,D,20221209,000000,86.8,104,80.4,101.6,3764.925,0
XHG.US,D,20221212,000000,86.4,99.2,86.4,96.816,1072.325,0
XHG.US,D,20221213,000000,92.4,92.4,86.8,89.2,328.675,0
XHG.US,D,20221214,000000,86.8,91.2,86,88,458.55,0
XHG.US,D,20221215,000000,91.6,91.6,86.8,87.6,520.9,0
XHG.US,D,20221216,000000,89.6,91.8,86.944,90.8,317.3,0
XHG.US,D,20221219,000000,87.2,90.4,84.948,86.344,206.05,0
XHG.US,D,20221220,000000,88.8,90.4,88.4,90.4,98.775,0
XHG.US,D,20221221,000000,87.2,92,87.2,89.6,140,0
XHG.US,D,20221222,000000,91.712,96,90.2,93.224,231.1,0
XHG.US,D,20221223,000000,93.2,118.8,86.56,116,2767.3,0
XHG.US,D,20221227,000000,116.4,128,110.8,126.8,6421.125,0
XHG.US,D,20221228,000000,116,120.4,108.8,116.52,1554.75,0
XHG.US,D,20221229,000000,115.2,116.4,104.588,104.588,490.325,0
XHG.US,D,20221230,000000,105.6,116,91.2,98.4,16429.275,0
XHG.US,D,20230103,000000,96.8,116,90.4,112,27702.95,0
XHG.US,D,20230104,000000,108.4,112.4,101.6,110.8,29595.225,0
XHG.US,D,20230105,000000,154.768,162.4,96.4,111,79991.375,0
XHG.US,D,20230106,000000,113.2,124,104.8,114.8,20217.4,0
XHG.US,D,20230109,000000,113.2,125.2,98,107.2,21463.15,0
XHG.US,D,20230110,000000,107.2,112,101.4,106,8188.425,0
XHG.US,D,20230111,000000,104,116.4,104,108,9797.225,0
XHG.US,D,20230112,000000,109.2,111.2,104,109.6,10621.825,0
XHG.US,D,20230113,000000,109.2,114,107.2,112.8,10271.675,0
XHG.US,D,20230117,000000,112,119.2,108.4,114,10861.325,0
XHG.US,D,20230118,000000,114.8,118.8,110,112.4,13345.5,0
XHG.US,D,20230119,000000,114.8,117.6,102.4,108,11566.375,0
XHG.US,D,20230120,000000,106,106.8,96.8,100.8,12297.625,0
XHG.US,D,20230123,000000,130,136,102.8,106.4,97480.9,0
XHG.US,D,20230124,000000,106.4,108.8,84,92.4,107518.1,0
XHG.US,D,20230125,000000,92.4,93.6,86,89.2,72387.5,0
XHG.US,D,20230126,000000,89.6,89.6,74.8,78,29199.35,0
XHG.US,D,20230127,000000,77.6,77.6,64,65.6,6611.575,0
XHG.US,D,20230130,000000,61.6,64,54,59.6,9751.675,0
XHG.US,D,20230131,000000,59.6,61.8,58,59.2,2602.975,0
XHG.US,D,20230201,000000,58,59.6,52,53.2,4603.425,0
XHG.US,D,20230202,000000,53.6,59.2,53.6,56.4,2860.85,0
XHG.US,D,20230203,000000,56.4,63.6,56.168,60,3483.775,0
XHG.US,D,20230206,000000,62.4,63.2,53.2,53.2,1828.8,0
XHG.US,D,20230207,000000,53.6,55.2,45.2,48.4,1953.325,0
XHG.US,D,20230208,000000,50.8,51.6,47.6,48.4,872.9,0
XHG.US,D,20230209,000000,47.94,49.2,42.8,44,7218.05,0
XHG.US,D,20230210,000000,46,63.2,44.004,63.2,16342.15,0
XHG.US,D,20230213,000000,59.6,74.8,59.6,73.6,11088.525,0
XHG.US,D,20230214,000000,76.8,86,76,84,10820.25,0
XHG.US,D,20230215,000000,78.4,93.6,76.04,90.4,7697.5,0
XHG.US,D,20230216,000000,86.8,102,86.8,94,10114.625,0
XHG.US,D,20230217,000000,90.8,106,90.8,93.6,15562.425,0
XHG.US,D,20230221,000000,93.2,93.2,60.128,62.8,9049.7,0
XHG.US,D,20230222,000000,60,64.4,52.4,56.4,5312.45,0
XHG.US,D,20230223,000000,56.8,63.6,56,56.8,2220.65,0
XHG.US,D,20230224,000000,59.2,59.2,52.4,53.2,2302.75,0
XHG.US,D,20230227,000000,56,56,52.4,53.6,1176.675,0
XHG.US,D,20230228,000000,56.4,56.752,44,45.6,11385.375,0
XHG.US,D,20230301,000000,46,52.8,46,51.6,3337.5,0
XHG.US,D,20230302,000000,52.8,53.2,48.8,51.2,1129.075,0
XHG.US,D,20230303,000000,49.6,53,44.4,47.2,3332.1,0
XHG.US,D,20230306,000000,47.248,48.8,44,44,2433.6,0
XHG.US,D,20230307,000000,45.6,47.2,44.4,45.6,1645.975,0
XHG.US,D,20230308,000000,46.4,47.2,44.4,44.4,1242.2,0
XHG.US,D,20230309,000000,46,50.736,44,44,4165.925,0
XHG.US,D,20230310,000000,46,47.2,44,46.4,1985.05,0
XHG.US,D,20230313,000000,45.2,51.6,45.2,47.6,2247.15,0
XHG.US,D,20230314,000000,49.6,52,45.6,47.2,1619.15,0
XHG.US,D,20230315,000000,46.8,50.548,46,48,511.175,0
XHG.US,D,20230316,000000,48,54,45.6,47.6,2117.75,0
XHG.US,D,20230317,000000,44.8,49,42,43.2,1985.55,0
XHG.US,D,20230320,000000,42,45.6,42,44,415.65,0
XHG.US,D,20230321,000000,43.8,45.2,43.2,43.2,543.8,0
XHG.US,D,20230322,000000,44.8,47.6,39.888,40,2650.25,0
XHG.US,D,20230323,000000,44.4,45.2,42,42.8,959.25,0
XHG.US,D,20230324,000000,42.4,42.8,40,40.8,777.55,0
XHG.US,D,20230327,000000,40,44,40,42.8,31658.35,0
XHG.US,D,20230328,000000,42,44.8,33.18,35.2,10199.6,0
XHG.US,D,20230329,000000,36.964,39.2,34,35.2,1224.3,0
XHG.US,D,20230330,000000,35.2,36.4,31.2,31.2,2123.925,0
XHG.US,D,20230331,000000,32.4,32.4,28.4,29.24,1565.8,0
XHG.US,D,20230403,000000,29.996,31.772,28,29.748,1153.15,0
XHG.US,D,20230404,000000,30.032,31.232,27.52,28.464,1231.35,0
XHG.US,D,20230405,000000,29.404,31.2,27.98,30.276,773.3,0
XHG.US,D,20230406,000000,29,31.2,28,30,878.15,0
XHG.US,D,20230410,000000,28.8,31.76,21.224,27.2,11959.275,0
XHG.US,D,20230411,000000,25.168,32,24.004,29.604,1693.95,0
XHG.US,D,20230412,000000,29.604,31.6,29.604,31.204,809.9,0
XHG.US,D,20230413,000000,31.6,33.9,28.4,32,1982.9,0
XHG.US,D,20230414,000000,31.6,33,30.028,31.1,2181.7,0
XHG.US,D,20230417,000000,30.072,31.2,27.604,27.996,1299.45,0
XHG.US,D,20230418,000000,28.8,30,26.808,27.836,929.45,0
XHG.US,D,20230419,000000,29.6,29.6,28,28.8,594.3,0
XHG.US,D,20230420,000000,27.84,31.108,26.8,27.2,2492.825,0
XHG.US,D,20230421,000000,28.4,28.4,24.24,24.92,997.125,0
XHG.US,D,20230424,000000,25.14,25.668,23.204,23.204,1788.875,0
XHG.US,D,20230425,000000,26.544,29.596,24.04,24.796,604.275,0
XHG.US,D,20230426,000000,25.6,28,23.676,24.064,147.6,0
XHG.US,D,20230427,000000,27.6,27.6,24,26.1,468.775,0
XHG.US,D,20230428,000000,29.2,29.6,26,28.92,1164.2,0
XHG.US,D,20230501,000000,29.6,32,28.924,30.48,2025.3,0
XHG.US,D,20230502,000000,30.74,31.6,28.3,31.6,2242.575,0
XHG.US,D,20230503,000000,31.6,39.2,30.128,33.6,3586.55,0
XHG.US,D,20230504,000000,31.6,33.412,30.444,32.796,591.725,0
XHG.US,D,20230505,000000,34.8,37.6,30,37.6,3142.85,0
XHG.US,D,20230508,000000,36.396,36.396,32.4,34.4,387.825,0
XHG.US,D,20230509,000000,36,42.4,32.6488,42.4,1530.625,0
XHG.US,D,20230510,000000,39.6,42.4,38.8,40.8,1234.675,0
XHG.US,D,20230511,000000,42,44.4,36.4,44.4,9867.35,0
XHG.US,D,20230512,000000,51.2,60,28,30.8,67199.275,0
XHG.US,D,20230515,000000,30,32,22,22.56,15225.225,0
XHG.US,D,20230516,000000,22,24,17.252,18.828,14933.15,0
XHG.US,D,20230517,000000,20,23.2,19.28,21.044,6904.775,0
XHG.US,D,20230518,000000,20,20.796,17.608,18.412,3454,0
XHG.US,D,20230519,000000,19.74,19.74,16,16.6,4542.875,0
XHG.US,D,20230522,000000,16.4,18.648,16.108,17.116,3021.325,0
XHG.US,D,20230523,000000,16.4,17.988,15.824,16,4171.1,0
XHG.US,D,20230524,000000,16,16.4,15.6,15.8,1807.275,0
XHG.US,D,20230525,000000,16.2,16.8,14.4,15.656,2214.75,0
XHG.US,D,20230526,000000,14.444,15.992,12.8204,13.808,3430.3,0
XHG.US,D,20230530,000000,14.4,15.592,13.604,14.56,4541.775,0
XHG.US,D,20230531,000000,14.784,15.592,14,14.784,1920.475,0
XHG.US,D,20230601,000000,14.4,15.56,13.68,14.804,2844.75,0
XHG.US,D,20230602,000000,14.812,16.412,14.088,15.2,6708,0
XHG.US,D,20230605,000000,15.784,18,15.784,17.804,2724.575,0
XHG.US,D,20230606,000000,18.668,19.6,16.08,16.888,2625.425,0
XHG.US,D,20230607,000000,16.892,18.568,16.892,16.98,1773,0
XHG.US,D,20230608,000000,16.08,18.4,14.8,15.568,4778.5,0
XHG.US,D,20230609,000000,15.58,15.596,14.42,15.332,1225.1,0
XHG.US,D,20230612,000000,16.396,17.2,15.332,17.2,4169.55,0
XHG.US,D,20230613,000000,17.8,18.4,15.64,16.204,3282.425,0
XHG.US,D,20230614,000000,16.116,16.34,11.116,13.248,22755.375,0
XHG.US,D,20230615,000000,12.528,14.396,12.528,13.244,3562.325,0
XHG.US,D,20230616,000000,13.96,13.972,11.1749,13.156,6739.9,0
XHG.US,D,20230620,000000,12.4,13.148,12.4,12.524,1466.45,0
XHG.US,D,20230621,000000,12.872,12.924,12,12.4,1092.575,0
XHG.US,D,20230622,000000,12.072,13.672,11.748,12.52,1239.975,0
XHG.US,D,20230623,000000,12.796,12.8,12,12.78,1677.975,0
XHG.US,D,20230626,000000,12.8,13.196,11.4,12.4,3720.025,0
XHG.US,D,20230627,000000,12.76,12.84,12,12.336,1258.625,0
XHG.US,D,20230628,000000,11.616,13.5,11.616,12.8,7596.9,0
XHG.US,D,20230629,000000,12.8,12.8,11.836,12.8,1527.85,0
XHG.US,D,20230630,000000,12.36,12.4,11.688,11.88,1899.7,0
XHG.US,D,20230703,000000,12.36,12.8,12.004,12.796,1279.45,0
XHG.US,D,20230705,000000,12.052,12.8,11.8811,12.74,973.775,0
XHG.US,D,20230706,000000,12.256,12.44,11.6,12.28,1178,0
XHG.US,D,20230707,000000,12.612,12.624,11.8,11.812,3256.1,0
XHG.US,D,20230710,000000,12.36,12.4312,11.56,12.32,1128.25,0
XHG.US,D,20230711,000000,12.12,12.2,11.4,11.76,46177.05,0
XHG.US,D,20230712,000000,18.396,23.6,9.268,10.792,389860.525,0
XHG.US,D,20230713,000000,10.08,10.6,9.624,9.68,27384.625,0
XHG.US,D,20230714,000000,9.676,9.756,8.14,9.596,27940.025,0
XHG.US,D,20230717,000000,8.84,9.61596,8.064,8.656,10686.9,0
XHG.US,D,20230718,000000,8.76,8.8,8.004,8.476,5880.55,0
XHG.US,D,20230719,000000,8.38,8.476,8,8.39596,10424.85,0
XHG.US,D,20230720,000000,8.396,8.8,8.02,8.6,3169.775,0
XHG.US,D,20230721,000000,8.88,8.88,8.044,8.4,3662,0
XHG.US,D,20230724,000000,8.2,8.8,8.2,8.79996,4501.35,0
XHG.US,D,20230725,000000,8.6,8.796,8.204,8.684,1835.175,0
XHG.US,D,20230726,000000,8.8,9.592,8.404,9.12,10029.8,0
XHG.US,D,20230727,000000,9.36,9.36,8.48004,8.976,2850.65,0
XHG.US,D,20230728,000000,8.52,10.28,8.484,9.6,7335.45,0
XHG.US,D,20230731,000000,9.6,9.756,9.204,9.716,3140.025,0
XHG.US,D,20230801,000000,9.64,9.64,9,9.6,2703.75,0
XHG.US,D,20230802,000000,9.68,9.716,8.064,9.48,2626.175,0
XHG.US,D,20230803,000000,9.52,9.52,8.4,9.2,3474.325,0
XHG.US,D,20230804,000000,8.88,9.19596,8.5,8.786,6908.9,0
XHG.US,D,20230807,000000,9.16,9.16,8.488,8.78,923.55,0
XHG.US,D,20230808,000000,8.96,8.96,8.4,8.84,1383.2,0
XHG.US,D,20230809,000000,8.76,8.76,8.24,8.24,997.575,0
XHG.US,D,20230810,000000,8.72,8.96,8.08,8.784,2378.55,0
XHG.US,D,20230811,000000,8.52,8.52,7.804,8.07996,3796.8,0
XHG.US,D,20230814,000000,8.496,8.496,7.00404,7.74796,69593.425,0
XHG.US,D,20230815,000000,7.2,8.196,7.2,7.796,975.525,0
XHG.US,D,20230816,000000,7.564,8.2,7.3,7.6,1729.725,0
XHG.US,D,20230817,000000,7.60804,8.104,7.02,7.51196,3741.65,0
XHG.US,D,20230818,000000,7.36,8.172,7.044,7.568,4414.225,0
XHG.US,D,20230821,000000,7.932,8.08,7.52,7.6,3723.225,0
XHG.US,D,20230822,000000,7.604,7.8,7.6,7.6,2176.075,0
XHG.US,D,20230823,000000,7.6,8.2,7.6,7.604,4293.675,0
XHG.US,D,20230824,000000,7.604,8.288,6,7.6,5172.525,0
XHG.US,D,20230825,000000,7.168,7.6,7,7.6,1039.05,0
XHG.US,D,20230828,000000,7.8,8.4,7.2,7.8,2150.95,0
XHG.US,D,20230829,000000,8.4,8.4,6.592,8,3346.875,0
XHG.US,D,20230830,000000,7.604,8,6.924,7.644,2984.725,0
XHG.US,D,20230831,000000,6.44,8,6.152,7.236,3167.35,0
XHG.US,D,20230901,000000,7.36,7.6,6.82,7.2,63388.225,0
XHG.US,D,20230905,000000,7.04,8,6.408,8,154820.325,0
XHG.US,D,20230906,000000,10.4,11.596,8.144,10.008,199763.9,0
XHG.US,D,20230907,000000,11.392,11.76,8.76,9.384,32581.6,0
XHG.US,D,20230908,000000,8.516,9.488,8.484,9.068,6716.15,0
XHG.US,D,20230911,000000,9.66,11.2,8.876,10.676,12117.85,0
XHG.US,D,20230912,000000,10.624,10.72,9.756,10.48,1106.65,0
XHG.US,D,20230913,000000,10.48,10.6,9.75604,9.952,1476.15,0
XHG.US,D,20230914,000000,10.34,11.6,9.924,10.888,16067.775,0
XHG.US,D,20230915,000000,11.6,16.28,10.64,13.68,52938.2,0
XHG.US,D,20230918,000000,12.396,13.68,12.08,12.4,5457.85,0
XHG.US,D,20230919,000000,12.396,12.8,12,12.048,2243.825,0
XHG.US,D,20230920,000000,12.612,14,12.0044,12.8,6994.375,0
XHG.US,D,20230921,000000,13.492,13.744,12.1876,12.66,25214.65,0
XHG.US,D,20230922,000000,14,14.6,8.012,9.012,90987.175,0
XHG.US,D,20230925,000000,8.856,9.196,8.016,8.352,12427.05,0
XHG.US,D,20230926,000000,8.2,9.308,8.016,9.2,7615.225,0
XHG.US,D,20230927,000000,9.196,10.7609,6,6.56,111159.1,0
XHG.US,D,20230928,000000,7.392,11,6.8004,8.744,164728.025,0
XHG.US,D,20230929,000000,8.4,10,7.968,8.996,55970.325,0
XHG.US,D,20231002,000000,10,10,8.8,8.804,15057.15,0
XHG.US,D,20231003,000000,9.6,9.6,8.4,8.956,8199.175,0
XHG.US,D,20231004,000000,9.24,9.796,9.2,9.752,68177.475,0
XHG.US,D,20231005,000000,10,10.756,9.62,10.244,56929.45,0
XHG.US,D,20231006,000000,9.692,10.84,9.6,10.84,37205.2,0
XHG.US,D,20231009,000000,10.84,11.996,10.088,11.644,10172.025,0
XHG.US,D,20231010,000000,11.2,12,10.08,10.556,35093.725,0
XHG.US,D,20231011,000000,11.04,12,9.84,11.12,34657.75,0
XHG.US,D,20231012,000000,11.2,13.6,10.244,13.52,22270.2,0
XHG.US,D,20231013,000000,12.4,13.06,8.152,9.2,60292.875,0
XHG.US,D,20231016,000000,9.04,9.4,7.644,8.32,106968.575,0
XHG.US,D,20231017,000000,9.36,11.168,9.2,9.36,51925.2,0
XHG.US,D,20231018,000000,10.988,10.988,10.172,10.4,30946.875,0
XHG.US,D,20231019,000000,11.308,11.372,8,8.76,55595.225,0
XHG.US,D,20231020,000000,9.888,12,9.888,11.48,62744.45,0
XHG.US,D,20231023,000000,12,13.6,12,13.336,41587.55,0
XHG.US,D,20231024,000000,14.264,15.588,10.8,13.992,100381.9,0
XHG.US,D,20231025,000000,14.4,15.392,13.2,13.604,55407.75,0
XHG.US,D,20231026,000000,12.46,14.2,8.8,10.44,79353.55,0
XHG.US,D,20231027,000000,11.692,12.796,10.992,11.4,22690.025,0
XHG.US,D,20231030,000000,11.584,12,10.94,11.444,14098.15,0
XHG.US,D,20231031,000000,10.464,11.244,9.724,10,11389.725,0
XHG.US,D,20231101,000000,9.6,10.44,8.168,8.972,31044.025,0
XHG.US,D,20231102,000000,9.98,9.98,8.8,8.944,5114.2,0
XHG.US,D,20231103,000000,9.12,9.392,8.8,9.192,9388.525,0
XHG.US,D,20231106,000000,9.192,9.32,8.8,9.32,8104.5,0
XHG.US,D,20231107,000000,8.992,9.144,7.744,7.992,18491.175,0
XHG.US,D,20231108,000000,7.6,7.956,7.428,7.56,22960.7,0
XHG.US,D,20231109,000000,7.2,7.996,6.088,6.152,63148.575,0
XHG.US,D,20231110,000000,5.768,5.768,5,5.6,35862.125,0
XHG.US,D,20231113,000000,5.368,5.64,5.2,5.404,14242.25,0
XHG.US,D,20231114,000000,5.444,5.452,4.92,5.188,13096.675,0
XHG.US,D,20231115,000000,4.82,4.86,4.004,4.476,31457.325,0
XHG.US,D,20231116,000000,4.64,4.772,4.044,4.36,14676.95,0
XHG.US,D,20231117,000000,4.2,4.36,3.94,4.26,14943.475,0
XHG.US,D,20231120,000000,4.6,4.6,4.01204,4.296,8140.925,0
XHG.US,D,20231121,000000,4.4,4.4,4.204,4.384,2780.35,0
XHG.US,D,20231122,000000,4.368,4.376,3.888,4.324,269969.55,0
XHG.US,D,20231124,000000,11.2,11.2,6.04,6.28,1930164.825,0
XHG.US,D,20231127,000000,5.692,6.12,5.2,5.4,268458.975,0
XHG.US,D,20231128,000000,5.056,5.36,4.28,5.156,143463.15,0
XHG.US,D,20231129,000000,4.844,4.944,4.44,4.552,62954.95,0
XHG.US,D,20231130,000000,4.276,4.796,4.08,4.304,69363.125,0
XHG.US,D,20231201,000000,4.228,4.64,4.216,4.588,46115.35,0
XHG.US,D,20231204,000000,6.24,6.552,4.456,4.8,135034.75,0
XHG.US,D,20231205,000000,4.64,4.84,4.6,4.76,41915.925,0
XHG.US,D,20231206,000000,4.88,4.9,4.524,4.564,32324.775,0
XHG.US,D,20231207,000000,4.95,4.95,1.89,1.98,1107131,0
XHG.US,D,20231208,000000,2.22,2.33,1.3001,1.51,6762355,0
XHG.US,D,20231211,000000,1.25,1.39,1.25,1.34,593256,0
XHG.US,D,20231212,000000,1.27,1.31,1.0402,1.11,383036,0
XHG.US,D,20231213,000000,1.04,1.19,1.04,1.18,286346,0
XHG.US,D,20231214,000000,1.19,1.32,1.18,1.25,164399,0
XHG.US,D,20231215,000000,1.35,1.35,1.2524,1.33,90268,0
XHG.US,D,20231218,000000,1.32,1.32,1.195,1.25,90999,0
XHG.US,D,20231219,000000,1.23,1.24,1.155,1.175,240207,0
XHG.US,D,20231220,000000,1.18,1.33,1.13,1.28,367060,0
XHG.US,D,20231221,000000,1.23,1.28,1.15,1.24,123413,0
XHG.US,D,20231222,000000,1.19,1.24,1.19,1.19,60419,0
XHG.US,D,20231226,000000,1.2,1.33,1.18,1.25,206264,0
XHG.US,D,20231227,000000,1.24,1.32,1.1801,1.2,174731,0
XHG.US,D,20231228,000000,1.18,1.4,1.18,1.38,1644697,0
XHG.US,D,20231229,000000,1.73,2.26,1.42,2,21569331,0
XHG.US,D,20240102,000000,1.62,1.8301,1.51,1.58,1307631,0
XHG.US,D,20240103,000000,1.51,1.67,1.5,1.61,753779,0
XHG.US,D,20240104,000000,1.59,1.59,1.35,1.36,362487,0
XHG.US,D,20240105,000000,1.36,1.38,1.1,1.15,686227,0
XHG.US,D,20240108,000000,1.12,1.15,1.08,1.1,550960,0
XHG.US,D,20240109,000000,1.14,1.14,0.85,1.05,398295,0
XHG.US,D,20240110,000000,1.04,1.08,0.999,1.03,173947,0
XHG.US,D,20240111,000000,1.05,1.05,0.930001,1.02,213453,0
XHG.US,D,20240112,000000,1.01,1.02,0.94,0.96,132423,0
XHG.US,D,20240116,000000,0.9,0.96,0.8602,0.89,142869,0
XHG.US,D,20240117,000000,0.9,0.9,0.8,0.805,137172,0
XHG.US,D,20240118,000000,0.79,0.8,0.65,0.7183,137649,0
XHG.US,D,20240119,000000,0.6796,0.69,0.640001,0.6655,88350,0
XHG.US,D,20240122,000000,0.68,0.768529,0.65,0.768529,132019,0
XHG.US,D,20240123,000000,0.7337,0.789,0.681,0.77,1408461,0
XHG.US,D,20240124,000000,0.73,0.76,0.716,0.7453,155048,0
XHG.US,D,20240125,000000,0.7032,0.8195,0.7006,0.78,231891,0
XHG.US,D,20240126,000000,0.7981,0.8101,0.75,0.7506,27322,0
XHG.US,D,20240129,000000,0.78,0.8,0.751,0.785,31187,0
XHG.US,D,20240130,000000,0.7518,0.799899,0.7518,0.798,36800,0
XHG.US,D,20240131,000000,0.7868,0.82,0.77,0.771,74632,0
XHG.US,D,20240201,000000,0.784,0.786999,0.7456,0.7456,23756,0
XHG.US,D,20240202,000000,0.7734,0.773449,0.701,0.739,31653,0
XHG.US,D,20240205,000000,0.7356,0.76,0.6703,0.674,52356,0
XHG.US,D,20240206,000000,0.6778,0.748499,0.6778,0.7106,48851,0
XHG.US,D,20240207,000000,0.7198,0.74,0.685,0.71,85864,0
XHG.US,D,20240208,000000,0.76,0.829,0.7164,0.8,207203,0
XHG.US,D,20240209,000000,0.846,0.846,0.757318,0.78,89463,0
XHG.US,D,20240212,000000,0.7503,0.83,0.7501,0.83,62384,0
XHG.US,D,20240213,000000,0.83,0.830101,0.755,0.79005,58651,0
XHG.US,D,20240214,000000,0.7901,0.8302,0.7477,0.81,93596,0
XHG.US,D,20240215,000000,0.858,0.9871,0.83,0.93,390599,0
XHG.US,D,20240216,000000,0.948,1.25,0.91,1.1748,1313053,0
XHG.US,D,20240220,000000,1.1,1.1,0.8911,0.9589,379182,0
XHG.US,D,20240221,000000,0.8902,0.9506,0.8015,0.88,127602,0
XHG.US,D,20240222,000000,0.8683,0.8683,0.7055,0.761,395870,0
XHG.US,D,20240223,000000,0.764,0.81,0.68,0.68,209655,0
XHG.US,D,20240226,000000,0.6785,0.72,0.67,0.701,142223,0
XHG.US,D,20240227,000000,0.756,0.759999,0.72,0.73505,51094,0
XHG.US,D,20240228,000000,0.72,0.759999,0.72,0.7303,58387,0
XHG.US,D,20240229,000000,0.7499,0.77,0.7112,0.7401,128987,0
XHG.US,D,20240301,000000,0.7078,0.87,0.702,0.791,342083,0
XHG.US,D,20240304,000000,0.8,0.8001,0.7128,0.7487,100362,0
XHG.US,D,20240305,000000,0.7488,0.7721,0.6664,0.6664,189873,0
XHG.US,D,20240306,000000,0.73,0.73,0.6495,0.6656,43328,0
XHG.US,D,20240307,000000,0.6988,0.6988,0.631,0.689,101665,0
XHG.US,D,20240308,000000,0.702,0.702,0.6505,0.6829,86141,0
XHG.US,D,20240311,000000,0.7089,0.7189,0.65,0.679,31267,0
XHG.US,D,20240312,000000,0.6417,0.7,0.6417,0.6687,44026,0
XHG.US,D,20240313,000000,0.6687,0.675,0.631,0.645,59478,0
XHG.US,D,20240314,000000,0.64,0.666,0.6308,0.6412,24687,0
XHG.US,D,20240315,000000,0.65,0.678,0.64,0.659,22401,0
XHG.US,D,20240318,000000,0.67,0.7429,0.65,0.668,35840,0
XHG.US,D,20240319,000000,0.683,0.688,0.63,0.6565,34703,0
XHG.US,D,20240320,000000,0.6577,0.6941,0.64,0.641,38396,0
XHG.US,D,20240321,000000,0.7055,0.7055,0.6505,0.69,67731,0
XHG.US,D,20240322,000000,0.7,0.72,0.662,0.69,28816,0
XHG.US,D,20240325,000000,0.69,0.7,0.64,0.64,90051,0
XHG.US,D,20240326,000000,0.65,0.694473,0.642,0.6615,21036,0
XHG.US,D,20240327,000000,0.68,0.716,0.66255,0.67,58938,0
XHG.US,D,20240328,000000,0.67,0.74,0.6501,0.7321,193411,0
XHG.US,D,20240401,000000,0.7738,0.7738,0.6731,0.7298,30791,0
XHG.US,D,20240402,000000,0.6927,0.74,0.6927,0.7205,29087,0
XHG.US,D,20240403,000000,0.74,0.74,0.67,0.69,43573,0
XHG.US,D,20240404,000000,0.6775,0.6918,0.6674,0.67,19102,0
XHG.US,D,20240405,000000,0.64544,0.68,0.63,0.64,40542,0
XHG.US,D,20240408,000000,0.64,0.6778,0.64,0.6698,35899,0
XHG.US,D,20240409,000000,0.664751,0.677,0.64,0.66,25656,0
XHG.US,D,20240410,000000,0.650001,0.67699,0.5149,0.5862,101905,0
XHG.US,D,20240411,000000,0.55,0.619,0.55,0.5864,31790,0
XHG.US,D,20240412,000000,0.5866,0.599,0.56,0.57,15960,0
XHG.US,D,20240415,000000,0.5606,0.5906,0.5606,0.5667,18068,0
XHG.US,D,20240416,000000,0.5933,0.5933,0.536,0.59,16986,0
XHG.US,D,20240417,000000,0.59255,0.59255,0.54,0.5549,13302,0
XHG.US,D,20240418,000000,0.533,0.603892,0.53,0.5377,30469,0
XHG.US,D,20240419,000000,0.52,0.6,0.5016,0.5504,96372,0
XHG.US,D,20240422,000000,0.59,0.62,0.5504,0.585017,204080,0
XHG.US,D,20240423,000000,0.5742,0.65,0.5651,0.5797,82767,0
XHG.US,D,20240424,000000,0.5797,0.62,0.5588,0.5677,9785,0
XHG.US,D,20240425,000000,0.57,0.608,0.5494,0.58,17573,0
XHG.US,D,20240426,000000,0.5701,0.5883,0.55,0.55,1432798,0
XHG.US,D,20240429,000000,0.57,0.595,0.53,0.5345,751537,0
XHG.US,D,20240430,000000,0.547,0.56,0.515,0.5248,92468,0
XHG.US,D,20240501,000000,0.5248,0.57,0.5005,0.5297,174351,0
XHG.US,D,20240502,000000,0.527,0.543337,0.508,0.5112,41579,0
XHG.US,D,20240503,000000,0.52,0.5201,0.3732,0.4227,342460,0
XHG.US,D,20240506,000000,0.38,0.4664,0.38,0.4,90143,0
XHG.US,D,20240507,000000,0.399,0.404,0.3846,0.3992,37819,0
XHG.US,D,20240508,000000,0.398,0.402,0.38,0.387,63529,0
XHG.US,D,20240509,000000,0.39,0.4033,0.3802,0.4011,14933,0
XHG.US,D,20240510,000000,0.3897,0.421865,0.3808,0.3949,34200,0
XHG.US,D,20240513,000000,0.395,0.4446,0.3802,0.4051,100723,0
XHG.US,D,20240514,000000,0.41,0.438,0.41,0.4202,37370,0
XHG.US,D,20240515,000000,0.421,0.48,0.421,0.453,141933,0
XHG.US,D,20240516,000000,0.4642,0.4799,0.4388,0.4799,21188,0
XHG.US,D,20240517,000000,0.8975,2.75,0.7,1.55,57313219,0
XHG.US,D,20240520,000000,1.11,1.2,0.7512,0.777,4799572,0
XHG.US,D,20240521,000000,0.7499,1.67,0.7411,1.14,27796318,0
XHG.US,D,20240522,000000,1,1.09,0.861,0.98,1426405,0
XHG.US,D,20240523,000000,0.9075,0.9343,0.781,0.8111,668806,0
XHG.US,D,20240524,000000,0.8038,0.8799,0.73,0.7553,364158,0
XHG.US,D,20240528,000000,0.7795,0.789551,0.701,0.7522,248721,0
XHG.US,D,20240529,000000,0.77,0.9,0.711118,0.8195,527869,0
XHG.US,D,20240530,000000,0.744,0.84,0.6656,0.695,207400,0
XHG.US,D,20240531,000000,1.21,1.35,0.8369,0.9009,37221200,0
XHG.US,D,20240603,000000,0.9009,1,0.81,0.99,1367370,0
XHG.US,D,20240604,000000,0.9083,1.09,0.8502,1.0401,414810,0
XHG.US,D,20240605,000000,0.929,0.947836,0.82,0.84981,302940,0
XHG.US,D,20240606,000000,0.886,0.886,0.7498,0.793,284049,0
XHG.US,D,20240607,000000,0.78,0.78,0.666,0.6701,266116,0
XHG.US,D,20240610,000000,0.74,0.74,0.67,0.67,84711,0
XHG.US,D,20240611,000000,0.6778,0.7457,0.6215,0.71,251125,0
XHG.US,D,20240612,000000,0.7158,0.739,0.69,0.71,126432,0
XHG.US,D,20240613,000000,0.71,0.84,0.6903,0.74,198635,0
XHG.US,D,20240614,000000,0.7417,0.77,0.6977,0.7505,100400,0
XHG.US,D,20240617,000000,0.73,0.7465,0.688,0.7,82997,0
XHG.US,D,20240618,000000,0.69,0.7223,0.6436,0.6688,34568,0
XHG.US,D,20240620,000000,0.642,0.704,0.6055,0.659601,121447,0
XHG.US,D,20240621,000000,0.6408,0.72,0.6406,0.676,75585,0
XHG.US,D,20240624,000000,0.6911,0.708,0.6291,0.67,53803,0
XHG.US,D,20240625,000000,0.67,0.7796,0.65,0.71,122549,0
XHG.US,D,20240626,000000,0.658,0.7678,0.658,0.721,40675,0
XHG.US,D,20240627,000000,0.754,0.78,0.711,0.7745,40485,0
XHG.US,D,20240628,000000,0.745,0.86,0.741,0.79,114544,0
XHG.US,D,20240701,000000,0.74,0.84,0.74,0.777,51823,0
XHG.US,D,20240702,000000,0.823,0.86,0.7604,0.834588,30435,0
XHG.US,D,20240703,000000,0.819,0.8448,0.763757,0.8446,13053,0
XHG.US,D,20240705,000000,1.11,2.08,0.9201,1.13,66302379,0
XHG.US,D,20240708,000000,1.09,1.14,1,1.07,1331351,0
XHG.US,D,20240709,000000,1.05,1.11,0.9905,1.05,523043,0
XHG.US,D,20240710,000000,1.09,1.2,1.02,1.08,266619,0
XHG.US,D,20240711,000000,1.15,1.15,1.04,1.0703,180152,0
XHG.US,D,20240712,000000,1.03,1.121,1.01,1.11,117964,0
XHG.US,D,20240715,000000,1.11,1.11,1.05,1.0618,87417,0
XHG.US,D,20240716,000000,1.1,1.1,1.03,1.09,67663,0
XHG.US,D,20240717,000000,1.09,1.1149,1.04,1.065,59451,0
XHG.US,D,20240718,000000,1.07,1.07,0.97,1.06,80479,0
XHG.US,D,20240719,000000,1.05,1.25,1.0301,1.06,307760,0
XHG.US,D,20240722,000000,1.06,1.12,1.06,1.1,16462,0
XHG.US,D,20240723,000000,1.0527,1.25,1.04,1.115,133407,0
XHG.US,D,20240724,000000,1.07,1.16,1,1.1,151167,0
XHG.US,D,20240725,000000,1.12,1.22,1.065,1.18,124816,0
XHG.US,D,20240726,000000,1.1,1.22,1.1,1.17,60634,0
XHG.US,D,20240729,000000,1.16,1.17,1.01,1.15,107216,0
XHG.US,D,20240730,000000,1.14,1.17,1.07,1.15,69801,0
XHG.US,D,20240731,000000,1.1,1.1199,1.01,1.07,61013,0
XHG.US,D,20240801,000000,1.06,1.19,1,1.1865,136085,0
XHG.US,D,20240802,000000,1.08,1.16,1.06,1.16,93518,0
XHG.US,D,20240805,000000,1.04,1.16,1.04,1.155,102078,0
XHG.US,D,20240806,000000,1.06,1.1514,1.05,1.15,65289,0
XHG.US,D,20240807,000000,1.07,1.17,1.04,1.17,140411,0
XHG.US,D,20240808,000000,1.09,1.17,1.07,1.14,63941,0
XHG.US,D,20240809,000000,1.17,1.17,0.9979,1.1,84414,0
XHG.US,D,20240812,000000,1.09,1.14,1.04,1.11,52304,0
XHG.US,D,20240813,000000,1.08,1.1,0.995,1.0201,152856,0
XHG.US,D,20240814,000000,0.97,1.11,0.97,1.07,110460,0
XHG.US,D,20240815,000000,1.05,1.06,1.02,1.05,61178,0
XHG.US,D,20240816,000000,1.07,1.08,1.02,1.06,48021,0
XHG.US,D,20240819,000000,1.055,1.055,1.02,1.03,47295,0
XHG.US,D,20240820,000000,1.02,1.02,0.913,0.9787,34215,0
XHG.US,D,20240821,000000,0.9701,0.998,0.93,0.95,45414,0
XHG.US,D,20240822,000000,0.95,0.95,0.9,0.9,5658,0
XHG.US,D,20240823,000000,0.9001,0.9899,0.88,0.88,24507,0
XHG.US,D,20240826,000000,0.9241,0.9519,0.85,0.862,18390,0
XHG.US,D,20240827,000000,0.86,0.898,0.86,0.878,13584,0
XHG.US,D,20240828,000000,0.87,0.9,0.87,0.9,5774,0
XHG.US,D,20240829,000000,0.9,0.95,0.87,0.87,1638,0
XHG.US,D,20240830,000000,0.8555,0.8982,0.65,0.66,330375,0
XHG.US,D,20240903,000000,0.66,0.807,0.66,0.6674,16083,0
XHG.US,D,20240904,000000,0.7008,0.7071,0.6695,0.6714,6101,0
XHG.US,D,20240905,000000,0.72,0.75,0.6749,0.6769,15174,0
XHG.US,D,20240906,000000,0.7107,0.736,0.662,0.67,24741,0
XHG.US,D,20240909,000000,0.635,0.6908,0.62,0.6563,13384,0
XHG.US,D,20240910,000000,0.7,0.704,0.635,0.640101,12872,0
XHG.US,D,20240911,000000,0.6666,0.7039,0.62,0.678999,60301,0
XHG.US,D,20240912,000000,0.645,0.6833,0.625,0.63,24958,0
XHG.US,D,20240913,000000,0.65,0.6615,0.62,0.62,15964,0
XHG.US,D,20240916,000000,0.628,0.6798,0.621,0.6217,9044,0
XHG.US,D,20240917,000000,0.6204,0.668,0.6204,0.6564,4545,0
XHG.US,D,20240918,000000,0.63,0.656,0.6035,0.6035,52403,0
XHG.US,D,20240919,000000,0.603963,0.6399,0.6,0.6,26438,0
XHG.US,D,20240920,000000,0.603,0.6301,0.58,0.5801,17862,0
XHG.US,D,20240923,000000,0.625,0.625,0.5801,0.6195,37020,0
XHG.US,D,20240924,000000,0.65,1.4,0.5504,1.2,30092227,0
XHG.US,D,20240925,000000,1.22,1.22,0.9436,1,4442408,0
XHG.US,D,20240926,000000,0.916,1.09,0.859,1.05,778398,0
XHG.US,D,20240927,000000,1.06,1.08,0.96,0.9753,191477,0
XHG.US,D,20240930,000000,2.1,3,0.2612,0.2904,169685537,0
XHG.US,D,20241001,000000,0.4395,0.4969,0.31,0.385,60516712,0
XHG.US,D,20241002,000000,0.3877,0.39,0.2834,0.3268,12885939,0
XHG.US,D,20241003,000000,0.301,0.33,0.2816,0.295,4623476,0
XHG.US,D,20241004,000000,0.3,0.3,0.2501,0.26,5559271,0
XHG.US,D,20241007,000000,0.27,0.27,0.2234,0.2333,3670551,0
XHG.US,D,20241008,000000,0.227,0.227,0.1859,0.1896,3030702,0
XHG.US,D,20241009,000000,0.187,0.1895,0.1755,0.179,2265796,0
XHG.US,D,20241010,000000,0.25,0.3877,0.225,0.2495,220362327,0
XHG.US,D,20241011,000000,0.2193,0.2666,0.2089,0.242,7667492,0
XHG.US,D,20241014,000000,0.2228,0.2589,0.212,0.2245,4349341,0
XHG.US,D,20241015,000000,0.21,0.2204,0.1858,0.1926,4845613,0
XHG.US,D,20241016,000000,0.2249,0.275,0.2,0.2365,18446807,0
XHG.US,D,20241017,000000,0.2127,0.2179,0.1943,0.206,4806312,0
XHG.US,D,20241018,000000,0.2093,0.21,0.2004,0.2007,1569519,0
XHG.US,D,20241021,000000,0.204,0.216,0.1981,0.2067,1676515,0
XHG.US,D,20241022,000000,0.2017,0.2229,0.2002,0.2114,2949474,0
XHG.US,D,20241023,000000,0.219,0.219,0.2006,0.2011,1432929,0
XHG.US,D,20241024,000000,0.1999,0.2039,0.1912,0.1948,807177,0
XHG.US,D,20241025,000000,0.1908,0.1998,0.1901,0.1914,1406178,0
XHG.US,D,20241028,000000,0.19,0.2024,0.1866,0.189,1123314,0
XHG.US,D,20241029,000000,0.187,0.1947,0.185,0.1912,801875,0
