<TICKER>,<PER>,<DATE>,<TIME>,<OPEN>,<HIGH>,<LOW>,<CLOSE>,<VOL>,<OPENINT>
XPON.US,D,20220401,000000,7.9,11.29,7.26,7.93,10579900,0
XPON.US,D,20220404,000000,7.27,7.83,6.5654,6.67,2306379,0
XPON.US,D,20220405,000000,6.56,6.56,5.96,6.13,769480,0
XPON.US,D,20220406,000000,5.96,6.4991,5.57,5.61,1147246,0
XPON.US,D,20220407,000000,5.66,5.91,5.23,5.31,708611,0
XPON.US,D,20220408,000000,5.19,6.35,4.85,5.91,3294716,0
XPON.US,D,20220411,000000,5.76,5.79,5.11,5.12,546898,0
XPON.US,D,20220412,000000,5.08,5.37,4.57,4.57,501055,0
XPON.US,D,20220413,000000,4.67,5.39,4.4,4.76,1584657,0
XPON.US,D,20220414,000000,4.63,5.08,4.51,4.61,264893,0
XPON.US,D,20220418,000000,4.55,5.05,4.41,4.92,289681,0
XPON.US,D,20220419,000000,5.03,5.3,4.89,4.99,345794,0
XPON.US,D,20220420,000000,4.96,5.33,4.79,4.98,355304,0
XPON.US,D,20220421,000000,5.05,5.45,4.62,4.79,526790,0
XPON.US,D,20220422,000000,4.83,4.9229,4.06,4.15,238920,0
XPON.US,D,20220425,000000,4.07,4.46,3.935,4.3,305218,0
XPON.US,D,20220426,000000,4.27,4.27,3.772,3.83,244095,0
XPON.US,D,20220427,000000,3.95,4.36,3.7601,4.04,359945,0
XPON.US,D,20220428,000000,4.56,4.69,3.3,3.68,5622817,0
XPON.US,D,20220429,000000,3.35,3.82,3.35,3.59,549651,0
XPON.US,D,20220502,000000,3.5,3.52,3.31,3.36,292617,0
XPON.US,D,20220503,000000,3.3,3.77,3.3,3.61,759275,0
XPON.US,D,20220504,000000,3.74,4.09,3.585,3.85,742269,0
XPON.US,D,20220505,000000,3.77,3.88,3.41,3.5,305151,0
XPON.US,D,20220506,000000,3.42,3.92,3.41,3.84,300464,0
XPON.US,D,20220509,000000,3.84,4.57,3.6501,4.36,636528,0
XPON.US,D,20220510,000000,4.15,4.7161,3.91,4,1186770,0
XPON.US,D,20220511,000000,4,4.1,3.5207,3.601,410281,0
XPON.US,D,20220512,000000,3.6,3.74,3.43,3.57,235579,0
XPON.US,D,20220513,000000,3.48,3.7052,3.42,3.48,465238,0
XPON.US,D,20220516,000000,3.41,3.41,3.1,3.15,101968,0
XPON.US,D,20220517,000000,3.12,3.18,3.02,3.15,201994,0
XPON.US,D,20220518,000000,3.12,3.2,3.08,3.18,94811,0
XPON.US,D,20220519,000000,3.31,3.45,3.0791,3.4,394594,0
XPON.US,D,20220520,000000,3.37,3.42,3.1,3.21,169011,0
XPON.US,D,20220523,000000,3.15,3.33,3.0201,3.21,56120,0
XPON.US,D,20220524,000000,3.14,3.21,2.865,2.9,139363,0
XPON.US,D,20220525,000000,2.91,3.0295,2.84,2.96,116094,0
XPON.US,D,20220526,000000,3.09,3.2238,2.9313,3.1,96565,0
XPON.US,D,20220527,000000,3.1,3.34,3.03,3.34,250107,0
XPON.US,D,20220531,000000,3.28,3.37,3.1,3.34,59894,0
XPON.US,D,20220601,000000,3.37,3.37,3.2,3.3,69537,0
XPON.US,D,20220602,000000,3.27,3.64,3.07,3.64,127668,0
XPON.US,D,20220603,000000,3.55,3.6,3.35,3.43,19657,0
XPON.US,D,20220606,000000,3.51,3.685,3.36,3.54,51822,0
XPON.US,D,20220607,000000,3.51,3.52,3.31,3.48,161872,0
XPON.US,D,20220608,000000,3.36,3.6,3.36,3.5,86681,0
XPON.US,D,20220609,000000,3.45,3.5915,3.2,3.26,535335,0
XPON.US,D,20220610,000000,3.22,3.27,3.04,3.2,124223,0
XPON.US,D,20220613,000000,3.22,3.22,2.86,2.88,143273,0
XPON.US,D,20220614,000000,2.9,2.97,2.455,2.55,135114,0
XPON.US,D,20220615,000000,2.75,2.8475,2.55,2.58,59842,0
XPON.US,D,20220616,000000,2.58,2.58,2.32,2.41,43264,0
XPON.US,D,20220617,000000,2.46,2.5,2.09,2.09,204489,0
XPON.US,D,20220621,000000,2.2,2.34,2.2,2.2,106611,0
XPON.US,D,20220622,000000,2.22,2.49,2.125,2.24,172479,0
XPON.US,D,20220623,000000,2.36,2.5446,2.28,2.28,100163,0
XPON.US,D,20220624,000000,2.4,2.6802,2.34,2.4,399834,0
XPON.US,D,20220627,000000,2.38,2.55,2.32,2.41,38007,0
XPON.US,D,20220628,000000,2.42,2.5,2.26,2.29,29831,0
XPON.US,D,20220629,000000,2.31,2.345,2.21,2.25,38961,0
XPON.US,D,20220630,000000,2.23,2.44,2.14,2.16,127766,0
XPON.US,D,20220701,000000,2.22,2.3852,2.14,2.28,45634,0
XPON.US,D,20220705,000000,2.37,2.3773,2.17,2.29,297040,0
XPON.US,D,20220706,000000,2.23,2.2804,2.14,2.2,70008,0
XPON.US,D,20220707,000000,2.3,2.3399,2.2039,2.27,46910,0
XPON.US,D,20220708,000000,2.27,2.44,2.19,2.4,62205,0
XPON.US,D,20220711,000000,2.4,2.42,2.2456,2.26,44201,0
XPON.US,D,20220712,000000,2.3,2.32,2.23,2.23,29444,0
XPON.US,D,20220713,000000,2.23,2.44,2.1,2.22,258025,0
XPON.US,D,20220714,000000,2.28,2.28,2.15,2.18,42114,0
XPON.US,D,20220715,000000,2.2,2.24,2.15,2.24,22154,0
XPON.US,D,20220718,000000,2.28,2.7,2.21,2.55,129087,0
XPON.US,D,20220719,000000,2.57,2.9827,2.57,2.93,126712,0
XPON.US,D,20220720,000000,3.12,3.12,2.75,2.91,101365,0
XPON.US,D,20220721,000000,2.96,3.4,2.81,3.36,188681,0
XPON.US,D,20220722,000000,3.42,3.42,2.85,3.05,105930,0
XPON.US,D,20220725,000000,3.02,3.19,2.88,3.05,107897,0
XPON.US,D,20220726,000000,2.9765,3.1,2.88,3.09,11154,0
XPON.US,D,20220727,000000,3.0519,3.25,3.0479,3.1,42817,0
XPON.US,D,20220728,000000,3.13,3.13,2.97,3.1,43271,0
XPON.US,D,20220729,000000,3.11,3.26,3.03,3.21,41374,0
XPON.US,D,20220801,000000,3.0721,3.25,3.0721,3.19,26718,0
XPON.US,D,20220802,000000,3.1,3.5,3.1,3.46,94547,0
XPON.US,D,20220803,000000,3.53,3.53,3.21,3.41,29503,0
XPON.US,D,20220804,000000,3.36,3.7414,3.36,3.53,92026,0
XPON.US,D,20220805,000000,3.5704,3.84,3.5,3.74,89647,0
XPON.US,D,20220808,000000,3.84,4,3.4201,3.65,63302,0
XPON.US,D,20220809,000000,3.27,3.65,3.2,3.59,56812,0
XPON.US,D,20220810,000000,3.75,3.98,3.7088,3.98,56316,0
XPON.US,D,20220811,000000,3.99,4.02,3.59,3.78,25069,0
XPON.US,D,20220812,000000,3.85,3.8513,3.5682,3.68,80019,0
XPON.US,D,20220815,000000,3.87,3.9157,3.6601,3.8,121982,0
XPON.US,D,20220816,000000,3.85,3.94,3.74,3.9,105676,0
XPON.US,D,20220817,000000,3.9,4.25,3.86,4.1,100682,0
XPON.US,D,20220818,000000,4.14,4.14,3.8,3.81,36638,0
XPON.US,D,20220819,000000,3.8,4.0299,3.58,3.7,38454,0
XPON.US,D,20220822,000000,3.86,3.9,3.66,3.72,54752,0
XPON.US,D,20220823,000000,3.63,3.88,3.63,3.75,43427,0
XPON.US,D,20220824,000000,3.8,3.82,3.65,3.72,50539,0
XPON.US,D,20220825,000000,3.79,3.86,3.14,3.27,171053,0
XPON.US,D,20220826,000000,3.43,3.43,3.26,3.26,9521,0
XPON.US,D,20220829,000000,3.26,3.4,3.22,3.25,7200,0
XPON.US,D,20220830,000000,3.22,3.38,2.88,2.95,67181,0
XPON.US,D,20220831,000000,2.91,3.03,2.5765,2.67,30058,0
XPON.US,D,20220901,000000,2.74,2.84,2.5,2.84,23998,0
XPON.US,D,20220902,000000,2.89,2.92,2.45,2.52,143602,0
XPON.US,D,20220906,000000,2.46,2.6218,2.28,2.3383,26514,0
XPON.US,D,20220907,000000,2.4,2.61,2.4,2.57,47968,0
XPON.US,D,20220908,000000,2.5,2.57,2.41,2.47,16725,0
XPON.US,D,20220909,000000,2.6044,2.61,2.44,2.55,18359,0
XPON.US,D,20220912,000000,2.6,2.6,2.42,2.48,28219,0
XPON.US,D,20220913,000000,2.48,2.52,2.4038,2.51,26276,0
XPON.US,D,20220914,000000,2.4701,2.5502,2.42,2.53,28737,0
XPON.US,D,20220915,000000,2.5095,2.65,2.5095,2.61,31303,0
XPON.US,D,20220916,000000,2.6,2.6358,2.36,2.5,80497,0
XPON.US,D,20220919,000000,2.39,2.5735,2.3,2.43,78260,0
XPON.US,D,20220920,000000,2.56,2.56,2.2,2.35,112854,0
XPON.US,D,20220921,000000,2.26,2.33,2.03,2.03,56176,0
XPON.US,D,20220922,000000,2.08,2.1087,1.825,1.91,28175,0
XPON.US,D,20220923,000000,1.88,2.16,1.85,1.9716,114326,0
XPON.US,D,20220926,000000,1.92,2.1399,1.92,2.02,25134,0
XPON.US,D,20220927,000000,2.065,2.3499,2,2.1,24773,0
XPON.US,D,20220928,000000,2.14,2.23,1.9711,2.19,57083,0
XPON.US,D,20220929,000000,2.22,2.22,2.0301,2.07,5134,0
XPON.US,D,20220930,000000,2,2.1,1.95,1.95,5937,0
XPON.US,D,20221003,000000,1.9854,2.2088,1.9854,2.07,27513,0
XPON.US,D,20221004,000000,2.07,2.135,1.945,2.07,32814,0
XPON.US,D,20221005,000000,2.0602,2.2,2.05,2.1,19102,0
XPON.US,D,20221006,000000,2.065,2.079,2,2.02,11619,0
XPON.US,D,20221007,000000,2.105,2.105,1.95,1.95,22314,0
XPON.US,D,20221010,000000,1.905,2.1899,1.88,2.14,35764,0
XPON.US,D,20221011,000000,2.15,2.15,1.95,2.08,15385,0
XPON.US,D,20221012,000000,1.9601,2.13,1.9601,2.05,12660,0
XPON.US,D,20221013,000000,2.0868,2.0868,1.95,1.96,6356,0
XPON.US,D,20221014,000000,2.0659,2.0659,1.99,1.99,5604,0
XPON.US,D,20221017,000000,2.015,2.0499,1.91,1.91,31534,0
XPON.US,D,20221018,000000,2.08,2.08,1.94,1.94,21074,0
XPON.US,D,20221019,000000,1.9227,1.9899,1.89,1.92,10786,0
XPON.US,D,20221020,000000,1.87,1.95,1.74,1.8,48188,0
XPON.US,D,20221021,000000,1.765,1.96,1.74,1.82,76942,0
XPON.US,D,20221024,000000,1.81,1.86,1.748,1.86,6336,0
XPON.US,D,20221025,000000,1.85,1.98,1.8393,1.98,6703,0
XPON.US,D,20221026,000000,1.63,1.99,1.63,1.99,7987,0
XPON.US,D,20221027,000000,1.7701,1.99,1.7701,1.95,2189,0
XPON.US,D,20221028,000000,1.9,1.96,1.8,1.93,12732,0
XPON.US,D,20221031,000000,1.87,1.9762,1.86,1.87,8218,0
XPON.US,D,20221101,000000,1.89,1.98,1.81,1.94,5281,0
XPON.US,D,20221102,000000,1.83,1.93,1.78,1.81,12905,0
XPON.US,D,20221103,000000,1.81,1.89,1.78,1.8,6828,0
XPON.US,D,20221104,000000,1.8,1.8354,1.65,1.6905,46411,0
XPON.US,D,20221107,000000,1.7499,1.7499,1.68,1.68,6772,0
XPON.US,D,20221108,000000,1.73,1.79,1.65,1.745,9537,0
XPON.US,D,20221109,000000,1.69,1.78,1.35,1.5,39375,0
XPON.US,D,20221110,000000,1.54,1.54,1.2145,1.37,68161,0
XPON.US,D,20221111,000000,1.35,1.48,1.3,1.41,39358,0
XPON.US,D,20221114,000000,1.43,1.455,1.3,1.305,24182,0
XPON.US,D,20221115,000000,1.26,1.39,1.22,1.24,24805,0
XPON.US,D,20221116,000000,1.22,1.269,1.2,1.2,21742,0
XPON.US,D,20221117,000000,1.21,1.26,1.2,1.26,20029,0
XPON.US,D,20221118,000000,1.2,1.24,1.12,1.14,46598,0
XPON.US,D,20221121,000000,1.2001,1.215,1.15,1.15,7988,0
XPON.US,D,20221122,000000,1.15,1.193,1.08,1.1,24448,0
XPON.US,D,20221123,000000,1.05,1.18,1.05,1.0801,37048,0
XPON.US,D,20221125,000000,1.1,1.75,1.1,1.47,1375582,0
XPON.US,D,20221128,000000,1.33,1.4,1.183,1.32,132851,0
XPON.US,D,20221129,000000,1.18,1.26,1.12,1.19,60566,0
XPON.US,D,20221130,000000,1.1799,1.34,1.12,1.28,27087,0
XPON.US,D,20221201,000000,1.3399,1.3399,1.22,1.22,12753,0
XPON.US,D,20221202,000000,1.15,1.33,1.15,1.2854,54113,0
XPON.US,D,20221205,000000,1.3,1.3,1.2,1.27,18107,0
XPON.US,D,20221206,000000,1.31,1.31,1.12,1.13,26757,0
XPON.US,D,20221207,000000,1.15,1.15,1.11,1.15,13867,0
XPON.US,D,20221208,000000,1.15,1.2,1.1127,1.18,26754,0
XPON.US,D,20221209,000000,1.11,1.1913,1.1,1.15,19535,0
XPON.US,D,20221212,000000,1.17,1.17,1.1,1.17,16684,0
XPON.US,D,20221213,000000,1.13,1.2,1.13,1.175,13952,0
XPON.US,D,20221214,000000,1.14,1.19,1.11,1.19,5888,0
XPON.US,D,20221215,000000,1.1501,1.18,1.1,1.15,17266,0
XPON.US,D,20221216,000000,1.17,1.17,1.04,1.09,14518,0
XPON.US,D,20221219,000000,1.08,1.13,0.93135,1,35420,0
XPON.US,D,20221220,000000,1,1.015,0.9501,0.9926,16440,0
XPON.US,D,20221221,000000,1,1.055,0.9,0.97,42199,0
XPON.US,D,20221222,000000,0.97,1,0.9,0.9825,4121070,0
XPON.US,D,20221223,000000,2.99,3.74,2.13,2.35,49054220,0
XPON.US,D,20221227,000000,2.23,2.5,2,2.1,2163454,0
XPON.US,D,20221228,000000,2.18,2.3799,2.06,2.14,804295,0
XPON.US,D,20221229,000000,2.17,2.82,2.1,2.47,1669867,0
XPON.US,D,20221230,000000,2.7,2.7,2.13,2.3,679068,0
XPON.US,D,20230103,000000,2.28,2.5,2.1,2.12,519757,0
XPON.US,D,20230104,000000,2.11,2.11,1.75,1.84,371164,0
XPON.US,D,20230105,000000,1.77,1.8065,1.57,1.68,209557,0
XPON.US,D,20230106,000000,1.55,1.6,1.42,1.55,179497,0
XPON.US,D,20230109,000000,1.51,1.6,1.36,1.43,134955,0
XPON.US,D,20230110,000000,1.47,1.525,1.43,1.48,74053,0
XPON.US,D,20230111,000000,1.46,1.73,1.3851,1.58,1531367,0
XPON.US,D,20230112,000000,1.98,3.96,1.9,2.5,33521154,0
XPON.US,D,20230113,000000,2.19,2.7,2.05,2.14,1487821,0
XPON.US,D,20230117,000000,2,2.18,2,2.025,398599,0
XPON.US,D,20230118,000000,2.03,2.2,2,2.06,274770,0
XPON.US,D,20230119,000000,2.07,2.0799,1.9,2.01,155934,0
XPON.US,D,20230120,000000,2.04,2.04,1.85,1.93,138833,0
XPON.US,D,20230123,000000,1.935,1.99,1.87,1.97,68782,0
XPON.US,D,20230124,000000,1.96,2.0001,1.91,1.95,59751,0
XPON.US,D,20230125,000000,1.89,1.9,1.79,1.82,68136,0
XPON.US,D,20230126,000000,1.95,1.95,1.8201,1.85,56094,0
XPON.US,D,20230127,000000,1.88,1.95,1.8,1.89,59256,0
XPON.US,D,20230130,000000,1.94,2.55,1.78,2.21,638704,0
XPON.US,D,20230131,000000,2.29,2.29,2.035,2.18,179911,0
XPON.US,D,20230201,000000,2.16,2.22,2.0115,2.1,39319,0
XPON.US,D,20230202,000000,2.21,2.2198,2.08,2.15,60647,0
XPON.US,D,20230203,000000,2.21,2.21,2,2.03,80489,0
XPON.US,D,20230206,000000,2,2.1,1.92,2.0001,51224,0
XPON.US,D,20230207,000000,2.09,2.09,1.9,1.94,45596,0
XPON.US,D,20230208,000000,1.9,2.01,1.9,2.0042,21933,0
XPON.US,D,20230209,000000,2.02,2.1,1.96,1.9936,3399171,0
XPON.US,D,20230210,000000,2.7,3.75,2.35,3.08,60780867,0
XPON.US,D,20230213,000000,3.46,4.07,3.21,3.72,17463249,0
XPON.US,D,20230214,000000,3.5,4.44,3.31,4.17,6317538,0
XPON.US,D,20230215,000000,4.46,5,3.55,3.69,6462863,0
XPON.US,D,20230216,000000,3.45,3.61,3.18,3.49,782610,0
XPON.US,D,20230217,000000,3.49,3.62,3.4,3.54,404332,0
XPON.US,D,20230221,000000,3.49,3.49,2.84,2.88,522469,0
XPON.US,D,20230222,000000,3.08,3.08,2.7,2.76,221270,0
XPON.US,D,20230223,000000,2.75,4.25,2.51,3.93,1673225,0
XPON.US,D,20230224,000000,3.86,4.75,3.61,3.77,1848938,0
XPON.US,D,20230227,000000,3.76,4.24,3.76,4,415509,0
XPON.US,D,20230228,000000,3.93,4.51,3.89,4.47,604501,0
XPON.US,D,20230301,000000,4.51,5.25,4.26,5.09,775094,0
XPON.US,D,20230302,000000,4.86,5.11,4.55,4.69,435853,0
XPON.US,D,20230303,000000,4.97,4.97,4.5,4.75,281888,0
XPON.US,D,20230306,000000,4.75,4.8899,4.51,4.86,232354,0
XPON.US,D,20230307,000000,4.74,5.4,4.67,5.33,319846,0
XPON.US,D,20230308,000000,5.31,6.26,5.28,6.26,694454,0
XPON.US,D,20230309,000000,6.26,6.3,5.59,5.61,300151,0
XPON.US,D,20230310,000000,5.69,5.76,5.15,5.76,281775,0
XPON.US,D,20230313,000000,5.64,6.48,5.24,6.08,458270,0
XPON.US,D,20230314,000000,6.09,7.15,5.9,6.71,943300,0
XPON.US,D,20230315,000000,6.79,6.79,6.16,6.58,577455,0
XPON.US,D,20230316,000000,6.39,6.4799,5.75,5.83,262867,0
XPON.US,D,20230317,000000,5.83,6.48,5.66,6.19,263055,0
XPON.US,D,20230320,000000,6.19,6.2499,5.83,6.15,119941,0
XPON.US,D,20230321,000000,6.13,6.3499,5.85,6.05,224083,0
XPON.US,D,20230322,000000,6.04,6.1799,5.8704,5.95,160502,0
XPON.US,D,20230323,000000,5.92,6.1399,5.4556,5.53,230497,0
XPON.US,D,20230324,000000,5.42,5.71,5.26,5.69,97138,0
XPON.US,D,20230327,000000,5.67,5.8,5.47,5.74,80644,0
XPON.US,D,20230328,000000,5.61,6.15,5.61,5.8,117779,0
XPON.US,D,20230329,000000,5.7,5.76,5.4,5.62,115689,0
XPON.US,D,20230330,000000,5.66,6,5.5201,5.98,152489,0
XPON.US,D,20230331,000000,5.5,5.74,4.52,4.84,287304,0
XPON.US,D,20230403,000000,4.89,5.2689,4.8589,5.03,88239,0
XPON.US,D,20230404,000000,4.96,5.2,4.81,5.07,154823,0
XPON.US,D,20230405,000000,4.97,5.1399,4.76,4.98,58214,0
XPON.US,D,20230406,000000,4.88,5.0399,4.75,5,29725,0
XPON.US,D,20230410,000000,4.96,5,4.824,4.98,21790,0
XPON.US,D,20230411,000000,5.01,5.07,4.8033,5.03,44225,0
XPON.US,D,20230412,000000,4.97,5.14,4.9,4.97,134715,0
XPON.US,D,20230413,000000,4.88,4.97,4.54,4.72,59498,0
XPON.US,D,20230414,000000,4.72,4.79,4.42,4.62,58686,0
XPON.US,D,20230417,000000,4.51,4.6,4.4,4.485,35837,0
XPON.US,D,20230418,000000,4.46,4.79,4.4133,4.79,39555,0
XPON.US,D,20230419,000000,4.67,4.7999,4.44,4.64,53604,0
XPON.US,D,20230420,000000,4.61,4.6999,4.45,4.62,42012,0
XPON.US,D,20230421,000000,4.62,4.7355,4.5715,4.725,16724,0
XPON.US,D,20230424,000000,4.58,5.1399,4.58,4.99,112720,0
XPON.US,D,20230425,000000,5.05,5.05,4.87,4.97,26139,0
XPON.US,D,20230426,000000,5.02,5.0499,4.92,5.04,25327,0
XPON.US,D,20230427,000000,5.05,5.22,4.91,5.03,33180,0
XPON.US,D,20230428,000000,5.03,5.0999,4.61,4.8,37628,0
XPON.US,D,20230501,000000,4.95,5.0303,4.75,4.88,26460,0
XPON.US,D,20230502,000000,4.98,5.1899,4.79,5.11,88747,0
XPON.US,D,20230503,000000,5.2,5.7,5.15,5.36,96511,0
XPON.US,D,20230504,000000,5.12,5.71,5,5.61,76564,0
XPON.US,D,20230505,000000,5.83,5.89,5.52,5.6,68924,0
XPON.US,D,20230508,000000,5.58,5.76,5.5001,5.62,35333,0
XPON.US,D,20230509,000000,5.85,6.18,5.75,6.05,79159,0
XPON.US,D,20230510,000000,6.1,6.2,5.97,6.13,44477,0
XPON.US,D,20230511,000000,6.2,6.2,6.02,6.18,34804,0
XPON.US,D,20230512,000000,5.99,6.09,5.17,5.38,76677,0
XPON.US,D,20230515,000000,5.3,5.5695,5.1375,5.16,21428,0
XPON.US,D,20230516,000000,5.27,5.36,4.94,4.99,32748,0
XPON.US,D,20230517,000000,4.69,5.08,4.69,4.92,56541,0
XPON.US,D,20230518,000000,4.97,5.08,4.61,4.74,56720,0
XPON.US,D,20230519,000000,5.03,5.03,4.395,4.6,101962,0
XPON.US,D,20230522,000000,4.6,4.65,4.15,4.21,131438,0
XPON.US,D,20230523,000000,4.26,4.26,3.9,4,121792,0
XPON.US,D,20230524,000000,4.55,4.55,4.2,4.31,90374,0
XPON.US,D,20230525,000000,4.27,4.27,4.0915,4.19,18994,0
XPON.US,D,20230526,000000,4.18,4.47,4.06,4.36,36041,0
XPON.US,D,20230530,000000,4.21,4.5,4.1701,4.46,16929,0
XPON.US,D,20230531,000000,4.41,4.63,4.3401,4.57,8732,0
XPON.US,D,20230601,000000,4.63,4.63,4.4332,4.58,8422,0
XPON.US,D,20230602,000000,4.49,4.62,4.3,4.39,30303,0
XPON.US,D,20230605,000000,4.37,4.472,3.96,4,71577,0
XPON.US,D,20230606,000000,3.98,4.3699,3.98,4.3,12767,0
XPON.US,D,20230607,000000,4.3,4.3,4.16,4.21,5973,0
XPON.US,D,20230608,000000,4.3,4.3,4.11,4.2,17826,0
XPON.US,D,20230609,000000,4.12,4.2999,4,4.08,45151,0
XPON.US,D,20230612,000000,4.29,4.2999,4.1,4.27,9342,0
XPON.US,D,20230613,000000,4.26,4.79,4.19,4.63,30371,0
XPON.US,D,20230614,000000,4.68,4.86,4.41,4.65,22328,0
XPON.US,D,20230615,000000,4.779,4.99,4.6188,4.97,40553,0
XPON.US,D,20230616,000000,4.96,5.18,4.68,4.72,43251,0
XPON.US,D,20230620,000000,4.92,4.92,4.55,4.78,58185,0
XPON.US,D,20230621,000000,4.84,4.96,4.3,4.51,28851,0
XPON.US,D,20230622,000000,4.51,4.65,4.4326,4.57,4082,0
XPON.US,D,20230623,000000,4.59,4.92,4.55,4.92,30200,0
XPON.US,D,20230626,000000,5.15,5.2,4.6461,4.76,84761,0
XPON.US,D,20230627,000000,4.715,4.95,4.6201,4.95,24066,0
XPON.US,D,20230628,000000,4.83,5.19,4.67,5.09,97838,0
XPON.US,D,20230629,000000,5.13,5.1999,4.95,5.08,28256,0
XPON.US,D,20230630,000000,5.1,5.1,4.95,4.97,16227,0
XPON.US,D,20230703,000000,4.98,5.2385,4.79,5.17,28031,0
XPON.US,D,20230705,000000,5.17,5.5,5.0339,5.5,27251,0
XPON.US,D,20230706,000000,5.55,5.55,4.91,5.22,124721,0
XPON.US,D,20230707,000000,5.25,5.48,4.97,5.06,84562,0
XPON.US,D,20230710,000000,5.15,5.27,4.91,4.97,56926,0
XPON.US,D,20230711,000000,5.07,5.18,4.72,4.89,38453,0
XPON.US,D,20230712,000000,4.75,5.17,4.74,4.98,47042,0
XPON.US,D,20230713,000000,4.98,5.13,4.7,4.81,57926,0
XPON.US,D,20230714,000000,4.84,5.02,4.65,4.78,32320,0
XPON.US,D,20230717,000000,4.84,5.01,4.785,4.9,22120,0
XPON.US,D,20230718,000000,4.81,5.05,4.81,5.02,19382,0
XPON.US,D,20230719,000000,4.92,5,4.7501,4.8,17929,0
XPON.US,D,20230720,000000,4.8799,4.9258,4.7801,4.88,31680,0
XPON.US,D,20230721,000000,4.93,4.98,4.82,4.9,9555,0
XPON.US,D,20230724,000000,4.98,4.98,4.791,4.96,255086,0
XPON.US,D,20230725,000000,5.28,5.48,4.8,5.25,251431,0
XPON.US,D,20230726,000000,5.11,5.19,4.88,5.05,30805,0
XPON.US,D,20230727,000000,5.11,5.15,4.9,5.13,28360,0
XPON.US,D,20230728,000000,5.1,5.49,5.01,5.39,29818,0
XPON.US,D,20230731,000000,5.4,5.51,5.26,5.43,25834,0
XPON.US,D,20230801,000000,5.29,5.4,5.19,5.27,31345,0
XPON.US,D,20230802,000000,5.34,5.34,5.15,5.27,8476,0
XPON.US,D,20230803,000000,5.26,5.26,5.12,5.12,17524,0
XPON.US,D,20230804,000000,5.17,5.29,5.05,5.18,18011,0
XPON.US,D,20230807,000000,5.22,5.27,5.0501,5.27,23009,0
XPON.US,D,20230808,000000,5.2,5.27,5.1,5.16,14509,0
XPON.US,D,20230809,000000,5.26,5.2699,5.12,5.18,12563,0
XPON.US,D,20230810,000000,5.28,5.28,5.105,5.2,12299,0
XPON.US,D,20230811,000000,5.11,5.25,4.91,5.08,39476,0
XPON.US,D,20230814,000000,4.99,5.29,4.9201,5.01,11004,0
XPON.US,D,20230815,000000,5.11,5.18,4.94,4.94,9073,0
XPON.US,D,20230816,000000,4.91,5.27,4.91,5.02,21457,0
XPON.US,D,20230817,000000,4.96,5.19,4.91,4.92,10095,0
XPON.US,D,20230818,000000,5.15,5.15,4.6538,5.02,34230,0
XPON.US,D,20230821,000000,5.06,5.15,4.71,5.12,31378,0
XPON.US,D,20230822,000000,5.0477,5.11,4.985,5.04,10697,0
XPON.US,D,20230823,000000,5.14,5.14,4.86,4.92,13512,0
XPON.US,D,20230824,000000,5.0296,5.04,4.92,4.97,6875,0
XPON.US,D,20230825,000000,4.91,5.15,4.91,5.1,17078,0
XPON.US,D,20230828,000000,5.08,5.1499,4.63,4.71,48505,0
XPON.US,D,20230829,000000,4.8,4.883,4.77,4.77,7342,0
XPON.US,D,20230830,000000,4.8587,4.92,4.75,4.83,11443,0
XPON.US,D,20230831,000000,4.8,4.92,4.8,4.92,6282,0
XPON.US,D,20230901,000000,4.8459,4.9699,4.81,4.86,2519,0
XPON.US,D,20230905,000000,4.745,4.85,4.66,4.72,10906,0
XPON.US,D,20230906,000000,4.78,4.9553,4.5701,4.65,12580,0
XPON.US,D,20230907,000000,4.89,4.89,4.605,4.86,9301,0
XPON.US,D,20230908,000000,4.77,4.8173,4.57,4.68,6737,0
XPON.US,D,20230911,000000,4.77,4.78,4.5101,4.76,12389,0
XPON.US,D,20230912,000000,4.65,4.8196,4.23,4.32,30064,0
XPON.US,D,20230913,000000,4.44,4.6499,4.3201,4.51,11978,0
XPON.US,D,20230914,000000,4.6324,4.73,4.4301,4.73,17126,0
XPON.US,D,20230915,000000,4.64,4.75,4.5,4.5,20042,0
XPON.US,D,20230918,000000,4.6,4.67,4.5213,4.58,3426,0
XPON.US,D,20230919,000000,4.61,4.75,4.4,4.74,20833,0
XPON.US,D,20230920,000000,4.7221,4.7221,4.5,4.53,3393,0
XPON.US,D,20230921,000000,4.47,4.74,4.3,4.41,32296,0
XPON.US,D,20230922,000000,4.43,4.4583,4.05,4.1,28190,0
XPON.US,D,20230925,000000,4.135,4.18,3.96,3.96,13579,0
XPON.US,D,20230926,000000,4.15,4.15,3.8114,3.97,25523,0
XPON.US,D,20230927,000000,4.0885,4.2055,3.85,3.86,23154,0
XPON.US,D,20230928,000000,3.9,4.095,3.9,4.01,33166,0
XPON.US,D,20230929,000000,4.12,4.5344,4,4.11,65762,0
XPON.US,D,20231002,000000,4.255,4.7,4.1102,4.55,40744,0
XPON.US,D,20231003,000000,4.55,4.73,4.25,4.59,21213,0
XPON.US,D,20231004,000000,4.75,4.82,4.68,4.74,22920,0
XPON.US,D,20231005,000000,4.67,4.82,4.67,4.7,67835,0
XPON.US,D,20231006,000000,4.7,4.85,4.7,4.7499,13705,0
XPON.US,D,20231009,000000,4.8,4.8,4.5,4.78,12593,0
XPON.US,D,20231010,000000,4.71,4.82,4.6101,4.79,6150,0
XPON.US,D,20231011,000000,4.68,4.82,4.52,4.75,17224,0
XPON.US,D,20231012,000000,4.85,5.19,4.4,4.57,93830,0
XPON.US,D,20231013,000000,4.65,4.77,4.4801,4.6,10376,0
XPON.US,D,20231016,000000,4.6101,4.77,4.61,4.62,28917,0
XPON.US,D,20231017,000000,4.61,4.7499,4.41,4.41,17378,0
XPON.US,D,20231018,000000,4.42,4.75,4.42,4.68,11908,0
XPON.US,D,20231019,000000,4.52,4.71,4.52,4.66,3688,0
XPON.US,D,20231020,000000,4.59,4.705,4.5725,4.705,3811,0
XPON.US,D,20231023,000000,4.55,4.6999,4.4,4.6999,16674,0
XPON.US,D,20231024,000000,4.56,4.68,4.5,4.5,6956,0
XPON.US,D,20231025,000000,4.51,4.7,4.45,4.5321,6590,0
XPON.US,D,20231026,000000,4.4401,4.53,4.4,4.5299,12467,0
XPON.US,D,20231027,000000,4.5,4.555,4.136,4.3,5042,0
XPON.US,D,20231030,000000,4.01,4.2363,3.9301,3.936,61680,0
XPON.US,D,20231031,000000,4.18,4.3337,4.04,4.06,18248,0
XPON.US,D,20231101,000000,4.01,4.11,3.95,4.01,12898,0
XPON.US,D,20231102,000000,4.01,4.3099,4,4.29,11908,0
XPON.US,D,20231103,000000,4.37,4.64,4.22,4.35,5842,0
XPON.US,D,20231106,000000,4.425,4.6403,4.2943,4.39,21467,0
XPON.US,D,20231107,000000,4.515,4.5875,4.35,4.35,1716,0
XPON.US,D,20231108,000000,4.3926,4.42,4.29,4.35,7918,0
XPON.US,D,20231109,000000,4.49,4.59,4.19,4.5,7239,0
XPON.US,D,20231110,000000,4.5369,4.59,4.1001,4.355,19000,0
XPON.US,D,20231113,000000,4.18,4.27,4.1,4.1201,6768,0
XPON.US,D,20231114,000000,4.12,4.23,3.945,4.09,33058,0
XPON.US,D,20231115,000000,4.1,4.2705,4.01,4.15,7906,0
XPON.US,D,20231116,000000,4.01,4.105,3.76,3.9,49242,0
XPON.US,D,20231117,000000,3.9,4.15,3.9,4.1001,10242,0
XPON.US,D,20231120,000000,4.15,4.25,3.9353,4.2032,34687,0
XPON.US,D,20231121,000000,4.0796,4.24,4.0418,4.07,5461,0
XPON.US,D,20231122,000000,4.05,4.2,4.05,4.1405,5215,0
XPON.US,D,20231124,000000,4.05,4.25,4.01,4.03,6776,0
XPON.US,D,20231127,000000,4.15,4.1928,4.0968,4.15,17683,0
XPON.US,D,20231128,000000,4.27,4.65,4.15,4.17,95844,0
XPON.US,D,20231129,000000,4.2,4.3683,4.15,4.2,15093,0
XPON.US,D,20231130,000000,4.3,4.58,4.3,4.58,20976,0
XPON.US,D,20231201,000000,4.64,5.56,4.3707,5.49,88063,0
XPON.US,D,20231204,000000,5.49,5.9,5.35,5.5601,88287,0
XPON.US,D,20231205,000000,5.58,6.24,5.4032,6.1608,79707,0
XPON.US,D,20231206,000000,6.16,6.39,6,6.2,41688,0
XPON.US,D,20231207,000000,6.25,6.26,4.87,5.55,66527,0
XPON.US,D,20231208,000000,5.64,5.9519,5.5205,5.655,29718,0
XPON.US,D,20231211,000000,5.66,5.7899,4.81,5.115,55361,0
XPON.US,D,20231212,000000,5.08,5.52,4.83,5.04,47007,0
XPON.US,D,20231213,000000,5.24,5.24,4.8,4.81,25879,0
XPON.US,D,20231214,000000,4.81,5.1012,4.68,4.68,23692,0
XPON.US,D,20231215,000000,4.68,4.9899,4.5,4.63,11703,0
XPON.US,D,20231218,000000,4.51,4.78,4.45,4.45,81635,0
XPON.US,D,20231219,000000,4.55,4.86,4.55,4.64,37553,0
XPON.US,D,20231220,000000,4.72,4.72,4.51,4.55,15713,0
XPON.US,D,20231221,000000,4.6,4.72,4.565,4.6,21262,0
XPON.US,D,20231222,000000,4.9525,4.9525,4.7,4.9,8668,0
XPON.US,D,20231226,000000,4.85,4.98,4.85,4.9,17788,0
XPON.US,D,20231227,000000,4.98,5.5,4.86,5.45,29600,0
XPON.US,D,20231228,000000,5.4288,5.48,5.281,5.33,11273,0
XPON.US,D,20231229,000000,5.41,5.68,5.12,5.39,24795,0
XPON.US,D,20240102,000000,5.17,5.4399,4.86,5.01,24247,0
XPON.US,D,20240103,000000,5,5.165,4.74,5.09,55504,0
XPON.US,D,20240104,000000,5,5.3,5,5.21,24764,0
XPON.US,D,20240105,000000,5.29,5.3547,5.03,5.17,23279,0
XPON.US,D,20240108,000000,5.29,5.29,5.007,5.09,11940,0
XPON.US,D,20240109,000000,5.23,5.2425,5.0684,5.2,11642,0
XPON.US,D,20240110,000000,5.18,5.24,5.01,5.14,30479,0
XPON.US,D,20240111,000000,5.14,5.14,4.97,5.05,13362,0
XPON.US,D,20240112,000000,5.1,5.1,4.98,4.98,7217,0
XPON.US,D,20240116,000000,5.05,5.05,4.52,4.54,78284,0
XPON.US,D,20240117,000000,4.55,4.7347,4.45,4.5,40804,0
XPON.US,D,20240118,000000,4.6,4.75,4.41,4.53,28882,0
XPON.US,D,20240119,000000,4.5,4.6,4.45,4.54,26436,0
XPON.US,D,20240122,000000,4.52,4.52,4.2001,4.37,31979,0
XPON.US,D,20240123,000000,4.42,4.42,4.23,4.23,19604,0
XPON.US,D,20240124,000000,4.2,4.33,4.2,4.2203,14193,0
XPON.US,D,20240125,000000,4.2,4.35,4.2,4.32,8421,0
XPON.US,D,20240126,000000,4.24,4.41,4.24,4.31,4937,0
XPON.US,D,20240129,000000,4.42,4.42,4.2001,4.35,2348,0
XPON.US,D,20240130,000000,4.47,4.47,4.4,4.4,4564,0
XPON.US,D,20240131,000000,4.24,4.3896,4.24,4.31,3489,0
XPON.US,D,20240201,000000,4.29,4.46,4.25,4.25,25691,0
XPON.US,D,20240202,000000,4.22,4.42,4.22,4.4,8692,0
XPON.US,D,20240205,000000,4.42,4.42,4.04,4.18,19720,0
XPON.US,D,20240206,000000,4.24,4.73,4.05,4.13,37512,0
XPON.US,D,20240207,000000,4.255,4.255,4.0301,4.105,3262,0
XPON.US,D,20240208,000000,4.285,4.43,4.11,4.26,4523,0
XPON.US,D,20240209,000000,4.48,4.48,4.1,4.42,9665,0
XPON.US,D,20240212,000000,4.3001,4.39,4.1663,4.24,5775,0
XPON.US,D,20240213,000000,4.16,4.38,4.1,4.1901,9975,0
XPON.US,D,20240214,000000,4.25,4.2501,4.1,4.2,10471,0
XPON.US,D,20240215,000000,4.29,4.29,4.14,4.22,11185,0
XPON.US,D,20240216,000000,4.21,4.27,4.12,4.21,12804,0
XPON.US,D,20240220,000000,4.13,4.2399,4.01,4.11,18192,0
XPON.US,D,20240221,000000,4.11,4.2419,3.9416,4.2345,11130,0
XPON.US,D,20240222,000000,4.15,4.15,3.86,3.95,23960,0
XPON.US,D,20240223,000000,3.88,3.955,3.81,3.92,14675,0
XPON.US,D,20240226,000000,3.98,4,3.89,3.89,5951,0
XPON.US,D,20240227,000000,3.95,4,3.84,3.95,7742,0
XPON.US,D,20240228,000000,3.95,4.08,3.95,3.9501,5163,0
XPON.US,D,20240229,000000,4.18,4.18,3.95,4.0653,4580,0
XPON.US,D,20240301,000000,3.98,4.065,3.73,3.86,31029,0
XPON.US,D,20240304,000000,3.75,3.9,3.1,3.26,62961,0
XPON.US,D,20240305,000000,3.4199,3.89,3.2527,3.53,46154,0
XPON.US,D,20240306,000000,3.79,3.89,3.33,3.41,45685,0
XPON.US,D,20240307,000000,3.61,3.8235,3.46,3.6037,8666,0
XPON.US,D,20240308,000000,3.57,3.6895,3.4649,3.49,15215,0
XPON.US,D,20240311,000000,3.49,3.5922,3.45,3.45,2166,0
XPON.US,D,20240312,000000,3.56,3.6819,3.25,3.35,27400,0
XPON.US,D,20240313,000000,3.45,3.536,3.22,3.22,17043,0
XPON.US,D,20240314,000000,3.29,3.4561,3.26,3.26,9789,0
XPON.US,D,20240315,000000,3.42,3.49,3.2092,3.31,11970,0
XPON.US,D,20240318,000000,3.22,3.4113,3.2,3.21,28372,0
XPON.US,D,20240319,000000,3.2,3.3373,3.1,3.12,8270,0
XPON.US,D,20240320,000000,3.13,3.2799,3.13,3.2799,2776,0
XPON.US,D,20240321,000000,3.34,3.4,3.04,3.34,7449,0
XPON.US,D,20240322,000000,3.33,3.4155,3.22,3.28,6629,0
XPON.US,D,20240325,000000,3.3,3.4455,3.15,3.15,8425,0
XPON.US,D,20240326,000000,3.13,3.36,3.03,3.34,13223,0
XPON.US,D,20240327,000000,3.29,3.3699,3.07,3.12,5832,0
XPON.US,D,20240328,000000,3.13,3.375,3.06,3.12,47617,0
XPON.US,D,20240401,000000,2.98,2.9899,2.5401,2.57,105850,0
XPON.US,D,20240402,000000,2.58,2.8454,2.33,2.48,30869,0
XPON.US,D,20240403,000000,2.49,2.5215,2.2117,2.3299,65001,0
XPON.US,D,20240404,000000,2.34,2.4618,2.13,2.28,29733,0
XPON.US,D,20240405,000000,2.1,2.28,2.1,2.25,8308,0
XPON.US,D,20240408,000000,2.22,2.25,2.05,2.13,19499,0
XPON.US,D,20240409,000000,2.05,2.2854,2.05,2.12,20675,0
XPON.US,D,20240410,000000,2.129,2.15,2,2.02,15056,0
XPON.US,D,20240411,000000,2,2.1098,1.97,2.09,12027,0
XPON.US,D,20240412,000000,2.175,2.27,1.86,1.915,58550,0
XPON.US,D,20240415,000000,1.96,1.96,1.84,1.86,24195,0
XPON.US,D,20240416,000000,1.86,1.88,1.79,1.8499,14156,0
XPON.US,D,20240417,000000,1.94,2,1.86,1.93,3926,0
XPON.US,D,20240418,000000,2.25,3.49,2.11,3.15,16632657,0
XPON.US,D,20240419,000000,2.92,3.18,2.4201,2.53,815080,0
XPON.US,D,20240422,000000,2.41,2.49,2.14,2.305,293950,0
XPON.US,D,20240423,000000,2.45,2.49,1.96,2.21,186202,0
XPON.US,D,20240424,000000,2.2,2.2,1.96,2.13,130707,0
XPON.US,D,20240425,000000,2.08,2.33,2.08,2.33,35126,0
XPON.US,D,20240426,000000,2.27,2.36,2.1502,2.28,56346,0
XPON.US,D,20240429,000000,2.35,2.35,2.0789,2.2,43676,0
XPON.US,D,20240430,000000,2.18,2.35,2.0639,2.2,26412,0
XPON.US,D,20240501,000000,2.2,2.2782,2.1,2.2199,40590,0
XPON.US,D,20240502,000000,2.23,2.3,1.97,2.09,75836,0
XPON.US,D,20240503,000000,2.17,2.17,1.98,2.1,33811,0
XPON.US,D,20240506,000000,2.1,2.1316,1.83,1.88,141275,0
XPON.US,D,20240507,000000,1.99,2.06,1.82,2.01,36672,0
XPON.US,D,20240508,000000,2.03,2.08,1.99,2,41501,0
XPON.US,D,20240509,000000,1.99,2.07,1.97,1.99,9883,0
XPON.US,D,20240510,000000,2.04,2.07,1.89,2,30345,0
XPON.US,D,20240513,000000,2.08,2.1,1.95,2.06,77783,0
XPON.US,D,20240514,000000,2,2.0466,1.96,2,46228,0
XPON.US,D,20240515,000000,2.07,2.0994,1.9232,2,81065,0
XPON.US,D,20240516,000000,1.98,2.23,1.9601,2.1,288961,0
XPON.US,D,20240517,000000,1.95,2.1099,1.95,2.08,44759,0
XPON.US,D,20240520,000000,2.08,2.08,1.84,1.87,98280,0
XPON.US,D,20240521,000000,1.86,1.9,1.61,1.61,57555,0
XPON.US,D,20240522,000000,1.58,1.9126,1.54,1.74,39804,0
XPON.US,D,20240523,000000,1.9428,1.9428,1.7,1.74,15978,0
XPON.US,D,20240524,000000,1.65,1.91,1.555,1.74,105335,0
XPON.US,D,20240528,000000,1.8223,1.91,1.6564,1.71,27108,0
XPON.US,D,20240529,000000,1.62,1.8999,1.62,1.78,14934,0
XPON.US,D,20240530,000000,1.71,1.8175,1.65,1.68,17560,0
XPON.US,D,20240531,000000,1.74,1.9,1.65,1.76,24458,0
XPON.US,D,20240603,000000,1.7001,1.781,1.6,1.76,12053,0
XPON.US,D,20240604,000000,1.69,1.75,1.64,1.7,21016,0
XPON.US,D,20240605,000000,1.61,1.7,1.5,1.55,49692,0
XPON.US,D,20240606,000000,1.64,1.64,1.49,1.51,26332,0
XPON.US,D,20240607,000000,1.51,1.5432,1.15,1.36,159272,0
XPON.US,D,20240610,000000,1.33,1.45,1.27,1.3,25039,0
XPON.US,D,20240611,000000,1.2573,1.39,1.2,1.29,40601,0
XPON.US,D,20240612,000000,1.29,1.35,1.09,1.2254,70195,0
XPON.US,D,20240613,000000,1.21,1.3,1.11,1.24,55752,0
XPON.US,D,20240614,000000,1.205,1.25,1.17,1.185,26731,0
XPON.US,D,20240617,000000,1.18,1.215,1.12,1.12,59501,0
XPON.US,D,20240618,000000,1.2,1.2037,1.1,1.15,27830,0
XPON.US,D,20240620,000000,1.12,1.2141,1.02,1.07,123825,0
XPON.US,D,20240621,000000,1.08,1.13,1.02,1.03,62186,0
XPON.US,D,20240624,000000,1.03,1.13,1.03,1.08,32486,0
XPON.US,D,20240625,000000,1.07,1.19,1.03,1.05,24099,0
XPON.US,D,20240626,000000,1.0305,1.07,1.01,1.02,18189,0
XPON.US,D,20240627,000000,1.0202,1.06,1.01,1.05,30202,0
XPON.US,D,20240628,000000,1.02,1.06,1,1,27025,0
XPON.US,D,20240701,000000,1.0301,1.15,1,1.04,61854,0
XPON.US,D,20240702,000000,1.07,1.07,0.95,0.96,191822,0
XPON.US,D,20240703,000000,0.99,0.99,0.96,0.97,22367,0
XPON.US,D,20240705,000000,1,1,0.950201,0.969349,33380,0
XPON.US,D,20240708,000000,1.0545,1.0545,0.923,0.931,42204,0
XPON.US,D,20240709,000000,0.9775,1.0487,0.9001,0.9099,93246,0
XPON.US,D,20240710,000000,0.915001,0.92,0.8808,0.91,50203,0
XPON.US,D,20240711,000000,0.91,0.9699,0.8901,0.916,68555,0
XPON.US,D,20240712,000000,0.9001,0.9647,0.881,0.91,74342,0
XPON.US,D,20240715,000000,0.92,0.97,0.88,0.895,53558,0
XPON.US,D,20240716,000000,0.895,0.9379,0.871,0.9051,32215,0
XPON.US,D,20240717,000000,0.9016,0.938,0.9016,0.91,10387,0
XPON.US,D,20240718,000000,0.92,0.92,0.8316,0.852,54978,0
XPON.US,D,20240719,000000,0.87,0.9079,0.85,0.9001,72243,0
XPON.US,D,20240722,000000,0.9082,0.95,0.89,0.9212,53664,0
XPON.US,D,20240723,000000,0.9,0.94,0.9,0.92,205059,0
XPON.US,D,20240724,000000,0.97,1.2,0.95,1.04,516496,0
XPON.US,D,20240725,000000,1.01,1.1568,0.47,0.5513,1293398,0
XPON.US,D,20240726,000000,0.5974,0.6,0.47,0.481,336565,0
XPON.US,D,20240729,000000,0.482,0.4945,0.4,0.438,232891,0
XPON.US,D,20240730,000000,0.43,0.4839,0.4151,0.4616,84763,0
XPON.US,D,20240731,000000,0.43,0.5012,0.43,0.4731,91198,0
XPON.US,D,20240801,000000,0.4803,0.4902,0.435,0.4601,71853,0
XPON.US,D,20240802,000000,0.418,0.45,0.275149,0.303,618193,0
XPON.US,D,20240805,000000,0.2945,0.3086,0.2403,0.2578,241734,0
XPON.US,D,20240806,000000,0.3244,0.3293,0.2602,0.2603,16245241,0
XPON.US,D,20240807,000000,0.073,0.09,0.073,0.0835,98330981,0
XPON.US,D,20240808,000000,0.1008,0.1027,0.0755,0.098,162809230,0
XPON.US,D,20240809,000000,0.1,0.1,0.0801,0.0886,37655462,0
XPON.US,D,20240812,000000,0.087,0.087,0.08,0.0806,15698343,0
XPON.US,D,20240813,000000,0.0805,0.0869,0.078,0.0852,14149277,0
XPON.US,D,20240814,000000,0.0826,0.102,0.0786,0.0846,60202619,0
XPON.US,D,20240815,000000,0.087,0.0895,0.0805,0.0866,33164068,0
XPON.US,D,20240816,000000,0.0815,0.0823,0.0751,0.0788,19860133,0
XPON.US,D,20240819,000000,0.082,0.0844,0.0773,0.079,20502630,0
XPON.US,D,20240820,000000,0.0793,0.081,0.074,0.0753,14140828,0
XPON.US,D,20240821,000000,0.0731,0.0764,0.068,0.0718,16724961,0
XPON.US,D,20240822,000000,0.0674,0.0703,0.0654,0.0699,10760243,0
XPON.US,D,20240823,000000,0.07,0.075,0.068,0.0742,11154846,0
XPON.US,D,20240826,000000,0.0756,0.079,0.07,0.0745,10425025,0
XPON.US,D,20240827,000000,0.0725,0.0744,0.0695,0.0707,6401185,0
XPON.US,D,20240828,000000,0.07,0.0725,0.064,0.0661,11351885,0
XPON.US,D,20240829,000000,0.0662,0.0664,0.0581,0.062,10069073,0
XPON.US,D,20240830,000000,0.0641,0.0641,0.061,0.0626,5283969,0
XPON.US,D,20240903,000000,0.0624,0.0638,0.0585,0.0592,6657421,0
XPON.US,D,20240904,000000,0.0605,0.067,0.0593,0.0669,10646492,0
XPON.US,D,20240905,000000,0.0685,0.075,0.066,0.0717,22412422,0
XPON.US,D,20240906,000000,0.0973,0.109,0.0661,0.068,164862407,0
XPON.US,D,20240909,000000,0.0648,0.0648,0.055,0.0602,18071679,0
XPON.US,D,20240910,000000,0.058,0.0605,0.0552,0.0567,8702801,0
XPON.US,D,20240911,000000,0.0576,0.0576,0.053,0.0559,7322821,0
XPON.US,D,20240912,000000,0.06,0.06,0.0508,0.0519,8149998,0
XPON.US,D,20240913,000000,0.051,0.0638,0.0503,0.0562,16139646,0
XPON.US,D,20240916,000000,0.059,0.059,0.0523,0.0538,4468573,0
XPON.US,D,20240917,000000,0.0522,0.0545,0.0522,0.0538,3193697,0
XPON.US,D,20240918,000000,0.0535,0.0558,0.0524,0.0541,3058008,0
XPON.US,D,20240919,000000,0.056,0.06,0.0541,0.0582,9150918,0
XPON.US,D,20240920,000000,0.1299,0.2281,0.08,0.0848,387695397,0
XPON.US,D,20240923,000000,0.1189,0.132,0.0961,0.117,432572096,0
XPON.US,D,20240924,000000,0.101,0.107,0.0841,0.0884,49822914,0
XPON.US,D,20240925,000000,0.078,0.086,0.0741,0.084,37748355,0
XPON.US,D,20240926,000000,0.0778,0.084,0.058,0.0644,52618535,0
XPON.US,D,20240927,000000,0.0942,0.0956,0.0715,0.0722,266386068,0
XPON.US,D,20240930,000000,0.0658,0.0658,0.05,0.0517,155785260,0
XPON.US,D,20241001,000000,0.0523,0.0529,0.0463,0.0491,119141756,0
XPON.US,D,20241002,000000,0.0466,0.0489,0.04,0.0466,77409422,0
XPON.US,D,20241003,000000,0.047,0.0558,0.045,0.0483,101646289,0
XPON.US,D,20241004,000000,0.0549,0.0549,0.0465,0.0472,52338219,0
XPON.US,D,20241007,000000,0.041,0.0411,0.032,0.0342,130124422,0
XPON.US,D,20241008,000000,0.032,0.0483,0.03,0.0301,211287577,0
XPON.US,D,20241009,000000,2.86,2.96,2.13,2.96,1549390,0
XPON.US,D,20241010,000000,2.7,2.7322,2.22,2.3,1078751,0
XPON.US,D,20241011,000000,2.23,2.73,2.09,2.39,2471138,0
XPON.US,D,20241014,000000,4,4.25,3.18,3.52,29723104,0
XPON.US,D,20241015,000000,3.18,3.39,2.96,3.05,1316106,0
XPON.US,D,20241016,000000,2.99,2.99,2.7,2.74,594846,0
XPON.US,D,20241017,000000,2.77,3.61,2.75,3.05,1441872,0
XPON.US,D,20241018,000000,3,3.09,2.8,2.8,1655233,0
XPON.US,D,20241021,000000,3.89,4.29,3.35,3.63,9351202,0
XPON.US,D,20241022,000000,3.23,3.39,3.05,3.27,883576,0
XPON.US,D,20241023,000000,3.24,3.4399,2.94,3.06,489286,0
XPON.US,D,20241024,000000,3.01,3.85,3.01,3.52,3107076,0
XPON.US,D,20241025,000000,4.82,5.48,4.03,4.29,30268029,0
XPON.US,D,20241028,000000,4.01,4.23,3.7,4.21,1316621,0
XPON.US,D,20241029,000000,4.33,4.44,4.04,4.23,812172,0
