<TICKER>,<PER>,<DATE>,<TIME>,<OPEN>,<HIGH>,<LOW>,<CLOSE>,<VOL>,<OPENINT>
XTKG.US,D,20190402,000000,1320,1413.6,1224,1233.6,3067.9458026539,0
XTKG.US,D,20190403,000000,1281.6,1884,1248.02,1723.2,7548.2874245171,0
XTKG.US,D,20190404,000000,1740,1800,1404,1411.2,2845.2499715475,0
XTKG.US,D,20190405,000000,1437.6,1648.8,1437.6,1483.2,2120.8833121245,0
XTKG.US,D,20190408,000000,1526.4,1632,1476,1533.6,1242.2541542441,0
XTKG.US,D,20190409,000000,1488,1619.98,1488,1531.2,601.53749398463,0
XTKG.US,D,20190410,000000,1536,1549.73,1363.2,1370.4,941.22082392112,0
XTKG.US,D,20190411,000000,1368,1440,1332,1346.4,588.13749411862,0
XTKG.US,D,20190412,000000,1408.8,1440,1305.6,1372.8,1124.8291554184,0
XTKG.US,D,20190415,000000,1324.8,1372.8,1296,1296,402.533329308,0
XTKG.US,D,20190416,000000,1296,1346.16,1027.2,1185.6,1123.399988766,0
XTKG.US,D,20190417,000000,1188,1248,1116,1164,883.02082450313,0
XTKG.US,D,20190418,000000,1154.4,1320,1138.34,1269.6,1025.2874897471,0
XTKG.US,D,20190422,000000,1216.8,1320,1216.8,1240.8,396.44166270225,0
XTKG.US,D,20190423,000000,1243.2,1312.8,1226.4,1245.6,731.08749268913,0
XTKG.US,D,20190424,000000,1240.8,1289.18,1200,1231.2,338.87916327788,0
XTKG.US,D,20190425,000000,1269.6,1269.6,1120.8,1166.4,423.8833290945,0
XTKG.US,D,20190426,000000,1159.2,1176,1104,1142.4,418.49582914837,0
XTKG.US,D,20190429,000000,1144.8,1152,1106.4,1138.8,283.59583049738,0
XTKG.US,D,20190430,000000,1125.6,1176,1104,1164,337.60416329063,0
XTKG.US,D,20190501,000000,1161.6,1199.74,1116,1161.6,136.34583196988,0
XTKG.US,D,20190502,000000,1173.6,1224,1128,1216.8,128.4833320485,0
XTKG.US,D,20190503,000000,1173.29,1238.4,1164.02,1238.4,119.1166654755,0
XTKG.US,D,20190506,000000,1183.2,1233.6,1142.4,1207.2,167.66666499,0
XTKG.US,D,20190507,000000,1197.6,1339.2,1197.6,1291.2,543.72082789613,0
XTKG.US,D,20190508,000000,1291.2,1306.8,1238.42,1267.2,229.97916436688,0
XTKG.US,D,20190509,000000,1281.6,1281.6,1176,1222.8,317.07916349587,0
XTKG.US,D,20190510,000000,1228.8,1228.8,1154.4,1200,174.699998253,0
XTKG.US,D,20190513,000000,1212,1222.46,1128.02,1154.4,71.99999928,0
XTKG.US,D,20190514,000000,1176,1200,1128,1178.4,45.9166662075,0
XTKG.US,D,20190515,000000,1200,1200,1154.4,1171.2,42.304166243625,0
XTKG.US,D,20190516,000000,1202.64,1219.2,1116,1140,59.90833273425,0
XTKG.US,D,20190517,000000,1128,1147.2,1041.6,1051.2,203.48749796512,0
XTKG.US,D,20190520,000000,1060.8,1060.8,736.8,907.176,776.02499223975,0
XTKG.US,D,20190521,000000,892.8,943.2,840,912,175.42499824575,0
XTKG.US,D,20190522,000000,909.6,1039.2,890.4,1036.8,177.37499822625,0
XTKG.US,D,20190523,000000,1000.8,1022.4,936,936,42.00833291325,0
XTKG.US,D,20190524,000000,960,988.8,929.04,929.04,31.920833014125,0
XTKG.US,D,20190528,000000,936,986.4,892.8,895.2,81.94166584725,0
XTKG.US,D,20190529,000000,943.2,1000.8,895.2,986.4,168.7833316455,0
XTKG.US,D,20190530,000000,976.8,1005.6,945.504,960,45.29166621375,0
XTKG.US,D,20190531,000000,984,984,876,914.4,93.7166657295,0
XTKG.US,D,20190603,000000,948,969.6,871.2,871.2,20.30833313025,0
XTKG.US,D,20190604,000000,873.6,952.8,873.6,938.4,38.554166281125,0
XTKG.US,D,20190605,000000,938.4,981.6,928.8,960,45.67499954325,0
XTKG.US,D,20190606,000000,976.8,979.2,888,938.4,51.09166615575,0
XTKG.US,D,20190607,000000,895.2,948,823.2,936,177.91249822087,0
XTKG.US,D,20190610,000000,938.4,938.4,871.2,936,31.054166356125,0
XTKG.US,D,20190611,000000,936,948,888,924,25.4166664125,0
XTKG.US,D,20190612,000000,890.4,933.6,864,890.4,35.833332975,0
XTKG.US,D,20190613,000000,914.4,924,842.4,912,25.07499974925,0
XTKG.US,D,20190614,000000,866.4,933.6,815.136,852,21.0166664565,0
XTKG.US,D,20190617,000000,871.2,897.336,843.6,871.2,20.2499997975,0
XTKG.US,D,20190618,000000,870.936,870.936,780,847.2,105.633332277,0
XTKG.US,D,20190619,000000,846.36,885.6,828,866.4,19.662499803375,0
XTKG.US,D,20190620,000000,863.4,864,828,852,26.72499973275,0
XTKG.US,D,20190621,000000,897.6,910.8,768,770.4,71.033332623,0
XTKG.US,D,20190624,000000,791.52,836.76,756,799.2,100.6166656605,0
XTKG.US,D,20190625,000000,844.8,873.6,804,837.6,44.07499955925,0
XTKG.US,D,20190626,000000,840,1079.88,840,921.6,1104.0958222924,0
XTKG.US,D,20190627,000000,940.8,940.8,816,909.6,108.99166557675,0
XTKG.US,D,20190628,000000,900,928.536,816,859.2,110.59166556075,0
XTKG.US,D,20190701,000000,878.4,888,825.624,888,60.595832727375,0
XTKG.US,D,20190702,000000,880.704,907.776,855.576,897.6,25.29166641375,0
XTKG.US,D,20190703,000000,885.6,912,842.4,842.4,21.29166645375,0
XTKG.US,D,20190705,000000,849.6,878.4,844.8,873.6,95.920832374125,0
XTKG.US,D,20190708,000000,892.8,900,853.848,890.4,50.362499496375,0
XTKG.US,D,20190709,000000,904.8,907.2,847.224,880.8,55.84166610825,0
XTKG.US,D,20190710,000000,900,935.736,864,888.024,40.00833293325,0
XTKG.US,D,20190711,000000,926.4,996,885.6,888,89.579165770875,0
XTKG.US,D,20190712,000000,885.6,936,885.6,924,58.40833274925,0
XTKG.US,D,20190715,000000,926.4,935.4,849.6,852,42.945832903875,0
XTKG.US,D,20190716,000000,823.2,851.472,768,789.6,189.72916476937,0
XTKG.US,D,20190717,000000,825.6,834.96,770.4,775.2,94.5166657215,0
XTKG.US,D,20190718,000000,816,816,768,768,52.120832812125,0
XTKG.US,D,20190719,000000,792,876,792,868.8,199.77916466888,0
XTKG.US,D,20190722,000000,844.8,912,844.8,885.6,51.670832816625,0
XTKG.US,D,20190723,000000,847.2,888,844.8,849.6,102.0166656465,0
XTKG.US,D,20190724,000000,885.6,888,843.816,864,48.5833328475,0
XTKG.US,D,20190725,000000,883.2,883.2,792,802.08,123.57499876425,0
XTKG.US,D,20190726,000000,804,854.4,804,824.16,118.52083214812,0
XTKG.US,D,20190729,000000,806.4,849.6,744,744,127.0166653965,0
XTKG.US,D,20190730,000000,792,806.4,768,803.4,58.89166607775,0
XTKG.US,D,20190731,000000,803.736,852,796.8,835.2,65.229166014375,0
XTKG.US,D,20190801,000000,837.6,856.8,792,816,62.529166041375,0
XTKG.US,D,20190802,000000,816,840,794.4,840,64.604166020625,0
XTKG.US,D,20190805,000000,837.6,840,768,840,52.437499475625,0
XTKG.US,D,20190806,000000,835.2,883.2,780,876,91.52499908475,0
XTKG.US,D,20190807,000000,864,888,804,811.2,73.10833260225,0
XTKG.US,D,20190808,000000,830.4,849.6,818.4,830.4,62.604166040625,0
XTKG.US,D,20190809,000000,836.952,836.952,811.2,813.6,53.62499946375,0
XTKG.US,D,20190812,000000,816,835.2,804,804,65.933332674,0
XTKG.US,D,20190813,000000,823.2,835.2,784.8,792,52.129166145375,0
XTKG.US,D,20190814,000000,792,828,690,811.2,70.09166596575,0
XTKG.US,D,20190815,000000,752.544,816,752.544,760.8,38.22499961775,0
XTKG.US,D,20190816,000000,787.2,801.6,765.6,796.8,47.85833285475,0
XTKG.US,D,20190819,000000,796.8,796.8,780,792,34.020832993125,0
XTKG.US,D,20190820,000000,792,799.2,753.6,799.2,67.429165992375,0
XTKG.US,D,20190821,000000,792,799.2,757.512,792,29.012499709875,0
XTKG.US,D,20190822,000000,775.2,789.6,770.4,789.6,50.954166157125,0
XTKG.US,D,20190823,000000,780,792,768,780,63.67499936325,0
XTKG.US,D,20190826,000000,779.976,789.6,701.904,701.904,63.320832700125,0
XTKG.US,D,20190827,000000,770.4,792,768,782.4,94.1166657255,0
XTKG.US,D,20190828,000000,763.2,792,763.2,787.2,112.54166554125,0
XTKG.US,D,20190829,000000,787.2,856.8,784.8,811.2,153.499998465,0
XTKG.US,D,20190830,000000,794.4,818.4,794.4,811.2,60.779166058875,0
XTKG.US,D,20190903,000000,816,912.888,806.4,891.96,147.599998524,0
XTKG.US,D,20190904,000000,873.6,1020,871.224,1008,457.97916208688,0
XTKG.US,D,20190905,000000,1008,1063.2,967.2,1008,215.97916450688,0
XTKG.US,D,20190906,000000,998.4,998.4,938.4,974.4,48.99999951,0
XTKG.US,D,20190909,000000,976.8,1159.2,969.6,1125.6,522.0166614465,0
XTKG.US,D,20190910,000000,1125.6,1175.76,1104,1116,144.4499985555,0
XTKG.US,D,20190911,000000,1094.4,1094.4,1022.42,1066.75,63.629166030375,0
XTKG.US,D,20190912,000000,1070.78,1079.16,1027.51,1062.24,49.837499501625,0
XTKG.US,D,20190913,000000,1063.2,1104,1032,1092.1,54.804166118625,0
XTKG.US,D,20190916,000000,1060.8,1098.72,1032,1068,51.437499485625,0
XTKG.US,D,20190917,000000,1067.16,1067.16,878.4,878.4,276.63749723363,0
XTKG.US,D,20190918,000000,888,933.312,864,904.8,68.620832647125,0
XTKG.US,D,20190919,000000,897.6,933.6,780,890.4,173.02916493637,0
XTKG.US,D,20190920,000000,856.8,904.8,844.8,895.2,26.44166640225,0
XTKG.US,D,20190923,000000,858.528,933.6,858.528,868.8,122.4166654425,0
XTKG.US,D,20190924,000000,914.4,923.16,868.8,868.8,69.133332642,0
XTKG.US,D,20190925,000000,876,906.936,847.2,888,31.39166635275,0
XTKG.US,D,20190926,000000,895.2,952.8,816.984,818.4,67.237499327625,0
XTKG.US,D,20190927,000000,823.2,849.6,726.432,751.848,244.81249755187,0
XTKG.US,D,20190930,000000,727.2,800.76,727.2,787.2,24.50833308825,0
XTKG.US,D,20191001,000000,792.864,803.16,741.6,784.8,8.5833332475,0
XTKG.US,D,20191002,000000,828,837.6,804.864,835.2,13.366666533,0
XTKG.US,D,20191003,000000,822.24,888,799.2,842.4,48.562499514375,0
XTKG.US,D,20191004,000000,852,887.16,801.624,857.952,58.120832752125,0
XTKG.US,D,20191007,000000,866.4,880.8,820.8,828,23.395833099375,0
XTKG.US,D,20191008,000000,839.16,847.2,828,840,14.499999855,0
XTKG.US,D,20191009,000000,840,871.2,840,870.552,7.90833325425,0
XTKG.US,D,20191010,000000,856.8,873.6,777.6,780,33.604166330625,0
XTKG.US,D,20191011,000000,799.2,852,796.8,852,30.399999696,0
XTKG.US,D,20191014,000000,852,875.736,849.6,875.736,8.30833325025,0
XTKG.US,D,20191015,000000,871.2,876,796.368,818.4,24.9833330835,0
XTKG.US,D,20191016,000000,804,888,804,861.6,34.4499996555,0
XTKG.US,D,20191017,000000,883.2,883.2,861.864,878.4,12.6499998735,0
XTKG.US,D,20191018,000000,883.2,918.936,868.8,906,28.870833044625,0
XTKG.US,D,20191021,000000,912,912,888.408,906.144,38.179166284875,0
XTKG.US,D,20191022,000000,890.88,919.2,888,888,51.0166661565,0
XTKG.US,D,20191023,000000,880.8,919.2,876,888,44.29166622375,0
XTKG.US,D,20191024,000000,907.2,919.2,782.4,876,37.89166628775,0
XTKG.US,D,20191025,000000,866.4,996,862.344,908.112,464.0166620265,0
XTKG.US,D,20191028,000000,1262.4,1308,792,830.4,9376.7082395662,0
XTKG.US,D,20191029,000000,811.2,837.6,780,804,385.266662814,0
XTKG.US,D,20191030,000000,804,832.8,784.8,830.4,137.42083195912,0
XTKG.US,D,20191031,000000,837.6,887.88,837.6,852,214.91249785088,0
XTKG.US,D,20191101,000000,816,873.6,806.64,859.728,101.02916565637,0
XTKG.US,D,20191104,000000,868.8,871.2,817.056,823.2,158.30833175025,0
XTKG.US,D,20191105,000000,818.28,856.8,789.6,820.824,122.499998775,0
XTKG.US,D,20191106,000000,794.4,813.6,785.88,808.8,37.420832959125,0
XTKG.US,D,20191107,000000,809.904,820.8,724.8,760.8,235.99166430675,0
XTKG.US,D,20191108,000000,748.8,767.976,744,760.8,95.995832373375,0
XTKG.US,D,20191111,000000,741.6,765.576,739.224,763.176,33.19166633475,0
XTKG.US,D,20191112,000000,727.2,761.856,727.2,751.2,110.02916556637,0
XTKG.US,D,20191113,000000,756,760.8,739.2,760.8,22.429166442375,0
XTKG.US,D,20191114,000000,739.2,760.776,720,720,81.42499918575,0
XTKG.US,D,20191115,000000,710.4,744,708,717.6,87.70833245625,0
XTKG.US,D,20191118,000000,708,720,669.72,672,70.82499929175,0
XTKG.US,D,20191119,000000,680.76,684,660,660,61.679166049875,0
XTKG.US,D,20191120,000000,672,681.6,631.2,657.6,72.779165938875,0
XTKG.US,D,20191121,000000,667.2,756,660,688.8,41.787499582125,0
XTKG.US,D,20191122,000000,669.6,738.936,669.6,676.8,176.02083157313,0
XTKG.US,D,20191125,000000,731.16,753.6,698.4,698.4,72.720832606125,0
XTKG.US,D,20191126,000000,715.2,748.752,708,734.4,44.712499552875,0
XTKG.US,D,20191127,000000,760.344,760.704,720,732,41.870832914625,0
XTKG.US,D,20191129,000000,732,732,716.376,716.376,5.04166661625,0
XTKG.US,D,20191202,000000,751.2,752.688,698.4,724.8,51.24166615425,0
XTKG.US,D,20191203,000000,715.2,729.6,700.8,727.2,39.062499609375,0
XTKG.US,D,20191204,000000,710.4,762.744,703.2,722.4,33.2166663345,0
XTKG.US,D,20191205,000000,733.368,741.6,691.2,710.832,28.570833047625,0
XTKG.US,D,20191206,000000,692.04,753.528,691.2,720,37.770832955625,0
XTKG.US,D,20191209,000000,698.4,746.4,686.4,703.2,28.879166377875,0
XTKG.US,D,20191210,000000,748.632,756,705.6,708,36.695832966375,0
XTKG.US,D,20191211,000000,739.2,748.8,698.352,720,59.97499940025,0
XTKG.US,D,20191212,000000,717.6,744,710.4,727.2,46.662499533375,0
XTKG.US,D,20191213,000000,743.976,748.752,710.4,732,44.412499555875,0
XTKG.US,D,20191216,000000,745.56,748.8,706.44,741.552,49.79166616875,0
XTKG.US,D,20191217,000000,744,755.352,708,710.4,72.712499272875,0
XTKG.US,D,20191218,000000,708.048,739.2,708,739.2,48.166666185,0
XTKG.US,D,20191219,000000,736.8,753.6,708,741.6,87.77499912225,0
XTKG.US,D,20191220,000000,711.24,753.528,708,708,123.0833321025,0
XTKG.US,D,20191223,000000,723.504,726,684,686.4,31.533333018,0
XTKG.US,D,20191224,000000,686.4,720,636,705.744,70.39166596275,0
XTKG.US,D,20191226,000000,676.8,684,652.8,684,40.187499598125,0
XTKG.US,D,20191227,000000,679.2,688.8,652.8,672,89.354165773125,0
XTKG.US,D,20191230,000000,660,681.576,636,655.752,59.145832741875,0
XTKG.US,D,20191231,000000,669.6,671.952,628.8,648,51.60833281725,0
XTKG.US,D,20200102,000000,638.4,671.952,628.8,650.4,34.279166323875,0
XTKG.US,D,20200103,000000,672,681.6,628.8,681.6,75.837499241625,0
XTKG.US,D,20200106,000000,716.76,748.8,708,720,160.44583172887,0
XTKG.US,D,20200107,000000,708,820.8,700.8,820.8,104.9166656175,0
XTKG.US,D,20200108,000000,808.704,876,732,816,193.27083140063,0
XTKG.US,D,20200109,000000,782.4,849.6,777.6,849.6,92.720832406125,0
XTKG.US,D,20200110,000000,852,895.2,796.416,885.6,90.370832429625,0
XTKG.US,D,20200113,000000,931.2,960,842.4,904.344,83.9833324935,0
XTKG.US,D,20200114,000000,911.16,911.16,856.8,888,17.212499827875,0
XTKG.US,D,20200115,000000,890.4,912,871.2,904.8,169.58749830413,0
XTKG.US,D,20200116,000000,904.8,912,890.4,909.6,108.37916558288,0
XTKG.US,D,20200117,000000,923.352,924,874.512,911.16,55.50833277825,0
XTKG.US,D,20200121,000000,888,950.4,888,912,60.3166660635,0
XTKG.US,D,20200122,000000,935.904,935.904,849.168,916.8,33.037499669625,0
XTKG.US,D,20200123,000000,916.8,924,854.4,909.6,65.85833267475,0
XTKG.US,D,20200124,000000,871.968,938.4,864,897.6,66.420832669125,0
XTKG.US,D,20200127,000000,859.2,916.8,840,911.976,54.80833278525,0
XTKG.US,D,20200128,000000,880.8,960,871.2,926.4,55.979166106875,0
XTKG.US,D,20200129,000000,883.2,909.6,864,902.4,47.095832862375,0
XTKG.US,D,20200130,000000,864.912,916.8,864,866.4,20.44166646225,0
XTKG.US,D,20200131,000000,866.4,897.6,804,804,70.345832629875,0
XTKG.US,D,20200203,000000,799.2,844.8,780,787.2,73.733332596,0
XTKG.US,D,20200204,000000,772.8,803.208,763.536,773.4,55.804166108625,0
XTKG.US,D,20200205,000000,820.896,846,736.8,799.2,104.7499989525,0
XTKG.US,D,20200206,000000,758.4,811.2,746.4,746.4,83.112499168875,0
XTKG.US,D,20200207,000000,792,825.6,760.8,796.8,25.187499748125,0
XTKG.US,D,20200210,000000,818.448,818.448,698.4,698.4,87.745832455875,0
XTKG.US,D,20200211,000000,739.2,768,708.024,720,58.566666081,0
XTKG.US,D,20200212,000000,710.4,761.952,703.2,703.2,19.9833331335,0
XTKG.US,D,20200213,000000,753.6,753.6,726.552,741.6,38.7499996125,0
XTKG.US,D,20200214,000000,744,756,722.4,756,44.620832887125,0
XTKG.US,D,20200218,000000,748.8,770.376,724.8,746.4,38.133332952,0
XTKG.US,D,20200219,000000,751.2,770.4,703.2,745.944,103.3166656335,0
XTKG.US,D,20200220,000000,751.2,770.4,732,756,67.40833265925,0
XTKG.US,D,20200221,000000,751.2,756,710.4,751.2,74.404165922625,0
XTKG.US,D,20200224,000000,744,745.176,698.4,742.344,30.045833032875,0
XTKG.US,D,20200225,000000,724.848,750.744,698.4,729.6,32.6499996735,0
XTKG.US,D,20200226,000000,710.4,741.6,710.4,723.528,21.133333122,0
XTKG.US,D,20200227,000000,736.8,736.8,686.4,686.4,46.929166197375,0
XTKG.US,D,20200228,000000,720,722.088,667.2,667.2,23.062499769375,0
XTKG.US,D,20200302,000000,677.064,688.944,624,624,15.05833318275,0
XTKG.US,D,20200303,000000,720,720,636,638.4,18.854166478125,0
XTKG.US,D,20200304,000000,691.2,693.936,691.2,691.2,1.22499998775,0
XTKG.US,D,20200305,000000,691.2,691.2,640.8,645.6,14.862499851375,0
XTKG.US,D,20200306,000000,650.4,681.6,640.8,649.704,20.70833312625,0
XTKG.US,D,20200309,000000,693.072,693.984,637.488,637.488,20.2833331305,0
XTKG.US,D,20200310,000000,631.2,664.8,621.6,644.544,33.304166333625,0
XTKG.US,D,20200311,000000,629.184,662.4,616.8,653.04,17.404166492625,0
XTKG.US,D,20200312,000000,628.8,648,552,559.368,16.404166502625,0
XTKG.US,D,20200313,000000,621.888,648,567.168,573.36,8.520833248125,0
XTKG.US,D,20200316,000000,571.2,571.2,439.2,531.432,18.99999981,0
XTKG.US,D,20200317,000000,480,547.2,455.592,529.2,34.52499965475,0
XTKG.US,D,20200318,000000,441.6,547.2,441.6,494.4,140.12083193212,0
XTKG.US,D,20200319,000000,442.992,530.4,442.992,506.4,87.5499991245,0
XTKG.US,D,20200320,000000,480,528,480,513.6,26.6499997335,0
XTKG.US,D,20200323,000000,439.2,513.6,439.2,496.8,131.9499986805,0
XTKG.US,D,20200324,000000,508.896,584.4,508.896,544.8,48.199999518,0
XTKG.US,D,20200325,000000,560.544,624,549.6,564,83.587499164125,0
XTKG.US,D,20200326,000000,588.648,614.4,552,612,55.84166610825,0
XTKG.US,D,20200327,000000,614.376,614.376,528,577.2,87.662499123375,0
XTKG.US,D,20200330,000000,600,600,527.16,561.6,149.95416516713,0
XTKG.US,D,20200331,000000,595.2,600,511.2,595.2,183.39583149937,0
XTKG.US,D,20200401,000000,539.928,576,532.632,568.8,108.88749891112,0
XTKG.US,D,20200402,000000,564,607.2,547.2,564,103.22916563437,0
XTKG.US,D,20200403,000000,571.368,589.2,533.184,585.6,140.5166652615,0
XTKG.US,D,20200406,000000,616.776,621.6,552.024,555.048,154.45416512213,0
XTKG.US,D,20200407,000000,557.544,601.2,538.8,573.12,114.82916551838,0
XTKG.US,D,20200408,000000,564.744,604.8,540,602.4,154.3833317895,0
XTKG.US,D,20200409,000000,601.944,624,558.336,586.8,106.10416560562,0
XTKG.US,D,20200413,000000,568.272,696,559.2,649.56,147.233331861,0
XTKG.US,D,20200414,000000,667.464,696.264,592.8,640.8,88.42499911575,0
XTKG.US,D,20200415,000000,667.2,667.2,594.792,609.6,103.35833229975,0
XTKG.US,D,20200416,000000,645.6,747.6,594.24,691.2,178.20833155125,0
XTKG.US,D,20200417,000000,703.68,705.576,648,660,54.912499450875,0
XTKG.US,D,20200420,000000,616.8,662.4,588,640.8,191.93749808063,0
XTKG.US,D,20200421,000000,655.272,655.272,637.2,652.8,64.104166025625,0
XTKG.US,D,20200422,000000,660,720,660,696,118.466665482,0
XTKG.US,D,20200423,000000,675.216,690.432,615.6,674.4,178.6833315465,0
XTKG.US,D,20200424,000000,688.536,715.176,631.2,652.8,104.40416562263,0
XTKG.US,D,20200427,000000,633.6,691.2,612,648,154.0833317925,0
XTKG.US,D,20200428,000000,572.352,705.6,572.352,693.6,286.47916380188,0
XTKG.US,D,20200429,000000,698.736,705.24,633.6,636,176.39166490275,0
XTKG.US,D,20200430,000000,631.872,682.824,609.6,645.192,158.99583174337,0
XTKG.US,D,20200501,000000,624,684,614.4,648,215.199997848,0
XTKG.US,D,20200504,000000,624,642.336,604.8,621.6,192.9499980705,0
XTKG.US,D,20200505,000000,625.2,688.8,606.552,672,197.92499802075,0
XTKG.US,D,20200506,000000,672,686.4,626.4,674.376,197.1166646955,0
XTKG.US,D,20200507,000000,660.072,688.32,626.4,652.8,272.17916394487,0
XTKG.US,D,20200508,000000,636,686.4,636,659.76,162.599998374,0
XTKG.US,D,20200511,000000,638.4,684,638.4,640.8,199.30833134025,0
XTKG.US,D,20200512,000000,648,691.2,609.6,619.2,228.57083104763,0
XTKG.US,D,20200513,000000,616.8,636,608.952,624,121.07499878925,0
XTKG.US,D,20200514,000000,605.4,679.2,605.4,672,309.17083024163,0
XTKG.US,D,20200515,000000,679.2,681.6,630.48,648,62.17499937825,0
XTKG.US,D,20200518,000000,645.576,655.2,609.6,645.6,232.2833310105,0
XTKG.US,D,20200519,000000,650.4,708.384,620.4,688.8,336.26249663738,0
XTKG.US,D,20200520,000000,672,698.4,645.6,681.888,299.566663671,0
XTKG.US,D,20200521,000000,669.6,684,635.736,642,174.89583158438,0
XTKG.US,D,20200522,000000,628.8,696,628.8,657.6,272.76249727238,0
XTKG.US,D,20200526,000000,669.6,669.6,631.2,636,503.50416163162,0
XTKG.US,D,20200527,000000,631.2,703.2,631.2,679.2,482.30832851025,0
XTKG.US,D,20200528,000000,684,700.8,631.2,640.8,112.33749887663,0
XTKG.US,D,20200529,000000,640.8,640.8,607.2,624,332.32083001013,0
XTKG.US,D,20200601,000000,619.2,649.2,619.2,648,31.562499684375,0
XTKG.US,D,20200602,000000,638.4,662.4,636,640.8,118.34166548325,0
XTKG.US,D,20200603,000000,662.4,672,628.8,643.2,99.295832340375,0
XTKG.US,D,20200604,000000,645.6,645.6,614.4,636,71.020832623125,0
XTKG.US,D,20200605,000000,626.4,640.8,609.6,619.2,244.2499975575,0
XTKG.US,D,20200608,000000,645.6,667.2,612,655.2,229.30833104025,0
XTKG.US,D,20200609,000000,638.4,717.6,638.4,696,355.199996448,0
XTKG.US,D,20200610,000000,703.2,703.2,624.144,638.4,276.55833056775,0
XTKG.US,D,20200611,000000,657.6,669.576,616.8,633.6,179.07083154263,0
XTKG.US,D,20200612,000000,645.6,669.144,640.8,640.8,215.07499784925,0
XTKG.US,D,20200615,000000,624,636,616.8,624,84.212499157875,0
XTKG.US,D,20200616,000000,638.4,667.2,592.8,607.2,418.05832915275,0
XTKG.US,D,20200617,000000,631.2,631.2,475.2,513.6,489.65416177012,0
XTKG.US,D,20200618,000000,518.232,537.6,507.984,523.2,116.04166550625,0
XTKG.US,D,20200619,000000,528,588,523.2,544.8,500.67082832662,0
XTKG.US,D,20200622,000000,549.6,569.616,506.4,540,345.799996542,0
XTKG.US,D,20200623,000000,530.4,597.6,515.712,547.2,391.55832941775,0
XTKG.US,D,20200624,000000,532.8,540,513.6,528,268.47083064862,0
XTKG.US,D,20200625,000000,528,592.8,528,554.4,365.0166630165,0
XTKG.US,D,20200626,000000,547.2,576,528,535.2,241.80833091525,0
XTKG.US,D,20200629,000000,516,590.4,516,542.4,335.67499664325,0
XTKG.US,D,20200630,000000,528.024,573.6,513.6,514.44,168.92083164413,0
XTKG.US,D,20200701,000000,508.8,552,508.8,513.6,79.8833325345,0
XTKG.US,D,20200702,000000,513.6,595.2,496.8,566.4,703.88749296112,0
XTKG.US,D,20200706,000000,568.8,573.6,532.8,556.8,186.22499813775,0
XTKG.US,D,20200707,000000,561.6,568.8,520.8,542.4,607.69166058975,0
XTKG.US,D,20200708,000000,542.4,715.2,542.4,684,2505.8791416079,0
XTKG.US,D,20200709,000000,638.4,660,585.6,602.4,735.00832598325,0
XTKG.US,D,20200710,000000,597.6,681.6,597.576,619.2,165.033331683,0
XTKG.US,D,20200713,000000,645.6,645.6,583.2,616.8,387.833329455,0
XTKG.US,D,20200714,000000,583.2,656.4,578.4,636,660.88749339112,0
XTKG.US,D,20200715,000000,662.4,676.8,607.2,609.6,340.6166632605,0
XTKG.US,D,20200716,000000,615.6,636,590.4,616.8,147.96249852037,0
XTKG.US,D,20200717,000000,604.8,640.8,591.84,640.8,144.81249855187,0
XTKG.US,D,20200720,000000,652.8,652.8,607.2,638.4,264.61249735388,0
XTKG.US,D,20200721,000000,626.4,672,609.6,616.8,453.4499954655,0
XTKG.US,D,20200722,000000,612,628.8,604.8,624,207.32916459337,0
XTKG.US,D,20200723,000000,612,621.6,602.4,614.424,190.54166476125,0
XTKG.US,D,20200724,000000,642,655.656,583.2,590.4,435.95832897375,0
XTKG.US,D,20200727,000000,609.6,624,590.4,600,207.4499979255,0
XTKG.US,D,20200728,000000,615.6,650.4,594.552,640.8,339.46249660538,0
XTKG.US,D,20200729,000000,640.8,648,614.64,628.8,181.47083151863,0
XTKG.US,D,20200730,000000,619.2,642.432,614.448,642.24,66.4166660025,0
XTKG.US,D,20200731,000000,650.4,660,642.552,643.2,131.94583201387,0
XTKG.US,D,20200803,000000,638.4,693.6,612,676.8,386.633329467,0
XTKG.US,D,20200804,000000,685.2,796.8,664.8,734.4,379.92082953413,0
XTKG.US,D,20200805,000000,738,835.2,717.6,722.4,219.82083113512,0
XTKG.US,D,20200806,000000,748.848,772.8,674.4,693.6,346.899996531,0
XTKG.US,D,20200807,000000,730.8,768,698.4,760.8,229.78749770212,0
XTKG.US,D,20200810,000000,753.6,816,700.8,760.8,427.0833290625,0
XTKG.US,D,20200811,000000,724.8,756,705.6,705.6,335.29582998038,0
XTKG.US,D,20200812,000000,712.8,739.2,696,696,290.39166376275,0
XTKG.US,D,20200813,000000,696,708,623.352,643.2,763.57499236425,0
XTKG.US,D,20200814,000000,628.8,691.2,628.8,669.6,336.82916329838,0
XTKG.US,D,20200817,000000,662.4,679.2,655.2,669.6,379.10832954225,0
XTKG.US,D,20200818,000000,655.2,684,636,657.6,682.5499931745,0
XTKG.US,D,20200819,000000,667.2,679.2,640.8,655.2,453.299995467,0
XTKG.US,D,20200820,000000,648,676.8,612,631.2,1851.3249814867,0
XTKG.US,D,20200821,000000,621.6,650.4,608.4,643.2,1072.8583226047,0
XTKG.US,D,20200824,000000,624,667.2,621.6,652.8,953.57915713088,0
XTKG.US,D,20200825,000000,640.8,675.048,637.008,674.4,812.51249187487,0
XTKG.US,D,20200826,000000,657.6,700.8,650.4,700.8,496.52082836813,0
XTKG.US,D,20200827,000000,684,715.2,664.8,684,442.47499557525,0
XTKG.US,D,20200828,000000,676.8,676.8,612,626.4,476.90832856425,0
XTKG.US,D,20200831,000000,612,638.4,595.2,619.2,527.93749472062,0
XTKG.US,D,20200901,000000,621.6,672,619.2,650.4,486.8833284645,0
XTKG.US,D,20200902,000000,648,648,592.8,624,454.08749545913,0
XTKG.US,D,20200903,000000,616.8,616.8,571.2,585.6,494.599995054,0
XTKG.US,D,20200904,000000,578.4,595.2,564,571.2,425.07499574925,0
XTKG.US,D,20200908,000000,571.2,571.2,480,516,623.299993767,0
XTKG.US,D,20200909,000000,518.4,559.2,482.4,508.8,444.13749555863,0
XTKG.US,D,20200910,000000,513.6,513.768,494.4,494.4,57.604166090625,0
XTKG.US,D,20200911,000000,492,504,420,465.6,361.05832972275,0
XTKG.US,D,20200914,000000,484.824,495.6,465.6,494.4,249.47916417187,0
XTKG.US,D,20200915,000000,489.6,504,480,484.8,267.59583065738,0
XTKG.US,D,20200916,000000,482.4,489.6,463.104,468,160.32083173013,0
XTKG.US,D,20200917,000000,468,501.6,468,477.6,77.499999225,0
XTKG.US,D,20200918,000000,472.8,479.28,465.6,465.6,128.18749871812,0
XTKG.US,D,20200921,000000,465.6,468,434.4,436.8,121.26249878737,0
XTKG.US,D,20200922,000000,464.76,465.6,439.2,451.2,35.170832981625,0
XTKG.US,D,20200923,000000,468,477.6,422.4,450.96,459.50416207162,0
XTKG.US,D,20200924,000000,444,465.6,444,463.2,37.345832959875,0
XTKG.US,D,20200925,000000,469.392,547.2,456,501.6,358.30416308362,0
XTKG.US,D,20200928,000000,508.8,536.28,508.8,519.6,269.9166639675,0
XTKG.US,D,20200929,000000,516.648,552,516.648,537.6,105.30416561363,0
XTKG.US,D,20200930,000000,542.4,595.2,542.4,583.2,151.55833181775,0
XTKG.US,D,20201001,000000,588,588,559.224,580.8,74.454165922125,0
XTKG.US,D,20201002,000000,564,588,564,585.6,46.412499535875,0
XTKG.US,D,20201005,000000,568.8,578.4,564,578.4,60.520832728125,0
XTKG.US,D,20201006,000000,574.8,578.4,525.6,564,242.24583091087,0
XTKG.US,D,20201007,000000,566.4,583.2,566.4,583.2,61.65833271675,0
XTKG.US,D,20201008,000000,535.2,576,535.2,571.2,45.92499954075,0
XTKG.US,D,20201009,000000,559.2,578.4,559.2,578.4,3.520833298125,0
XTKG.US,D,20201012,000000,582,592.8,580.8,592.8,42.737499572625,0
XTKG.US,D,20201013,000000,590.4,603.864,583.2,588,158.35833174975,0
XTKG.US,D,20201014,000000,597.6,607.2,597.6,604.8,145.77499854225,0
XTKG.US,D,20201015,000000,585.6,607.2,585.288,585.6,35.39166631275,0
XTKG.US,D,20201016,000000,568.8,651.96,568.8,614.4,208.52916458137,0
XTKG.US,D,20201019,000000,600,626.856,600,602.4,356.72499643275,0
XTKG.US,D,20201020,000000,633.6,655.2,576,576,414.70416251963,0
XTKG.US,D,20201021,000000,576,648,574.536,586.92,191.92499808075,0
XTKG.US,D,20201022,000000,595.848,642.288,566.4,585.6,342.94166323725,0
XTKG.US,D,20201023,000000,619.2,619.2,592.8,597.6,99.912499000875,0
XTKG.US,D,20201026,000000,598.8,607.248,578.4,600,220.166664465,0
XTKG.US,D,20201027,000000,600,604.8,561.6,583.2,195.07916471588,0
XTKG.US,D,20201028,000000,597.6,631.92,559.2,578.4,125.02083208313,0
XTKG.US,D,20201029,000000,566.4,624,566.4,604.8,236.24583097088,0
XTKG.US,D,20201030,000000,600,600,564,576,363.17499636825,0
XTKG.US,D,20201102,000000,588,595.2,559.2,571.2,154.44166512225,0
XTKG.US,D,20201103,000000,569.04,569.04,542.4,566.4,108.72916557938,0
XTKG.US,D,20201104,000000,554.4,568.8,504.528,542.4,222.37916444288,0
XTKG.US,D,20201105,000000,518.4,534,516,528,92.629165740375,0
XTKG.US,D,20201106,000000,524.592,532.68,494.4,513.6,166.42083166912,0
XTKG.US,D,20201109,000000,506.4,513.6,491.352,506.4,174.60833158725,0
XTKG.US,D,20201110,000000,501.6,567.048,492,549.6,389.64166277025,0
XTKG.US,D,20201111,000000,552,571.2,542.4,563.832,173.17916493487,0
XTKG.US,D,20201112,000000,561.072,597.6,561.072,568.8,143.22916523437,0
XTKG.US,D,20201113,000000,564,564,554.4,564,20.362499796375,0
XTKG.US,D,20201116,000000,559.2,559.368,528,528,51.629166150375,0
XTKG.US,D,20201117,000000,526.968,620.952,526.968,585.6,586.9833274635,0
XTKG.US,D,20201118,000000,602.4,602.4,578.4,580.8,36.84166629825,0
XTKG.US,D,20201119,000000,576.024,576.024,516,554.4,304.79583028538,0
XTKG.US,D,20201120,000000,544.488,564,544.488,549.6,39.42499960575,0
XTKG.US,D,20201123,000000,547.2,607.2,546.24,595.2,150.933331824,0
XTKG.US,D,20201124,000000,618.36,619.2,578.4,598.8,36.72499963275,0
XTKG.US,D,20201125,000000,609.6,657.6,588,588,149.93749850062,0
XTKG.US,D,20201127,000000,595.776,624,580.8,602.4,119.42499880575,0
XTKG.US,D,20201130,000000,595.2,667.2,595.2,638.4,205.59166461075,0
XTKG.US,D,20201201,000000,636,748.8,628.056,748.8,259.133330742,0
XTKG.US,D,20201202,000000,741.6,756,658.704,693.6,199.07499800925,0
XTKG.US,D,20201203,000000,756,765.6,720,720,162.56249837437,0
XTKG.US,D,20201204,000000,684.456,715.2,674.424,715.2,20.19166646475,0
XTKG.US,D,20201207,000000,724.8,736.8,691.2,693.6,54.20833279125,0
XTKG.US,D,20201208,000000,684,688.8,621.6,648,472.099995279,0
XTKG.US,D,20201209,000000,600,624.528,564,564,683.83749316163,0
XTKG.US,D,20201210,000000,578.4,578.4,552,554.4,789.87082543462,0
XTKG.US,D,20201211,000000,542.4,549.864,499.2,525.6,598.40416068263,0
XTKG.US,D,20201214,000000,501.6,523.2,501.6,523.2,227.79166438875,0
XTKG.US,D,20201215,000000,496.8,539.472,496.8,521.976,178.49583154838,0
XTKG.US,D,20201216,000000,511.2,597.6,507.432,523.2,1257.0541540961,0
XTKG.US,D,20201217,000000,518.4,576,508.8,530.4,1056.8583227648,0
XTKG.US,D,20201218,000000,535.2,542.4,520.92,523.2,194.56249805437,0
XTKG.US,D,20201221,000000,523.824,552,523.2,528,187.88749812112,0
XTKG.US,D,20201222,000000,540,540,508.8,528,175.77916490888,0
XTKG.US,D,20201223,000000,513.6,525.6,511.2,520.8,96.14166570525,0
XTKG.US,D,20201224,000000,523.2,527.952,509.04,513.6,46.3833328695,0
XTKG.US,D,20201228,000000,520.8,559.2,518.4,547.2,709.92082623413,0
XTKG.US,D,20201229,000000,549.6,549.6,516,528,223.04583110288,0
XTKG.US,D,20201230,000000,523.872,712.632,523.872,607.2,4693.0249530698,0
XTKG.US,D,20201231,000000,573.6,595.2,542.4,564,516.39166150275,0
XTKG.US,D,20210104,000000,578.4,588.504,549.6,559.2,125.5166654115,0
XTKG.US,D,20210105,000000,566.4,573.6,530.4,542.4,190.5166647615,0
XTKG.US,D,20210106,000000,554.4,559.2,528.648,542.4,182.266664844,0
XTKG.US,D,20210107,000000,547.2,635.976,546.072,592.8,987.97082345363,0
XTKG.US,D,20210108,000000,648,748.8,624.696,708,1656.6124834339,0
XTKG.US,D,20210111,000000,607.2,700.8,600,657.6,317.82916348838,0
XTKG.US,D,20210112,000000,669.6,691.176,638.4,655.2,245.72083087613,0
XTKG.US,D,20210113,000000,679.032,679.032,624,636,155.66249844338,0
XTKG.US,D,20210114,000000,657.6,688.8,614.4,679.2,674.166659925,0
XTKG.US,D,20210115,000000,669.6,708,626.4,676.8,293.28749706713,0
XTKG.US,D,20210119,000000,667.2,692.592,645.6,667.2,125.46249874538,0
XTKG.US,D,20210120,000000,652.8,665.256,650.4,660,29.47499970525,0
XTKG.US,D,20210121,000000,660,681.6,648,675.792,90.312499096875,0
XTKG.US,D,20210122,000000,679.2,679.2,664.8,679.2,22.229166444375,0
XTKG.US,D,20210125,000000,665.112,708,660,681.6,128.20833205125,0
XTKG.US,D,20210126,000000,681.6,710.712,664.8,667.2,36.812499631875,0
XTKG.US,D,20210127,000000,669.6,739.2,669.6,705.6,511.70832821625,0
XTKG.US,D,20210128,000000,727.2,729.6,650.4,676.8,131.0833320225,0
XTKG.US,D,20210129,000000,679.2,710.376,650.4,660,253.85416412813,0
XTKG.US,D,20210201,000000,679.2,679.2,638.424,655.2,38.99999961,0
XTKG.US,D,20210202,000000,650.4,739.2,650.4,712.8,687.95415978713,0
XTKG.US,D,20210203,000000,729.6,735.096,705.6,710.4,619.52499380475,0
XTKG.US,D,20210204,000000,753.6,756,719.76,734.4,441.15416225513,0
XTKG.US,D,20210205,000000,748.8,828,736.8,801.6,1487.7291517894,0
XTKG.US,D,20210208,000000,832.8,1008,770.4,840,2633.6124736639,0
XTKG.US,D,20210209,000000,847.2,900,804,837.6,1055.8499894415,0
XTKG.US,D,20210210,000000,828,873.6,759.6,808.8,928.77082404562,0
XTKG.US,D,20210211,000000,816,885.6,816,852,470.45416196212,0
XTKG.US,D,20210212,000000,856.8,948,856.8,948,1150.7833218255,0
XTKG.US,D,20210216,000000,974.4,1032,923.688,943.2,1059.2583227407,0
XTKG.US,D,20210217,000000,1008,2316,984,1531.2,41622.93708377,0
XTKG.US,D,20210218,000000,1224,1336.8,1118.42,1212,5096.5124490349,0
XTKG.US,D,20210219,000000,1183.2,1488,1176,1360.8,5616.899943831,0
XTKG.US,D,20210222,000000,1183.2,1267.18,1048.8,1048.8,2730.33330603,0
XTKG.US,D,20210223,000000,1005.6,1005.6,876,921.6,787.02915879637,0
XTKG.US,D,20210224,000000,921.6,1053.6,921.6,986.4,1104.9416556173,0
XTKG.US,D,20210225,000000,919.2,994.896,864,871.2,813.72499186275,0
XTKG.US,D,20210226,000000,880.8,952.8,840,842.4,904.833324285,0
XTKG.US,D,20210301,000000,844.8,936,844.8,900,1119.6458221369,0
XTKG.US,D,20210302,000000,900,912,806.424,835.2,1410.9583192238,0
XTKG.US,D,20210303,000000,864,913.536,820.824,820.824,415.27082918063,0
XTKG.US,D,20210304,000000,820.8,823.2,722.4,727.2,657.09582676238,0
XTKG.US,D,20210305,000000,734.4,806.4,723.6,799.2,1009.6041565706,0
XTKG.US,D,20210308,000000,775.2,792,734.4,734.4,186.10416480563,0
XTKG.US,D,20210309,000000,760.8,852,756,811.2,832.78749167213,0
XTKG.US,D,20210310,000000,828,909.6,808.8,837.6,1460.5124853949,0
XTKG.US,D,20210311,000000,876,897.6,830.4,861.6,1273.6083205972,0
XTKG.US,D,20210312,000000,832.8,955.152,782.4,885.6,1653.4916501318,0
XTKG.US,D,20210315,000000,873.6,984,854.568,924,1350.8416531582,0
XTKG.US,D,20210316,000000,892.8,983.928,878.4,900,3016.2208031711,0
XTKG.US,D,20210317,000000,830.4,967.176,814.2,914.4,2440.1583089318,0
XTKG.US,D,20210318,000000,924,960,892.776,904.8,672.77499327225,0
XTKG.US,D,20210319,000000,909.6,942,876,883.2,1555.7249844427,0
XTKG.US,D,20210322,000000,904.8,960,900,960,2358.1041430856,0
XTKG.US,D,20210323,000000,938.4,952.776,888,895.2,492.10832841225,0
XTKG.US,D,20210324,000000,897.6,924,746.4,753.6,1309.0624869094,0
XTKG.US,D,20210325,000000,728.04,787.2,727.2,758.4,395.45832937875,0
XTKG.US,D,20210326,000000,768,840,729.6,751.2,599.633327337,0
XTKG.US,D,20210329,000000,753.6,753.6,686.4,700.8,320.899996791,0
XTKG.US,D,20210330,000000,703.2,703.56,666,686.4,293.72499706275,0
XTKG.US,D,20210331,000000,703.2,728.76,688.8,724.8,238.2499976175,0
XTKG.US,D,20210401,000000,724.8,746.4,679.2,710.4,1003.5416566313,0
XTKG.US,D,20210405,000000,717.6,744,688.8,700.8,720.02082613312,0
XTKG.US,D,20210406,000000,693.6,722.4,680.328,710.4,243.70833089625,0
XTKG.US,D,20210407,000000,700.8,712.8,688.8,691.2,95.787499042125,0
XTKG.US,D,20210408,000000,716.208,739.2,702.648,705.6,180.199998198,0
XTKG.US,D,20210409,000000,701.16,715.176,676.8,676.8,185.41249814587,0
XTKG.US,D,20210412,000000,878.4,902.4,552.024,578.4,143258.04856742,0
XTKG.US,D,20210413,000000,539.424,550.896,484.8,511.2,11513.774884862,0
XTKG.US,D,20210414,000000,528,542.4,501.6,530.4,3617.9582971538,0
XTKG.US,D,20210415,000000,530.4,531.984,480,487.2,2121.8124787819,0
XTKG.US,D,20210416,000000,468,480.984,438,458.4,1781.1083155222,0
XTKG.US,D,20210419,000000,448.8,463.2,439.2,460.8,880.47499119525,0
XTKG.US,D,20210420,000000,453.6,460.8,432,439.2,678.7833265455,0
XTKG.US,D,20210421,000000,441.6,456,427.2,456,1206.5624879344,0
XTKG.US,D,20210422,000000,446.4,492,434.4,441.6,3412.4249658757,0
XTKG.US,D,20210423,000000,444,460.8,436.8,451.2,3468.7082986463,0
XTKG.US,D,20210426,000000,458.4,460.8,436.8,446.4,2205.7708112756,0
XTKG.US,D,20210427,000000,441.6,450.96,432,436.8,2667.8041399886,0
XTKG.US,D,20210428,000000,446.4,460.8,432,453.6,3555.0541311161,0
XTKG.US,D,20210429,000000,458.4,463.2,427.512,432,2161.5624783844,0
XTKG.US,D,20210430,000000,434.4,434.4,408,412.8,4610.5624538944,0
XTKG.US,D,20210503,000000,412.8,415.2,384,391.2,3383.4416328322,0
XTKG.US,D,20210504,000000,381.6,391.2,370.8,379.2,2598.5749740143,0
XTKG.US,D,20210505,000000,379.2,384,367.536,379.2,1223.9541544271,0
XTKG.US,D,20210506,000000,372,375.72,331.2,336,2668.9374733106,0
XTKG.US,D,20210507,000000,336,352.776,333.6,333.6,1883.4458144989,0
XTKG.US,D,20210510,000000,340.8,348,292.8,307.2,3509.2541315741,0
XTKG.US,D,20210511,000000,276,297.6,268.8,280.8,4128.566625381,0
XTKG.US,D,20210512,000000,283.2,297.312,263.352,268.8,1736.3583159698,0
XTKG.US,D,20210513,000000,276,285.6,256.8,259.2,1842.4124815759,0
XTKG.US,D,20210514,000000,268.8,276.312,261.6,268.8,1216.3041545036,0
XTKG.US,D,20210517,000000,278.4,300,268.8,295.2,1583.1624841684,0
XTKG.US,D,20210518,000000,297.6,307.2,288,297.6,990.399990096,0
XTKG.US,D,20210519,000000,295.2,307.2,290.4,300,720.8499927915,0
XTKG.US,D,20210520,000000,307.2,316.8,295.2,307.2,1834.9874816501,0
XTKG.US,D,20210521,000000,302.4,304.8,288,288,992.05415674613,0
XTKG.US,D,20210524,000000,304.8,304.8,272.688,283.2,1142.3583219097,0
XTKG.US,D,20210525,000000,289.2,292.56,276,280.8,688.62082644712,0
XTKG.US,D,20210526,000000,283.2,312,280.8,297.6,1615.6458171769,0
XTKG.US,D,20210527,000000,302.4,319.2,297.72,312,1039.0166562765,0
XTKG.US,D,20210528,000000,319.2,321.6,304.8,314.4,559.92082773413,0
XTKG.US,D,20210601,000000,319.2,331.2,309.6,331.2,1016.3458231699,0
XTKG.US,D,20210602,000000,324,343.2,309.6,314.4,1849.266648174,0
XTKG.US,D,20210603,000000,326.4,331.2,309.6,326.4,1161.8291550484,0
XTKG.US,D,20210604,000000,321.6,331.2,309.6,314.4,1002.1833233115,0
XTKG.US,D,20210607,000000,314.4,329.928,312,328.8,985.04165681625,0
XTKG.US,D,20210608,000000,331.2,360,328.8,360,3858.6207947471,0
XTKG.US,D,20210609,000000,343.2,357.6,326.4,336,2589.5416407713,0
XTKG.US,D,20210610,000000,338.4,372,333.6,364.8,7328.1832600515,0
XTKG.US,D,20210611,000000,369.6,369.6,340.8,360,2479.8166418685,0
XTKG.US,D,20210614,000000,362.4,391.2,357.6,376.8,4486.9249551308,0
XTKG.US,D,20210615,000000,381.6,384.312,352.8,364.8,2353.8083097952,0
XTKG.US,D,20210616,000000,355.2,372,355.2,369.6,1016.2458231709,0
XTKG.US,D,20210617,000000,362.4,370.8,340.8,345.6,1292.5499870745,0
XTKG.US,D,20210618,000000,343.2,352.368,326.4,336,1287.066653796,0
XTKG.US,D,20210621,000000,324,332.256,309.6,331.2,861.61249138387,0
XTKG.US,D,20210622,000000,321.6,333.6,316.8,324,531.033328023,0
XTKG.US,D,20210623,000000,333.6,355.2,324,352.8,3592.299964077,0
XTKG.US,D,20210624,000000,343.2,345.048,319.2,336,2304.7374769526,0
XTKG.US,D,20210625,000000,331.2,343.2,326.4,338.4,695.52499304475,0
XTKG.US,D,20210628,000000,333.6,354.456,328.8,343.2,4932.9541173371,0
XTKG.US,D,20210629,000000,369.6,686.4,360,686.4,169983.0566335,0
XTKG.US,D,20210630,000000,645.6,672,494.4,518.4,69007.324309926,0
XTKG.US,D,20210701,000000,504.72,556.8,439.2,535.2,28903.870544295,0
XTKG.US,D,20210702,000000,506.4,552,427.2,432,10802.770725306,0
XTKG.US,D,20210706,000000,441.6,873.6,439.2,732,174635.59825365,0
XTKG.US,D,20210707,000000,720,732,542.4,597.6,38687.553779791,0
XTKG.US,D,20210708,000000,531.816,612,518.4,566.4,11591.28321742,0
XTKG.US,D,20210709,000000,568.8,578.4,528,530.4,6960.1249303987,0
XTKG.US,D,20210712,000000,528,532.8,465.6,484.8,6224.866604418,0
XTKG.US,D,20210713,000000,508.8,660,496.8,520.8,31497.191351695,0
XTKG.US,D,20210714,000000,520.8,542.4,463.2,480,9044.5165762215,0
XTKG.US,D,20210715,000000,492,494.4,441.6,446.4,6458.233268751,0
XTKG.US,D,20210716,000000,446.4,451.2,400.8,417.6,6285.8082704752,0
XTKG.US,D,20210719,000000,397.296,408,367.2,379.2,5633.0499436695,0
XTKG.US,D,20210720,000000,374.4,393.6,343.2,345.6,4446.1874555381,0
XTKG.US,D,20210721,000000,362.4,364.8,340.8,352.8,5645.9249435408,0
XTKG.US,D,20210722,000000,350.4,386.4,336,352.8,7878.9874212101,0
XTKG.US,D,20210723,000000,338.4,340.8,292.8,302.4,6710.8790995579,0
XTKG.US,D,20210726,000000,304.8,400.8,304.8,326.4,16154.066505126,0
XTKG.US,D,20210727,000000,350.4,350.4,292.8,309.6,12404.570709288,0
XTKG.US,D,20210728,000000,307.2,321.6,302.4,316.8,2889.8083044353,0
XTKG.US,D,20210729,000000,321.6,321.6,300,302.4,2323.0208101031,0
XTKG.US,D,20210730,000000,300,316.8,300,312,2475.2249752478,0
XTKG.US,D,20210802,000000,316.8,326.4,302.4,324,2634.5166403215,0
XTKG.US,D,20210803,000000,321.6,345.6,304.8,316.8,5413.9874458601,0
XTKG.US,D,20210804,000000,309.6,323.808,295.2,297.6,2755.5291391114,0
XTKG.US,D,20210805,000000,309.6,333.6,300,319.2,6804.6707652866,0
XTKG.US,D,20210806,000000,312,328.8,302.4,309.6,2182.7708115056,0
XTKG.US,D,20210809,000000,319.2,343.2,309.6,312,8968.6790769799,0
XTKG.US,D,20210810,000000,316.8,319.056,302.4,307.2,2432.9916423367,0
XTKG.US,D,20210811,000000,314.4,314.4,300,304.8,1739.7083159363,0
XTKG.US,D,20210812,000000,415.2,544.8,410.4,504,1082351.9141765,0
XTKG.US,D,20210813,000000,468,475.2,364.8,379.2,122958.79877041,0
XTKG.US,D,20210816,000000,372,379.2,345.6,362.4,16847.958164854,0
XTKG.US,D,20210817,000000,420,453.6,340.8,367.2,184942.9689839,0
XTKG.US,D,20210818,000000,338.4,357.6,328.8,336,23833.341428334,0
XTKG.US,D,20210819,000000,324.096,333.6,312,314.4,10154.383231789,0
XTKG.US,D,20210820,000000,304.8,318.744,302.4,314.4,9656.33323677,0
XTKG.US,D,20210823,000000,321.6,333.6,300,333.6,14658.241520084,0
XTKG.US,D,20210824,000000,325.848,336,314.4,333.6,15770.441508962,0
XTKG.US,D,20210825,000000,352.8,393.576,316.8,326.4,67356.27015977,0
XTKG.US,D,20210826,000000,321.792,324,307.2,314.4,9163.733241696,0
XTKG.US,D,20210827,000000,312,338.4,307.2,326.4,12748.520705848,0
XTKG.US,D,20210830,000000,331.2,331.2,314.4,321.6,5668.6749433132,0
XTKG.US,D,20210831,000000,319.2,355.2,319.2,355.2,10330.483230028,0
XTKG.US,D,20210901,000000,372,381.6,333.6,352.8,59659.503570071,0
XTKG.US,D,20210902,000000,355.2,379.2,343.2,364.8,30536.845527965,0
XTKG.US,D,20210903,000000,362.4,372,333.6,357.6,26242.120570912,0
XTKG.US,D,20210907,000000,351.024,357.6,326.4,331.2,18630.766480359,0
XTKG.US,D,20210908,000000,331.2,333.6,312,314.4,11322.583220108,0
XTKG.US,D,20210909,000000,316.8,331.2,316.8,328.8,9239.1457409419,0
XTKG.US,D,20210910,000000,324,331.2,314.4,324,7096.2374290376,0
XTKG.US,D,20210913,000000,324,326.496,309.6,319.2,15707.33317626,0
XTKG.US,D,20210914,000000,316.8,318.192,286.8,292.8,12904.158204291,0
XTKG.US,D,20210915,000000,292.8,304.8,280.8,300,8488.3207484501,0
XTKG.US,D,20210916,000000,298.8,331.2,288,319.2,23351.124766489,0
XTKG.US,D,20210917,000000,314.4,324,307.2,321.6,7493.766591729,0
XTKG.US,D,20210920,000000,304.8,307.2,290.4,302.4,9375.0040729166,0
XTKG.US,D,20210921,000000,300,309.6,292.8,300,4039.0874596091,0
XTKG.US,D,20210922,000000,302.4,314.4,300,309.6,4345.6791232099,0
XTKG.US,D,20210923,000000,312,348.48,303.6,307.2,36703.64129963,0
XTKG.US,D,20210924,000000,304.8,331.2,300,309.6,31788.449682115,0
XTKG.US,D,20210927,000000,307.512,321.6,304.8,319.2,24634.466420323,0
XTKG.US,D,20210928,000000,307.2,314.088,292.8,295.2,12751.662372484,0
XTKG.US,D,20210929,000000,300,304.8,271.2,273.6,17564.328991024,0
XTKG.US,D,20210930,000000,276,290.4,247.2,268.8,19649.633136837,0
XTKG.US,D,20211001,000000,271.2,283.2,264,280.8,7446.2207588711,0
XTKG.US,D,20211004,000000,276,278.4,261.6,276,5909.2374409076,0
XTKG.US,D,20211005,000000,276,288,266.4,283.2,9371.5957396174,0
XTKG.US,D,20211006,000000,283.2,300,276,290.4,10325.887396741,0
XTKG.US,D,20211007,000000,304.8,321.6,278.4,283.2,40644.28292689,0
XTKG.US,D,20211008,000000,292.8,321.6,266.4,283.2,69695.499303045,0
XTKG.US,D,20211011,000000,273.6,288,254.4,261.6,52628.341140384,0
XTKG.US,D,20211012,000000,261.6,266.4,252,254.4,17032.237329678,0
XTKG.US,D,20211013,000000,254.4,265.2,244.8,256.8,40626.341260404,0
XTKG.US,D,20211014,000000,259.2,271.2,237.072,247.2,43734.849562651,0
XTKG.US,D,20211015,000000,244.8,249.6,230.664,236.64,32323.541343431,0
XTKG.US,D,20211018,000000,240,242.4,231.12,233.544,9175.1124082489,0
XTKG.US,D,20211019,000000,233.76,242.4,228.12,242.4,11949.087380509,0
XTKG.US,D,20211020,000000,239.568,252.24,232.872,247.2,64805.503518611,0
XTKG.US,D,20211021,000000,254.4,300,247.2,288,103646.04479687,0
XTKG.US,D,20211022,000000,312,463.2,295.2,316.8,564402.24852265,0
XTKG.US,D,20211025,000000,331.2,374.4,309.6,357.6,153742.95262924,0
XTKG.US,D,20211026,000000,367.2,384,302.4,326.4,92715.299072847,0
XTKG.US,D,20211027,000000,309.6,312,276,285.6,53138.857801945,0
XTKG.US,D,20211028,000000,292.8,307.2,278.4,300,28283.362217166,0
XTKG.US,D,20211029,000000,292.8,304.8,283.2,290.4,29603.362203966,0
XTKG.US,D,20211101,000000,290.4,307.2,278.52,307.2,19736.245635971,0
XTKG.US,D,20211102,000000,307.2,338.4,292.8,319.2,66683.3201665,0
XTKG.US,D,20211103,000000,317.04,321.6,297.6,309.6,27922.61638744,0
XTKG.US,D,20211104,000000,312,315.6,300,300,23283.416433832,0
XTKG.US,D,20211105,000000,307.2,312,295.2,302.4,16002.124839979,0
XTKG.US,D,20211108,000000,307.2,321.6,302.4,309.6,35825.420475079,0
XTKG.US,D,20211109,000000,336,355.2,312,328.8,77592.311724078,0
XTKG.US,D,20211110,000000,319.512,326.376,295.2,297.6,36500.487134995,0
XTKG.US,D,20211111,000000,292.8,302.4,283.2,290.4,18729.774812703,0
XTKG.US,D,20211112,000000,285.6,292.8,278.4,288,14325.795690075,0
XTKG.US,D,20211115,000000,288,292.776,278.4,283.2,10634.71656032,0
XTKG.US,D,20211116,000000,273.6,273.6,261.6,266.4,15345.158179881,0
XTKG.US,D,20211117,000000,266.4,279.6,261.6,266.4,10689.624893104,0
XTKG.US,D,20211118,000000,264,268.8,249.6,252,11362.124886379,0
XTKG.US,D,20211119,000000,247.2,264,247.2,259.2,5258.4374474156,0
XTKG.US,D,20211122,000000,256.8,261.6,242.424,249.6,12560.837374391,0
XTKG.US,D,20211123,000000,242.4,259.2,240,254.4,13993.070693403,0
XTKG.US,D,20211124,000000,244.8,252,242.4,252,11653.429050132,0
XTKG.US,D,20211126,000000,240,249.6,240,249.6,10880.062391199,0
XTKG.US,D,20211129,000000,254.4,256.8,232.968,235.68,14194.833191385,0
XTKG.US,D,20211130,000000,235.224,238.8,218.64,228.12,10820.32072513,0
XTKG.US,D,20211201,000000,230.4,235.248,199.2,202.8,13901.620694318,0
XTKG.US,D,20211202,000000,202.8,209.28,184.8,191.832,12471.849875281,0
XTKG.US,D,20211203,000000,189.6,191.76,152.4,156.984,23177.733101556,0
XTKG.US,D,20211206,000000,151.2,180,134.424,171.72,16560.220667731,0
XTKG.US,D,20211207,000000,178.656,194.4,176.4,187.008,8297.6165836905,0
XTKG.US,D,20211208,000000,181.68,193.896,172.8,184.992,3829.0707950426,0
XTKG.US,D,20211209,000000,182.4,208.8,174.002,193.896,17213.287327867,0
XTKG.US,D,20211210,000000,201.6,206.376,184.824,185.088,10964.458223689,0
XTKG.US,D,20211213,000000,177.432,192,167.352,180.072,3953.9457937939,0
XTKG.US,D,20211214,000000,180,189.576,172.8,179.184,11646.816550199,0
XTKG.US,D,20211215,000000,174.144,184.8,168.552,183.792,10855.258224781,0
XTKG.US,D,20211216,000000,240,259.2,168.432,170.4,89835.582434978,0
XTKG.US,D,20211217,000000,195.072,201.6,153.6,157.728,48666.720346666,0
XTKG.US,D,20211220,000000,192.072,193.416,144.504,148.8,37121.245462121,0
XTKG.US,D,20211221,000000,162,166.8,142.152,144.888,48690.912013091,0
XTKG.US,D,20211222,000000,136.944,142.032,132.624,134.16,22431.612275684,0
XTKG.US,D,20211223,000000,132.12,139.176,125.088,137.424,18310.199816898,0
XTKG.US,D,20211227,000000,139.2,240,133.117,223.2,66865.911831341,0
XTKG.US,D,20211228,000000,177.6,192,147.72,166.392,77321.249226788,0
XTKG.US,D,20211229,000000,141.6,144,127.92,131.664,82306.170010271,0
XTKG.US,D,20211230,000000,134.664,134.664,126.024,128.88,32683.045506503,0
XTKG.US,D,20211231,000000,128.4,132.696,122.928,125.448,24197.712258023,0
XTKG.US,D,20220103,000000,127.2,135.48,126.273,131.76,18088.441485782,0
XTKG.US,D,20220104,000000,129.6,133.2,124.848,126.792,11555.01238445,0
XTKG.US,D,20220105,000000,124.848,127.2,115.296,116.232,16928.870664045,0
XTKG.US,D,20220106,000000,115.44,118.344,108.552,116.304,11596.462384035,0
XTKG.US,D,20220107,000000,114.984,119.712,110.736,111.336,10493.879061728,0
XTKG.US,D,20220110,000000,105.84,107.76,100.8,104.304,12383.437376166,0
XTKG.US,D,20220111,000000,100.56,114.912,99.96,105.768,12896.079037706,0
XTKG.US,D,20220112,000000,114.12,114.12,106.128,111.768,10279.499897205,0
XTKG.US,D,20220113,000000,112.8,117.6,105.6,107.04,8347.5415831913,0
XTKG.US,D,20220114,000000,105.12,106.248,90.048,92.4,42594.01207406,0
XTKG.US,D,20220118,000000,91.2,93.24,87.6,89.952,8148.2707518506,0
XTKG.US,D,20220119,000000,88.8,100.087,88.32,95.52,10951.883223815,0
XTKG.US,D,20220120,000000,94.776,103.2,93.84,95.52,9855.2374014476,0
XTKG.US,D,20220121,000000,94.56,95.496,89.544,92.496,7338.9624266104,0
XTKG.US,D,20220124,000000,87.864,88.776,80.16,87.12,11062.770722706,0
XTKG.US,D,20220125,000000,82.752,100.8,82.752,96.624,9339.6624066034,0
XTKG.US,D,20220126,000000,99.816,101.496,93.816,96.528,8666.5874133341,0
XTKG.US,D,20220127,000000,98.16,98.16,92.4,93.12,4918.9832841435,0
XTKG.US,D,20220128,000000,93.6,100.8,91.224,98.928,7395.399926046,0
XTKG.US,D,20220131,000000,98.904,104.4,98.4,101.928,7373.0832596025,0
XTKG.US,D,20220201,000000,105.6,105.6,99.624,103.2,7213.3457611999,0
XTKG.US,D,20220202,000000,103.488,105.12,97.224,98.664,3542.9624645704,0
XTKG.US,D,20220203,000000,97.8,99.6,93.84,94.8,5230.7374476926,0
XTKG.US,D,20220204,000000,100.08,105,96.48,104.928,8177.4415848922,0
XTKG.US,D,20220207,000000,106.968,111.6,105.6,109.584,6915.7499308425,0
XTKG.US,D,20220208,000000,108,110.4,103.416,110.4,2899.066637676,0
XTKG.US,D,20220209,000000,110.4,112.8,107.736,110.4,4012.966626537,0
XTKG.US,D,20220210,000000,109.2,110.4,101.76,102,6788.4540987821,0
XTKG.US,D,20220211,000000,102,105.6,96,96.384,4564.2374543576,0
XTKG.US,D,20220214,000000,96,99.36,93.6,94.176,5571.0874442891,0
XTKG.US,D,20220215,000000,99.456,101.448,95.04,97.704,4016.733293166,0
XTKG.US,D,20220216,000000,97.68,107.952,96.72,106.008,11428.237385718,0
XTKG.US,D,20220217,000000,103.2,103.992,93.936,94.56,10522.487394775,0
XTKG.US,D,20220218,000000,94.248,94.8,87.264,87.624,10510.016561566,0
XTKG.US,D,20220222,000000,88.68,88.8,84.6,84.84,3700.4874629951,0
XTKG.US,D,20220223,000000,88.8,90.456,84.48,84.984,3794.0749620593,0
XTKG.US,D,20220224,000000,79.2,85.08,76.32,84.96,7157.7249284228,0
XTKG.US,D,20220225,000000,88.8,88.8,85.224,87.6,3313.2208002011,0
XTKG.US,D,20220228,000000,85.104,91.2,85.104,89.712,8956.0207437731,0
XTKG.US,D,20220301,000000,91.2,99.552,86.496,88.176,22484.399775156,0
XTKG.US,D,20220302,000000,88.416,90.792,86.4,88.392,5572.4082776093,0
XTKG.US,D,20220303,000000,87.6,90.168,79.728,81.36,8601.266580654,0
XTKG.US,D,20220304,000000,80.4,81.096,76.8,78.144,5388.6707794466,0
XTKG.US,D,20220307,000000,79.2,81.36,70.92,72.288,7941.7957539154,0
XTKG.US,D,20220308,000000,72.24,72.6293,60.432,72,11400.933219324,0
XTKG.US,D,20220309,000000,79.2,81.624,74.4,81.12,10972.433223609,0
XTKG.US,D,20220310,000000,79.2,80.328,72.144,75.144,4525.6166214105,0
XTKG.US,D,20220311,000000,78.672,78.672,70.32,72.768,4760.9291190574,0
XTKG.US,D,20220314,000000,71.184,71.616,66,68.064,3755.733295776,0
XTKG.US,D,20220315,000000,67.2,71.232,66.288,71.16,4183.0124581699,0
XTKG.US,D,20220316,000000,75.6,81.552,74.4,79.104,9936.8207339651,0
XTKG.US,D,20220317,000000,93.6,98.352,84.432,88.128,62905.741037609,0
XTKG.US,D,20220318,000000,86.4,98.4,84,98.4,21839.499781605,0
XTKG.US,D,20220321,000000,96.36,98.4,91.44,97.32,12491.387375086,0
XTKG.US,D,20220322,000000,97.32,102.84,94.344,96,18223.687317762,0
XTKG.US,D,20220323,000000,93.984,98.328,88.8,92.832,11662.204050045,0
XTKG.US,D,20220324,000000,94.992,97.008,86.712,93.384,15792.341508744,0
XTKG.US,D,20220325,000000,96,96,90.072,92.064,8740.0040792666,0
XTKG.US,D,20220328,000000,93.36,102.24,93.36,100.8,22050.203946165,0
XTKG.US,D,20220329,000000,97.848,98.4,92.4,94.536,9089.6790757699,0
XTKG.US,D,20220330,000000,94.56,97.08,88.8,90.168,8578.2874142171,0
XTKG.US,D,20220331,000000,93.216,93.24,79.2,84.912,7655.8957567744,0
XTKG.US,D,20220401,000000,85.2,87.6,84,84.048,4880.7499511925,0
XTKG.US,D,20220404,000000,86.76,90.24,85.68,89.904,4522.2624547774,0
XTKG.US,D,20220405,000000,88.776,89.904,86.4,86.496,3423.6416324302,0
XTKG.US,D,20220406,000000,86.136,86.136,81.6,82.104,2928.9208040441,0
XTKG.US,D,20220407,000000,81.456,81.6,74.76,76.176,6924.4832640885,0
XTKG.US,D,20220408,000000,75.12,78.048,74.4,76.32,2183.5874781641,0
XTKG.US,D,20220411,000000,75.936,75.936,72.744,75.096,2783.1749721682,0
XTKG.US,D,20220412,000000,74.76,77.496,74.64,74.64,2532.7249746727,0
XTKG.US,D,20220413,000000,76.536,79.176,74.4,75.96,1755.6124824439,0
XTKG.US,D,20220414,000000,96.144,100.728,81.912,81.912,155133.67761532,0
XTKG.US,D,20220418,000000,77.76,84,72.792,76.392,19241.395640919,0
XTKG.US,D,20220419,000000,74.976,82.656,74.4,78.36,11905.887380941,0
XTKG.US,D,20220420,000000,76.8,78.984,74.952,76.896,5195.7207813761,0
XTKG.US,D,20220421,000000,79.056,79.1998,76.08,76.5936,4510.99995489,0
XTKG.US,D,20220422,000000,76.8,78.72,75.6,76.488,10603.245727301,0
XTKG.US,D,20220425,000000,72.264,76.8,72,75.384,5301.9916136468,0
XTKG.US,D,20220426,000000,75.168,76.4158,72.48,72.72,5006.8499499315,0
XTKG.US,D,20220427,000000,73.92,76.56,72.72,74.664,4087.9916257867,0
XTKG.US,D,20220428,000000,75.6,80.856,74.64,78.216,8474.9874152501,0
XTKG.US,D,20220429,000000,76.8,80.4,74.4,79.992,3899.3499610065,0
XTKG.US,D,20220502,000000,78.96,81.6,76.32,81.6,4636.4749536353,0
XTKG.US,D,20220503,000000,81.36,82.8,78.744,79.464,1881.8958145144,0
XTKG.US,D,20220504,000000,81.6,81.6,77.256,79.536,2783.2249721677,0
XTKG.US,D,20220505,000000,78.168,79.632,73.68,75.576,3615.9124638409,0
XTKG.US,D,20220506,000000,74.4,74.616,72,74.376,3956.5582937678,0
XTKG.US,D,20220509,000000,72.96,73.92,65.016,69.744,5177.1749482283,0
XTKG.US,D,20220510,000000,70.656,74.064,65.28,69.6,3117.533302158,0
XTKG.US,D,20220511,000000,67.248,76.8,62.4,62.64,15077.849849221,0
XTKG.US,D,20220512,000000,64.8,67.2,62.4,63.84,19235.783140975,0
XTKG.US,D,20220513,000000,64.8,67.2,62.64,63.24,5410.4832792285,0
XTKG.US,D,20220516,000000,65.952,69.048,64.872,66.72,5165.9791150069,0
XTKG.US,D,20220517,000000,70.8,76.08,67.2,74.856,5123.7041154296,0
XTKG.US,D,20220518,000000,73.656,76.8,72,74.496,4541.5916212507,0
XTKG.US,D,20220519,000000,72.264,77.616,72,77.088,2956.5374704346,0
XTKG.US,D,20220520,000000,74.952,77.976,72.552,76.776,3811.5082952183,0
XTKG.US,D,20220523,000000,73.032,77.376,72,76.44,2515.599974844,0
XTKG.US,D,20220524,000000,74.4,76.8,72,74.4,2982.5124701749,0
XTKG.US,D,20220525,000000,72,81.6,72,77.976,5967.5082736582,0
XTKG.US,D,20220526,000000,76.8,79.992,74.88,78.24,7114.7374288526,0
XTKG.US,D,20220527,000000,77.112,80.4,76.8,79.056,4148.1957918514,0
XTKG.US,D,20220531,000000,79.2,81.6,78.144,81.6,1173.4416549323,0
XTKG.US,D,20220601,000000,79.2,82.56,79.2,80.664,2291.5041437516,0
XTKG.US,D,20220602,000000,79.2,83.904,79.2,80.328,2934.4374706556,0
XTKG.US,D,20220603,000000,82.92,89.76,81.6,88.32,7912.1915875448,0
XTKG.US,D,20220606,000000,91.2,98.4,91.2,96.696,9840.6749015932,0
XTKG.US,D,20220607,000000,96,98.4,88.8,89.52,13391.62903275,0
XTKG.US,D,20220608,000000,92.4,95.088,91.2,92.736,5765.133275682,0
XTKG.US,D,20220609,000000,92.736,355.2,88.872,268.8,1153484.7384651,0
XTKG.US,D,20220610,000000,252,391.2,214.656,312,340698.83825968,0
XTKG.US,D,20220613,000000,324,352.8,288,333.6,101765.15314901,0
XTKG.US,D,20220614,000000,309.6,321.288,247.2,266.4,33348.30799985,0
XTKG.US,D,20220615,000000,295.2,312,268.8,273.6,19528.712304712,0
XTKG.US,D,20220616,000000,280.8,348,264,268.8,79360.511706395,0
XTKG.US,D,20220617,000000,292.8,295.2,252,252,22207.953944588,0
XTKG.US,D,20220621,000000,266.4,288,264,271.2,11995.391546713,0
XTKG.US,D,20220622,000000,271.2,307.2,259.2,273.6,19953.853967129,0
XTKG.US,D,20220623,000000,266.4,312,264,295.2,11548.658217847,0
XTKG.US,D,20220624,000000,331.2,331.2,237.6,247.2,27484.258058491,0
XTKG.US,D,20220627,000000,304.8,307.2,156.48,160.8,68105.078485616,0
XTKG.US,D,20220628,000000,160.824,162.96,142.848,151.2,18500.399814996,0
XTKG.US,D,20220629,000000,144.648,155.976,144.024,150.72,7960.566587061,0
XTKG.US,D,20220630,000000,143.784,159.864,143.784,154.8,5201.1541146551,0
XTKG.US,D,20220701,000000,148.8,160.2,148.8,155.976,2323.5541434311,0
XTKG.US,D,20220705,000000,151.2,165.576,151.2,161.136,4980.0374501996,0
XTKG.US,D,20220706,000000,159.456,167.64,137.568,143.112,38808.299611918,0
XTKG.US,D,20220707,000000,149.952,168,148.944,163.992,14130.020692034,0
XTKG.US,D,20220708,000000,161.904,175.2,160.824,165.144,6552.9749344703,0
XTKG.US,D,20220711,000000,160.824,163.8,156.024,160.8,4995.2374500476,0
XTKG.US,D,20220712,000000,157.2,160.8,155.52,160.2,1739.9833159335,0
XTKG.US,D,20220713,000000,151.2,213.504,151.2,199.2,41107.837088921,0
XTKG.US,D,20220714,000000,184.8,204,180.456,203.904,11239.204054275,0
XTKG.US,D,20220715,000000,197.16,271.08,197.064,261.6,12461.116542056,0
XTKG.US,D,20220718,000000,261.6,276,244.8,273.6,11267.658220657,0
XTKG.US,D,20220719,000000,271.2,300,256.8,300,12923.233204101,0
XTKG.US,D,20220720,000000,297.6,316.8,295.2,314.4,10040.224899598,0
XTKG.US,D,20220721,000000,302.4,316.8,292.8,316.8,4145.3874585461,0
XTKG.US,D,20220722,000000,316.8,324,307.32,319.2,4005.6416266103,0
XTKG.US,D,20220725,000000,309.6,316.776,297.6,307.2,2774.4416389223,0
XTKG.US,D,20220726,000000,300,319.2,291.336,309.6,3062.0749693792,0
XTKG.US,D,20220727,000000,307.2,345.6,307.2,343.2,11356.574886434,0
XTKG.US,D,20220728,000000,340.8,354,331.2,348,3619.4457971389,0
XTKG.US,D,20220729,000000,348,357.6,343.2,350.4,4433.3082890002,0
XTKG.US,D,20220801,000000,336,338.4,258,280.8,7775.0374222496,0
XTKG.US,D,20220802,000000,278.4,321.6,271.2,314.4,4528.1874547181,0
XTKG.US,D,20220803,000000,304.8,336,300,336,4165.133291682,0
XTKG.US,D,20220804,000000,331.2,340.8,321.6,333.6,2889.9124711009,0
XTKG.US,D,20220805,000000,333.6,348,326.4,343.2,4399.2499560075,0
XTKG.US,D,20220808,000000,350.4,352.8,330,340.8,3233.9833009935,0
XTKG.US,D,20220809,000000,319.2,336,302.4,304.8,4666.5416200012,0
XTKG.US,D,20220810,000000,314.4,331.2,304.8,331.2,3266.4749673352,0
XTKG.US,D,20220811,000000,321.6,343.2,321.6,336,3305.7249669428,0
XTKG.US,D,20220812,000000,338.4,355.2,333.6,345.6,4182.8041248386,0
XTKG.US,D,20220815,000000,338.4,344.4,316.8,321.6,3330.0458000329,0
XTKG.US,D,20220816,000000,316.8,338.4,312,338.4,3423.499965765,0
XTKG.US,D,20220817,000000,326.4,355.2,326.4,350.4,4364.3374563566,0
XTKG.US,D,20220818,000000,350.4,350.4,321.6,328.8,3393.933299394,0
XTKG.US,D,20220819,000000,328.8,338.4,307.2,321.6,2861.9583047137,0
XTKG.US,D,20220822,000000,309.6,331.2,297.6,331.2,3277.7166338895,0
XTKG.US,D,20220823,000000,319.2,321.6,307.2,321.6,2723.0624727694,0
XTKG.US,D,20220824,000000,319.2,331.2,312,331.2,3081.3916358527,0
XTKG.US,D,20220825,000000,331.2,350.4,325.2,348,3213.6541345301,0
XTKG.US,D,20220826,000000,338.4,362.424,314.4,328.8,4976.2416169042,0
XTKG.US,D,20220829,000000,314.4,348,312.48,345.6,3182.8958015044,0
XTKG.US,D,20220830,000000,336,355.2,333.6,343.2,2794.9833053835,0
XTKG.US,D,20220831,000000,350.4,350.4,324,333.6,2694.7083063863,0
XTKG.US,D,20220901,000000,324,338.4,316.824,328.8,2836.733304966,0
XTKG.US,D,20220902,000000,324,338.4,307.2,324,3648.7207968461,0
XTKG.US,D,20220906,000000,314.4,328.8,309.6,321.6,2798.0541386861,0
XTKG.US,D,20220907,000000,316.8,328.8,312.48,321.6,2336.1541433051,0
XTKG.US,D,20220908,000000,314.4,321.6,307.2,312,2307.6499769235,0
XTKG.US,D,20220909,000000,312,343.2,312,340.8,4043.5582928978,0
XTKG.US,D,20220912,000000,343.2,372,337.2,360,5725.7624427424,0
XTKG.US,D,20220913,000000,352.8,396,338.4,379.2,5185.866614808,0
XTKG.US,D,20220914,000000,379.2,379.2,345.6,345.6,2798.833305345,0
XTKG.US,D,20220915,000000,345.6,352.8,337.2,350.4,2232.7833110055,0
XTKG.US,D,20220916,000000,340.8,355.2,324,348,4172.9499582705,0
XTKG.US,D,20220919,000000,331.2,343.08,309.6,328.8,2342.133309912,0
XTKG.US,D,20220920,000000,328.8,530.4,314.4,528.12,10983.045723503,0
XTKG.US,D,20220921,000000,398.4,451.2,372,403.2,13248.258200851,0
XTKG.US,D,20220922,000000,400.8,435.6,391.2,420,11149.29572184,0
XTKG.US,D,20220923,000000,412.8,444,369.6,384,6951.899930481,0
XTKG.US,D,20220926,000000,381.6,398.4,110.424,120.696,109232.39474101,0
XTKG.US,D,20220927,000000,141.6,153.72,117.6,144,60939.186890608,0
XTKG.US,D,20220928,000000,131.952,199.2,129.6,154.872,101734.08231599,0
XTKG.US,D,20220929,000000,143.688,168,129.6,142.944,58123.495252099,0
XTKG.US,D,20220930,000000,134.4,134.4,112.8,115.176,35272.291313944,0
XTKG.US,D,20221003,000000,110.856,120,93.84,95.472,39000.778776659,0
XTKG.US,D,20221004,000000,95.232,95.232,76.8,79.272,51067.69115599,0
XTKG.US,D,20221005,000000,76.8,76.848,64.8,65.28,50840.34532493,0
XTKG.US,D,20221006,000000,67.2,68.496,62.64,65.76,77563.399224366,0
XTKG.US,D,20221007,000000,64.8,64.896,60.792,62.4,18824.391478423,0
XTKG.US,D,20221010,000000,63.48,64.536,60.024,60.504,20946.099790539,0
XTKG.US,D,20221011,000000,60,60,54,55.152,23994.433093389,0
XTKG.US,D,20221012,000000,54.984,55.176,48,48.912,39975.67876691,0
XTKG.US,D,20221013,000000,45.672,49.68,45.144,45.912,45079.120382542,0
XTKG.US,D,20221014,000000,46.08,50.4,43.224,44.544,75252.161747479,0
XTKG.US,D,20221017,000000,44.52,57.6,43.632,46.464,147167.79436165,0
XTKG.US,D,20221018,000000,49.848,50.88,46.8,47.184,55030.524449695,0
XTKG.US,D,20221019,000000,46.776,46.776,42.24,43.8838,46479.670368536,0
XTKG.US,D,20221020,000000,43.8,44.2558,41.064,42.336,20672.141459945,0
XTKG.US,D,20221021,000000,40.8,41.544,38.64,40.248,21184.099788159,0
XTKG.US,D,20221024,000000,40.536,40.536,32.4,35.28,45086.824549131,0
XTKG.US,D,20221025,000000,35.16,37.2,33.6,36.384,32577.778840889,0
XTKG.US,D,20221026,000000,36.96,36.96,33.84,34.56,31649.67885017,0
XTKG.US,D,20221027,000000,35.496,40.416,34.8,39.168,27911.812220881,0
XTKG.US,D,20221028,000000,39.456,43.968,38.784,42,33994.482993389,0
XTKG.US,D,20221031,000000,44.328,44.328,38.4,38.832,29153.895541795,0
XTKG.US,D,20221101,000000,39.6,40.272,36,37.344,23717.412262826,0
XTKG.US,D,20221102,000000,36.072,37.44,33.84,33.84,24808.908085244,0
XTKG.US,D,20221103,000000,34.92,36,33.6,33.6,24816.870585165,0
XTKG.US,D,20221104,000000,34.68,37.176,34.152,36,18876.141477905,0
XTKG.US,D,20221107,000000,36.36,36.7198,34.608,35.424,12925.01237075,0
XTKG.US,D,20221108,000000,35.352,36.696,33.84,34.104,19832.533135007,0
XTKG.US,D,20221109,000000,34.56,34.56,29.04,30.024,23993.103926735,0
XTKG.US,D,20221110,000000,30.168,32.4,30.168,32.4,13624.874863751,0
XTKG.US,D,20221111,000000,34.056,37.368,32.448,35.952,22864.787271352,0
XTKG.US,D,20221114,000000,36.6,40.32,36.6,36.72,21624.828950419,0
XTKG.US,D,20221115,000000,37.92,39.84,36.84,39.576,15528.504011381,0
XTKG.US,D,20221116,000000,39.792,39.792,36,36,11875.64154791,0
XTKG.US,D,20221117,000000,35.76,35.976,33.768,35.76,10447.645728857,0
XTKG.US,D,20221118,000000,36,36,33.6,34.152,11494.858218385,0
XTKG.US,D,20221121,000000,34.152,34.8,31.776,33.192,8650.1499134985,0
XTKG.US,D,20221122,000000,33.096,33.816,31.68,32.424,7552.9499244705,0
XTKG.US,D,20221123,000000,32.88,33.36,31.92,32.4,8559.166581075,0
XTKG.US,D,20221125,000000,33.12,34.68,32.184,33.6,5497.133278362,0
XTKG.US,D,20221128,000000,35.736,36,33.6,33.696,7415.5165925115,0
XTKG.US,D,20221129,000000,32.688,35.376,32.688,33.6,13822.904028438,0
XTKG.US,D,20221130,000000,33.6,37.92,32.64,32.64,35912.078807546,0
XTKG.US,D,20221201,000000,34.08,34.8,32.76,33.6,11520.441551462,0
XTKG.US,D,20221202,000000,33.288,34.08,32.256,33.6,14939.895683935,0
XTKG.US,D,20221205,000000,32.664,34.776,32.664,32.664,12450.437375496,0
XTKG.US,D,20221206,000000,33.48,33.576,29.28,29.76,29400.533039327,0
XTKG.US,D,20221207,000000,29.328,30.36,24.768,26.184,30102.262198977,0
XTKG.US,D,20221208,000000,26.4,28.8,25.512,26.88,88650.744946826,0
XTKG.US,D,20221209,000000,34.032,34.08,25.2,25.44,232720.61850612,0
XTKG.US,D,20221212,000000,24,24,21.6,22.008,78278.053383886,0
XTKG.US,D,20221213,000000,24.96,25.2,21.864,22.872,101775.97814891,0
XTKG.US,D,20221214,000000,22.704,23.952,21.624,22.752,34870.387151296,0
XTKG.US,D,20221215,000000,23.016,23.016,21.72,22.44,31429.712185703,0
XTKG.US,D,20221216,000000,22.392,22.392,19.296,19.296,34706.516319601,0
XTKG.US,D,20221219,000000,20.64,21.576,19.8,21.144,32209.687177902,0
XTKG.US,D,20221220,000000,22.08,26.112,21.12,23.28,67462.311825378,0
XTKG.US,D,20221221,000000,23.4,31.2,21.672,30.12,55406.145279273,0
XTKG.US,D,20221222,000000,26.976,27.96,24.6,26.472,26690.32056643,0
XTKG.US,D,20221223,000000,26.904,26.904,24.96,25.872,13009.287369908,0
XTKG.US,D,20221227,000000,25.104,25.44,22.8,23.04,18085.233152481,0
XTKG.US,D,20221228,000000,23.52,24.216,21.672,22.344,14601.529020651,0
XTKG.US,D,20221229,000000,21.96,24.72,21.96,23.28,18993.378976732,0
XTKG.US,D,20221230,000000,23.928,24.24,22.8,24.072,10261.574897384,0
XTKG.US,D,20230103,000000,25.056,25.92,24.024,25.68,11181.191554855,0
XTKG.US,D,20230104,000000,25.2,28.152,24.96,26.4,20676.408126569,0
XTKG.US,D,20230105,000000,29.424,29.424,25.32,26.4,35317.191313495,0
XTKG.US,D,20230106,000000,25.2,25.68,24.096,24.24,23942.866427237,0
XTKG.US,D,20230109,000000,24.84,27.576,24.672,26.112,19775.166468915,0
XTKG.US,D,20230110,000000,25.608,27.6,25.44,26.328,23249.316434174,0
XTKG.US,D,20230111,000000,24.48,27.336,24.48,26.664,14953.583183798,0
XTKG.US,D,20230112,000000,27.36,32.4,26.52,31.2,86299.657470336,0
XTKG.US,D,20230113,000000,31.92,34.8,30.6,32.88,58721.97441278,0
XTKG.US,D,20230117,000000,34.512,34.8,28.8,30.384,42501.062074989,0
XTKG.US,D,20230118,000000,31.2,32.376,28.848,30.192,24777.212252227,0
XTKG.US,D,20230119,000000,29.496,29.6638,27.84,29.04,12709.874872901,0
XTKG.US,D,20230120,000000,29.376,30.408,28.152,28.56,21086.549789135,0
XTKG.US,D,20230123,000000,28.8,31.68,25.944,29.088,71760.003449066,0
XTKG.US,D,20230124,000000,29.592,30.528,28.32,28.848,23035.441436312,0
XTKG.US,D,20230125,000000,28.8,28.8,26.64,28.776,21046.753956199,0
XTKG.US,D,20230126,000000,29.112,30.72,27.552,27.96,34659.607986738,0
XTKG.US,D,20230127,000000,28.56,32.352,27.624,31.44,88944.878277218,0
XTKG.US,D,20230130,000000,40.8,41.28,32.664,33.12,485057.92014942,0
XTKG.US,D,20230131,000000,32.88,33.312,28.32,28.32,210959.70205707,0
XTKG.US,D,20230201,000000,28.608,28.8,24,26.184,183191.46900141,0
XTKG.US,D,20230202,000000,26.4,27.84,25.968,27,75786.870075465,0
XTKG.US,D,20230203,000000,27.84,28.8,26.328,28.32,114883.83635116,0
XTKG.US,D,20230206,000000,28.152,31.464,25.92,26.304,166541.89000125,0
XTKG.US,D,20230207,000000,26.64,26.64,24.72,26.4,73989.424260106,0
XTKG.US,D,20230208,000000,25.92,26.688,24,26.52,94563.478221033,0
XTKG.US,D,20230209,000000,26.376,26.4,24,24.384,59476.6910719,0
XTKG.US,D,20230210,000000,23.256,24,22.128,23.136,53543.028631236,0
XTKG.US,D,20230213,000000,26.16,27.6,23.112,24.216,139135.76944197,0
XTKG.US,D,20230214,000000,24.624,25.704,23.976,25.392,44727.599552724,0
XTKG.US,D,20230215,000000,24.12,24.96,23.112,24.48,38324.487116755,0
XTKG.US,D,20230216,000000,23.52,24.912,23.424,24.072,28288.737217112,0
XTKG.US,D,20230217,000000,24,24.456,22.56,23.112,30987.187190129,0
XTKG.US,D,20230221,000000,23.28,23.52,21.816,22.224,31876.32051457,0
XTKG.US,D,20230222,000000,22.44,23.04,21.984,22.32,32763.98717236,0
XTKG.US,D,20230223,000000,23.16,23.16,21.624,21.84,34091.241325754,0
XTKG.US,D,20230224,000000,22.08,22.224,19.92,20.64,34262.870490705,0
XTKG.US,D,20230227,000000,21.576,21.576,20.52,20.88,23160.274768397,0
XTKG.US,D,20230228,000000,20.688,20.856,19.92,20.352,26885.37056448,0
XTKG.US,D,20230301,000000,21.36,27.36,20.52,27.36,157435.13592565,0
XTKG.US,D,20230302,000000,26.4,26.4,24.024,24.504,57438.432758949,0
XTKG.US,D,20230303,000000,27.288,29.832,26.4,27.264,201540.87715126,0
XTKG.US,D,20230306,000000,26.904,27.864,24.8882,26.4,77593.224224067,0
XTKG.US,D,20230307,000000,25.344,26.16,24.12,25.008,68787.765978789,0
XTKG.US,D,20230308,000000,24.864,25.008,22.92,24.672,53487.724465122,0
XTKG.US,D,20230309,000000,23.88,25.2,23.88,24,37041.832962915,0
XTKG.US,D,20230310,000000,23.616,24.84,22.8,24,37820.599621794,0
XTKG.US,D,20230313,000000,22.8,23.712,21.84,22.8,29041.066376256,0
XTKG.US,D,20230314,000000,24,24.888,22.32,23.76,41500.066251666,0
XTKG.US,D,20230315,000000,23.256,23.256,21.12,22.08,36960.649630394,0
XTKG.US,D,20230316,000000,21.408,21.6,20.568,21.384,29592.262204077,0
XTKG.US,D,20230317,000000,23.976,23.976,21.6,22.776,26762.224732378,0
XTKG.US,D,20230320,000000,21.96,22.44,21.12,21.504,20556.98729443,0
XTKG.US,D,20230321,000000,22.08,25.632,21.696,25.008,81992.378346742,0
XTKG.US,D,20230322,000000,25.44,27.576,21.864,22.8,62568.99937431,0
XTKG.US,D,20230323,000000,22.8,23.28,21.24,22.128,43579.028730876,0
XTKG.US,D,20230324,000000,21.6,22.128,21.168,21.192,37883.778787829,0
XTKG.US,D,20230327,000000,21.6,21.864,20.568,21.12,30628.033027053,0
XTKG.US,D,20230328,000000,21.12,21.6,20.88,20.904,22133.091445336,0
XTKG.US,D,20230329,000000,21.24,26.4,20.88,24.72,216412.41033587,0
XTKG.US,D,20230330,000000,23.136,24.72,22.032,23.328,111806.5030486,0
XTKG.US,D,20230331,000000,23.04,24.24,22.152,22.44,68779.403478872,0
XTKG.US,D,20230403,000000,22.08,22.152,21,21.288,50674.620326588,0
XTKG.US,D,20230404,000000,22.584,22.92,21.144,21.6,79668.811703313,0
XTKG.US,D,20230405,000000,21.432,22.056,20.976,21.312,43444.503732221,0
XTKG.US,D,20230406,000000,20.904,22.512,20.904,21.816,35225.070481082,0
XTKG.US,D,20230410,000000,21.6,22.536,21.6,22.08,21103.045622302,0
XTKG.US,D,20230411,000000,22.56,26.4,21.72,25.944,82741.774172583,0
XTKG.US,D,20230412,000000,24,24.48,22.7561,22.8,39896.557934367,0
XTKG.US,D,20230413,000000,23.04,23.28,21.432,22.584,106169.5864383,0
XTKG.US,D,20230414,000000,24,25.8,21.648,21.696,170958.68995707,0
XTKG.US,D,20230417,000000,21.864,22.704,21.12,21.72,100672.16149328,0
XTKG.US,D,20230418,000000,21.6,23.016,19.68,21.552,78688.34504645,0
XTKG.US,D,20230419,000000,21.552,22.968,20.88,21.84,51910.136980899,0
XTKG.US,D,20230420,000000,21.792,21.864,21.36,21.6,26516.278901504,0
XTKG.US,D,20230421,000000,21.24,22.008,20.76,20.952,34049.066326176,0
XTKG.US,D,20230424,000000,20.976,21.36,13.32,16.2,176220.26490446,0
XTKG.US,D,20230425,000000,15.624,20.4,14.184,20.376,151880.0984812,0
XTKG.US,D,20230426,000000,14.712,17.832,12.264,13.248,213875.12286125,0
XTKG.US,D,20230427,000000,12.624,13.632,11.76,12.96,119986.11963347,0
XTKG.US,D,20230428,000000,16.224,18.912,14.04,16.8,266067.11817266,0
XTKG.US,D,20230501,000000,16.08,17.976,15.12,17.424,84312.69082354,0
XTKG.US,D,20230502,000000,18.864,19.2,15.36,16.008,62859.532704738,0
XTKG.US,D,20230503,000000,15.768,16.128,14.88,15.504,31753.495515799,0
XTKG.US,D,20230504,000000,16.272,16.296,14.88,15.84,31703.812182963,0
XTKG.US,D,20230505,000000,15.36,15.792,11.088,15.024,56101.541105651,0
XTKG.US,D,20230508,000000,14.136,14.424,13.224,14.232,21629.870617035,0
XTKG.US,D,20230509,000000,13.8,14.136,13.2,13.848,20663.887293361,0
XTKG.US,D,20230510,000000,13.68,15,12.552,14.4,56900.33276433,0
XTKG.US,D,20230511,000000,13.584,13.8,12.72,13.2,17241.495660919,0
XTKG.US,D,20230512,000000,13.056,13.344,12.384,12.72,24792.570585407,0
XTKG.US,D,20230515,000000,13.056,18.288,11.28,15.84,146735.40686598,0
XTKG.US,D,20230516,000000,14.16,22.32,14.16,21.12,147872.08185461,0
XTKG.US,D,20230517,000000,19.848,19.848,15.36,16.776,83040.040836266,0
XTKG.US,D,20230518,000000,16.776,17.544,15.048,15.84,35656.391310103,0
XTKG.US,D,20230519,000000,16.128,16.128,13.704,14.328,39194.116274725,0
XTKG.US,D,20230522,000000,16.08,16.08,13.224,13.8,24086.995592464,0
XTKG.US,D,20230523,000000,14.064,14.928,13.92,14.712,20523.412294766,0
XTKG.US,D,20230524,000000,14.808,14.808,13.176,13.44,22006.216446605,0
XTKG.US,D,20230525,000000,14.16,14.16,13.248,13.776,17104.803995619,0
XTKG.US,D,20230526,000000,14.136,14.76,12.96,13.92,29682.316369844,0
XTKG.US,D,20230530,000000,13.992,14.16,12.768,12.792,42253.778744129,0
XTKG.US,D,20230531,000000,12.888,13.824,12.72,13.8,35393.578812731,0
XTKG.US,D,20230601,000000,13.44,13.992,12.12,12.48,36100.045472333,0
XTKG.US,D,20230602,000000,12.768,15.12,12.768,14.088,60936.711890632,0
XTKG.US,D,20230605,000000,13.416,14.328,13.224,13.68,20974.753956919,0
XTKG.US,D,20230606,000000,13.272,13.92,12.6,13.92,23435.762265643,0
XTKG.US,D,20230607,000000,13.56,13.92,13.464,13.608,14342.879023237,0
XTKG.US,D,20230608,000000,13.392,15.312,12.504,14.544,74958.853417077,0
XTKG.US,D,20230609,000000,12.32,13.76,12,12.04,92823.625,0
XTKG.US,D,20230612,000000,11.36,11.72,10.56,11.04,80447.75,0
XTKG.US,D,20230613,000000,11.28,11.6,10.4,10.88,77703.875,0
XTKG.US,D,20230614,000000,10.96,12.16,10.72,10.8,70138.125,0
XTKG.US,D,20230615,000000,11.04,11.44,10.64,10.8,29523.375,0
XTKG.US,D,20230616,000000,10.88,12.4,10.64,12.4,86311.5,0
XTKG.US,D,20230620,000000,11.84,12,10.4,11.28,62893,0
XTKG.US,D,20230621,000000,11.12,12.24,10.8,11.84,39029.875,0
XTKG.US,D,20230622,000000,11.76,11.84,10.64,11.2,31267,0
XTKG.US,D,20230623,000000,10.88,11.68,10.72,11.44,28288.25,0
XTKG.US,D,20230626,000000,11.1384,11.76,10.72,11.44,22601.375,0
XTKG.US,D,20230627,000000,11.2,12.32,10.96,12.08,25195.625,0
XTKG.US,D,20230628,000000,11.76,11.76,7.84,8,256761,0
XTKG.US,D,20230629,000000,8.08,8.16,7.8648,8,43674,0
XTKG.US,D,20230630,000000,8.24,8.24,6.8,7.2016,182665.25,0
XTKG.US,D,20230703,000000,7.12,7.5536,6.192,6.4096,98143.625,0
XTKG.US,D,20230705,000000,6.4592,6.704,5.7752,6.004,67412.5,0
XTKG.US,D,20230706,000000,6.1584,6.2624,5.32,5.6016,145161,0
XTKG.US,D,20230707,000000,5.52,5.52,4.94,5.0472,116023.625,0
XTKG.US,D,20230710,000000,5.2,5.36,4.2,4.24,313242.75,0
XTKG.US,D,20230711,000000,4.24,4.3112,3.5216,3.712,352310.375,0
XTKG.US,D,20230712,000000,3.984,4.0344,3.04,3.112,689708.25,0
XTKG.US,D,20230713,000000,3.0464,3.5992,2.808,3.4752,619088.5,0
XTKG.US,D,20230714,000000,3.568,3.568,2.8808,3.0664,237582.125,0
XTKG.US,D,20230717,000000,3.064,3.1192,2.8,2.856,210829.875,0
XTKG.US,D,20230718,000000,3.016,3.02,2.6416,2.776,241197,0
XTKG.US,D,20230719,000000,2.776,3.2512,2.72,3.08,234097.875,0
XTKG.US,D,20230720,000000,3.108,3.148,2.712,2.712,186573.375,0
XTKG.US,D,20230721,000000,2.712,2.8,2.528,2.528,193491.875,0
XTKG.US,D,20230724,000000,2.6384,2.64,2.392,2.4,178490,0
XTKG.US,D,20230725,000000,2.5128,2.864,2.38081,2.8632,287789.25,0
XTKG.US,D,20230726,000000,2.9128,2.9128,2.4,2.44,270218.25,0
XTKG.US,D,20230727,000000,2.48,2.48,2.1776,2.224,259593,0
XTKG.US,D,20230728,000000,2.1688,2.224,2.04,2.088,191498.375,0
XTKG.US,D,20230731,000000,2.096,2.48,2.0696,2.3576,278469.5,0
XTKG.US,D,20230801,000000,2.24,2.56,2.24,2.512,121094,0
XTKG.US,D,20230802,000000,2.5328,2.5328,2.096,2.192,193551,0
XTKG.US,D,20230803,000000,2.16,2.3096,2.08,2.08,168141,0
XTKG.US,D,20230804,000000,2.096,2.136,1.9992,2,185452.625,0
XTKG.US,D,20230807,000000,2,2.0816,1.66401,1.76,325636.875,0
XTKG.US,D,20230808,000000,1.724,1.724,1.3328,1.4712,282900.625,0
XTKG.US,D,20230809,000000,1.44,1.488,1.368,1.4624,146825.75,0
XTKG.US,D,20230810,000000,1.488,1.504,1.3728,1.44,97755.125,0
XTKG.US,D,20230811,000000,1.3968,1.4312,1.264,1.328,131686.375,0
XTKG.US,D,20230814,000000,1.3856,3.5936,1.324,2.26,12411923.625,0
XTKG.US,D,20230815,000000,2.0536,2.104,1.504,1.648,1041211.25,0
XTKG.US,D,20230816,000000,1.44,1.632,1.3,1.464,752974.375,0
XTKG.US,D,20230817,000000,1.44,1.5152,1.4,1.44,224197.25,0
XTKG.US,D,20230818,000000,1.408,1.8,1.4008,1.5184,434439.875,0
XTKG.US,D,20230821,000000,1.48,1.68,1.48,1.592,236711.375,0
XTKG.US,D,20230822,000000,1.56,1.7512,1.56,1.7512,176953.75,0
XTKG.US,D,20230823,000000,1.7408,1.896,1.6488,1.84,266628.75,0
XTKG.US,D,20230824,000000,1.8528,1.92,1.6496,1.912,195474.25,0
XTKG.US,D,20230825,000000,2,2,1.6968,1.8584,117503.125,0
XTKG.US,D,20230828,000000,1.8144,1.9912,1.7592,1.9744,188189.5,0
XTKG.US,D,20230829,000000,2.0712,2.2256,1.976,2.04,229155.125,0
XTKG.US,D,20230830,000000,2.04,2.052,1.856,1.992,131392.125,0
XTKG.US,D,20230831,000000,1.9904,2.3104,1.92,2.128,145364,0
XTKG.US,D,20230901,000000,2.08,2.2,1.9776,2.0016,94202.75,0
XTKG.US,D,20230905,000000,1.944,2.072,1.5624,1.64,190473,0
XTKG.US,D,20230906,000000,1.6808,1.776,1.648,1.7432,64041.125,0
XTKG.US,D,20230907,000000,1.7032,1.76,1.624,1.7,41876.5,0
XTKG.US,D,20230908,000000,1.6832,1.76,1.64,1.712,30539.375,0
XTKG.US,D,20230911,000000,1.724,1.9184,1.696,1.7184,110971.375,0
XTKG.US,D,20230912,000000,1.7368,1.7592,1.64,1.696,48511.5,0
XTKG.US,D,20230913,000000,1.7392,1.7472,1.616,1.68,56348.25,0
XTKG.US,D,20230914,000000,1.6144,1.7472,1.6144,1.704,28277,0
XTKG.US,D,20230915,000000,1.6992,1.728,1.652,1.6696,40019.75,0
XTKG.US,D,20230918,000000,1.7184,1.75361,1.6712,1.744,43161,0
XTKG.US,D,20230919,000000,1.6928,1.7424,1.68,1.7352,32975,0
XTKG.US,D,20230920,000000,1.6488,1.72,1.5696,1.676,38394.5,0
XTKG.US,D,20230921,000000,1.876,2.8,1.568,2.112,3386383.875,0
XTKG.US,D,20230922,000000,1.51,1.62,1.31,1.39,734484,0
XTKG.US,D,20230925,000000,1.36,1.39,1.14,1.14,329176,0
XTKG.US,D,20230926,000000,1.06,1.2999,1.059,1.195,214362,0
XTKG.US,D,20230927,000000,1.2,1.25,1.16,1.2,111643,0
XTKG.US,D,20230928,000000,1.18,1.32,1.1,1.32,127728,0
XTKG.US,D,20230929,000000,1.29,1.555,1.2201,1.45,129331,0
XTKG.US,D,20231002,000000,1.44,1.59,1.4,1.5501,128417,0
XTKG.US,D,20231003,000000,1.54,1.54,1.41,1.45,67335,0
XTKG.US,D,20231004,000000,1.42,1.425,1.2701,1.41,94974,0
XTKG.US,D,20231005,000000,1.47,1.52,1.42,1.5,53544,0
XTKG.US,D,20231006,000000,1.49,1.49,1.42,1.49,28458,0
XTKG.US,D,20231009,000000,1.45,1.45,1.345,1.4,52976,0
XTKG.US,D,20231010,000000,1.4,1.4,1.22,1.22,156187,0
XTKG.US,D,20231011,000000,1.23,1.25,1.06,1.145,96541,0
XTKG.US,D,20231012,000000,1.17,1.22,1.12,1.1873,64106,0
XTKG.US,D,20231013,000000,1.15,1.198,1.06,1.09,76770,0
XTKG.US,D,20231016,000000,1.11,1.2,1.1,1.15,82212,0
XTKG.US,D,20231017,000000,1.12,1.19,0.94,0.95,219992,0
XTKG.US,D,20231018,000000,0.95,1,0.8456,0.9149,83579,0
XTKG.US,D,20231019,000000,0.93,0.959,0.8878,0.8878,74424,0
XTKG.US,D,20231020,000000,0.9,0.939999,0.62,0.6712,298935,0
XTKG.US,D,20231023,000000,0.7,0.74,0.651,0.657,121788,0
XTKG.US,D,20231024,000000,0.7094,0.7094,0.6011,0.605,231318,0
XTKG.US,D,20231025,000000,0.6362,0.65,0.5238,0.5511,74854,0
XTKG.US,D,20231026,000000,0.5729,0.58,0.5197,0.526798,249151,0
XTKG.US,D,20231027,000000,0.53,0.566,0.435,0.451,527593,0
XTKG.US,D,20231030,000000,0.45,0.46,0.4138,0.4412,219505,0
XTKG.US,D,20231031,000000,0.44,0.499,0.4236,0.435,194293,0
XTKG.US,D,20231101,000000,0.52,0.52,0.4351,0.4351,119532,0
XTKG.US,D,20231102,000000,0.45,0.477999,0.4403,0.477,87992,0
XTKG.US,D,20231103,000000,0.48,0.5323,0.4769,0.5299,64623,0
XTKG.US,D,20231106,000000,0.4939,0.548,0.4865,0.5034,154545,0
XTKG.US,D,20231107,000000,0.48,0.5188,0.46,0.5107,106473,0
XTKG.US,D,20231108,000000,0.4954,0.5689,0.4954,0.55,122259,0
XTKG.US,D,20231109,000000,0.52,0.6266,0.5002,0.52,234338,0
XTKG.US,D,20231110,000000,0.5763,0.5763,0.4402,0.446,205039,0
XTKG.US,D,20231113,000000,0.4777,0.4777,0.4301,0.4467,56693,0
XTKG.US,D,20231114,000000,0.481,0.519,0.45,0.505,119013,0
XTKG.US,D,20231115,000000,0.54,0.54,0.5,0.52,129474,0
XTKG.US,D,20231116,000000,0.539,0.549,0.4959,0.549,54524,0
XTKG.US,D,20231117,000000,0.5507,0.899799,0.549,0.7601,867729,0
XTKG.US,D,20231120,000000,0.7014,0.7395,0.6196,0.6495,249350,0
XTKG.US,D,20231121,000000,0.65,0.689899,0.5707,0.5901,82064,0
XTKG.US,D,20231122,000000,0.5985,0.5999,0.5397,0.5795,45119,0
XTKG.US,D,20231124,000000,0.5816,0.6,0.55,0.58,45934,0
XTKG.US,D,20231127,000000,0.58,0.644999,0.555,0.6347,149768,0
XTKG.US,D,20231128,000000,0.6212,0.6947,0.6212,0.6501,135318,0
XTKG.US,D,20231129,000000,0.6306,0.71,0.63,0.7,129336,0
XTKG.US,D,20231130,000000,0.7284,0.88,0.72,0.83,338154,0
XTKG.US,D,20231201,000000,0.84,0.9398,0.771,0.894,132607,0
XTKG.US,D,20231204,000000,1,1.08,0.9419,1.01,455472,0
XTKG.US,D,20231205,000000,0.9899,0.9899,0.831,0.8755,210980,0
XTKG.US,D,20231206,000000,0.8755,1.06,0.834,1.0207,277436,0
XTKG.US,D,20231207,000000,1.1,1.3599,1.02,1.17,569857,0
XTKG.US,D,20231208,000000,1.39,1.39,1.13,1.22,308987,0
XTKG.US,D,20231211,000000,1.16,1.2099,1.05,1.11,162155,0
XTKG.US,D,20231212,000000,1.22,1.22,1.1,1.14,130979,0
XTKG.US,D,20231213,000000,1.14,1.15,1.03,1.15,81081,0
XTKG.US,D,20231214,000000,1.14,1.22,1.05,1.13,136888,0
XTKG.US,D,20231215,000000,1.13,1.23,1.13,1.16,101855,0
XTKG.US,D,20231218,000000,1.21,1.2109,1.1502,1.19,119715,0
XTKG.US,D,20231219,000000,1.19,1.19,1.08,1.1,99215,0
XTKG.US,D,20231220,000000,1.1,1.2,1.05,1.14,169795,0
XTKG.US,D,20231221,000000,1.17,1.58,1.17,1.33,732554,0
XTKG.US,D,20231222,000000,1.31,1.46,1.2,1.26,156429,0
XTKG.US,D,20231226,000000,1.27,1.45,1.25,1.37,124870,0
XTKG.US,D,20231227,000000,1.4,1.5873,1.33,1.56,243968,0
XTKG.US,D,20231228,000000,1.56,1.62,1.4,1.41,149836,0
XTKG.US,D,20231229,000000,1.42,1.62,1.4,1.5,190025,0
XTKG.US,D,20240102,000000,1.59,1.74,1.45,1.51,383697,0
XTKG.US,D,20240103,000000,1.53,1.7,1.4003,1.53,235715,0
XTKG.US,D,20240104,000000,1.54,1.62,1.4,1.47,151009,0
XTKG.US,D,20240105,000000,1.54,1.57,1.41,1.41,99921,0
XTKG.US,D,20240108,000000,1.41,1.515,1.41,1.48,67721,0
XTKG.US,D,20240109,000000,1.53,1.53,1.4,1.43,98430,0
XTKG.US,D,20240110,000000,1.44,1.51,1.1904,1.2,181169,0
XTKG.US,D,20240111,000000,1.22,1.25,0.898288,1,233152,0
XTKG.US,D,20240112,000000,1.02,1.11,0.9642,1.01,77824,0
XTKG.US,D,20240116,000000,1,1.03,0.907,1.01,91459,0
XTKG.US,D,20240117,000000,1.04,1.06,0.9443,1.01,25374,0
XTKG.US,D,20240118,000000,0.99,1.1,0.9167,1.01,103144,0
XTKG.US,D,20240119,000000,1.01,1.09,0.95,1.04,105641,0
XTKG.US,D,20240122,000000,1.04,1.08,0.982,1.02,56307,0
XTKG.US,D,20240123,000000,1.02,1.14,1,1.06,36090,0
XTKG.US,D,20240124,000000,1.17,1.38,1.0144,1.05,477314,0
XTKG.US,D,20240125,000000,1.06,1.245,1.06,1.08,368188,0
XTKG.US,D,20240126,000000,1.02,1.11,0.9,1.025,234228,0
XTKG.US,D,20240129,000000,1.09,1.1,0.95,1.1,383212,0
XTKG.US,D,20240130,000000,1.08,1.15,0.98,1.15,131300,0
XTKG.US,D,20240131,000000,1.13,1.42,1.1,1.3404,453511,0
XTKG.US,D,20240201,000000,1.41,1.53,1.24,1.4501,351436,0
XTKG.US,D,20240202,000000,1.4,1.54,1.38,1.4,278798,0
XTKG.US,D,20240205,000000,1.44,1.5,1.01,1.0401,399022,0
XTKG.US,D,20240206,000000,1.05,1.2099,1.0009,1.0295,154946,0
XTKG.US,D,20240207,000000,1.12,1.12,0.89905,0.92,249166,0
XTKG.US,D,20240208,000000,0.915,0.97,0.8,0.8641,292045,0
XTKG.US,D,20240209,000000,0.8642,0.92,0.8071,0.8731,147787,0
XTKG.US,D,20240212,000000,0.915,0.959,0.845,0.8498,202446,0
XTKG.US,D,20240213,000000,0.8828,0.909,0.6208,0.682,538777,0
XTKG.US,D,20240214,000000,0.682,0.7799,0.682,0.7071,190111,0
XTKG.US,D,20240215,000000,0.7525,0.8899,0.75,0.82,586068,0
XTKG.US,D,20240216,000000,0.84,0.84,0.76,0.7715,232430,0
XTKG.US,D,20240220,000000,0.7658,0.995,0.74,0.995,997033,0
XTKG.US,D,20240221,000000,0.9368,1.04,0.8742,1.01,701309,0
XTKG.US,D,20240222,000000,0.9758,1.01,0.8674,0.8675,4577341,0
XTKG.US,D,20240223,000000,0.799,0.8367,0.666,0.7187,1364376,0
XTKG.US,D,20240226,000000,0.71,0.74,0.638,0.73,437411,0
XTKG.US,D,20240227,000000,0.73,0.75,0.651,0.7493,414896,0
XTKG.US,D,20240228,000000,0.88,0.899,0.8,0.8399,1294731,0
XTKG.US,D,20240229,000000,0.87,0.89,0.749001,0.8336,332410,0
XTKG.US,D,20240301,000000,0.88,0.88,0.7344,0.7631,892729,0
XTKG.US,D,20240304,000000,0.79,0.8,0.69,0.765,533867,0
XTKG.US,D,20240305,000000,0.7501,0.7626,0.7,0.74,359386,0
XTKG.US,D,20240306,000000,0.7978,0.7978,0.6525,0.6767,1395747,0
XTKG.US,D,20240307,000000,0.6868,0.725,0.6219,0.6632,342112,0
XTKG.US,D,20240308,000000,0.6599,0.693,0.6303,0.656,274169,0
XTKG.US,D,20240311,000000,0.6402,0.718,0.6099,0.6779,876740,0
XTKG.US,D,20240312,000000,0.665,0.68,0.5511,0.5698,650573,0
XTKG.US,D,20240313,000000,0.5652,0.6084,0.55,0.563,207412,0
XTKG.US,D,20240314,000000,0.5401,0.5773,0.4812,0.51,209610,0
XTKG.US,D,20240315,000000,0.507,0.61,0.497999,0.565,393612,0
XTKG.US,D,20240318,000000,0.565,0.71,0.5518,0.67,604185,0
XTKG.US,D,20240319,000000,0.65,0.67,0.6,0.6101,132840,0
XTKG.US,D,20240320,000000,0.6196,0.655,0.608,0.6301,131400,0
XTKG.US,D,20240321,000000,0.624,0.6599,0.6151,0.6301,101691,0
XTKG.US,D,20240322,000000,0.62,0.65,0.5969,0.6299,103410,0
XTKG.US,D,20240325,000000,0.6052,0.6299,0.5225,0.619,110946,0
XTKG.US,D,20240326,000000,0.59,0.634,0.5845,0.5911,209505,0
XTKG.US,D,20240327,000000,0.59,0.6193,0.555,0.5806,181598,0
XTKG.US,D,20240328,000000,0.574,1,0.574,0.9901,3421393,0
XTKG.US,D,20240401,000000,0.7183,0.96,0.715,0.9,2029177,0
XTKG.US,D,20240402,000000,0.86,0.8888,0.72,0.788,208000,0
XTKG.US,D,20240403,000000,0.7644,0.8932,0.76,0.8027,270062,0
XTKG.US,D,20240404,000000,0.781,0.82,0.7101,0.7101,169677,0
XTKG.US,D,20240405,000000,0.7073,0.7763,0.6902,0.71,94536,0
XTKG.US,D,20240408,000000,0.74,0.779,0.69,0.7072,123706,0
XTKG.US,D,20240409,000000,0.6997,0.7338,0.69,0.69,151189,0
XTKG.US,D,20240410,000000,0.729,0.749,0.685,0.7484,592118,0
XTKG.US,D,20240411,000000,0.731,0.8365,0.72,0.7241,463645,0
XTKG.US,D,20240412,000000,0.747,0.795,0.695,0.704,372614,0
XTKG.US,D,20240415,000000,0.735,0.75,0.66,0.67,238641,0
XTKG.US,D,20240416,000000,0.688,0.722,0.65,0.6732,140259,0
XTKG.US,D,20240417,000000,0.6832,0.6999,0.6001,0.6392,90730,0
XTKG.US,D,20240418,000000,0.7,0.7,0.6021,0.66,103708,0
XTKG.US,D,20240419,000000,0.68,0.68,0.61,0.6539,79180,0
XTKG.US,D,20240422,000000,0.652,0.665,0.61,0.64,128509,0
XTKG.US,D,20240423,000000,0.61,0.658,0.61,0.64,44851,0
XTKG.US,D,20240424,000000,0.64,0.64,0.6157,0.6221,69576,0
XTKG.US,D,20240425,000000,0.59,0.649,0.59,0.620401,79540,0
XTKG.US,D,20240426,000000,0.62,0.664,0.6156,0.641,53264,0
XTKG.US,D,20240429,000000,0.6391,0.737299,0.621,0.63,259441,0
XTKG.US,D,20240430,000000,0.63,0.699,0.6223,0.6566,190059,0
XTKG.US,D,20240501,000000,0.65,0.699,0.63,0.67,56399,0
XTKG.US,D,20240502,000000,0.6699,0.6895,0.6422,0.655,136691,0
XTKG.US,D,20240503,000000,0.655,0.84,0.6351,0.7697,293548,0
XTKG.US,D,20240506,000000,0.7406,0.7721,0.72,0.77,91838,0
XTKG.US,D,20240507,000000,0.7443,0.765,0.69,0.76,108357,0
XTKG.US,D,20240508,000000,0.74,0.84,0.72,0.826901,123027,0
XTKG.US,D,20240509,000000,0.785,0.8495,0.77,0.8424,92842,0
XTKG.US,D,20240510,000000,0.781,0.88,0.781,0.83,73911,0
XTKG.US,D,20240513,000000,0.79,0.84,0.7812,0.84,47572,0
XTKG.US,D,20240514,000000,0.788,0.8501,0.779999,0.849,57021,0
XTKG.US,D,20240515,000000,0.8111,0.848,0.8,0.8196,24842,0
XTKG.US,D,20240516,000000,0.8181,0.83,0.7,0.77,464750,0
XTKG.US,D,20240517,000000,0.7645,0.7789,0.72,0.7702,80046,0
XTKG.US,D,20240520,000000,0.73,0.7699,0.697,0.74,206859,0
XTKG.US,D,20240521,000000,0.75,0.75,0.71,0.7262,219618,0
XTKG.US,D,20240522,000000,0.7374,0.7551,0.7111,0.7303,74664,0
XTKG.US,D,20240523,000000,0.729602,0.73,0.71,0.7294,40582,0
XTKG.US,D,20240524,000000,0.7193,0.7288,0.6808,0.7114,25918,0
XTKG.US,D,20240528,000000,0.6811,0.709999,0.6422,0.66,190920,0
XTKG.US,D,20240529,000000,0.637,0.66,0.6299,0.645,166589,0
XTKG.US,D,20240530,000000,0.6217,0.6527,0.615,0.62,65887,0
XTKG.US,D,20240531,000000,0.65,0.65,0.58,0.5925,50253,0
XTKG.US,D,20240603,000000,0.59,0.6146,0.57,0.6,72799,0
XTKG.US,D,20240604,000000,0.5996,0.6065,0.5771,0.5901,56223,0
XTKG.US,D,20240605,000000,0.625,0.625,0.5805,0.5901,33363,0
XTKG.US,D,20240606,000000,0.61,0.61,0.58,0.59,31461,0
XTKG.US,D,20240607,000000,0.6193,0.78,0.53,0.76,850892,0
XTKG.US,D,20240610,000000,0.7285,0.7285,0.605,0.6687,153923,0
XTKG.US,D,20240611,000000,0.6405,0.7065,0.62,0.7065,179470,0
XTKG.US,D,20240612,000000,0.7418,0.7418,0.6295,0.66,175806,0
XTKG.US,D,20240613,000000,0.6203,0.65,0.605,0.6197,61264,0
XTKG.US,D,20240614,000000,0.6201,0.6201,0.552999,0.57,367573,0
XTKG.US,D,20240617,000000,0.588,0.59,0.52,0.56,207667,0
XTKG.US,D,20240618,000000,0.56,0.564,0.53345,0.55,186529,0
XTKG.US,D,20240620,000000,0.5624,0.564,0.471,0.55,600348,0
XTKG.US,D,20240621,000000,0.55,0.557,0.52,0.5531,371877,0
XTKG.US,D,20240624,000000,0.54,0.56,0.54,0.55,509754,0
XTKG.US,D,20240625,000000,0.557,0.56,0.5261,0.555,427344,0
XTKG.US,D,20240626,000000,0.5375,0.56,0.52,0.56,279654,0
XTKG.US,D,20240627,000000,0.578,0.578,0.527,0.545,344253,0
XTKG.US,D,20240628,000000,0.54,0.5595,0.52,0.521,348504,0
XTKG.US,D,20240701,000000,0.5212,0.531,0.5157,0.52,224330,0
XTKG.US,D,20240702,000000,0.52,0.535,0.515,0.535,267330,0
XTKG.US,D,20240703,000000,0.56,0.56,0.521,0.54,230282,0
XTKG.US,D,20240705,000000,0.5277,0.534001,0.51,0.523,294638,0
XTKG.US,D,20240708,000000,0.518,0.518,0.4189,0.4299,556600,0
XTKG.US,D,20240709,000000,0.4298,0.4314,0.41266,0.4223,440316,0
XTKG.US,D,20240710,000000,0.4112,0.425,0.405,0.425,397068,0
XTKG.US,D,20240711,000000,0.4123,0.55,0.4123,0.545,756972,0
XTKG.US,D,20240712,000000,0.53,0.5625,0.5,0.56,311786,0
XTKG.US,D,20240715,000000,0.5532,0.58,0.525,0.58,241302,0
XTKG.US,D,20240716,000000,0.5579,0.575,0.54,0.56,277672,0
XTKG.US,D,20240717,000000,0.554,0.5561,0.5187,0.541,198541,0
XTKG.US,D,20240718,000000,0.5565,0.58,0.4915,0.5006,449951,0
XTKG.US,D,20240719,000000,0.5,0.525,0.4131,0.4132,354353,0
XTKG.US,D,20240722,000000,0.4008,0.415,0.38,0.4082,466492,0
XTKG.US,D,20240723,000000,0.4056,0.4235,0.39,0.4092,218426,0
XTKG.US,D,20240724,000000,0.3969,0.429999,0.39,0.417,119524,0
XTKG.US,D,20240725,000000,0.416499,0.47,0.41,0.42,296473,0
XTKG.US,D,20240726,000000,0.418,0.431,0.39,0.4101,75012,0
XTKG.US,D,20240729,000000,0.4177,0.44,0.4,0.41975,136042,0
XTKG.US,D,20240730,000000,0.4,0.417,0.4,0.401,133822,0
XTKG.US,D,20240731,000000,0.401,0.412,0.3897,0.395,104331,0
XTKG.US,D,20240801,000000,0.3817,0.4049,0.3711,0.3861,113952,0
XTKG.US,D,20240802,000000,0.3937,0.405,0.375,0.383,124075,0
XTKG.US,D,20240805,000000,0.35,0.42,0.35,0.42,279814,0
XTKG.US,D,20240806,000000,0.3938,0.457,0.37,0.438,264469,0
XTKG.US,D,20240807,000000,0.4543,0.4543,0.374,0.374,243481,0
XTKG.US,D,20240808,000000,0.4,0.4482,0.375,0.4053,151070,0
XTKG.US,D,20240809,000000,0.3838,0.43,0.381,0.399,203810,0
XTKG.US,D,20240812,000000,0.4,0.43,0.39,0.4,264161,0
XTKG.US,D,20240813,000000,0.39,0.41,0.3612,0.3876,194098,0
XTKG.US,D,20240814,000000,0.3931,0.4031,0.3551,0.3731,188129,0
XTKG.US,D,20240815,000000,0.38,0.38,0.3506,0.376,190584,0
XTKG.US,D,20240816,000000,0.3528,0.39,0.3526,0.379,209119,0
XTKG.US,D,20240819,000000,0.38,0.4052,0.379,0.382,210485,0
XTKG.US,D,20240820,000000,0.3932,0.404,0.361,0.3775,209189,0
XTKG.US,D,20240821,000000,0.39,0.4198,0.3715,0.375,238525,0
XTKG.US,D,20240822,000000,0.381,0.4038,0.35,0.37,228050,0
XTKG.US,D,20240823,000000,0.34,0.361,0.3261,0.35,694061,0
XTKG.US,D,20240826,000000,0.3297,0.34,0.3033,0.315,362784,0
XTKG.US,D,20240827,000000,0.3025,0.31,0.269,0.2838,414745,0
XTKG.US,D,20240828,000000,0.2851,0.308,0.2833,0.2961,87659,0
XTKG.US,D,20240829,000000,0.2877,0.3,0.28,0.29,72396,0
XTKG.US,D,20240830,000000,0.29,0.29155,0.2794,0.2808,75386,0
XTKG.US,D,20240903,000000,0.2856,0.3048,0.2702,0.2786,363476,0
XTKG.US,D,20240904,000000,0.27,0.2986,0.2632,0.267,229111,0
XTKG.US,D,20240905,000000,0.2633,0.28,0.2542,0.2594,126343,0
XTKG.US,D,20240906,000000,0.2594,0.2594,0.1911,0.1961,565900,0
XTKG.US,D,20240909,000000,0.198,0.2039,0.1717,0.1895,627526,0
XTKG.US,D,20240910,000000,0.197,0.197,0.1751,0.185,233634,0
XTKG.US,D,20240911,000000,0.181,0.1998,0.1801,0.19,231253,0
XTKG.US,D,20240912,000000,0.197,0.213,0.1815,0.21,192964,0
XTKG.US,D,20240913,000000,0.2021,0.21,0.1971,0.2099,130344,0
XTKG.US,D,20240916,000000,0.1922,0.21,0.19,0.196,73184,0
XTKG.US,D,20240917,000000,0.2038,0.2087,0.1865,0.2036,176075,0
XTKG.US,D,20240918,000000,0.2061,0.2182,0.1985,0.2011,178718,0
XTKG.US,D,20240919,000000,0.2021,0.2171,0.1925,0.21,440820,0
XTKG.US,D,20240920,000000,0.2027,0.2145,0.198,0.1982,128509,0
XTKG.US,D,20240923,000000,0.1979,0.21,0.1901,0.1913,178471,0
XTKG.US,D,20240924,000000,0.1822,0.1949,0.182,0.1848,3525642,0
XTKG.US,D,20240925,000000,0.182,0.189,0.18,0.182,457999,0
XTKG.US,D,20240926,000000,0.195,0.2,0.1723,0.19,1201736,0
XTKG.US,D,20240927,000000,0.204,0.204,0.19,0.1901,191950,0
XTKG.US,D,20240930,000000,0.1964,0.2012,0.1916,0.196,219724,0
XTKG.US,D,20241001,000000,0.1975,0.19999,0.1888,0.195,378825,0
XTKG.US,D,20241002,000000,0.189,0.1937,0.185,0.1899,130976,0
XTKG.US,D,20241003,000000,0.1977,0.1977,0.188,0.1945,91873,0
XTKG.US,D,20241004,000000,0.1961,0.2127,0.191,0.1985,582801,0
XTKG.US,D,20241007,000000,0.2087,0.2099,0.195,0.199,240123,0
XTKG.US,D,20241008,000000,0.195,0.2,0.185,0.195,233705,0
XTKG.US,D,20241009,000000,0.19,0.1983,0.1813,0.1881,177650,0
XTKG.US,D,20241010,000000,0.1881,0.1928,0.1801,0.184,240705,0
XTKG.US,D,20241011,000000,0.184,0.1999,0.1801,0.186,413845,0
XTKG.US,D,20241014,000000,0.186,0.1906,0.1801,0.181,207370,0
XTKG.US,D,20241015,000000,0.181,0.185,0.17,0.1773,211393,0
XTKG.US,D,20241016,000000,0.174,0.1799,0.1527,0.1631,1037829,0
XTKG.US,D,20241017,000000,0.1631,0.1783,0.1628,0.1672,630522,0
XTKG.US,D,20241018,000000,0.1672,0.1899,0.1612,0.1679,953644,0
XTKG.US,D,20241021,000000,0.1679,0.1789,0.1511,0.1626,817932,0
XTKG.US,D,20241022,000000,0.1577,0.1682,0.153799,0.1575,1099641,0
XTKG.US,D,20241023,000000,0.155,0.1666,0.1513,0.155,823277,0
XTKG.US,D,20241024,000000,0.155,0.1604,0.142,0.1426,795851,0
XTKG.US,D,20241025,000000,0.1426,0.15,0.1249,0.1289,1138264,0
XTKG.US,D,20241028,000000,0.1289,0.14,0.1215,0.1321,1186701,0
XTKG.US,D,20241029,000000,0.1321,0.136,0.1233,0.1298,448549,0
